"ka"	"avg.dif"	"stdev"	"sites.used"
50	-2.58445041524182	1.28281343320161	5
49.9	-2.24335205992509	1.46902236196764	6
49.8	-2.24335205992509	1.46902236196764	6
49.7	-2.37337916114174	1.3701275586958	7
49.6	-2.37337916114174	1.3701275586958	7
49.5	-2.37337916114174	1.3701275586958	7
49.4	-2.37337916114174	1.3701275586958	7
49.3	-2.37337916114174	1.3701275586958	7
49.2	-2.37337916114174	1.3701275586958	7
49.1	-2.16348009281876	1.42274508658302	8
49	-2.16348009281876	1.42274508658302	8
48.9	-2.16348009281876	1.42274508658302	8
48.8	-2.16348009281876	1.42274508658302	8
48.7	-2.16348009281876	1.42274508658302	8
48.6	-2.16348009281876	1.42274508658302	8
48.5	-2.16348009281876	1.42274508658302	8
48.4	-2.16348009281876	1.42274508658302	8
48.3	-2.16348009281876	1.42274508658302	8
48.2	-2.16348009281876	1.42274508658302	8
48.1	-2.16348009281876	1.42274508658302	8
48	-2.16348009281876	1.42274508658302	8
47.9	-2.16348009281876	1.42274508658302	8
47.8	-2.16348009281876	1.42274508658302	8
47.7	-1.99774931956173	1.46887563759214	7
47.6	-1.99774931956173	1.46887563759214	7
47.5	-1.99774931956173	1.46887563759214	7
47.4	-1.99774931956173	1.46887563759214	7
47.3	-2.41423220973783	1.40060874681649	6
47.2	-2.41423220973783	1.40060874681649	6
47.1	-2.41423220973783	1.40060874681649	6
47	-2.41423220973783	1.40060874681649	6
46.9	-2.41423220973783	1.40060874681649	6
46.8	-2.41423220973783	1.40060874681649	6
46.7	-2.41423220973783	1.40060874681649	6
46.6	-2.41423220973783	1.40060874681649	6
46.5	-2.41423220973783	1.40060874681649	6
46.4	-2.41423220973783	1.40060874681649	6
46.3	-2.41423220973783	1.40060874681649	6
46.2	-2.41423220973783	1.40060874681649	6
46.1	-2.41423220973783	1.40060874681649	6
46	-2.41423220973783	1.40060874681649	6
45.9	-2.03591318305535	1.52112207586138	7
45.8	-2.03591318305535	1.52112207586138	7
45.7	-2.03591318305535	1.52112207586138	7
45.6	-2.03591318305535	1.52112207586138	7
45.5	-2.16947361993161	1.45212760947436	8
45.4	-2.16947361993161	1.45212760947436	8
45.3	-2.16332743038593	1.44744188664126	8
45.2	-2.16332743038593	1.44744188664126	8
45.1	-2.16332743038593	1.44744188664126	8
45	-2.16332743038593	1.44744188664126	8
44.9	-1.99757484820992	1.48763293858186	7
44.8	-1.99757484820992	1.48763293858186	7
44.7	-1.99757484820992	1.48763293858186	7
44.6	-1.99757484820992	1.48763293858186	7
44.5	-1.7992336345872	1.49622702438667	8
44.4	-1.7992336345872	1.49622702438667	8
44.3	-1.7992336345872	1.49622702438667	8
44.2	-1.7992336345872	1.49622702438667	8
44.1	-1.60576104403657	1.51392839220842	7
44	-1.60576104403657	1.51392839220842	7
43.9	-1.60576104403657	1.51392839220842	7
43.8	-1.60576104403657	1.51392839220842	7
43.7	-1.60576104403657	1.51392839220842	7
43.6	-1.60576104403657	1.51392839220842	7
43.5	-1.60576104403657	1.51392839220842	7
43.4	-1.60576104403657	1.51392839220842	7
43.3	-1.60576104403657	1.51392839220842	7
43.2	-1.60576104403657	1.51392839220842	7
43.1	-1.60576104403657	1.51392839220842	7
43	-1.60576104403657	1.51392839220842	7
42.9	-1.75769011561635	1.58965350675738	6
42.8	-1.75769011561635	1.58965350675738	6
42.7	-1.75769011561635	1.58965350675738	6
42.6	-1.75769011561635	1.58965350675738	6
42.5	-1.75769011561635	1.58965350675738	6
42.4	-1.71021006350758	1.74897906422219	4
42.3	-1.95065461651197	1.59051479188311	5
42.2	-1.95065461651197	1.59051479188311	5
42.1	-1.95065461651197	1.59051479188311	5
42	-1.95065461651197	1.59051479188311	5
41.9	-1.95065461651197	1.59051479188311	5
41.8	-1.6622191011236	1.70431547942791	4
41.7	-1.6622191011236	1.70431547942791	4
41.6	-1.6622191011236	1.70431547942791	4
41.5	-1.6622191011236	1.70431547942791	4
41.4	-1.6622191011236	1.70431547942791	4
41.3	-1.6622191011236	1.70431547942791	4
41.2	-1.6622191011236	1.70431547942791	4
41.1	-1.6622191011236	1.70431547942791	4
41	-1.6622191011236	1.70431547942791	4
40.9	-1.6622191011236	1.70431547942791	4
40.8	-2.07934375508875	1.76316130546629	3
40.7	-1.37025525158769	1.61828916524094	4
40.6	-1.95196222113663	1.41653984789051	6
40.5	-1.95196222113663	1.41653984789051	6
40.4	-1.95196222113663	1.41653984789051	6
40.3	-1.95196222113663	1.41653984789051	6
40.2	-2.06231069858329	1.30386975678241	7
40.1	-2.06231069858329	1.30386975678241	7
40	-2.06231069858329	1.30386975678241	7
39.9	-2.06231069858329	1.30386975678241	7
39.8	-2.06231069858329	1.30386975678241	7
39.7	-2.20576148021495	1.24523882057644	8
39.6	-2.43171579004506	1.3081089167507	9
39.5	-2.76493038593063	1.00796513375938	8
39.4	-2.76493038593063	1.00796513375938	8
39.3	-2.76493038593063	1.00796513375938	8
39.2	-2.76493038593063	1.00796513375938	8
39.1	-2.76493038593063	1.00796513375938	8
39	-2.76493038593063	1.00796513375938	8
38.9	-2.76493038593063	1.00796513375938	8
38.8	-2.76493038593063	1.00796513375938	8
38.7	-2.76493038593063	1.00796513375938	8
38.6	-2.76493038593063	1.00796513375938	8
38.5	-2.76493038593063	1.00796513375938	8
38.4	-2.76493038593063	1.00796513375938	8
38.3	-2.68384744224998	1.07613323413687	7
38.2	-2.68384744224998	1.07613323413687	7
38.1	-2.68384744224998	1.07613323413687	7
38	-2.68384744224998	1.07613323413687	7
37.9	-2.68384744224998	1.07613323413687	7
37.8	-2.68384744224998	1.07613323413687	7
37.7	-2.55666524181729	1.08760812312747	8
37.6	-2.29886012050154	1.31710345137376	9
37.5	-2.29886012050154	1.31710345137376	9
37.4	-2.29886012050154	1.31710345137376	9
37.3	-2.29886012050154	1.31710345137376	9
37.2	-2.29886012050154	1.31710345137376	9
37.1	-2.29886012050154	1.31710345137376	9
37	-2.29886012050154	1.31710345137376	9
36.9	-2.29886012050154	1.31710345137376	9
36.8	-2.29886012050154	1.31710345137376	9
36.7	-2.29886012050154	1.31710345137376	9
36.6	-2.48246458231558	1.34913773116362	10
36.5	-2.84240623134126	1.24837718825358	9
36.4	-2.84240623134126	1.24837718825358	9
36.3	-2.84240623134126	1.24837718825358	9
36.2	-2.84240623134126	1.24837718825358	9
36.1	-2.84240623134126	1.24837718825358	9
36	-2.84240623134126	1.24837718825358	9
35.9	-2.31235288892836	1.11717129785313	11
35.8	-2.31235288892836	1.11717129785313	11
35.7	-2.31235288892836	1.11717129785313	11
35.6	-2.31235288892836	1.11717129785313	11
35.5	-2.31235288892836	1.11717129785313	11
35.4	-2.31235288892836	1.11717129785313	11
35.3	-2.31235288892836	1.11717129785313	11
35.2	-2.31235288892836	1.11717129785313	11
35.1	-2.31235288892836	1.11717129785313	11
35	-2.31235288892836	1.11717129785313	11
34.9	-2.31235288892836	1.11717129785313	11
34.8	-2.130097703957	1.08849389847867	10
34.7	-2.130097703957	1.08849389847867	10
34.6	-2.130097703957	1.08849389847867	10
34.5	-2.130097703957	1.08849389847867	10
34.4	-2.130097703957	1.08849389847867	10
34.3	-2.130097703957	1.08849389847867	10
34.2	-2.130097703957	1.08849389847867	10
34.1	-2.130097703957	1.08849389847867	10
34	-2.130097703957	1.08849389847867	10
33.9	-2.130097703957	1.08849389847867	10
33.8	-2.130097703957	1.08849389847867	10
33.7	-2.24508149398232	1.05243671349448	11
33.6	-2.24508149398232	1.05243671349448	11
33.5	-2.24508149398232	1.05243671349448	11
33.4	-1.80595383488031	1.07868955021431	12
33.3	-1.80595383488031	1.07868955021431	12
33.2	-1.71478438513123	1.13030153258645	11
33.1	-1.71478438513123	1.13030153258645	11
33	-1.71478438513123	1.13030153258645	11
32.9	-1.71478438513123	1.13030153258645	11
32.8	-1.78048974108451	1.08604823303722	12
32.7	-1.55695696584802	1.05377025702828	11
32.6	-1.55695696584802	1.05377025702828	11
32.5	-1.55695696584802	1.05377025702828	11
32.4	-1.55695696584802	1.05377025702828	11
32.3	-1.55695696584802	1.05377025702828	11
32.2	-1.55695696584802	1.05377025702828	11
32.1	-1.37316072300928	1.09185107004658	10
32	-1.85402214623026	1.15563370736052	9
31.9	-1.85402214623026	1.15563370736052	9
31.8	-1.77286883243772	1.2320709454309	8
31.7	-1.77286883243772	1.2320709454309	8
31.6	-1.77286883243772	1.2320709454309	8
31.5	-1.77286883243772	1.2320709454309	8
31.4	-1.77286883243772	1.2320709454309	8
31.3	-1.77286883243772	1.2320709454309	8
31.2	-1.77286883243772	1.2320709454309	8
31.1	-1.77286883243772	1.2320709454309	8
31	-1.77286883243772	1.2320709454309	8
30.9	-1.82466780654617	1.32961461523324	10
30.8	-1.82466780654617	1.32961461523324	10
30.7	-2.18045032642004	1.57445913773602	11
30.6	-2.63773815339521	1.61958645830299	11
30.5	-2.58052027357108	1.69543424540119	10
30.4	-2.49931607230093	1.91261264590097	8
30.3	-2.04605927373392	1.81513963948053	9
30.2	-1.8854347826087	1.81982812986203	10
30.1	-1.8854347826087	1.81982812986203	10
30	-1.8854347826087	1.81982812986203	10
29.9	-1.34160634187503	1.81855381065693	11
29.8	-1.5693738804755	1.8021184129179	12
29.7	-1.5693738804755	1.8021184129179	12
29.6	-1.5693738804755	1.8021184129179	12
29.5	-1.5693738804755	1.8021184129179	12
29.4	-1.5693738804755	1.8021184129179	12
29.3	-1.5693738804755	1.8021184129179	12
29.2	-1.5693738804755	1.8021184129179	12
29.1	-1.5693738804755	1.8021184129179	12
29	-1.5693738804755	1.8021184129179	12
28.9	-1.5693738804755	1.8021184129179	12
28.8	-1.46747961369359	1.83674425452648	13
28.7	-1.46747961369359	1.83674425452648	13
28.6	-1.54461203387071	1.83347040659054	12
28.5	-1.54461203387071	1.83347040659054	12
28.4	-0.647846071856821	1.52215210238265	11
28.3	-0.647846071856821	1.52215210238265	11
28.2	-0.688988764044948	1.4740923929224	10
28.1	-0.370032025185914	1.48290988169237	9
28	-0.589357596482663	1.40635263971583	10
27.9	-0.922455626119531	1.72266975571919	12
27.8	-0.635877337123071	1.70738195069784	11
27.7	-0.997361993160731	1.82409519614949	12
27.6	-0.994453421517425	1.78914532797401	13
27.5	-1.35895306452219	2.11307475737275	13
27.4	-1.60386541279922	2.18289419577241	12
27.3	-1.53451955958063	2.16242091464296	13
27.2	-1.64200048851979	2.13959779499063	12
27.1	-1.81826688211642	2.07499531023956	13
27	-2.03228068951079	2.06268950506524	14
26.9	-2.03228068951079	2.06268950506524	14
26.8	-2.10495096012927	2.07111665517288	13
26.7	-2.30441546728797	2.23165866218952	13
26.6	-2.30441546728797	2.23165866218952	13
26.5	-2.30441546728797	2.23165866218952	13
26.4	-2.14583885825948	2.31190095396396	14
26.3	-2.1029718286924	2.26511693958588	15
26.2	-2.38666503826738	2.18906572395016	15
26.1	-2.38666503826738	2.18906572395016	15
26	-2.38666503826738	2.18906572395016	15
25.9	-2.38666503826738	2.18906572395016	15
25.8	-2.21861260381045	2.24093183905485	16
25.7	-2.12286847323199	2.25227184259872	17
25.6	-2.21164967024914	2.24897502019278	16
25.5	-2.60393258426966	2.31363652148542	14
25.4	-2.68451555121316	2.23340024453669	15
25.3	-2.68451555121316	2.23340024453669	15
25.2	-2.68451555121316	2.23340024453669	15
25.1	-2.68451555121316	2.23340024453669	15
25	-2.68451555121316	2.23340024453669	15
24.9	-2.24798078488846	2.20347332938827	15
24.8	-1.56106008793356	2.0795666093956	15
24.7	-1.56106008793356	2.0795666093956	15
24.6	-1.56106008793356	2.0795666093956	15
24.5	-1.30302882266732	2.08515799605687	13
24.4	-1.75300439667807	2.08339646513713	12
24.3	-1.75300439667807	2.08339646513713	12
24.2	-1.95550695030422	2.13329726561312	11
24.1	-1.87670574824947	2.05549410931299	12
24	-1.87670574824947	2.05549410931299	12
23.9	-1.87670574824947	2.05549410931299	12
23.8	-1.23364022396753	1.97126191947919	13
23.7	-1.20301137553214	1.92152246742024	14
23.6	-1.17855072463768	1.87312949329156	15
23.5	-0.973447204968947	1.86413566296355	14
23.4	-0.973447204968947	1.86413566296355	14
23.3	-1.0549259078326	1.7963282681456	15
23.2	-1.07432665689627	1.81954269229999	15
23.1	-1.13850604543234	1.75123479101429	16
23	-1.11477484985201	1.73058411904398	17
22.9	-1.18432828529555	1.74382847828707	15
22.8	-1.18432828529555	1.74382847828707	15
22.7	-0.996589085072229	1.75506588168542	14
22.6	-0.739000162839927	1.46939835222906	15
22.5	-1.16353774533751	1.64117261608866	17
22.4	-1.1859565828041	1.64943706900646	16
22.3	-1.1859565828041	1.64943706900646	16
22.2	-1.49579729302566	1.88006701900702	17
22.1	-1.49579729302566	1.88006701900702	17
22	-1.63989171144765	1.83522226675401	18
21.9	-1.74414020517831	1.75324034728135	20
21.8	-1.84440063274944	1.72761268967976	21
21.7	-2.00149114848675	1.62299037217942	21
21.6	-2.04389594528578	1.61464346945792	20
21.5	-2.21315450548474	1.56305566277476	22
21.4	-2.18159979609609	1.56176485304448	23
21.3	-2.13971665852467	1.59831150802513	22
21.2	-1.97531695628911	1.52502713855907	21
21.1	-1.92456155349292	1.5643379096751	20
21	-1.99019232252591	1.61147872680908	19
20.9	-2.29731314118222	1.48569506898595	17
20.8	-2.25045188080118	1.49045829154649	18
20.7	-2.25045188080118	1.49045829154649	18
20.6	-2.07618924035174	1.56355177864278	16
20.5	-2.07618924035174	1.56355177864278	16
20.4	-1.79543539325843	1.54526304734273	16
20.3	-2.01878502255812	1.62951467177779	17
20.2	-1.86783528262307	1.69631648266737	17
20.1	-1.80762701514412	1.75172437114815	16
20	-1.62965966454975	1.76306183120726	15
19.9	-1.62965966454975	1.76306183120726	15
19.8	-1.62965966454975	1.76306183120726	15
19.7	-2.06633447321283	1.7029743870175	15
19.6	-2.06633447321283	1.7029743870175	15
19.5	-1.93814641635844	1.73308035566626	14
19.4	-2.10162083885826	1.83949734862775	14
19.3	-2.10162083885826	1.83949734862775	14
19.2	-1.99228582848515	1.94279987536946	11
19.1	-1.89110283341476	1.94186828954715	12
19	-2.03007013748343	2.13080383326874	14
18.9	-2.10433467363121	2.15993283396951	13
18.8	-2.24877118484837	2.08837677654418	13
18.7	-2.57949089259543	2.25615322418392	14
18.6	-2.7286252239049	2.33590158165658	12
18.5	-2.7286252239049	2.33590158165658	12
18.4	-2.7286252239049	2.33590158165658	12
18.3	-3.21002797886041	2.42773640815649	11
18.2	-3.31403273082559	2.15176320683683	14
18.1	-3.31403273082559	2.15176320683683	14
18	-2.86256920696954	2.06304886628253	12
17.9	-2.77968978993649	2.00265415144809	12
17.8	-2.99985908083123	2.03479963759029	13
17.7	-3.13485262986484	2.15459795064625	15
17.6	-3.17364741084514	2.08285234385411	16
17.5	-3.17364741084514	2.08285234385411	16
17.4	-3.04539447972643	2.04638940242407	20
17.3	-3.21948949682462	2.06547513346762	20
17.2	-3.11465134555341	2.03861032007865	23
17.1	-3.30688281897156	2.02010026351786	23
17	-3.30688281897156	2.02010026351786	23
16.9	-2.9938714029823	1.83276358321582	21
16.8	-2.98294399786828	1.79001925924922	22
16.7	-2.93534015845033	2.00218409930881	23
16.6	-2.93534015845033	2.00218409930881	23
16.5	-2.93534015845033	2.00218409930881	23
16.4	-3.03637742224394	2.01551893052888	24
16.3	-2.90243575964827	2.05139295678646	25
16.2	-3.11011933840464	1.98791012272948	28
16.1	-3.15103852568098	1.96262050437153	29
16	-3.04162109775124	1.96725471745953	31
15.9	-3.0452865982739	2.00041631873481	30
15.8	-3.05584175110705	1.96718358367693	31
15.7	-2.94987120842031	1.98177467467749	33
15.6	-2.98648021494871	1.87291364688847	32
15.5	-3.10884812956137	1.93051159796043	33
15.4	-3.31143728442214	1.9370651936481	33
15.3	-3.23861061919883	1.92327382401746	32
15.2	-3.35836257050229	1.82893666714398	33
15.1	-3.2284974963361	1.85247622490126	32
15	-3.2284974963361	1.85247622490126	32
14.9	-3.24757066089748	1.9575319450122	35
14.8	-3.2310434518544	1.97136799644436	37
14.7	-3.10620741521611	2.01612620597937	38
14.6	-3.13204953854686	2.05859154540765	37
14.5	-3.06936980947729	2.11347777347196	36
14.4	-3.00047399622388	2.1263989248724	37
14.3	-3.02550935371706	2.21882131969817	34
14.2	-3.06241247353852	2.29722294437574	36
14.1	-3.01628534983445	2.27900475846429	36
14	-3.05807600339393	2.2286049386754	38
13.9	-3.02716234283805	2.24565778472498	38
13.8	-2.98606596337422	2.2625224331594	37
13.7	-2.71901970363133	2.16322503771919	39
13.6	-2.79685428152697	2.23712866445038	42
13.5	-2.70248201358973	2.19975041478868	44
13.4	-2.69459686015011	2.20827349208081	44
13.3	-2.83569414220367	2.20942363048708	44
13.2	-2.82383053791456	2.18781367523477	45
13.1	-2.62885431007683	2.21364992164105	44
13	-2.51316805080606	2.18816293720464	50
12.9	-2.47895263201556	2.14950004031571	53
12.8	-2.38758933579403	2.12883760309786	54
12.7	-2.42055220829036	2.0902320833934	54
12.6	-2.25533039606972	2.08925019604137	53
12.5	-2.25785488391227	2.03273730380559	57
12.4	-2.25990332945023	2.02480028325134	52
12.3	-2.16109194349455	1.87398219246804	48
12.2	-2.16071639390979	1.87423446120603	48
12.1	-1.96061970770233	1.77154196169258	48
12	-2.00215746288745	1.8448943369126	49
11.9	-1.91453448135483	1.76961676966816	48
11.8	-1.91453448135483	1.76961676966816	48
11.7	-1.82607252298264	1.69583911749171	44
11.6	-1.76204961189817	1.69233420490596	45
11.5	-1.58025682182985	1.73726578421238	49
11.4	-1.52044964175216	1.73273013702027	48
11.3	-1.53810352548445	1.71854890139079	48
11.2	-1.41747464007586	1.78287501366271	51
11.1	-1.21454285821652	1.80220599584651	52
11	-1.14379108494245	1.786302581158	57
10.9	-1.24728373952848	1.82519991975013	54
10.8	-1.21344719838512	1.83937465879501	53
10.7	-1.18191186365689	1.77172212891984	53
10.6	-1.35579135415768	1.7672921077658	51
10.5	-1.24014877647999	1.85443588931965	55
10.4	-1.04977734771335	1.80792715323481	52
10.3	-1.0744229983151	1.84303780334615	49
10.2	-0.985463350396124	1.97619922713514	46
10.1	-0.990897602005053	1.99731291844385	46
10	-0.990897602005053	1.99731291844385	46
9.9	-0.834847163095817	1.97706159274076	42
9.8	-1.13153845164939	1.9338254106433	38
9.7	-1.11041382768107	1.93321940747843	38
9.6	-1.11041382768107	1.93321940747843	38
9.5	-1.18527810733477	1.94551997573007	35
9.4	-1.00521669341894	1.87437976375919	35
9.3	-0.61659827389676	1.98282565125841	30
9.2	-0.774567659990226	1.7529723273674	30
9.1	-0.722359887471991	1.78319465274581	29
9	-0.691857422011305	1.81158335241122	28
8.9	-0.203719216069425	1.78807804500221	34
8.8	-0.135171944160706	1.80596035493969	33
8.7	-0.362798404168701	1.76575930036814	30
8.6	-0.374694675134342	1.75578764216608	30
8.5	-0.363604488078539	1.60599594201112	31
8.4	-0.244665027037042	1.53792400112323	29
8.3	-0.206428920371274	1.52347136248058	30
8.2	-0.206428920371274	1.52347136248058	30
8.1	-0.125440931219783	1.49496163001366	29
8	0.154920092120873	1.22412995585466	28
7.9	0.379973649538865	1.39329685038273	33
7.8	0.468328112876804	1.39622801997654	34
7.7	0.758592766946453	1.52768237842968	33
7.6	0.895816417633877	1.53155190982167	29
7.5	0.969758996906038	1.56038472482168	30
7.4	1.43900568776607	1.60361921470743	28
7.3	1.39212825523279	1.64853408574646	26
7.2	1.34111979590729	1.61126052591789	27
7.1	1.34916951636541	1.6320135212174	26
7	1.31066194430874	1.64760755549118	24
6.9	1.55160820713238	1.62960074440227	25
6.8	2.00461752971828	1.79409656909735	24
6.7	2.05964215925745	1.79741485336181	24
6.6	2.04286479275488	1.84940065772516	26
6.5	1.91139427165319	1.92243159147035	27
6.4	1.93545774303859	1.94296277040471	25
6.3	1.81880410356619	2.01195552614371	25
6.2	1.97756554307116	2.11947080658159	30
6.1	2.2083813711122	2.26004058372796	30
6	2.19281623233327	2.29919385587322	29
5.9	2.35995316948268	2.28312573750692	29
5.8	2.39482703346361	2.29508368997742	32
5.7	2.75676338195269	2.33377994690248	28
5.6	2.69628376020658	2.3789729891358	28
5.5	2.54451712872497	2.39257515799589	32
5.4	2.55054477357849	2.35563973598456	33
5.3	1.96982169027846	2.10643486180607	30
5.2	1.81943163776258	2.11533402102125	32
5.1	1.81943163776258	2.11533402102125	32
5	1.52681422065336	2.1112759460433	31
4.9	1.10971747272431	1.9091819581022	24
4.8	1.12506658051909	1.75439851454339	31
4.7	1.25031202231432	1.75264566879599	31
4.6	1.16664543931886	1.57733801794169	28
4.5	0.953900642591408	1.4191489060445	26
4.4	0.74037110658154	1.38856386766754	29
4.3	0.656635727080281	1.39678686041443	30
4.2	0.656635727080281	1.39678686041443	30
4.1	0.812449375167437	1.39510138267466	31
4	0.845064513348087	1.35647589080861	34
3.9	0.789721687404814	1.40633707784286	34
3.8	0.950188146133438	1.45436545917377	37
3.7	0.90194844237346	1.44570164582829	39
3.6	0.936851072956263	1.43277994120939	41
3.5	1.10264350268686	1.44666709506291	40
3.4	1.0985376545908	1.47740377953419	38
3.3	1.76829832274874	1.79145812578775	45
3.2	1.77440260266711	1.75598414428106	47
3.1	1.86215716379371	1.77198808828171	49
3	1.8967066490661	1.76477453991729	47
2.9	2.04296323628767	1.78086777829112	47
2.8	2.08435281522519	1.79187683188821	47
2.7	2.43846770699874	2.12404974376354	53
2.6	2.3620464173881	2.09335958431334	61
2.5	2.36744760832305	2.1197572106772	59
2.4	2.60689345827597	2.20071673693389	55
2.3	2.51873072949618	2.19716155504594	61
2.2	2.68409104787494	2.17520103704349	64
2.1	2.7504913517838	2.20686037169868	69
2	2.69787569050393	2.19418897447469	65
1.9	2.4894877104463	2.2205506093193	67
1.8	2.43892849033625	2.21308001889048	71
1.7	2.47425328718771	2.1845603181414	71
1.6	2.43830026033776	2.12939398538976	79
1.5	2.41076371926396	2.13486740588089	87
1.4	2.42319830572456	2.12396083321028	88
1.3	2.35837170249145	2.13521834769305	80
1.2	2.46279895286846	2.11319654368513	92
1.1	2.52957192718112	1.95983033455141	83
1	2.46466750866825	1.95472481405991	82
0.9	2.32880318836457	1.92518776771095	79
0.8	2.36592767336024	1.94882498291941	76
0.7	2.37310170453795	1.95991601123479	74
0.6	2.20647633184272	1.9863246127341	78
0.5	2.12836279529814	1.9953255044769	81
0.4	1.93380107698959	1.96408781844429	87
0.3	1.75669621048224	1.93287954650441	70
0.2	1.85096688850963	2.01318278996682	77
0.1	1.84168025428406	2.01671939550158	77
0	0.87633743812851	1.98164190357937	106
