"ka"	"avg.dif"	"stdev"	"sites.used"
50	1.17733268197362	0.545257897643477	5
49.9	0.659998371600719	0.57569969343142	6
49.8	0.659998371600719	0.57569969343142	6
49.7	0.141824272454465	0.819891920759263	7
49.6	0.141824272454465	0.819891920759263	7
49.5	0.141824272454465	0.819891920759263	7
49.4	0.141824272454465	0.819891920759263	7
49.3	0.141824272454465	0.819891920759263	7
49.2	0.141824272454465	0.819891920759263	7
49.1	-0.0901746458231534	0.76156368510783	8
49	-0.0901746458231534	0.76156368510783	8
48.9	-0.0901746458231534	0.76156368510783	8
48.8	-0.0901746458231534	0.76156368510783	8
48.7	-0.0901746458231534	0.76156368510783	8
48.6	-0.0901746458231534	0.76156368510783	8
48.5	-0.0901746458231534	0.76156368510783	8
48.4	-0.0901746458231534	0.76156368510783	8
48.3	-0.0901746458231534	0.76156368510783	8
48.2	-0.0901746458231534	0.76156368510783	8
48.1	-0.0901746458231534	0.76156368510783	8
48	-0.0901746458231534	0.76156368510783	8
47.9	-0.0901746458231534	0.76156368510783	8
47.8	-0.0901746458231534	0.76156368510783	8
47.7	-0.191988275525157	0.713148794712034	7
47.6	-0.191988275525157	0.713148794712034	7
47.5	-0.191988275525157	0.713148794712034	7
47.4	-0.191988275525157	0.713148794712034	7
47.3	-0.419092981599086	0.738843411241428	6
47.2	-0.419092981599086	0.738843411241428	6
47.1	-0.419092981599086	0.738843411241428	6
47	-0.419092981599086	0.738843411241428	6
46.9	-0.419092981599086	0.738843411241428	6
46.8	-0.419092981599086	0.738843411241428	6
46.7	-0.419092981599086	0.738843411241428	6
46.6	-0.419092981599086	0.738843411241428	6
46.5	-0.419092981599086	0.738843411241428	6
46.4	-0.419092981599086	0.738843411241428	6
46.3	-0.419092981599086	0.738843411241428	6
46.2	-0.419092981599086	0.738843411241428	6
46.1	-0.419092981599086	0.738843411241428	6
46	-0.419092981599086	0.738843411241428	6
45.9	-0.302547281736338	0.854212744027431	7
45.8	-0.302547281736338	0.854212744027431	7
45.7	-0.302547281736338	0.854212744027431	7
45.6	-0.302547281736338	0.854212744027431	7
45.5	-0.628437957987297	0.919036769452079	8
45.4	-0.628437957987297	0.919036769452079	8
45.3	-0.759492550073277	1.09028281968933	8
45.2	-0.759492550073277	1.09028281968933	8
45.1	-0.759492550073277	1.09028281968933	8
45	-0.759492550073277	1.09028281968933	8
44.9	-1.00390466885337	1.14092128706745	7
44.8	-1.00390466885337	1.14092128706745	7
44.7	-1.00390466885337	1.14092128706745	7
44.6	-1.00390466885337	1.14092128706745	7
44.5	-1.07143685881778	1.05802239264537	8
44.4	-1.07143685881778	1.05802239264537	8
44.3	-1.07143685881778	1.05802239264537	8
44.2	-1.07143685881778	1.05802239264537	8
44.1	-0.800610649731314	0.998608456960058	7
44	-0.800610649731314	0.998608456960058	7
43.9	-0.800610649731314	0.998608456960058	7
43.8	-0.800610649731314	0.998608456960058	7
43.7	-0.800610649731314	0.998608456960058	7
43.6	-0.800610649731314	0.998608456960058	7
43.5	-0.800610649731314	0.998608456960058	7
43.4	-0.800610649731314	0.998608456960058	7
43.3	-0.800610649731314	0.998608456960058	7
43.2	-0.800610649731314	0.998608456960058	7
43.1	-0.800610649731314	0.998608456960058	7
43	-0.800610649731314	0.998608456960058	7
42.9	-0.648351245725452	1.08955973855617	6
42.8	-0.648351245725452	1.08955973855617	6
42.7	-0.648351245725452	1.08955973855617	6
42.6	-0.648351245725452	1.08955973855617	6
42.5	-0.648351245725452	1.08955973855617	6
42.4	-0.494003419638496	1.05309285676393	4
42.3	-0.433473375671715	1.14325647888696	5
42.2	-0.433473375671715	1.14325647888696	5
42.1	-0.433473375671715	1.14325647888696	5
42	-0.433473375671715	1.14325647888696	5
41.9	-0.433473375671715	1.14325647888696	5
41.8	0.18557645334636	0.907624605493048	4
41.7	0.18557645334636	0.907624605493048	4
41.6	0.18557645334636	0.907624605493048	4
41.5	0.18557645334636	0.907624605493048	4
41.4	0.18557645334636	0.907624605493048	4
41.3	0.18557645334636	0.907624605493048	4
41.2	0.18557645334636	0.907624605493048	4
41.1	0.18557645334636	0.907624605493048	4
41	0.18557645334636	0.907624605493048	4
40.9	0.18557645334636	0.907624605493048	4
40.8	0.76215600065136	1.03685366670841	3
40.7	0.287677088422081	0.855478601341945	4
40.6	1.27047304999186	2.05029446360456	6
40.5	1.27047304999186	2.05029446360456	6
40.4	1.27047304999186	2.05029446360456	6
40.3	1.27047304999186	2.05029446360456	6
40.2	0.973093028124784	1.90242745630807	7
40.1	0.973093028124784	1.90242745630807	7
40	0.973093028124784	1.90242745630807	7
39.9	0.973093028124784	1.90242745630807	7
39.8	0.973093028124784	1.90242745630807	7
39.7	1.11031082071324	1.76969462220497	8
39.6	0.614802149487056	1.75017431074329	9
39.5	0.642061553492919	1.78005064095872	8
39.4	0.642061553492919	1.78005064095872	8
39.3	0.642061553492919	1.78005064095872	8
39.2	0.642061553492919	1.78005064095872	8
39.1	0.642061553492919	1.78005064095872	8
39	0.642061553492919	1.78005064095872	8
38.9	0.642061553492919	1.78005064095872	8
38.8	0.642061553492919	1.78005064095872	8
38.7	0.642061553492919	1.78005064095872	8
38.6	0.642061553492919	1.78005064095872	8
38.5	0.642061553492919	1.78005064095872	8
38.4	0.642061553492919	1.78005064095872	8
38.3	0.619404703747646	1.84831827234254	7
38.2	0.619404703747646	1.84831827234254	7
38.1	0.619404703747646	1.84831827234254	7
38	0.619404703747646	1.84831827234254	7
37.9	0.619404703747646	1.84831827234254	7
37.8	0.619404703747646	1.84831827234254	7
37.7	0.516270762090866	1.84907807643294	8
37.6	0.388614775009501	1.7836741063833	9
37.5	0.388614775009501	1.7836741063833	9
37.4	0.388614775009501	1.7836741063833	9
37.3	0.388614775009501	1.7836741063833	9
37.2	0.388614775009501	1.7836741063833	9
37.1	0.388614775009501	1.7836741063833	9
37	0.388614775009501	1.7836741063833	9
36.9	0.388614775009501	1.7836741063833	9
36.8	0.388614775009501	1.7836741063833	9
36.7	0.388614775009501	1.7836741063833	9
36.6	0.295530043966782	1.72765075649418	10
36.5	0.45456223199262	1.8216365338959	9
36.4	0.45456223199262	1.8216365338959	9
36.3	0.45456223199262	1.8216365338959	9
36.2	0.45456223199262	1.8216365338959	9
36.1	0.45456223199262	1.8216365338959	9
36	0.45456223199262	1.8216365338959	9
35.9	0.139214815472755	1.85273842399162	11
35.8	0.139214815472755	1.85273842399162	11
35.7	0.139214815472755	1.85273842399162	11
35.6	0.139214815472755	1.85273842399162	11
35.5	0.139214815472755	1.85273842399162	11
35.4	0.139214815472755	1.85273842399162	11
35.3	0.139214815472755	1.85273842399162	11
35.2	0.139214815472755	1.85273842399162	11
35.1	0.139214815472755	1.85273842399162	11
35	0.139214815472755	1.85273842399162	11
34.9	0.139214815472755	1.85273842399162	11
34.8	0.207359550561799	1.88241734469644	10
34.7	0.207359550561799	1.88241734469644	10
34.6	0.207359550561799	1.88241734469644	10
34.5	0.207359550561799	1.88241734469644	10
34.4	0.207359550561799	1.88241734469644	10
34.3	0.207359550561799	1.88241734469644	10
34.2	0.207359550561799	1.88241734469644	10
34.1	0.207359550561799	1.88241734469644	10
34	0.207359550561799	1.88241734469644	10
33.9	0.207359550561799	1.88241734469644	10
33.8	0.207359550561799	1.88241734469644	10
33.7	0.278736066083405	1.82128739329886	11
33.6	0.278736066083405	1.82128739329886	11
33.5	0.278736066083405	1.82128739329886	11
33.4	0.534796857189384	1.73428780210371	12
33.3	0.534796857189384	1.73428780210371	12
33.2	1.00770750988142	1.59905527212588	11
33.1	1.00770750988142	1.59905527212588	11
33	1.00770750988142	1.59905527212588	11
32.9	1.00770750988142	1.59905527212588	11
32.8	0.896411415078978	1.58306046256895	12
32.7	1.28238220011547	1.56621500058276	11
32.6	1.28238220011547	1.56621500058276	11
32.5	1.28238220011547	1.56621500058276	11
32.4	1.28238220011547	1.56621500058276	11
32.3	1.28238220011547	1.56621500058276	11
32.2	1.28238220011547	1.56621500058276	11
32.1	1.31137029799707	1.64023859899726	10
32	1.2229088639201	1.72871333939129	9
31.9	1.2229088639201	1.72871333939129	9
31.8	1.4167531753786	1.78471352007645	8
31.7	1.4167531753786	1.78471352007645	8
31.6	1.4167531753786	1.78471352007645	8
31.5	1.4167531753786	1.78471352007645	8
31.4	1.4167531753786	1.78471352007645	8
31.3	1.4167531753786	1.78471352007645	8
31.2	1.4167531753786	1.78471352007645	8
31.1	1.4167531753786	1.78471352007645	8
31	1.4167531753786	1.78471352007645	8
30.9	0.793099658036152	1.8122904648495	10
30.8	0.793099658036152	1.8122904648495	10
30.7	0.169707332237866	2.13499161320822	11
30.6	-0.285082382200114	2.15124387494777	11
30.5	-0.520674157303369	2.26184590286406	10
30.4	-1.33585735222276	2.09481066059501	8
30.3	-1.02950116701949	1.99170246677804	9
30.2	-0.841460674157302	1.93844979466487	10
30.1	-0.841460674157302	1.93844979466487	10
30	-0.841460674157302	1.93844979466487	10
29.9	-0.63535328862637	1.85451027724539	11
29.8	-1.03883528741247	2.01250357791399	12
29.7	-1.03883528741247	2.01250357791399	12
29.6	-1.03883528741247	2.01250357791399	12
29.5	-1.03883528741247	2.01250357791399	12
29.4	-1.03883528741247	2.01250357791399	12
29.3	-1.03883528741247	2.01250357791399	12
29.2	-1.03883528741247	2.01250357791399	12
29.1	-1.03883528741247	2.01250357791399	12
29	-1.03883528741247	2.01250357791399	12
28.9	-1.03883528741247	2.01250357791399	12
28.8	-1.07334748788095	1.94430505772749	13
28.7	-1.07334748788095	1.94430505772749	13
28.6	-1.24046775769419	1.98118169036652	12
28.5	-1.24046775769419	1.98118169036652	12
28.4	-1.1196540391704	1.6990509166978	11
28.3	-1.1196540391704	1.6990509166978	11
28.2	-1.1683561309233	1.70836382288157	10
28.1	-1.52940617706128	1.8097276014079	9
28	-1.46704934049829	1.76638422399655	10
27.9	-1.72828529555447	1.67895788925416	12
27.8	-1.38748057023582	1.42489052633878	11
27.7	-1.30054958475818	1.44602656954269	12
27.6	-1.10231483221224	1.39581093884961	13
27.5	-1.40064259140957	1.42514347716705	13
27.4	-1.63580850024426	1.47005808925974	12
27.3	-1.44344444026906	1.45736129851005	13
27.2	-1.43977365249959	1.509036438388	12
27.1	-1.38367216564578	1.5008891801078	13
27	-1.59449019471003	1.56461461612879	14
26.9	-1.59449019471003	1.56461461612879	14
26.8	-1.40402089361542	1.53184442471626	13
26.7	-1.12961557250761	1.40956183548153	13
26.6	-1.12961557250761	1.40956183548153	13
26.5	-1.12961557250761	1.40956183548153	13
26.4	-1.29024879614767	1.41771149764173	14
26.3	-1.26588014981273	1.3901675775527	15
26.2	-1.61454323400098	1.50211708732731	15
26.1	-1.61454323400098	1.50211708732731	15
26	-1.61454323400098	1.50211708732731	15
25.9	-1.61454323400098	1.50211708732731	15
25.8	-1.41700048851978	1.45754229226654	16
25.7	-1.17464869680163	1.4199517366547	17
25.6	-1.30212200781632	1.42955979569026	16
25.5	-1.44455998325075	1.51083879275652	14
25.4	-1.64390978667969	1.56086067451582	15
25.3	-1.64390978667969	1.56086067451582	15
25.2	-1.64390978667969	1.56086067451582	15
25.1	-1.64390978667969	1.56086067451582	15
25	-1.64390978667969	1.56086067451582	15
24.9	-1.53260869565217	1.49017340657648	15
24.8	-1.5051131737502	1.41783324839562	15
24.7	-1.5051131737502	1.41783324839562	15
24.6	-1.5051131737502	1.41783324839562	15
24.5	-1.6390515200481	1.3498296297199	13
24.4	-1.89444919394235	1.36800780609929	12
24.3	-1.89444919394235	1.36800780609929	12
24.2	-1.70493404982902	1.36084375005292	11
24.1	-1.38366919068556	1.30094824202466	12
24	-1.38366919068556	1.30094824202466	12
23.9	-1.38366919068556	1.30094824202466	12
23.8	-0.958945548833188	1.15446478520553	13
23.7	-0.785799776676669	1.12407141521893	14
23.6	-0.682916463116756	1.13720558959381	15
23.5	-0.504379230930281	1.10322777671586	14
23.4	-0.504379230930281	1.10322777671586	14
23.3	-0.712125061064972	1.15242403908083	15
23.2	-0.989573359387721	1.15459243569725	15
23.1	-1.19300653395212	1.17773686063119	16
23	-1.15033046926636	1.21687601566583	17
22.9	-1.35733593877219	1.28347981747421	15
22.8	-1.35733593877219	1.28347981747421	15
22.7	-1.13751657477842	1.16161799605321	14
22.6	-0.554942191825436	1.97753743571717	15
22.5	-1.05048133567057	1.99907046638279	17
22.4	-1.20770487298486	2.03550385680543	16
22.3	-1.20770487298486	2.03550385680543	16
22.2	-1.39436478059714	2.00577697490171	17
22.1	-1.39436478059714	2.00577697490171	17
22	-1.29373473375672	1.88244807186232	18
21.9	-1.22995236932096	1.89062556703218	20
21.8	-1.15022216018796	1.9153244772527	21
21.7	-1.18493498034289	1.91604654559279	21
21.6	-1.14147288715193	1.95884104317901	20
21.5	-1.3334203046587	1.91101174586089	22
21.4	-1.28413691297976	1.94626078755895	23
21.3	-1.11600901541058	1.92705086709736	22
21.2	-0.952433293786493	1.9244302405733	21
21.1	-0.923849535906203	1.96033134249002	20
21	-0.802350037281772	2.00027648964073	19
20.9	-1.24317796488405	1.4523651813956	17
20.8	-1.40184144818976	1.48270301246611	18
20.7	-1.40184144818976	1.48270301246611	18
20.6	-1.6317629457743	1.41391112605351	16
20.5	-1.6317629457743	1.41391112605351	16
20.4	-1.63452918905716	1.412423385683	16
20.3	-1.68543636311388	1.36758292037115	17
20.2	-1.51402051783097	1.27004602991872	17
20.1	-1.36634098680997	1.24349750588326	16
20	-1.34598273896759	1.27852640517241	15
19.9	-1.34598273896759	1.27852640517241	15
19.8	-1.34598273896759	1.27852640517241	15
19.7	-1.45064973131412	1.36206078707712	15
19.6	-1.45064973131412	1.36206078707712	15
19.5	-1.40196454742131	1.41342635979928	14
19.4	-1.60925047107265	1.31320123298637	14
19.3	-1.60925047107265	1.31320123298637	14
19.2	-1.74616067859839	1.22613773079717	11
19.1	-1.80892769907181	1.17101353941652	12
19	-1.79579872984856	1.30083285366045	14
18.9	-2.18829619330352	1.33744298994689	13
18.8	-2.05933824358348	1.49373351426132	13
18.7	-2.24637971945006	1.55631642301079	14
18.6	-1.96797549259078	1.57505380289329	12
18.5	-1.96797549259078	1.57505380289329	12
18.4	-1.96797549259078	1.57505380289329	12
18.3	-1.98444952702403	1.6408831098336	11
18.2	-2.00569823434992	1.45325466906694	14
18.1	-2.00569823434992	1.45325466906694	14
18	-1.76657506920697	1.44247399600232	12
17.9	-1.52422651034033	1.54570730630372	12
17.8	-1.61487354853256	1.49563130053999	13
17.7	-1.65461651196873	1.56716135614413	15
17.6	-1.73035997801661	1.52838432019677	16
17.5	-1.73035997801661	1.52838432019677	16
17.4	-1.69056057645335	1.58229928208055	20
17.3	-1.54481680508061	1.59570482668313	20
17.2	-1.7204965909815	1.62301717169076	23
17.1	-1.84726535120324	1.64484659909721	23
17	-1.84726535120324	1.64484659909721	23
16.9	-1.62616837648591	1.56389289745389	21
16.8	-1.67150375272017	1.53582616954145	22
16.7	-1.62086722881842	1.45611570856382	23
16.6	-1.62086722881842	1.45611570856382	23
16.5	-1.62086722881842	1.45611570856382	23
16.4	-1.62154982901807	1.42493596695502	24
16.3	-1.57425305324866	1.4237893912195	25
16.2	-1.3907591248517	1.37048053348683	28
16.1	-1.28271566463959	1.34578522677388	29
16	-0.939923885465748	1.42392270328608	31
15.9	-0.967782934375508	1.40091422908547	30
15.8	-0.940136627952786	1.41037005986308	31
15.7	-1.00596142174061	1.45430354897896	33
15.6	-0.950010686370297	1.43589117101553	32
15.5	-0.822420837589376	1.60382304315472	33
15.4	-0.879299344199197	1.57663518151549	33
15.3	-0.822320010991694	1.59565943262939	32
15.2	-0.885730041006054	1.69773284248565	33
15.1	-0.830976734245236	1.67270484237347	32
15	-0.830976734245236	1.67270484237347	32
14.9	-0.761794263381952	2.01113548331953	35
14.8	-0.959470682211277	2.06290720859021	37
14.7	-0.910323194405162	2.01752517281129	38
14.6	-0.676535866594488	1.99439445683938	37
14.5	-0.820101232155457	1.99827842472484	36
14.4	-0.859067323307674	1.97032954492093	37
14.3	-0.739376849909479	1.99644159915785	34
14.2	-0.75926152092493	1.96878098180237	36
14.1	-0.893887396189545	1.97039923882258	36
14	-0.951288792327667	1.93986931957535	38
13.9	-1.10466600673643	1.89610217157183	38
13.8	-1.07689367432894	1.92222396792132	37
13.7	-0.971456665789836	1.88126319224929	39
13.6	-1.0907547630679	1.86686958296111	42
13.5	-1.23423246880135	1.93463671994098	44
13.4	-1.29894191055647	1.91408092212786	44
13.3	-1.35723009281876	1.88766749293682	44
13.2	-1.41740758834066	1.88073892621771	45
13.1	-0.984868099658035	2.02447267358365	44
13	-0.952545188080116	2.00275626258802	50
12.9	-0.724169285931551	2.10749076262087	53
12.8	-0.610947366516491	2.12480515332516	54
12.7	-0.608451392281386	2.09386989781898	54
12.6	-0.513427381073083	2.12600971269993	53
12.5	-0.390127186554563	2.17797277804812	57
12.4	-0.585565649543421	2.25726682121817	52
12.3	-0.381140083048362	2.21076953597084	48
12.2	-0.462183479889268	2.21128141164443	48
12.1	-0.0842096156977682	2.11318848878616	48
12	-0.0729060945335625	2.12633672549134	49
11.9	-0.0635569329099488	2.15084185589251	48
11.8	-0.0635569329099488	2.15084185589251	48
11.7	0.201791979393347	2.21394189611101	44
11.6	-0.0231732074037888	2.06120250662123	45
11.5	0.179009600909245	2.20952037597071	49
11.4	0.200053940726266	2.21258895234264	48
11.3	0.224094202898551	2.23137023542758	48
11.2	0.26574853683535	2.21385065183938	51
11.1	0.488719890270941	2.16149326676702	52
11	0.468165222533618	2.08357585776669	57
10.9	0.416574843040402	1.98768701354631	54
10.8	0.516898636753279	1.97887985597433	53
10.7	0.566320708630209	1.93884410828352	53
10.6	0.311173692730634	1.90299106312671	51
10.5	0.415791624106231	1.9871606418478	55
10.4	0.644739487430011	2.05289872730984	52
10.3	0.69125150793097	2.08451193932391	49
10.2	0.712351585565303	2.08618479768301	46
10.1	0.514088485801067	1.88639896811021	46
10	0.514088485801067	1.88639896811021	46
9.9	0.690508758461861	1.90651194786346	42
9.8	0.63392512791505	1.97027889058181	38
9.7	0.960116859074899	2.02789900599015	38
9.6	0.960116859074899	2.02789900599015	38
9.5	0.822688952474004	2.11089304228269	35
9.4	1.16392420964478	2.19702509486997	35
9.3	1.4737656733431	2.30029216525746	30
9.2	1.35814281061716	2.25515357478252	30
9.1	1.27434849990735	2.28371928059479	29
9	1.29638408123386	2.22932396756878	28
8.9	1.18896017126929	2.14395251452146	34
8.8	1.18787952806028	2.17350899552602	33
8.7	1.3633813711122	2.19226178656115	30
8.6	1.57593632958802	2.22261840748412	30
8.5	1.6529437256725	2.19101480799182	31
8.4	1.8586181628287	2.21570808799967	29
8.3	1.85281143136297	2.18415190218177	30
8.2	1.85281143136297	2.18415190218177	30
8.1	1.88907147549821	2.1918707621735	29
8	2.37302062251378	2.38802297530888	28
7.9	2.50185859572767	2.37674479090782	33
7.8	2.52412281962125	2.34116980787756	34
7.7	2.42244526357863	2.31790028706578	33
7.6	2.4986077186126	2.29271657632151	29
7.5	2.90090376160235	2.35194036079694	30
7.4	3.35355136436597	2.57023502190603	28
7.3	3.32957517567923	2.58418958772457	26
7.2	3.3005708444155	2.52541752911226	27
7.1	3.27049904174965	2.5324900062748	26
7	3.32554347826087	2.52544262485171	24
6.9	3.1646243282853	2.49224814071048	25
6.8	3.84598396026706	2.62168755086647	24
6.7	3.81357779677577	2.71932110305382	24
6.6	3.6099864717598	2.65680034271713	26
6.5	3.23582840290217	2.58099604160064	27
6.4	3.46155837811432	2.65994692886521	25
6.3	3.2398466047875	2.67823883731048	25
6.2	3.32134017261033	2.75127740765246	30
6.1	3.49824539977203	2.8325477376352	30
6	3.31711082660917	2.71813852614875	29
5.9	3.20573168471944	2.68620763751924	29
5.8	3.46275112970201	2.75603857218046	32
5.7	3.94759142298835	2.85732599599255	28
5.6	3.91935497941238	2.88728381596956	28
5.5	3.87150326697607	2.87911311220165	32
5.4	3.86718775443739	2.83399573033615	33
5.3	3.58661862888781	2.82712951404436	30
5.2	3.38893884342941	2.85027182764132	32
5.1	3.38893884342941	2.85027182764132	32
5	3.10813543029138	2.87313360079317	31
4.9	2.53739110079792	2.83595087687515	24
4.8	2.50335108813843	2.67403168401098	31
4.7	2.86941629765038	2.77533904320522	31
4.6	2.62316019959523	2.59683135565541	28
4.5	2.55380481755665	2.58180324427157	26
4.4	2.43868908242508	2.53426188748293	29
4.3	2.31091353199805	2.44645756025513	30
4.2	2.31091353199805	2.44645756025513	30
4.1	2.57100871456262	2.7079416409205	31
4	2.5074951866433	2.61992123228869	34
3.9	2.36576266559384	2.63869352985019	34
3.8	2.47768784906059	2.74959720664922	37
3.7	2.58501810028434	2.75506656364866	39
3.6	2.56365114921301	2.69131444284807	41
3.5	2.54762518319492	2.58503815868154	40
3.4	2.57492607924305	2.64135905650736	38
3.3	3.10200130271943	2.77292165726152	45
3.2	3.18301042522009	2.74349671576521	47
3.1	3.39039859226544	2.73903176775951	49
3	3.20960980781424	2.73753690700989	47
2.9	3.49889511376275	2.7550917806091	47
2.8	3.45933384610587	2.7710220583158	47
2.7	3.94255744716152	2.96652785360908	53
2.6	3.8260641322367	3.01029245912543	61
2.5	3.90653871312297	3.04033161604297	59
2.4	4.25586845494515	3.11802801789595	55
2.3	4.14978617248753	3.16382312089756	61
2.2	4.12983023937469	3.04859063063114	64
2.1	4.14529605006974	3.07042791800258	69
2	4.16359663297133	3.02231483018829	65
1.9	3.94393141765525	3.05797335906518	67
1.8	3.92249668012963	3.04024142186816	71
1.7	3.80325347296284	3.05476505920748	71
1.6	3.70289339756235	3.00823727787164	79
1.5	3.70697993699779	2.97683530622214	87
1.4	3.72420643291735	2.96193474347537	88
1.3	3.52539661700049	2.91687699033655	80
1.2	3.62827494105903	2.87581733911261	92
1.1	3.69032112818641	2.65733609427594	83
1	3.60983086491832	2.67214879517648	82
0.9	3.3119724450106	2.58876459518751	79
0.8	3.31468773301108	2.59951013774932	76
0.7	3.35038817518055	2.60586853180745	74
0.6	3.10616443074919	2.62343885422849	78
0.5	3.06307664935738	2.6520553486627	81
0.4	2.83246017440718	2.59359371874709	87
0.3	2.60648091283411	2.5650828935254	70
0.2	2.6567142920587	2.52727386146362	77
0.1	2.56423210399761	2.51264346652535	77
0	1.91742517812537	2.46234258110901	106
