"ka"	"avg.dif"	"stdev"	"sites.used"
50	0.210552027357109	0.424934435774301	5
49.9	0.0174238723334964	0.484919578733106	6
49.8	0.0174238723334964	0.484919578733106	6
49.7	0.157512736408682	0.508964942345656	7
49.6	0.157512736408682	0.508964942345656	7
49.5	0.157512736408682	0.508964942345656	7
49.4	0.157512736408682	0.508964942345656	7
49.3	0.157512736408682	0.508964942345656	7
49.2	0.157512736408682	0.508964942345656	7
49.1	0.26038104543234	0.510030013520585	8
49	0.26038104543234	0.510030013520585	8
48.9	0.26038104543234	0.510030013520585	8
48.8	0.26038104543234	0.510030013520585	8
48.7	0.26038104543234	0.510030013520585	8
48.6	0.26038104543234	0.510030013520585	8
48.5	0.26038104543234	0.510030013520585	8
48.4	0.26038104543234	0.510030013520585	8
48.3	0.26038104543234	0.510030013520585	8
48.2	0.26038104543234	0.510030013520585	8
48.1	0.26038104543234	0.510030013520585	8
48	0.26038104543234	0.510030013520585	8
47.9	0.26038104543234	0.510030013520585	8
47.8	0.26038104543234	0.510030013520585	8
47.7	0.294228487682323	0.510580805053822	7
47.6	0.294228487682323	0.510580805053822	7
47.5	0.294228487682323	0.510580805053822	7
47.4	0.294228487682323	0.510580805053822	7
47.3	0.340335450252402	0.492821090050909	6
47.2	0.340335450252402	0.492821090050909	6
47.1	0.340335450252402	0.492821090050909	6
47	0.340335450252402	0.492821090050909	6
46.9	0.340335450252402	0.492821090050909	6
46.8	0.340335450252402	0.492821090050909	6
46.7	0.340335450252402	0.492821090050909	6
46.6	0.340335450252402	0.492821090050909	6
46.5	0.340335450252402	0.492821090050909	6
46.4	0.340335450252402	0.492821090050909	6
46.3	0.340335450252402	0.492821090050909	6
46.2	0.340335450252402	0.492821090050909	6
46.1	0.340335450252402	0.492821090050909	6
46	0.340335450252402	0.492821090050909	6
45.9	0.155000348942703	0.464007213200883	7
45.8	0.155000348942703	0.464007213200883	7
45.7	0.155000348942703	0.464007213200883	7
45.6	0.155000348942703	0.464007213200883	7
45.5	0.26038104543234	0.442377102331005	8
45.4	0.26038104543234	0.442377102331005	8
45.3	0.260014655593551	0.443055685115858	8
45.2	0.260014655593551	0.443055685115858	8
45.1	0.260014655593551	0.443055685115858	8
45	0.260014655593551	0.443055685115858	8
44.9	0.294228487682322	0.36251831293817	7
44.8	0.294228487682322	0.36251831293817	7
44.7	0.294228487682322	0.36251831293817	7
44.6	0.294228487682322	0.36251831293817	7
44.5	0.137823644357596	0.338228548927944	8
44.4	0.137823644357596	0.338228548927944	8
44.3	0.137823644357596	0.338228548927944	8
44.2	0.137823644357596	0.338228548927944	8
44.1	0.0149347477144253	0.359831644750477	7
44	0.0149347477144253	0.359831644750477	7
43.9	0.0149347477144253	0.359831644750477	7
43.8	0.0149347477144253	0.359831644750477	7
43.7	0.0149347477144253	0.359831644750477	7
43.6	0.0149347477144253	0.359831644750477	7
43.5	0.0149347477144253	0.359831644750477	7
43.4	0.0149347477144253	0.359831644750477	7
43.3	0.0149347477144253	0.359831644750477	7
43.2	0.0149347477144253	0.359831644750477	7
43.1	0.0149347477144253	0.359831644750477	7
43	0.0149347477144253	0.359831644750477	7
42.9	-0.145985995766162	0.387661478510722	6
42.8	-0.145985995766162	0.387661478510722	6
42.7	-0.145985995766162	0.387661478510722	6
42.6	-0.145985995766162	0.387661478510722	6
42.5	-0.145985995766162	0.387661478510722	6
42.4	0.0136785539814364	0.019344396554199	4
42.3	0.41895456765999	0.478530053541917	5
42.2	0.41895456765999	0.478530053541917	5
42.1	0.41895456765999	0.478530053541917	5
42	0.41895456765999	0.478530053541917	5
41.9	0.41895456765999	0.478530053541917	5
41.8	0.274181729360039	0.539282973824251	4
41.7	0.274181729360039	0.539282973824251	4
41.6	0.274181729360039	0.539282973824251	4
41.5	0.274181729360039	0.539282973824251	4
41.4	0.274181729360039	0.539282973824251	4
41.3	0.274181729360039	0.539282973824251	4
41.2	0.274181729360039	0.539282973824251	4
41.1	0.274181729360039	0.539282973824251	4
41	0.274181729360039	0.539282973824251	4
40.9	0.274181729360039	0.539282973824251	4
40.8	0.684579058785213	0.621387245048139	3
40.7	0.751221299462628	0.540283502348125	4
40.6	0.851571405308582	0.780607133675787	6
40.5	0.851571405308582	0.780607133675787	6
40.4	0.851571405308582	0.780607133675787	6
40.3	0.851571405308582	0.780607133675787	6
40.2	1.02093656221648	0.784259488004316	7
40.1	1.02093656221648	0.784259488004316	7
40	1.02093656221648	0.784259488004316	7
39.9	1.02093656221648	0.784259488004316	7
39.8	1.02093656221648	0.784259488004316	7
39.7	1.01209086468002	0.736210407133748	8
39.6	1.12924062313413	0.740320926897263	9
39.5	1.39002198339033	0.776248734451687	8
39.4	1.39002198339033	0.776248734451687	8
39.3	1.39002198339033	0.776248734451687	8
39.2	1.39002198339033	0.776248734451687	8
39.1	1.39002198339033	0.776248734451687	8
39	1.39002198339033	0.776248734451687	8
38.9	1.39002198339033	0.776248734451687	8
38.8	1.39002198339033	0.776248734451687	8
38.7	1.39002198339033	0.776248734451687	8
38.6	1.39002198339033	0.776248734451687	8
38.5	1.39002198339033	0.776248734451687	8
38.4	1.39002198339033	0.776248734451687	8
38.3	1.58566543373578	0.587999226619783	7
38.2	1.58566543373578	0.587999226619783	7
38.1	1.58566543373578	0.587999226619783	7
38	1.58566543373578	0.587999226619783	7
37.9	1.58566543373578	0.587999226619783	7
37.8	1.58566543373578	0.587999226619783	7
37.7	1.64173180263801	0.567008573311108	8
37.6	1.55848667426586	0.586241541100179	9
37.5	1.55848667426586	0.586241541100179	9
37.4	1.55848667426586	0.586241541100179	9
37.3	1.55848667426586	0.586241541100179	9
37.2	1.55848667426586	0.586241541100179	9
37.1	1.55848667426586	0.586241541100179	9
37	1.55848667426586	0.586241541100179	9
36.9	1.55848667426586	0.586241541100179	9
36.8	1.55848667426586	0.586241541100179	9
36.7	1.55848667426586	0.586241541100179	9
36.6	1.40468978993649	0.736225094107326	10
36.5	1.45508331976334	0.762372185712402	9
36.4	1.45508331976334	0.762372185712402	9
36.3	1.45508331976334	0.762372185712402	9
36.2	1.45508331976334	0.762372185712402	9
36.1	1.45508331976334	0.762372185712402	9
36	1.45508331976334	0.762372185712402	9
35.9	1.28254207931785	0.827881321844333	11
35.8	1.28254207931785	0.827881321844333	11
35.7	1.28254207931785	0.827881321844333	11
35.6	1.28254207931785	0.827881321844333	11
35.5	1.28254207931785	0.827881321844333	11
35.4	1.28254207931785	0.827881321844333	11
35.3	1.28254207931785	0.827881321844333	11
35.2	1.28254207931785	0.827881321844333	11
35.1	1.28254207931785	0.827881321844333	11
35	1.28254207931785	0.827881321844333	11
34.9	1.28254207931785	0.827881321844333	11
34.8	1.40874450415242	0.66407992539104	10
34.7	1.40874450415242	0.66407992539104	10
34.6	1.40874450415242	0.66407992539104	10
34.5	1.40874450415242	0.66407992539104	10
34.4	1.40874450415242	0.66407992539104	10
34.3	1.40874450415242	0.66407992539104	10
34.2	1.40874450415242	0.66407992539104	10
34.1	1.40874450415242	0.66407992539104	10
34	1.40874450415242	0.66407992539104	10
33.9	1.40874450415242	0.66407992539104	10
33.8	1.40874450415242	0.66407992539104	10
33.7	1.28280854465515	0.827308230415653	11
33.6	1.28280854465515	0.827308230415653	11
33.5	1.28280854465515	0.827308230415653	11
33.4	1.08557238234815	0.915511667201421	12
33.3	1.08557238234815	0.915511667201421	12
33.2	0.913531998045921	0.809230724300002	11
33.1	0.913531998045921	0.809230724300002	11
33	0.913531998045921	0.809230724300002	11
32.9	0.913531998045921	0.809230724300002	11
32.8	1.00716495684742	0.802646273583308	12
32.7	0.910867344672914	0.80639266529498	11
32.6	0.910867344672914	0.80639266529498	11
32.5	0.910867344672914	0.80639266529498	11
32.4	0.910867344672914	0.80639266529498	11
32.3	0.910867344672914	0.80639266529498	11
32.2	0.910867344672914	0.80639266529498	11
32.1	0.99960918417196	0.730152921053105	10
32	1.32909949519622	0.744417278017734	9
31.9	1.32909949519622	0.744417278017734	9
31.8	1.24059599413776	0.743475434517713	8
31.7	1.24059599413776	0.743475434517713	8
31.6	1.24059599413776	0.743475434517713	8
31.5	1.24059599413776	0.743475434517713	8
31.4	1.24059599413776	0.743475434517713	8
31.3	1.24059599413776	0.743475434517713	8
31.2	1.24059599413776	0.743475434517713	8
31.1	1.24059599413776	0.743475434517713	8
31	1.24059599413776	0.743475434517713	8
30.9	1.09198827552516	0.762757314054342	10
30.8	1.09198827552516	0.762757314054342	10
30.7	1.26717591153351	0.928017582829758	11
30.6	1.35577563618599	0.837682016063165	11
30.5	1.39633610161212	0.871534084961192	10
30.4	1.22990962383977	0.90453362191268	8
30.3	0.98724420561255	0.851094615899598	9
30.2	0.986272594040059	0.805477471443223	10
30.1	0.986272594040059	0.805477471443223	10
30	0.986272594040059	0.805477471443223	10
29.9	0.89421326109162	0.839219869856064	11
29.8	1.14895782445856	1.15361393483581	12
29.7	1.14895782445856	1.15361393483581	12
29.6	1.14895782445856	1.15361393483581	12
29.5	1.14895782445856	1.15361393483581	12
29.4	1.14895782445856	1.15361393483581	12
29.3	1.14895782445856	1.15361393483581	12
29.2	1.14895782445856	1.15361393483581	12
29.1	1.14895782445856	1.15361393483581	12
29	1.14895782445856	1.15361393483581	12
28.9	1.14895782445856	1.15361393483581	12
28.8	1.13486903911916	1.10867578305195	13
28.7	1.13486903911916	1.10867578305195	13
28.6	1.22895293926071	1.08608704455833	12
28.5	1.22895293926071	1.08608704455833	12
28.4	0.887462805880001	1.0025346758713	11
28.3	0.887462805880001	1.0025346758713	11
28.2	0.88695652173913	1.04930640344216	10
28.1	0.877652933832708	1.1067025814503	9
28	0.993893502686858	1.06783200142723	10
27.9	0.921429734570916	0.996128113219438	12
27.8	0.646000799396011	0.624427145560682	11
27.7	0.593877218694023	0.683659288315141	12
27.6	0.54924655217767	0.719137052405689	13
27.5	0.554883318928262	0.728107647340538	13
27.4	0.680630190522716	0.760276497417208	12
27.3	0.628724963361016	0.779898252364975	13
27.2	0.600635075720567	0.814529393928681	12
27.1	0.709556198564503	0.835525002794083	13
27	0.800090725102938	0.842630836357586	14
26.9	0.800090725102938	0.842630836357586	14
26.8	0.786216226372553	0.876457135440645	13
26.7	0.870654992296419	0.917325050944113	13
26.6	0.870654992296419	0.917325050944113	13
26.5	0.870654992296419	0.917325050944113	13
26.4	0.878079419359341	0.883039195163883	14
26.3	0.820908646800196	0.900766783569697	15
26.2	0.888552353036965	0.929464321317055	15
26.1	0.888552353036965	0.929464321317055	15
26	0.888552353036965	0.929464321317055	15
25.9	0.888552353036965	0.929464321317055	15
25.8	0.77375427454812	0.899453820668737	16
25.7	0.731457800511509	0.910034669079232	17
25.6	0.77680752320469	0.895409065422184	16
25.5	0.959592434922186	0.903572042011798	14
25.4	0.961765184823319	0.872983603571343	15
25.3	0.961765184823319	0.872983603571343	15
25.2	0.961765184823319	0.872983603571343	15
25.1	0.961765184823319	0.872983603571343	15
25	0.961765184823319	0.872983603571343	15
24.9	0.819377951473702	0.886971833111329	15
24.8	0.351734245236932	0.740781993762844	15
24.7	0.351734245236932	0.740781993762844	15
24.6	0.351734245236932	0.740781993762844	15
24.5	0.402690616662283	0.707716347612827	13
24.4	0.438446507083537	0.672689561632383	12
24.3	0.438446507083537	0.672689561632383	12
24.2	0.56583914375805	0.704385532750547	11
24.1	0.521128480703469	0.738726897581355	12
24	0.521128480703469	0.738726897581355	12
23.9	0.521128480703469	0.738726897581355	12
23.8	0.329863590244636	0.72372736970778	13
23.7	0.307767464582316	0.724557162706162	14
23.6	0.287640449438202	0.722684759918892	15
23.5	0.0959243492218577	0.796436084735219	14
23.4	0.0959243492218577	0.796436084735219	14
23.3	0.155870379417033	0.769221851801056	15
23.2	0.217033056505455	0.793313149357431	15
23.1	0.387854176844162	0.769285885701226	16
23	0.420069542228225	0.746034923463208	17
22.9	0.538511643054877	0.769724912382435	15
22.8	0.538511643054877	0.769724912382435	15
22.7	0.506106497313141	0.797060976523973	14
22.6	0.400977039570103	0.706001322549577	15
22.5	0.647892180809793	0.914330424699261	17
22.4	0.687103077674646	0.915714891261932	16
22.3	0.687103077674646	0.915714891261932	16
22.2	0.778930429035317	0.941587915673137	17
22.1	0.778930429035317	0.941587915673137	17
22	0.736470715952885	0.938480903273647	18
21.9	0.615412799218369	0.912614614451375	20
21.8	0.586944890315677	0.911046288864704	21
21.7	0.586409844836811	0.910526060125716	21
21.6	0.567000488519785	0.933901780446656	20
21.5	0.787782564284763	1.12718923557217	22
21.4	0.844140948577983	1.1215547092827	23
21.3	0.746080738997203	1.06755837935497	22
21.2	0.686463349384698	1.07096808937018	21
21.1	0.718588177821203	1.0766435601497	20
21	0.803949296788626	1.10447976191726	19
20.9	0.898359148251387	1.12283933005039	17
20.8	0.902757422786734	1.08938739585441	18
20.7	0.902757422786734	1.08938739585441	18
20.6	1.01322056668295	1.09190657267229	16
20.5	1.01322056668295	1.09190657267229	16
20.4	0.951270151441134	1.10866753959722	16
20.3	1.01583378832725	1.09229212611494	17
20.2	0.83781143136297	0.840779754489135	17
20.1	0.827063996091842	0.868109121852657	16
20	0.816707376648754	0.898068801944005	15
19.9	0.816707376648754	0.898068801944005	15
19.8	0.816707376648754	0.898068801944005	15
19.7	0.953688324377137	0.875900511738264	15
19.6	0.953688324377137	0.875900511738264	15
19.5	1.01720287528788	0.844909286438979	14
19.4	1.15423267499477	0.864825644225043	14
19.3	1.15423267499477	0.864825644225043	14
19.2	1.01518852422614	0.935217103723501	11
19.1	1.01278293437551	0.899184689515633	12
19	0.985030358015214	0.88741947979313	14
18.9	1.06418398406674	0.837074312114877	13
18.8	1.1495246326707	0.838475983081912	13
18.7	1.28013120245656	0.893381526829271	14
18.6	1.32812245562612	0.924796488554777	12
18.5	1.32812245562612	0.924796488554777	12
18.4	1.32812245562612	0.924796488554777	12
18.3	1.62703734955811	0.967295336099065	11
18.2	1.50502477493196	1.10887514293276	14
18.1	1.50502477493196	1.10887514293276	14
18	1.39777723497802	1.176031979801	12
17.9	1.15021983390327	1.14405989815737	12
17.8	1.0637706211717	1.14581428589659	13
17.7	1.2162188568637	1.12612784509461	15
17.6	1.32605642403517	1.16678213777546	16
17.5	1.32605642403517	1.16678213777546	16
17.4	1.21355642403517	1.22145301762667	20
17.3	1.26741573033708	1.23173413029887	20
17.2	1.35513264374164	1.20734713270512	23
17.1	1.44485036426584	1.17625995471139	23
17	1.44485036426584	1.17625995471139	23
16.9	1.33945146206993	1.17460969407837	21
16.8	1.28003286405827	1.18207518418888	22
16.7	1.16460992757163	1.13309400722858	23
16.6	1.16460992757163	1.13309400722858	23
16.5	1.16460992757163	1.13309400722858	23
16.4	1.20108695652174	1.11867828326969	24
16.3	1.11452857840743	1.09748373250637	25
16.2	1.17811780305674	1.05480318573861	28
16.1	1.17116722537608	1.03812681360847	29
16	1.14647714200167	1.01656964409194	31
15.9	1.11581175704283	1.02356877039502	30
15.8	1.08038514269505	1.03147708569736	31
15.7	1.10532782638303	1.0668736498409	33
15.6	1.16130312652662	1.06178503647116	32
15.5	1.21777619872393	1.08517798321874	33
15.4	1.29571730988438	1.08045337766588	33
15.3	1.335384098681	1.06822072253622	32
15.2	1.41584876611745	1.1128124540257	33
15.1	1.39676966292135	1.12449971017167	32
15	1.39676966292135	1.12449971017167	32
14.9	1.39126247470165	1.13496255345008	35
14.8	1.36887204742603	1.10827952900476	37
14.7	1.28032036613272	1.1321269855211	38
14.6	1.18038262982083	1.07677173013509	37
14.5	1.10336264452044	1.08334925278474	36
14.4	1.04815220692114	1.06912642378398	37
14.3	1.05184057013133	1.03317460887901	34
14.2	1.07793247570971	1.01423611917265	36
14.1	1.10383759431146	1.01974212500593	36
14	1.15020697811946	1.0051333978931	38
13.9	1.12606381611087	0.975506901522606	38
13.8	1.10405471421593	0.982595838781956	37
13.7	1.03222977966505	0.942555659200678	39
13.6	1.09010863749506	0.922328279533505	42
13.5	1.10938402096194	0.964343761250948	44
13.4	1.08523559976906	0.960280188177252	44
13.3	1.13293289514589	0.944542140584659	44
13.2	1.17413016338273	0.963428515280773	45
13.1	1.22576275702802	0.949347650302709	44
13	1.16648754274548	0.9326903385571	50
12.9	1.14063839396816	0.953188191954208	53
12.8	1.07538584016356	0.969994491508733	54
12.7	1.02058115761096	0.969531450309047	54
12.6	1.05943350139643	0.967564514994812	53
12.5	1.0579795850153	1.00805352070718	57
12.4	1.1014524068994	1.0147212733962	52
12.3	1.04571730988438	1.03929620623767	48
12.2	1.04482169027846	1.04039398474171	48
12.1	1.10609021332031	1.08250299841795	48
12	1.06407585017397	1.0642698708433	49
11.9	1.0219325028497	1.08172081084491	48
11.8	1.0219325028497	1.08172081084491	48
11.7	0.998045920859795	1.08758543031774	44
11.6	0.976551050317538	1.06151408135243	45
11.5	0.959113884928666	1.07630767742401	49
11.4	0.936716332844813	1.07919534279233	48
11.3	0.957264696303534	1.06747586892529	48
11.2	0.941128576491661	1.06592505205413	51
11.1	0.868052684979896	1.03933521609575	52
11	0.830663615560641	1.03707441153379	57
10.9	0.8009915142304	1.01914325280388	54
10.8	0.759307223640671	0.987263499946253	53
10.7	0.750071434496871	0.974137652192702	53
10.6	0.797963543013688	0.984577480646416	51
10.5	0.814326952968868	0.987382385699928	55
10.4	0.820722633497426	0.987569161557484	52
10.3	0.848917779129238	1.00105432659644	49
10.2	0.818939699666532	1.00328509005859	46
10.1	0.865625199124912	1.00772851065032	46
10	0.865625199124912	1.00772851065032	46
9.9	0.798439062972527	1.0040996664384	42
9.8	0.931003008253413	1.02831142125687	38
9.7	1.01319003419639	1.03479463061281	38
9.6	1.01319003419639	1.03479463061281	38
9.5	1.03845348593761	1.03115404663379	35
9.4	0.951148021494871	1.05984767541145	35
9.3	0.79970688812897	1.04648755125516	30
9.2	0.86780654616512	1.04848531809491	30
9.1	0.795343901083167	1.00203059703775	29
9	0.750157024216624	0.998636865389065	28
8.9	0.620060921290842	0.987235882717006	34
8.8	0.577563618599281	0.982132552612981	33
8.7	0.633626445204365	0.990107183672215	30
8.6	0.701172447484124	0.993433173982322	30
8.5	0.739193469593584	0.990267648616515	31
8.4	0.720532991931001	0.988601589483493	29
8.3	0.696515225533301	0.985895091968018	30
8.2	0.696515225533301	0.985895091968018	30
8.1	0.613816687162037	0.965222081205859	29
8	0.415137134482518	0.945469442538903	28
7.9	0.254415182602774	0.996695663273653	33
7.8	0.247277220609788	0.994171578424386	34
7.7	0.191707006558008	0.987973538344051	33
7.6	0.247511075922713	1.01659604308306	29
7.5	0.241117081908484	1.01230704503096	30
7.4	-0.103688324377137	1.0105000323621	28
7.3	-0.11371237458194	1.00178531077517	26
7.2	-0.0981562901445657	0.969618740915146	27
7.1	-0.101931532073203	0.973116108861091	26
7	-0.19493974922651	0.969827535735147	24
6.9	-0.34552027357108	0.960084224021963	25
6.8	-0.569593714378766	1.03459484625908	24
6.7	-0.735527601367855	1.02110678670969	24
6.6	-0.835650670775243	0.991431724311734	26
6.5	-0.731060811666576	0.977479690278683	27
6.4	-0.702999511480215	0.859050567670776	25
6.3	-0.662960429897411	0.871930905040622	25
6.2	-0.551229441459046	0.840906701747364	30
6.1	-0.515681485100147	0.844274585220037	30
6	-0.465104526388491	0.816838005976468	29
5.9	-0.465710964742348	0.817238781240922	29
5.8	-0.455010381045432	0.794077332493107	32
5.7	-0.460918417195896	0.789421480799747	28
5.6	-0.39058901528369	0.738935251672337	28
5.5	-0.277097581827064	0.756889596775747	32
5.4	-0.268523041849862	0.748460547465285	33
5.3	-0.0931281550236116	0.505771975475124	30
5.2	-0.085842085979482	0.492317905187455	32
5.1	-0.085842085979482	0.492317905187455	32
5	-0.0211324203791542	0.453519580333432	31
4.9	0.0561797752808991	0.515038492555264	24
4.8	-0.10881384244449	0.582422108773305	31
4.7	-0.206896008320595	0.703991583777719	31
4.6	-0.23011026589434	0.727487622470919	28
4.5	-0.249389350268686	0.744325808267057	26
4.4	-0.221568990785506	0.719344916283405	29
4.3	-0.176746458231558	0.716853701992614	30
4.2	-0.176746458231558	0.716853701992614	30
4.1	-0.234048253147801	0.754134459907171	31
4	-0.266990430759505	0.760316983767683	34
3.9	-0.267938733871663	0.761059135900547	34
3.8	-0.381098245289745	0.770895852345861	37
3.7	-0.413162476670049	0.755298462063395	39
3.6	-0.41866145578896	0.745848031692334	41
3.5	-0.478321934538349	0.78959390883878	40
3.4	-0.478929370323709	0.801635318175878	38
3.3	-0.617109048472019	0.869804051555731	45
3.2	-0.611502042428464	0.858874648226419	47
3.1	-0.595625255475908	0.889926685507498	49
3	-0.558003928946357	0.869296376591684	47
2.9	-0.580610961552454	0.871847785980838	47
2.8	-0.559854067706764	0.879539698689553	47
2.7	-0.514789245190846	0.9106833375841	53
2.6	-0.607069922397431	0.902873038296216	61
2.5	-0.545916719796643	0.914564699253045	59
2.4	-0.549797930452547	0.913170528674448	55
2.3	-0.54312188168211	0.989856867608669	61
2.2	-0.598749694675135	0.961752824863459	64
2.1	-0.539325842696629	0.953076131451694	69
2	-0.560324677764834	0.972948993418717	65
1.9	-0.515104010966176	0.973846992142818	67
1.8	-0.459614551009034	0.963985696269707	71
1.7	-0.445027763061024	0.905264527713271	71
1.6	-0.438381577238688	0.882296714804868	79
1.5	-0.417106053714716	0.865640726023946	87
1.4	-0.389383576853044	0.87092711009696	88
1.3	-0.404677576941866	0.888019294994521	80
1.2	-0.450664811707483	0.881166948275751	92
1.1	-0.41707818082295	0.872679480511972	83
1	-0.378108356071348	0.805189589487519	82
0.9	-0.489434986673922	0.833958632430801	79
0.8	-0.508921913969095	0.834702739621927	76
0.7	-0.499293626797291	0.832300347625996	74
0.6	-0.405653050743427	0.804949728706153	78
0.5	-0.334159595192	0.769494072032833	81
0.4	-0.279955527854051	0.773947291359848	87
0.3	-0.27568567241259	0.805583750060319	70
0.2	-0.238010645924666	0.811840735522378	77
0.1	-0.248231494933986	0.807845964180028	77
0	-0.0915651989565955	0.831746295675403	106
