36455	64	65.266731802638	107.321446018564	1.26673180263801	43.3214460185638
36456	64	36.3199804592086	93.6673180263801	-27.6800195407914	29.6673180263801
36457	64	31.4044943820225	80.0131900341964	-32.5955056179775	16.0131900341964
36458	64	36.5930630190523	92.028822667318	-27.4069369809477	28.028822667318
36459	64	95.8519785051295	123.160234489497	31.8519785051295	59.1602344894968
36460	64	17.7503663898388	157.022471910112	-46.2496336101612	93.0224719101124
36461	21	9.70786516853933	29.4269662921348	-11.2921348314607	8.42696629213483
36463	18	7.8876404494382	37.314606741573	-10.1123595505618	19.314606741573
36465	18	18.5056179775281	32.1573033707865	0.50561797752809	14.1573033707865
36466	18	19.4157303370787	34.5842696629214	1.41573033707865	16.5842696629214
36467	18	8.49438202247191	32.4606741573034	-9.50561797752809	14.4606741573034
36468	19	7.8876404494382	26.0898876404494	-11.1123595505618	7.08988764044944
36469	19	4.55056179775281	18.8089887640449	-14.4494382022472	-0.191011235955056
36470	19	8.49438202247191	30.9438202247191	-10.5056179775281	11.9438202247191
36471	19	8.49438202247191	31.5505617977528	-10.5056179775281	12.5505617977528
36472	19	13.0449438202247	32.7640449438202	-5.95505617977528	13.7640449438202
36473	19	22.1460674157303	53.0898876404494	3.14606741573034	34.0898876404494
36474	19	6.67415730337079	27.3033707865169	-12.3258426966292	8.30337078651685
36475	19	9.70786516853933	27.9101123595506	-9.29213483146067	8.91011235955056
36476	19	7.58426966292135	24.876404494382	-11.4157303370787	5.87640449438202
36477	19	5.15730337078652	18.2022471910112	-13.8426966292135	-0.797752808988761
36478	17	16.0786516853933	32.7640449438202	-0.921348314606739	15.7640449438202
36479	17	15.1685393258427	24.2696629213483	-1.8314606741573	7.26966292134832
36480	17	16.0786516853933	25.1797752808989	-0.921348314606739	8.17977528089888
36481	17	16.3820224719101	25.4831460674157	-0.617977528089888	8.48314606741573
36482	17	14.8651685393258	26.3932584269663	-2.13483146067416	9.39325842696629
36483	17	8.49438202247191	18.8089887640449	-8.50561797752809	1.80898876404494
36484	18	11.8314606741573	24.5730337078652	-6.1685393258427	6.57303370786517
36485	18	12.7415730337079	25.4831460674157	-5.25842696629213	7.48314606741573
36486	18	13.3483146067416	25.4831460674157	-4.65168539325843	7.48314606741573
36487	17	12.7415730337079	24.5730337078652	-4.25842696629213	7.57303370786517
36488	77	30.3370786516854	100.112359550562	-46.6629213483146	23.1123595505618
36493	52	12.8348803126527	33.5891548607719	-39.1651196873473	-18.4108451392281
36494	52	16.1118710307767	40.4162188568637	-35.8881289692233	-11.5837811431363
36496	52	4.36932095749878	43.4201270151441	-47.6306790425012	-8.57987298485588
36498	14	16.9887640449438	28.2134831460674	2.98876404494382	14.2134831460674
36499	3	2.12603810454323	33.7508549096238	-0.873961895456766	30.7508549096238
36501	35	66.9052271617001	116.060087933561	31.9052271617001	81.0600879335613
36502	35	24.304347826087	46.9702002931119	-10.695652173913	11.9702002931119
36503	44	27.3033707865169	50.9662921348315	-16.6966292134831	6.96629213483146
36504	44	24.5730337078652	48.8426966292135	-19.4269662921348	4.84269662921348
36505	44	29.123595505618	50.0561797752809	-14.876404494382	6.0561797752809
36506	44	27.9101123595506	48.8426966292135	-16.0898876404494	4.84269662921348
36507	44	23.3595505617978	45.2022471910112	-20.6404494382022	1.20224719101124
36508	44	25.7865168539326	47.9325842696629	-18.2134831460674	3.93258426966293
36509	44	30.0337078651685	50.6629213483146	-13.9662921348315	6.66292134831461
36510	44	25.4831460674157	47.6292134831461	-18.5168539325843	3.62921348314607
36511	44	26.3932584269663	49.4494382022472	-17.6067415730337	5.44943820224719
36512	44	27.6067415730337	48.8426966292135	-16.3932584269663	4.84269662921348
36513	44	27	47.9325842696629	-17	3.93258426966293
36514	44	27	47.9325842696629	-17	3.93258426966293
36515	44	18.5056179775281	47.0224719101124	-25.4943820224719	3.02247191011237
36516	44	21.8426966292135	45.5056179775281	-22.1573033707865	1.50561797752809
36517	44	23.0561797752809	51.5730337078652	-20.9438202247191	7.57303370786517
36518	44	23.6629213483146	44.5955056179775	-20.3370786516854	0.59550561797753
36519	44	26.0898876404494	52.1797752808989	-17.9101123595506	8.17977528089888
36520	44	24.5730337078652	46.7191011235955	-19.4269662921348	2.71910112359551
36521	28	10.6179775280899	49.1460674157303	-17.3820224719101	21.1460674157303
36522	28	9.70786516853933	37.6179775280899	-18.2921348314607	9.61797752808989
36523	28	11.5280898876404	39.438202247191	-16.4719101123596	11.438202247191
36524	28	13.9550561797753	35.1910112359551	-14.0449438202247	7.19101123595506
36525	28	9.70786516853933	50.0561797752809	-18.2921348314607	22.0561797752809
36526	28	25.4831460674157	59.1573033707865	-2.51685393258427	31.1573033707865
36527	51	24.5730337078652	85.5505617977528	-26.4269662921348	34.5505617977528
36528	51	23.3595505617978	85.5505617977528	-27.6404494382022	34.5505617977528
36529	51	24.2696629213483	51.876404494382	-26.7303370786517	0.876404494382022
36530	51	25.4831460674157	53.3932584269663	-25.5168539325843	2.3932584269663
36531	51	26.3932584269663	52.7865168539326	-24.6067415730337	1.78651685393259
36532	51	25.7865168539326	57.0337078651685	-25.2134831460674	6.03370786516854
36533	51	22.752808988764	86.4606741573034	-28.247191011236	35.4606741573034
36534	28	13.9550561797753	94.6516853932584	-14.0449438202247	66.6516853932584
36536	38	13.3483146067416	30.0337078651685	-24.6516853932584	-7.96629213483146
36537	38	15.1685393258427	26.3932584269663	-22.8314606741573	-11.6067415730337
36538	43	44.5955056179775	106.483146067416	1.59550561797753	63.4831460674157
36539	43	31.247191011236	79.1797752808989	-11.752808988764	36.1797752808989
36540	43	33.3707865168539	52.7865168539326	-9.62921348314607	9.78651685393259
36541	43	32.4606741573034	74.3258426966292	-10.5393258426966	31.3258426966292
36542	43	27.6067415730337	63.4044943820225	-15.3932584269663	20.4044943820225
36543	43	26.6966292134831	66.7415730337079	-16.3033707865169	23.7415730337079
36544	37	24.5774303859306	51.066438690767	-12.4225696140694	14.066438690767
36545	37	20.4811919882755	39.323888617489	-16.5188080117245	2.32388861748901
36546	37	22.1196873473376	42.6008793356131	-14.8803126526624	5.60087933561309
36547	37	21.3004396678065	41.5085490962384	-15.6995603321935	4.5085490962384
36548	37	19.3888617489008	39.323888617489	-17.6111382510992	2.32388861748901
36549	37	21.0273571079629	37.4123106985833	-15.9726428920371	0.412310698583298
36550	37	20.2081094284319	42.8739618954568	-16.7918905715681	5.87396189545677
36551	37	22.1196873473376	46.4240351734245	-14.8803126526624	9.42403517342453
36552	37	21.8466047874939	39.8700537371764	-15.1533952125061	2.87005373717636
36553	37	21.5735222276502	39.5969711773327	-15.4264777723498	2.59697117733268
36554	37	19.3888617489008	48.0625305324866	-17.6111382510992	11.0625305324866
36555	37	11.742550073278	44.5124572545188	-25.257449926722	7.51245725451881
36556	37	14.4733756717147	47.5163654127992	-22.5266243282853	10.5163654127992
36557	37	12.561797752809	47.5163654127992	-24.438202247191	10.5163654127992
36558	37	17.2042012701514	39.0508060576453	-19.7957987298486	2.05080605764534
36559	37	17.7503663898388	42.8739618954568	-19.2496336101612	5.87396189545677
36560	37	24.304347826087	44.7855398143625	-12.695652173913	7.78553981436249
36561	37	28.1275036638984	45.3317049340498	-8.87249633610161	8.33170493404983
36562	37	24.0312652662433	45.3317049340498	-12.9687347337567	8.33170493404983
36563	37	24.304347826087	42.3277967757694	-12.695652173913	5.32779677576942
36564	37	14.7464582315584	52.1587689301417	-22.2535417684416	15.1587689301417
36566	34	35.4943820224719	82.2134831460674	1.49438202247191	48.2134831460674
36567	34	23.0561797752809	46.1123595505618	-10.9438202247191	12.1123595505618
36568	34	27.3033707865169	67.9550561797753	-6.69662921348315	33.9550561797753
36569	34	21.5393258426966	46.4157303370787	-12.4606741573034	12.4157303370787
36570	34	26.3932584269663	64.314606741573	-7.60674157303371	30.314606741573
36571	34	25.7865168539326	44.2921348314607	-8.21348314606741	10.2921348314607
36572	40	25.1797752808989	84.3370786516854	-14.8202247191011	44.3370786516854
36573	40	29.4269662921348	84.9438202247191	-10.5730337078652	44.9438202247191
36574	16	1.21348314606742	20.0224719101124	-14.7865168539326	4.02247191011236
36575	16	3.9438202247191	15.1685393258427	-12.0561797752809	-0.831460674157302
36576	16	1.21348314606742	60.3707865168539	-14.7865168539326	44.3707865168539
36577	51	9.70786516853933	82.2134831460674	-41.2921348314607	31.2134831460674
36578	27	64.9213483146067	124.988764044944	37.9213483146067	97.9887640449438
36580	53	11.8314606741573	88.2808988764045	-41.1685393258427	35.2808988764045
36581	42	26.3932584269663	78.2696629213483	-15.6067415730337	36.2696629213483
36582	41	6.97752808988764	58.247191011236	-34.0224719101124	17.247191011236
36583	41	19.7191011235955	47.3258426966292	-21.2808988764045	6.32584269662922
36584	41	30.6404494382022	44.8988764044944	-10.3595505617978	3.89887640449439
36585	41	6.97752808988764	59.1573033707865	-34.0224719101124	18.1573033707865
36586	42	6.97752808988764	121.044943820225	-35.0224719101124	79.0449438202247
36587	42	6.06741573033708	118.921348314607	-35.9325842696629	76.9213483146067
36588	41	23.6629213483146	54.6067415730337	-17.3370786516854	13.6067415730337
36589	41	31.8539325842697	46.1123595505618	-9.14606741573034	5.1123595505618
36590	41	34.8876404494382	45.2022471910112	-6.1123595505618	4.20224719101124
36591	41	32.7640449438202	45.2022471910112	-8.23595505617978	4.20224719101124
36592	41	21.2359550561798	48.5393258426966	-19.7640449438202	7.53932584269663
36593	41	23.0561797752809	50.3595505617978	-17.9438202247191	9.35955056179775
36594	41	7.28089887640449	74.3258426966292	-33.7191011235955	33.3258426966292
36595	37	33.0674157303371	47.6292134831461	-3.93258426966292	10.6292134831461
36596	37	33.6741573033708	46.4157303370787	-3.32584269662921	9.41573033707866
36597	37	35.7977528089888	46.4157303370787	-1.20224719101123	9.41573033707866
36598	37	35.7977528089888	47.3258426966292	-1.20224719101123	10.3258426966292
36599	37	35.1910112359551	75.5393258426966	-1.80898876404494	38.5393258426966
36600	37	29.7303370786517	72.808988764045	-7.26966292134831	35.808988764045
36601	37	32.7640449438202	90.7078651685393	-4.23595505617978	53.7078651685393
36602	37	3.9438202247191	122.865168539326	-33.0561797752809	85.8651685393259
36607	73	30.8583292623351	86.2940889106009	-42.1416707376649	13.2940889106009
36608	73	25.3966780654617	44.5124572545188	-47.6033219345383	-28.4875427454812
36609	73	24.304347826087	42.8739618954568	-48.695652173913	-30.1260381045432
36610	73	25.3966780654617	43.6932095749878	-47.6033219345383	-29.3067904250122
36611	73	22.1196873473376	43.9662921348315	-50.8803126526624	-29.0337078651685
36612	17	12.7415730337079	36.4044943820225	-4.25842696629213	19.4044943820225
36613	17	3.03370786516854	9.70786516853933	-13.9662921348315	-7.29213483146067
36614	17	3.33707865168539	11.5280898876404	-13.6629213483146	-5.47191011235955
36615	17	10.6179775280899	24.876404494382	-6.38202247191011	7.87640449438202
36616	17	4.55056179775281	15.4719101123596	-12.4494382022472	-1.52808988764045
36618	17	4.55056179775281	15.4719101123596	-12.4494382022472	-1.52808988764045
36619	17	4.24719101123596	10.9213483146067	-12.752808988764	-6.07865168539326
36620	17	3.9438202247191	10.314606741573	-13.0561797752809	-6.68539325842697
36621	17	3.64044943820225	10.314606741573	-13.3595505617978	-6.68539325842697
36622	17	2.73033707865169	10.0112359550562	-14.2696629213483	-6.98876404494382
36623	52	41.561797752809	97.9887640449438	-10.438202247191	45.9887640449438
36624	52	25.4831460674157	82.5168539325843	-26.5168539325843	30.5168539325843
36625	52	31.8539325842697	95.2584269662921	-20.1460674157303	43.2584269662921
36626	52	28.2134831460674	94.0449438202247	-23.7865168539326	42.0449438202247
36627	52	35.4943820224719	95.561797752809	-16.5056179775281	43.561797752809
36628	52	37.6179775280899	101.022471910112	-14.3820224719101	49.0224719101124
36629	44	15.1685393258427	34.2808988764045	-28.8314606741573	-9.7191011235955
36630	44	16.9887640449438	33.6741573033708	-27.0112359550562	-10.3258426966292
36631	62	19.1123595505618	49.1460674157303	-42.8876404494382	-12.8539325842697
36632	62	17.5955056179775	39.1348314606742	-44.4044943820225	-22.8651685393258
36633	62	40.0449438202247	94.6516853932584	-21.9550561797753	32.6516853932584
36634	26	16.3820224719101	38.8314606741573	-9.61797752808989	12.8314606741573
36635	26	10.9213483146067	25.7865168539326	-15.0786516853933	-0.213483146067414
36636	62	47.0224719101124	106.786516853933	-14.9775280898876	44.7865168539326
36637	62	42.7752808988764	121.955056179775	-19.2247191011236	59.9550561797753
36638	62	46.4157303370787	103.752808988764	-15.5842696629213	41.752808988764
36639	59	25.4831460674157	67.9550561797753	-33.5168539325843	8.95505617977528
36640	45	32.7640449438202	70.9887640449438	-12.2359550561798	25.9887640449438
36641	45	60.9775280898876	142.280898876405	15.9775280898876	97.2808988764045
36642	45	20.3258426966292	109.213483146067	-24.6741573033708	64.2134831460674
36643	45	38.2247191011236	122.561797752809	-6.7752808988764	77.561797752809
36644	45	59.7640449438202	126.505617977528	14.7640449438202	81.5056179775281
36645	42	24.876404494382	56.7303370786517	-17.123595505618	14.7303370786517
36648	82	38.2247191011236	104.056179775281	-43.7752808988764	22.0561797752809
36649	83	11.2247191011236	117.404494382022	-71.7752808988764	34.4044943820225
36650	83	38.5280898876405	94.6516853932584	-44.4719101123595	11.6516853932584
36651	36	28.8202247191011	46.1123595505618	-7.17977528089887	10.1123595505618
36652	36	28.2134831460674	51.2696629213483	-7.78651685393258	15.2696629213483
36653	36	37.0112359550562	91.0112359550562	1.01123595505618	55.0112359550562
36654	36	32.7640449438202	86.1573033707865	-3.23595505617978	50.1573033707865
36655	36	33.3707865168539	88.8876404494382	-2.62921348314607	52.8876404494382
36656	36	38.2247191011236	90.7078651685393	2.2247191011236	54.7078651685393
36657	36	29.123595505618	80.6966292134831	-6.87640449438202	44.6966292134831
36658	36	30.0337078651685	84.3370786516854	-5.96629213483146	48.3370786516854
36659	36	23.9662921348315	62.4943820224719	-12.0337078651685	26.4943820224719
36660	26	8.79775280898876	23.6629213483146	-17.2022471910112	-2.33707865168539
36661	26	4.24719101123596	16.0786516853933	-21.752808988764	-9.92134831460674
36662	26	6.37078651685393	20.9325842696629	-19.6292134831461	-5.06741573033708
36663	26	10.6179775280899	25.4831460674157	-15.3820224719101	-0.516853932584269
36664	26	11.2247191011236	30.6404494382022	-14.7752808988764	4.64044943820225
36665	26	11.8314606741573	25.1797752808989	-14.1685393258427	-0.820224719101123
36666	26	11.2247191011236	24.2696629213483	-14.7752808988764	-1.73033707865168
36667	26	11.2247191011236	23.9662921348315	-14.7752808988764	-2.03370786516854
36668	26	12.1348314606742	36.1011235955056	-13.8651685393258	10.1011235955056
36669	26	11.8314606741573	28.8202247191011	-14.1685393258427	2.82022471910113
36670	30	16.0786516853933	35.4943820224719	-13.9213483146067	5.49438202247191
36671	30	17.2921348314607	31.8539325842697	-12.7078651685393	1.85393258426966
36672	30	3.64044943820225	24.5730337078652	-26.3595505617978	-5.42696629213483
36673	32	12.4074255007328	34.3028822667318	-19.5925744992672	2.30288226673181
36674	32	10.9477283829995	35.7625793844651	-21.0522716170005	3.76257938446507
36675	40	32.4606741573034	153.202247191011	-7.53932584269663	113.202247191011
36676	36	21.2359550561798	60.3707865168539	-14.7640449438202	24.3707865168539
36677	40	16.9887640449438	46.4157303370787	-23.0112359550562	6.41573033707866
36678	36	22.4494382022472	45.8089887640449	-13.5505617977528	9.80898876404495
36679	39	5.46067415730337	37.9213483146067	-33.5393258426966	-1.07865168539325
36680	39	21.5393258426966	42.7752808988764	-17.4606741573034	3.77528089887641
36681	39	21.2359550561798	41.8651685393258	-17.7640449438202	2.86516853932584
36682	36	18.2022471910112	39.438202247191	-17.7977528089888	3.43820224719101
36683	36	21.2359550561798	42.7752808988764	-14.7640449438202	6.77528089887641
36684	36	23.3595505617978	53.3932584269663	-12.6404494382022	17.3932584269663
36685	39	23.9662921348315	46.4157303370787	-15.0337078651685	7.41573033707866
36686	39	26.0898876404494	43.685393258427	-12.9101123595506	4.68539325842697
36687	39	25.7865168539326	44.2921348314607	-13.2134831460674	5.29213483146068
36688	39	26.6966292134831	44.8988764044944	-12.3033707865169	5.89887640449439
36689	28	23.6629213483146	33.0674157303371	-4.33707865168539	5.06741573033708
36690	28	23.6629213483146	33.0674157303371	-4.33707865168539	5.06741573033708
36691	28	23.3595505617978	33.3707865168539	-4.64044943820225	5.37078651685393
36692	28	25.7865168539326	33.9775280898876	-2.21348314606741	5.97752808988764
36693	28	23.6629213483146	33.9775280898876	-4.33707865168539	5.97752808988764
36694	18	24.2696629213483	41.2584269662921	6.26966292134832	23.2584269662921
36695	18	18.5056179775281	36.7078651685393	0.50561797752809	18.7078651685393
36696	19	22.752808988764	45.8089887640449	3.75280898876404	26.8089887640449
36697	39	16.3820224719101	56.7303370786517	-22.6179775280899	17.7303370786517
36698	39	20.6292134831461	42.1685393258427	-18.3707865168539	3.1685393258427
36699	39	19.4157303370787	55.8202247191011	-19.5842696629213	16.8202247191011
36700	39	22.752808988764	66.1348314606742	-16.247191011236	27.1348314606742
36701	39	17.5955056179775	45.5056179775281	-21.4044943820225	6.50561797752809
36702	39	16.685393258427	58.247191011236	-22.314606741573	19.247191011236
36704	33	8.19101123595506	104.662921348315	-24.8089887640449	71.6629213483146
36705	33	46.7191011235955	137.426966292135	13.7191011235955	104.426966292135
36706	26	22.4494382022472	97.685393258427	-3.55056179775281	71.685393258427
36708	33	18.5056179775281	43.0786516853933	-14.4943820224719	10.0786516853933
36709	33	23.9662921348315	68.8651685393259	-9.03370786516854	35.8651685393259
36710	33	21.2359550561798	47.6292134831461	-11.7640449438202	14.6292134831461
36711	33	25.4831460674157	49.1460674157303	-7.51685393258427	16.1460674157303
36712	33	19.7191011235955	48.5393258426966	-13.2808988764045	15.5393258426966
36713	23	18.2022471910112	29.123595505618	-4.79775280898876	6.12359550561798
36714	33	25.1797752808989	55.5168539325843	-7.82022471910112	22.5168539325843
36715	33	25.4831460674157	49.1460674157303	-7.51685393258427	16.1460674157303
36716	33	34.5842696629214	77.9662921348315	1.58426966292135	44.9662921348315
36717	33	27.6067415730337	64.9213483146067	-5.39325842696629	31.9213483146067
36718	33	30.3370786516854	96.7752808988764	-2.6629213483146	63.7752808988764
36719	33	33.3707865168539	100.719101123596	0.370786516853933	67.7191011235955
36720	33	20.3258426966292	36.7078651685393	-12.6741573033708	3.70786516853933
36721	33	30.0337078651685	96.4719101123596	-2.96629213483146	63.4719101123596
36722	33	32.4606741573034	98.2921348314607	-0.539325842696627	65.2921348314607
36723	33	26.3932584269663	93.7415730337079	-6.60674157303371	60.7415730337079
36724	32	7.12603810454323	63.8886174890083	-24.8739618954568	31.8886174890083
36725	37	2.12359550561798	49.1460674157303	-34.876404494382	12.1460674157303
36726	37	6.37078651685393	33.3707865168539	-30.6292134831461	-3.62921348314607
36727	37	11.5280898876404	51.5730337078652	-25.4719101123596	14.5730337078652
36728	37	6.97752808988764	42.1685393258427	-30.0224719101124	5.1685393258427
36729	37	6.06741573033708	39.7415730337079	-30.9325842696629	2.74157303370787
36730	37	8.79775280898876	36.7078651685393	-28.2022471910112	-0.292134831460672
36731	37	13.6516853932584	40.0449438202247	-23.3483146067416	3.04494382022472
36732	19	6.06741573033708	20.9325842696629	-12.9325842696629	1.93258426966292
36733	19	4.55056179775281	18.2022471910112	-14.4494382022472	-0.797752808988761
36734	19	3.33707865168539	17.2921348314607	-15.6629213483146	-1.70786516853932
36735	19	6.97752808988764	19.1123595505618	-12.0224719101124	0.112359550561798
36736	19	6.06741573033708	17.2921348314607	-12.9325842696629	-1.70786516853932
36737	19	3.64044943820225	15.1685393258427	-15.3595505617978	-3.8314606741573
36738	19	4.24719101123596	18.8089887640449	-14.752808988764	-0.191011235955056
36739	19	7.28089887640449	23.3595505617978	-11.7191011235955	4.35955056179775
36740	19	6.06741573033708	21.2359550561798	-12.9325842696629	2.23595505617978
36741	19	5.46067415730337	26.0898876404494	-13.5393258426966	7.08988764044944
36742	19	4.55056179775281	17.5955056179775	-14.4494382022472	-1.40449438202247
36743	19	3.33707865168539	16.685393258427	-15.6629213483146	-2.31460674157303
36744	19	6.06741573033708	17.2921348314607	-12.9325842696629	-1.70786516853932
36745	45	15.7752808988764	87.6741573033708	-29.2247191011236	42.6741573033708
36746	45	17.2921348314607	86.4606741573034	-27.7078651685393	41.4606741573034
36747	25	17.8812896922325	32.4782608695652	-7.11871030776746	7.47826086956522
36748	25	20.4357596482658	31.7484123106986	-4.56424035173425	6.74841231069858
36749	25	17.1514411333659	31.7484123106986	-7.8485588666341	6.74841231069858
36750	25	18.2462139716659	30.6536394723986	-6.75378602833415	5.65363947239863
36751	25	18.9760625305325	30.2887151929653	-6.02393746946751	5.28871519296532
36752	25	18.6111382510992	29.923790913532	-6.38886174890083	4.923790913532
36753	11	21.5305324865657	33.9379579872985	10.5305324865657	22.9379579872985
36754	29	20.0708353688324	33.5730337078652	-8.92916463116756	4.57303370786517
36755	29	15.3268197361993	32.8431851489985	-13.6731802638007	3.84318514899854
36756	29	18.2462139716659	30.2887151929653	-10.7537860283341	1.28871519296532
36757	15	7.58426966292135	31.8539325842697	-7.41573033707865	16.8539325842697
36758	15	8.19101123595506	24.5730337078652	-6.80898876404494	9.57303370786517
36759	15	9.70786516853933	31.8539325842697	-5.29213483146067	16.8539325842697
36760	15	10.314606741573	39.1348314606742	-4.68539325842697	24.1348314606742
36761	15	16.3820224719101	61.8876404494382	1.38202247191011	46.8876404494382
36762	15	21.5393258426966	44.2921348314607	6.53932584269663	29.2921348314607
36766	4	3.03370786516854	8.79775280898876	-0.96629213483146	4.79775280898876
36771	4	2.42696629213483	8.19101123595506	-1.57303370786517	4.19101123595506
36772	4	1.82022471910112	7.58426966292135	-2.17977528089888	3.58426966292135
36773	20	14.5969711773327	32.4782608695652	-5.40302882266732	12.4782608695652
36774	20	17.1514411333659	31.018563751832	-2.8485588666341	11.018563751832
36775	20	20.0708353688324	45.2506106497313	0.0708353688324372	25.2506106497313
36776	20	16.4215925744993	31.018563751832	-3.57840742550073	11.018563751832
36777	20	13.867122618466	28.4640937957987	-6.13287738153395	8.46409379579873
36778	20	14.961895456766	28.829018075232	-5.038104543234	8.82901807523205
36779	20	15.3268197361993	26.2745481191988	-4.67318026380068	6.27454811919883
36780	20	14.961895456766	31.018563751832	-5.038104543234	11.018563751832
36781	20	12.4074255007328	31.018563751832	-7.59257449926722	11.018563751832
36782	20	15.6917440156326	29.5588666340987	-4.30825598436737	9.55886663409868
36783	20	14.5969711773327	27.0043966780655	-5.40302882266732	7.00439667806546
36784	20	15.6917440156326	30.2887151929653	-4.30825598436737	10.2887151929653
36785	20	16.056668295066	32.1133365901319	-3.94333170493405	12.1133365901319
36786	20	18.6111382510992	31.7484123106986	-1.38886174890083	11.7484123106986
36787	20	14.961895456766	33.2081094284319	-5.038104543234	13.2081094284319
36788	20	15.6917440156326	26.2745481191988	-4.30825598436737	6.27454811919883
36789	20	17.5163654127992	28.4640937957987	-2.48363458720078	8.46409379579873
36790	20	17.8812896922325	35.3976551050318	-2.11871030776746	15.3976551050318
36791	29	12.438202247191	36.1011235955056	-16.561797752809	7.10112359550562
36792	30	8.79775280898876	30.0337078651685	-21.2022471910112	0.033707865168541
36793	30	7.8876404494382	22.752808988764	-22.1123595505618	-7.24719101123596
36794	30	7.58426966292135	19.1123595505618	-22.4157303370786	-10.8876404494382
36795	30	8.49438202247191	24.5730337078652	-21.5056179775281	-5.42696629213483
36796	30	9.40449438202247	29.4269662921348	-20.5955056179775	-0.573033707865168
36797	29	7.58426966292135	27	-21.4157303370786	-2
36798	30	9.70786516853933	30.3370786516854	-20.2921348314607	0.337078651685395
36799	30	9.70786516853933	29.4269662921348	-20.2921348314607	-0.573033707865168
36800	30	7.58426966292135	28.2134831460674	-22.4157303370786	-1.78651685393258
36801	29	8.49438202247191	26.0898876404494	-20.5056179775281	-2.91011235955056
36802	23	10.9213483146067	30.0337078651685	-12.0786516853933	7.03370786516854
36803	30	8.19101123595506	27	-21.8089887640449	-3
36804	25	14.8651685393258	30.9438202247191	-10.1348314606742	5.9438202247191
36805	18	9.10112359550562	29.4269662921348	-8.89887640449438	11.4269662921348
36806	18	3.64044943820225	22.1460674157303	-14.3595505617978	4.14606741573034
36807	29	8.19101123595506	26.3932584269663	-20.8089887640449	-2.60674157303371
36808	29	6.37078651685393	23.0561797752809	-22.6292134831461	-5.9438202247191
36809	29	9.10112359550562	27.3033707865169	-19.8988764044944	-1.69662921348315
36810	29	8.79775280898876	28.2134831460674	-20.2022471910112	-0.786516853932582
36811	29	7.28089887640449	23.6629213483146	-21.7191011235955	-5.33707865168539
36812	29	7.8876404494382	23.9662921348315	-21.1123595505618	-5.03370786516854
36813	29	8.49438202247191	24.5730337078652	-20.5056179775281	-4.42696629213483
36814	29	9.70786516853933	27.9101123595506	-19.2921348314607	-1.08988764044944
36815	29	5.46067415730337	10.314606741573	-23.5393258426966	-18.685393258427
36816	29	11.8314606741573	30.0337078651685	-17.1685393258427	1.03370786516854
36817	29	8.19101123595506	22.4494382022472	-20.8089887640449	-6.55056179775281
36818	29	9.40449438202247	25.4831460674157	-19.5955056179775	-3.51685393258427
36819	30	10.9213483146067	31.5505617977528	-19.0786516853933	1.55056179775281
36820	30	13.0449438202247	31.8539325842697	-16.9550561797753	1.85393258426966
36821	30	5.15730337078652	9.70786516853933	-24.8426966292135	-20.2921348314607
36822	30	5.15730337078652	9.70786516853933	-24.8426966292135	-20.2921348314607
36823	25	8.19101123595506	30.0337078651685	-16.8089887640449	5.03370786516854
36824	29	1.82022471910112	8.49438202247191	-27.1797752808989	-20.5056179775281
36825	29	7.8876404494382	23.6629213483146	-21.1123595505618	-5.33707865168539
36826	29	8.49438202247191	24.2696629213483	-20.5056179775281	-4.73033707865168
36827	13	9.40449438202247	24.876404494382	-3.59550561797753	11.876404494382
36828	13	9.70786516853933	26.6966292134831	-3.29213483146067	13.6966292134831
36829	13	10.314606741573	26.0898876404494	-2.68539325842697	13.0898876404494
36830	65	8.79775280898876	47.0224719101124	-56.2022471910112	-17.9775280898876
36831	16	11.2247191011236	23.3595505617978	-4.7752808988764	7.35955056179775
36832	16	13.6516853932584	25.4831460674157	-2.34831460674157	9.48314606741573
36833	16	8.49438202247191	18.8089887640449	-7.50561797752809	2.80898876404494
36834	35	8.49438202247191	82.2134831460674	-26.5056179775281	47.2134831460674
36835	43	35.4943820224719	84.6404494382023	-7.50561797752809	41.6404494382023
36836	43	37.6179775280899	87.3707865168539	-5.38202247191011	44.3707865168539
36837	42	32.7640449438202	87.0674157303371	-9.23595505617978	45.0674157303371
36838	38	37.6179775280899	89.4943820224719	-0.382022471910112	51.4943820224719
36839	42	39.438202247191	89.1910112359551	-2.56179775280899	47.1910112359551
36840	42	39.7415730337079	87.6741573033708	-2.25842696629213	45.6741573033708
36841	44	29.123595505618	57.6404494382023	-14.876404494382	13.6404494382023
36842	44	26.0898876404494	48.8426966292135	-17.9101123595506	4.84269662921348
36843	45	28.5168539325843	156.539325842697	-16.4831460674157	111.539325842697
36844	74	68.8651685393259	103.752808988764	-5.13483146067415	29.752808988764
36845	74	51.5730337078652	104.966292134831	-22.4269662921348	30.9662921348315
36847	55	30.3370786516854	92.5280898876405	-24.6629213483146	37.5280898876405
36848	61	42.4719101123596	98.8988764044944	-18.5280898876404	37.8988764044944
36849	15	3.9438202247191	23.3595505617978	-11.0561797752809	8.35955056179775
36850	36	24.5774303859306	86.0210063507572	-11.4225696140694	50.0210063507572
36851	36	25.942843185149	93.3942354665364	-10.057156814851	57.3942354665364
36852	36	7.64631167562286	80.8324377137274	-28.3536883243771	44.8324377137274
36853	36	26.2159257449927	97.7635564240352	-9.78407425500733	61.7635564240352
36854	36	21.5735222276502	93.6673180263801	-14.4264777723498	57.6673180263801
36855	36	22.1196873473376	83.2901807523205	-13.8803126526624	47.2901807523205
36856	36	22.3927699071812	87.1133365901319	-13.6072300928188	51.1133365901319
36857	36	12.0156326331216	76.190034196385	-23.9843673668784	40.190034196385
36858	36	21.3004396678065	82.7440156326331	-14.6995603321935	46.7440156326331
36859	11	2.42696629213483	10.6179775280899	-8.57303370786517	-0.382022471910112
36860	8	3.64044943820225	24.2696629213483	-4.35955056179775	16.2696629213483
36861	11	2.12359550561798	18.5056179775281	-8.87640449438202	7.50561797752809
36862	11	3.9438202247191	18.8089887640449	-7.0561797752809	7.80898876404494
36863	11	2.42696629213483	13.3483146067416	-8.57303370786517	2.34831460674157
36864	11	4.24719101123596	13.6516853932584	-6.75280898876404	2.65168539325843
36865	11	5.15730337078652	17.5955056179775	-5.84269662921348	6.59550561797753
36866	11	3.33707865168539	11.8314606741573	-7.66292134831461	0.831460674157304
36867	11	6.06741573033708	20.6292134831461	-4.93258426966292	9.62921348314607
36868	11	4.24719101123596	16.3820224719101	-6.75280898876404	5.38202247191011
36869	18	5.15730337078652	15.4719101123596	-12.8426966292135	-2.52808988764045
36870	18	4.85393258426966	12.438202247191	-13.1460674157303	-5.56179775280899
36871	18	7.8876404494382	24.2696629213483	-10.1123595505618	6.26966292134832
36872	18	4.24719101123596	19.4157303370787	-13.752808988764	1.41573033707865
36873	18	5.76404494382022	20.6292134831461	-12.2359550561798	2.62921348314607
36874	18	6.37078651685393	23.6629213483146	-11.6292134831461	5.66292134831461
36875	18	6.06741573033708	12.7415730337079	-11.9325842696629	-5.25842696629213
36876	16	7.28089887640449	21.5393258426966	-8.71910112359551	5.53932584269663
36877	16	6.06741573033708	18.2022471910112	-9.93258426966292	2.20224719101124
36878	16	6.37078651685393	25.1797752808989	-9.62921348314607	9.17977528089888
36879	16	6.37078651685393	24.5730337078652	-9.62921348314607	8.57303370786517
36880	16	6.97752808988764	20.6292134831461	-9.02247191011236	4.62921348314607
36881	81	21.5393258426966	90.4044943820225	-59.4606741573034	9.40449438202248
36882	45	70.0786516853933	148.955056179775	25.0786516853933	103.955056179775
36884	58	22.1460674157303	65.8314606741573	-35.8539325842697	7.83146067415731
36885	58	22.1460674157303	92.8314606741573	-35.8539325842697	34.8314606741573
36886	58	41.8651685393258	156.539325842697	-16.1348314606742	98.5393258426966
36887	58	24.2696629213483	90.4044943820225	-33.7303370786517	32.4044943820225
36889	58	19.1123595505618	63.7078651685393	-38.8876404494382	5.70786516853933
36900	29	19.4157303370787	74.6292134831461	-9.58426966292135	45.6292134831461
36902	39	33.6741573033708	106.786516853933	-5.32584269662921	67.7865168539326
36903	39	26.6966292134831	103.449438202247	-12.3033707865169	64.4494382022472
36904	39	23.9662921348315	98.5955056179775	-15.0337078651685	59.5955056179775
36905	39	26.6966292134831	104.359550561798	-12.3033707865169	65.3595505617978
36917	28	22.4494382022472	85.5505617977528	-5.55056179775281	57.5505617977528
36918	28	18.2022471910112	55.8202247191011	-9.79775280898876	27.8202247191011
36920	28	3.64044943820225	155.932584269663	-24.3595505617978	127.932584269663
36921	28	1.51685393258427	133.483146067416	-26.4831460674157	105.483146067416
36922	28	12.7415730337079	132.876404494382	-15.2584269662921	104.876404494382
36924	28	3.64044943820225	157.14606741573	-24.3595505617978	129.14606741573
36925	28	10.6179775280899	24.5730337078652	-17.3820224719101	-3.42696629213483
36928	28	32.7640449438202	47.6292134831461	4.76404494382022	19.6292134831461
36929	28	30.0337078651685	45.2022471910112	2.03370786516854	17.2022471910112
36931	18	19.7191011235955	47.3258426966292	1.71910112359551	29.3258426966292
36932	18	17.8988764044944	43.3820224719101	-0.101123595505616	25.3820224719101
36933	21	18.6111382510992	37.952125061065	-2.38886174890083	16.952125061065
36934	21	5.83878847093307	27.7342452369321	-15.1612115290669	6.7342452369321
36935	21	9.85295554469956	37.5872007816317	-11.1470444553004	16.5872007816317
36936	21	8.75818270639961	27.3693209574988	-12.2418172936004	6.36932095749878
36937	20	12.0425012212995	38.3170493404983	-7.95749877870054	18.3170493404983
36938	26	7.29848558866634	33.5730337078652	-18.7015144113337	7.57303370786517
36939	26	16.4215925744993	36.4924279433317	-9.57840742550073	10.4924279433317
36940	25	4.3790913531998	31.018563751832	-20.6209086468002	6.01856375183195
36941	29	1.45969711773327	52.1841719589643	-27.5403028822667	23.1841719589643
36942	29	3.64924279433317	42.6961406936981	-25.3507572056668	13.6961406936981
36943	28	25.942843185149	81.9247679531021	-2.057156814851	53.9247679531021
36944	52	20.6399609184172	58.7445041524182	-31.3600390815828	6.74450415241817
36946	52	21.5925744992672	60.3321934538349	-30.4074255007328	8.33219345383488
36947	52	20.6399609184172	55.5691255495848	-31.3600390815828	3.56912554958475
36948	52	20.3224230581339	53.028822667318	-31.6775769418661	1.02882266731802
36949	24	7.26917440156326	25.1392281387396	-16.7308255984367	1.13922813873962
36950	26	6.20127015144113	25.0869565217391	-19.7987298485589	-0.913043478260867
36951	26	6.48314606741573	25.0869565217391	-19.5168539325843	-0.913043478260867
36952	26	10.2979970688813	26.047874938935	-15.7020029311187	0.0478749389350277
36953	26	8.17782120175867	24.8363458720078	-17.8221787982413	-1.16365412799219
36954	26	8.78358573522228	24.2305813385442	-17.2164142647777	-1.76941866145579
36955	26	26.9565217391304	80.5666829506595	0.956521739130434	54.5666829506595
36956	26	18.47581827064	44.523693209575	-7.52418172936004	18.523693209575
36957	26	20.2931118710308	46.9467513434294	-5.70688812896922	20.9467513434294
36958	26	8.17782120175867	23.6248168050806	-17.8221787982413	-2.37518319491939
36959	26	14.5383488031265	30.2882266731803	-11.4616511968735	4.28822667318026
36960	26	11.5095261358085	27.562286272594	-14.4904738641915	1.56228627259404
36961	26	16.6585246702491	40.8891060087934	-9.34147532975086	14.8891060087934
36962	26	16.6585246702491	38.7689301416707	-9.34147532975086	12.7689301416707
36963	26	16.3556424035173	40.8891060087934	-9.64435759648266	14.8891060087934
36964	26	20.8988764044944	59.0620420127015	-5.10112359550562	33.0620420127015
36965	26	20.5959941377626	43.9179286761114	-5.40400586223742	17.9179286761114
36966	26	16.6585246702491	47.552515876893	-9.34147532975086	21.552515876893
36967	26	9.38935026868588	26.6536394723986	-16.6106497313141	0.653639472398631
36968	26	21.2017586712262	46.6438690766976	-4.79824132877382	20.6438690766976
36969	26	19.0815828041036	39.0718124084025	-6.91841719589643	13.0718124084025
36970	26	10.6008793356131	26.3507572056668	-15.3991206643869	0.350757205666827
36971	26	8.17782120175867	25.1392281387396	-17.8221787982413	-0.860771861260382
36972	26	9.08646800195408	26.3507572056668	-16.9135319980459	0.350757205666827
36973	26	11.2066438690767	25.1392281387396	-14.7933561309233	-0.860771861260382
36974	26	14.5383488031265	39.6775769418661	-11.4616511968735	13.6775769418661
36975	26	10.1475329750855	28.4694675134343	-15.8524670249145	2.4694675134343
36976	26	12.1206643869077	27.6238397655105	-13.8793356130923	1.62383976551051
36977	26	7.04689789936493	24.5232046897899	-18.9531021006351	-1.47679531021006
36978	26	9.08646800195408	24.2305813385442	-16.9135319980459	-1.76941866145579
36979	26	9.38935026868588	23.6248168050806	-16.6106497313141	-2.37518319491939
36980	26	7.57205666829507	24.2305813385442	-18.4279433317049	-1.76941866145579
36981	26	8.17782120175867	25.7449926722032	-17.8221787982413	-0.255007327796775
36982	26	10.6008793356131	24.8363458720078	-15.3991206643869	-1.16365412799219
36983	26	9.38935026868588	25.1392281387396	-16.6106497313141	-0.860771861260382
36984	26	9.38935026868588	25.4421104054714	-16.6106497313141	-0.557889594528579
36985	26	8.17440156326331	23.3957010258916	-17.8255984367367	-2.60429897410845
36986	26	10.4294088910601	25.9325842696629	-15.5705911089399	-0.0674157303370784
36987	26	9.08646800195408	28.4709330727894	-16.9135319980459	2.47093307278945
36988	26	6.36052760136786	25.1392281387396	-19.6394723986321	-0.860771861260382
36989	26	21.2017586712262	48.1582804103566	-4.79824132877382	22.1582804103566
36990	26	8.17782120175867	25.4421104054714	-17.8221787982413	-0.557889594528579
36991	26	10.6008793356131	25.7449926722032	-15.3991206643869	-0.255007327796775
36992	26	12.7210552027357	28.7738153395212	-13.2789447972643	2.77381533952125
36993	26	16.0527601367855	38.1631656082071	-9.94723986321446	12.1631656082071
36994	26	9.38935026868588	25.1392281387396	-16.6106497313141	-0.860771861260382
36995	26	9.69223253541768	24.533463605276	-16.3077674645823	-1.46653639472399
36996	26	7.26917440156326	27.562286272594	-18.7308255984367	1.56228627259404
36997	26	8.48070346849047	24.533463605276	-17.5192965315095	-1.46653639472399
36998	26	7.87493893502687	24.8363458720078	-18.1250610649731	-1.16365412799219
36999	28	11.2066438690767	27.562286272594	-16.7933561309233	-0.43771372740596
37000	28	12.1152906692721	25.4421104054714	-15.8847093307279	-2.55788959452858
37001	28	18.47581827064	42.7063996091842	-9.52418172936004	14.7063996091842
37002	72	51.5730337078652	112.550561797753	-20.4269662921348	40.5505617977528
37008	5	3.64044943820225	15.1685393258427	-1.35955056179775	10.1685393258427
37011	5	3.9438202247191	24.5730337078652	-1.0561797752809	19.5730337078652
37013	5	7.58426966292135	22.752808988764	2.58426966292135	17.752808988764
37014	5	1.51685393258427	22.1460674157303	-3.48314606741573	17.1460674157303
37017	5	6.06741573033708	18.5056179775281	1.06741573033708	13.5056179775281
37020	5	2.42696629213483	21.5393258426966	-2.57303370786517	16.5393258426966
37021	4	2.42696629213483	17.8988764044944	-1.57303370786517	13.8988764044944
37025	5	3.33707865168539	23.0561797752809	-1.66292134831461	18.0561797752809
37026	76	31.247191011236	91.9213483146067	-44.752808988764	15.9213483146067
37028	40	30.3370786516854	98.8988764044944	-9.6629213483146	58.8988764044944
37029	10	2.42696629213483	10.314606741573	-7.57303370786517	0.314606741573034
37030	10	4.55056179775281	20.9325842696629	-5.44943820224719	10.9325842696629
37031	10	3.03370786516854	14.561797752809	-6.96629213483146	4.56179775280899
37032	10	1.21348314606742	10.6179775280899	-8.78651685393258	0.617977528089888
37035	10	3.03370786516854	12.1348314606742	-6.96629213483146	2.13483146067416
37036	10	2.42696629213483	14.561797752809	-7.57303370786517	4.56179775280899
37037	10	1.82022471910112	10.0112359550562	-8.17977528089888	0.0112359550561809
37038	10	2.73033707865169	9.70786516853933	-7.26966292134831	-0.292134831460674
37039	10	4.85393258426966	19.7191011235955	-5.14606741573034	9.71910112359551
37041	10	3.64044943820225	25.7865168539326	-6.35955056179775	15.7865168539326
37042	10	3.64044943820225	10.6179775280899	-6.35955056179775	0.617977528089888
37043	10	8.19101123595506	25.7865168539326	-1.80898876404494	15.7865168539326
37044	10	2.73033707865169	8.79775280898876	-7.26966292134831	-1.20224719101124
37045	10	1.51685393258427	9.70786516853933	-8.48314606741573	-0.292134831460674
37046	10	2.73033707865169	10.314606741573	-7.26966292134831	0.314606741573034
37047	10	3.33707865168539	12.1348314606742	-6.66292134831461	2.13483146067416
37048	10	2.42696629213483	12.438202247191	-7.57303370786517	2.43820224719101
37049	10	3.03370786516854	20.0224719101124	-6.96629213483146	10.0224719101124
37050	20	18.9760625305325	31.7484123106986	-1.02393746946751	11.7484123106986
37051	33	16.3820224719101	29.7303370786517	-16.6179775280899	-3.26966292134831
37052	33	17.8988764044944	28.2134831460674	-15.1011235955056	-4.78651685393258
37053	33	19.7191011235955	52.7865168539326	-13.2808988764045	19.7865168539326
37054	38	20.6292134831461	47.0224719101124	-17.3707865168539	9.02247191011237
37055	33	16.685393258427	29.4269662921348	-16.314606741573	-3.57303370786517
37056	33	18.2022471910112	42.1685393258427	-14.7977528089888	9.1685393258427
37057	33	17.2921348314607	33.0674157303371	-15.7078651685393	0.0674157303370819
37058	33	14.8651685393258	32.1573033707865	-18.1348314606742	-0.842696629213478
37059	33	22.752808988764	47.9325842696629	-10.247191011236	14.9325842696629
37060	33	33.3707865168539	54.3033707865169	0.370786516853933	21.3033707865169
37061	33	18.2022471910112	38.5280898876405	-14.7977528089888	5.52808988764045
37062	33	15.1685393258427	27.6067415730337	-17.8314606741573	-5.39325842696629
37063	38	16.9887640449438	44.8988764044944	-21.0112359550562	6.89887640449439
37064	38	17.8988764044944	34.5842696629214	-20.1011235955056	-3.41573033707865
37065	38	20.6292134831461	42.4719101123596	-17.3707865168539	4.47191011235955
37066	38	25.4831460674157	54.6067415730337	-12.5168539325843	16.6067415730337
37067	38	23.9662921348315	54.9101123595506	-14.0337078651685	16.9101123595506
37068	21	14.2584269662921	24.5730337078652	-6.74157303370786	3.57303370786517
37069	30	16.056668295066	29.5588666340987	-13.943331704934	-0.441133365901319
37070	30	16.4215925744993	26.6394723986321	-13.5784074255007	-3.36052760136785
37071	30	18.9760625305325	31.3834880312653	-11.0239374694675	1.38348803126527
37072	30	16.7865168539326	31.3834880312653	-13.2134831460674	1.38348803126527
37073	30	17.1514411333659	30.6536394723986	-12.8485588666341	0.653639472398634
37074	30	15.6917440156326	41.9662921348315	-14.3082559843674	11.9662921348315
37075	30	18.6111382510992	38.6819736199316	-11.3888617489008	8.68197361993161
37076	30	15.6917440156326	27.7342452369321	-14.3082559843674	-2.2657547630679
37077	30	16.056668295066	24.4499267220322	-13.943331704934	-5.55007327796775
37078	30	18.2462139716659	29.5588666340987	-11.7537860283341	-0.441133365901319
37079	30	16.056668295066	29.5588666340987	-13.943331704934	-0.441133365901319
37080	30	20.0708353688324	35.7625793844651	-9.92916463116756	5.76257938446507
37081	33	21.5305324865657	36.4924279433317	-11.4694675134343	3.49242794333171
37082	33	15.3268197361993	29.1939423546654	-17.6731802638007	-3.80605764533463
37083	33	13.5021983390327	29.5588666340987	-19.4978016609673	-3.44113336590132
37084	29	14.961895456766	31.018563751832	-14.038104543234	2.01856375183195
37085	29	16.4215925744993	29.1939423546654	-12.5784074255007	0.193942354665367
37086	29	14.2320468978994	27.7342452369321	-14.7679531021006	-1.2657547630679
37087	29	14.961895456766	26.6394723986321	-14.038104543234	-2.36052760136785
37088	29	12.0425012212995	27.0043966780655	-16.9574987787005	-1.99560332193454
37089	43	14.5969711773327	25.9096238397655	-28.4030288226673	-17.0903761602345
37090	43	15.6917440156326	37.952125061065	-27.3082559843674	-5.04787493893502
37091	43	20.4357596482658	35.3976551050318	-22.5642403517342	-7.60234489496825
37092	43	17.8812896922325	27.0043966780655	-25.1187103077675	-15.9956033219345
37093	80	34.2808988764045	93.438202247191	-45.7191011235955	13.438202247191
37094	58	24.876404494382	93.7415730337079	-33.123595505618	35.7415730337079
37095	11	6.97752808988764	23.3595505617978	-4.02247191011236	12.3595505617978
37096	11	6.97752808988764	26.0898876404494	-4.02247191011236	15.0898876404494
37097	11	6.97752808988764	19.1123595505618	-4.02247191011236	8.1123595505618
37098	3	1.86028334147533	4.78358573522228	-1.13971665852467	1.78358573522228
37099	3	2.12603810454323	5.58085002442599	-0.873961895456766	2.58085002442599
37100	3	1.86028334147533	5.58085002442599	-1.13971665852467	2.58085002442599
37101	3	1.59452857840743	4.78358573522228	-1.40547142159257	1.78358573522228
37102	3	1.59452857840743	4.25207620908647	-1.40547142159257	1.25207620908647
37103	3	1.59452857840743	4.51783097215437	-1.40547142159257	1.51783097215437
37104	3	1.59452857840743	4.51783097215437	-1.40547142159257	1.51783097215437
37105	3	1.59452857840743	4.51783097215437	-1.40547142159257	1.51783097215437
37106	3	1.32877381533952	3.98632144601856	-1.67122618466048	0.986321446018564
37107	3	1.59452857840743	4.25207620908647	-1.40547142159257	1.25207620908647
37109	6	3.33707865168539	20.0224719101124	-2.66292134831461	14.0224719101124
37110	5	2.73033707865169	17.2921348314607	-2.26966292134831	12.2921348314607
37111	5	2.42696629213483	13.3483146067416	-2.57303370786517	8.34831460674157
37112	5	2.12359550561798	16.3820224719101	-2.87640449438202	11.3820224719101
37113	6	2.12359550561798	13.9550561797753	-3.87640449438202	7.95505617977528
37114	6	2.42696629213483	13.9550561797753	-3.57303370786517	7.95505617977528
37115	5	1.82022471910112	13.9550561797753	-3.17977528089888	8.95505617977528
37116	5	2.12359550561798	10.9213483146067	-2.87640449438202	5.92134831460674
37117	8	3.9438202247191	19.1123595505618	-4.0561797752809	11.1123595505618
37118	8	1.21348314606742	13.6516853932584	-6.78651685393258	5.65168539325843
37119	8	3.9438202247191	14.2584269662921	-4.0561797752809	6.25842696629214
37120	6	1.51685393258427	13.0449438202247	-4.48314606741573	7.04494382022472
37121	8	2.73033707865169	19.4157303370787	-5.26966292134831	11.4157303370787
37122	8	1.21348314606742	13.6516853932584	-6.78651685393258	5.65168539325843
37123	8	3.9438202247191	14.2584269662921	-4.0561797752809	6.25842696629214
37124	8	1.21348314606742	13.3483146067416	-6.78651685393258	5.34831460674157
37125	8	3.33707865168539	14.2584269662921	-4.66292134831461	6.25842696629214
37126	6	1.51685393258427	13.6516853932584	-4.48314606741573	7.65168539325843
37127	8	4.24719101123596	14.2584269662921	-3.75280898876404	6.25842696629214
37128	8	2.12359550561798	13.9550561797753	-5.87640449438202	5.95505617977528
37129	6	1.21348314606742	13.6516853932584	-4.78651685393258	7.65168539325843
37130	6	1.51685393258427	13.6516853932584	-4.48314606741573	7.65168539325843
37131	6	1.51685393258427	13.6516853932584	-4.48314606741573	7.65168539325843
37132	6	1.51685393258427	13.3483146067416	-4.48314606741573	7.34831460674157
37133	6	2.12359550561798	13.6516853932584	-3.87640449438202	7.65168539325843
37134	6	3.33707865168539	17.8988764044944	-2.66292134831461	11.8988764044944
37135	6	5.46067415730337	22.1460674157303	-0.539325842696629	16.1460674157303
37136	8	4.55056179775281	20.0224719101124	-3.44943820224719	12.0224719101124
37137	8	0.606741573033708	13.3483146067416	-7.39325842696629	5.34831460674157
37138	8	4.85393258426966	20.6292134831461	-3.14606741573034	12.6292134831461
37139	6	2.12359550561798	13.3483146067416	-3.87640449438202	7.34831460674157
37140	5	1.82022471910112	11.2247191011236	-3.17977528089888	6.2247191011236
37141	8	3.03370786516854	14.2584269662921	-4.96629213483146	6.25842696629214
37142	5	6.37078651685393	26.3932584269663	1.37078651685393	21.3932584269663
37143	6	3.33707865168539	16.3820224719101	-2.66292134831461	10.3820224719101
37144	6	1.82022471910112	13.9550561797753	-4.17977528089888	7.95505617977528
37145	6	1.21348314606742	13.6516853932584	-4.78651685393258	7.65168539325843
37146	6	1.51685393258427	13.6516853932584	-4.48314606741573	7.65168539325843
37147	6	1.82022471910112	13.9550561797753	-4.17977528089888	7.95505617977528
37148	6	3.33707865168539	14.2584269662921	-2.66292134831461	8.25842696629214
37149	6	1.82022471910112	13.3483146067416	-4.17977528089888	7.34831460674157
37150	6	5.15730337078652	21.2359550561798	-0.842696629213483	15.2359550561798
37151	11	2.18466047874939	15.8387884709331	-8.81533952125061	4.83878847093307
37152	11	4.91548607718613	18.8426966292135	-6.08451392281387	7.84269662921348
37153	11	4.0962383976551	14.7464582315584	-6.9037616023449	3.74645823155838
37154	11	3.00390815828041	17.7503663898388	-7.99609184171959	6.75036638983879
37155	11	2.18466047874939	11.4694675134343	-8.81533952125061	0.469467513434296
37156	11	1.09233023937469	5.73473375671715	-9.90766976062531	-5.26526624328285
37157	11	1.36541279921837	15.2926233512457	-9.63458720078163	4.29262335124573
37158	11	1.91157791890572	16.9311187103078	-9.08842208109428	5.93111871030777
37159	11	2.45774303859306	16.1118710307767	-8.54225696140694	5.11187103077675
37160	8	4.0962383976551	20.2081094284319	-3.9037616023449	12.2081094284319
37161	8	3.82315583781143	22.3927699071812	-4.17684416218857	14.3927699071812
37162	8	4.0962383976551	24.0312652662433	-3.9037616023449	16.0312652662433
37163	8	4.36932095749878	22.1196873473376	-3.63067904250122	14.1196873473376
37164	8	1.91157791890572	13.1079628724963	-6.08842208109428	5.10796287249634
37165	8	1.63849535906204	13.6541279921837	-6.36150464093796	5.65412799218369
37166	8	3.00390815828041	19.1157791890572	-4.99609184171959	11.1157791890572
37167	8	2.18466047874939	19.3888617489008	-5.81533952125061	11.3888617489008
37168	8	3.00390815828041	19.3888617489008	-4.99609184171959	11.3888617489008
37169	8	3.27699071812408	16.1118710307767	-4.72300928187592	8.11187103077675
37170	8	2.45774303859306	14.7464582315584	-5.54225696140694	6.74645823155838
37171	8	1.91157791890572	16.3849535906204	-6.08842208109428	8.38495359062042
37172	8	2.45774303859306	11.742550073278	-5.54225696140694	3.74255007327797
37173	8	3.27699071812408	22.1196873473376	-4.72300928187592	14.1196873473376
37174	8	3.00390815828041	18.0234489496825	-4.99609184171959	10.0234489496825
37175	8	3.00390815828041	18.2965315095261	-4.99609184171959	10.2965315095261
37176	8	3.27699071812408	18.2965315095261	-4.72300928187592	10.2965315095261
37177	8	1.36541279921837	13.38104543234	-6.63458720078163	5.38104543234001
37178	8	1.63849535906204	13.38104543234	-6.36150464093796	5.38104543234001
37179	8	3.00390815828041	17.7503663898388	-4.99609184171959	9.75036638983879
37180	8	2.73082559843674	19.6619443087445	-5.26917440156326	11.6619443087445
37181	8	4.91548607718613	19.6619443087445	-3.08451392281387	11.6619443087445
37182	8	3.82315583781143	18.5696140693698	-4.17684416218857	10.5696140693698
37183	8	3.27699071812408	15.5657059110894	-4.72300928187592	7.5657059110894
37184	8	3.27699071812408	16.9311187103078	-4.72300928187592	8.93111871030777
37186	50	4.85393258426966	92.2247191011236	-45.1460674157303	42.2247191011236
37187	24	4.85393258426966	29.7303370786517	-19.1460674157303	5.73033707865169
37188	24	12.1348314606742	23.3595505617978	-11.8651685393258	-0.640449438202246
37189	48	46.7191011235955	103.14606741573	-1.28089887640449	55.1460674157303
37190	48	20.6292134831461	97.685393258427	-27.3707865168539	49.685393258427
37191	48	49.4494382022472	108.303370786517	1.44943820224719	60.3033707865169
37192	48	64.0112359550562	95.561797752809	16.0112359550562	47.561797752809
37193	48	15.7752808988764	86.4606741573034	-32.2247191011236	38.4606741573034
37194	80	28.2134831460674	90.1011235955056	-51.7865168539326	10.1011235955056
37195	80	23.3595505617978	75.8426966292135	-56.6404494382022	-4.15730337078651
37196	37	48.8426966292135	107.393258426966	11.8426966292135	70.3932584269663
37197	37	36.7078651685393	97.3820224719101	-0.292134831460672	60.3820224719101
37198	37	56.4269662921348	100.415730337079	19.4269662921348	63.4157303370787
37199	37	53.6966292134831	100.719101123596	16.6966292134831	63.7191011235955
37200	37	55.2134831460674	112.85393258427	18.2134831460674	75.8539325842697
37201	37	44.2921348314607	106.786516853933	7.29213483146068	69.7865168539326
37202	37	35.4943820224719	92.2247191011236	-1.50561797752809	55.2247191011236
37203	37	18.8089887640449	90.7078651685393	-18.1910112359551	53.7078651685393
37204	100	13.0449438202247	102.539325842697	-86.9550561797753	2.53932584269664
37205	37	30.3370786516854	95.2584269662921	-6.6629213483146	58.2584269662921
37206	37	41.2584269662921	102.539325842697	4.25842696629213	65.5393258426966
37207	37	45.8089887640449	102.23595505618	8.80898876404495	65.2359550561798
37208	80	70.9887640449438	99.2022471910112	-9.01123595505618	19.2022471910112
37209	52	29.7303370786517	84.0337078651686	-22.2696629213483	32.0337078651686
37210	52	26.3932584269663	61.2808988764045	-25.6067415730337	9.2808988764045
37211	52	27.3033707865169	54.9101123595506	-24.6966292134831	2.91011235955057
37212	49	27.9101123595506	57.0337078651685	-21.0898876404494	8.03370786516854
37213	52	38.2247191011236	96.4719101123596	-13.7752808988764	44.4719101123596
37214	36	22.1460674157303	80.3932584269663	-13.8539325842697	44.3932584269663
37215	19	8.49438202247191	19.4157303370787	-10.5056179775281	0.415730337078653
37216	19	9.40449438202247	20.3258426966292	-9.59550561797753	1.32584269662922
37217	19	19.1123595505618	37.314606741573	0.112359550561798	18.314606741573
37218	19	18.8089887640449	35.7977528089888	-0.191011235955056	16.7977528089888
37219	19	20.9325842696629	36.4044943820225	1.93258426966292	17.4044943820225
37220	19	17.5955056179775	36.4044943820225	-1.40449438202247	17.4044943820225
37221	19	15.7752808988764	26.3932584269663	-3.2247191011236	7.39325842696629
37222	20	19.7191011235955	36.4044943820225	-0.280898876404493	16.4044943820225
37223	20	18.2022471910112	35.1910112359551	-1.79775280898876	15.1910112359551
37224	86	78.2696629213483	132.876404494382	-7.73033707865169	46.876404494382
37225	82	65.5280898876404	190.516853932584	-16.4719101123596	108.516853932584
37226	64	23.6629213483146	97.0786516853933	-40.3370786516854	33.0786516853933
37227	64	15.4719101123596	85.8539325842697	-48.5280898876404	21.8539325842697
37228	64	18.8089887640449	117.707865168539	-45.1910112359551	53.7078651685393
37229	64	25.7865168539326	93.438202247191	-38.2134831460674	29.438202247191
37230	64	31.247191011236	96.1685393258427	-32.752808988764	32.1685393258427
37231	6	0.606741573033708	29.4269662921348	-5.39325842696629	23.4269662921348
37232	22	4.55056179775281	34.8876404494382	-17.4494382022472	12.8876404494382
37233	39	57.9438202247191	138.337078651685	18.9438202247191	99.3370786516854
37234	66	22.3927699071812	82.7440156326331	-43.6072300928188	16.7440156326331
37235	92	13.6516853932584	112.550561797753	-78.3483146067416	20.5505617977528
37236	87	52.4831460674157	122.561797752809	-34.5168539325843	35.561797752809
37237	87	61.5842696629214	113.460674157303	-25.4157303370786	26.4606741573034
37238	23	7.58426966292135	26.3932584269663	-15.4157303370787	3.39325842696629
37240	23	21.2359550561798	34.5842696629214	-1.76404494382022	11.5842696629214
37241	23	19.4157303370787	28.5168539325843	-3.58426966292135	5.51685393258427
37246	38	22.4494382022472	46.7191011235955	-15.5505617977528	8.71910112359551
37247	38	19.4157303370787	44.8988764044944	-18.5842696629213	6.89887640449439
37248	38	17.5955056179775	76.752808988764	-20.4044943820225	38.752808988764
37249	16	18.8089887640449	29.4269662921348	2.80898876404494	13.4269662921348
37250	27	21.5393258426966	40.3483146067416	-5.46067415730337	13.3483146067416
37251	16	19.4157303370787	35.1910112359551	3.41573033707865	19.1910112359551
37252	16	21.8426966292135	36.1011235955056	5.84269662921348	20.1011235955056
37253	16	15.1685393258427	30.6404494382022	-0.831460674157302	14.6404494382022
37254	16	20.0224719101124	31.5505617977528	4.02247191011236	15.5505617977528
37255	16	17.8988764044944	34.5842696629214	1.89887640449438	18.5842696629214
37256	16	17.8988764044944	33.3707865168539	1.89887640449438	17.3707865168539
37257	16	14.8651685393258	31.247191011236	-1.13483146067416	15.247191011236
37258	15	18.8089887640449	36.1011235955056	3.80898876404494	21.1011235955056
37259	16	13.9550561797753	37.9213483146067	-2.04494382022472	21.9213483146067
37260	16	9.70786516853933	35.4943820224719	-6.29213483146067	19.4943820224719
37261	16	11.5280898876404	29.123595505618	-4.47191011235955	13.123595505618
37262	16	20.0224719101124	35.4943820224719	4.02247191011236	19.4943820224719
37263	16	8.19101123595506	40.9550561797753	-7.80898876404494	24.9550561797753
37264	16	8.19101123595506	33.0674157303371	-7.80898876404494	17.0674157303371
37265	16	10.9213483146067	44.5955056179775	-5.07865168539326	28.5955056179775
37266	16	13.9550561797753	26.6966292134831	-2.04494382022472	10.6966292134831
37267	16	15.1685393258427	47.0224719101124	-0.831460674157302	31.0224719101124
37268	16	12.438202247191	29.4269662921348	-3.56179775280899	13.4269662921348
37269	16	13.6516853932584	36.1011235955056	-2.34831460674157	20.1011235955056
37270	16	17.2921348314607	32.7640449438202	1.29213483146068	16.7640449438202
37271	16	10.0112359550562	28.8202247191011	-5.98876404494382	12.8202247191011
37272	16	12.1348314606742	31.5505617977528	-3.86516853932584	15.5505617977528
37273	16	20.6292134831461	49.4494382022472	4.62921348314607	33.4494382022472
37274	16	12.1348314606742	31.247191011236	-3.86516853932584	15.247191011236
37275	16	14.8651685393258	28.5168539325843	-1.13483146067416	12.5168539325843
37276	16	14.8651685393258	33.9775280898876	-1.13483146067416	17.9775280898876
37277	16	9.70786516853933	28.8202247191011	-6.29213483146067	12.8202247191011
37278	16	8.79775280898876	27.9101123595506	-7.20224719101124	11.9101123595506
37279	16	14.8651685393258	39.438202247191	-1.13483146067416	23.438202247191
37280	16	20.6292134831461	35.4943820224719	4.62921348314607	19.4943820224719
37281	16	10.6179775280899	36.7078651685393	-5.38202247191011	20.7078651685393
37282	16	9.70786516853933	39.438202247191	-6.29213483146067	23.438202247191
37283	16	16.685393258427	29.4269662921348	0.685393258426966	13.4269662921348
37284	16	17.2921348314607	29.4269662921348	1.29213483146068	13.4269662921348
37285	16	16.9887640449438	29.7303370786517	0.988764044943821	13.7303370786517
37286	16	7.8876404494382	27.6067415730337	-8.1123595505618	11.6067415730337
37287	16	11.2247191011236	27.6067415730337	-4.7752808988764	11.6067415730337
37288	36	15.1685393258427	33.0674157303371	-20.8314606741573	-2.93258426966292
37289	36	22.1460674157303	47.9325842696629	-13.8539325842697	11.9325842696629
37290	36	21.8426966292135	48.2359550561798	-14.1573033707865	12.2359550561798
37291	36	20.9325842696629	43.0786516853933	-15.0674157303371	7.07865168539326
37292	29	18.2022471910112	30.9438202247191	-10.7977528089888	1.9438202247191
37293	42	19.4157303370787	35.7977528089888	-22.5842696629213	-6.20224719101123
37294	42	15.7752808988764	32.4606741573034	-26.2247191011236	-9.53932584269663
37295	42	16.0786516853933	32.4606741573034	-25.9213483146067	-9.53932584269663
37296	42	21.8426966292135	42.7752808988764	-20.1573033707865	0.77528089887641
37297	42	17.5955056179775	34.2808988764045	-24.4044943820225	-7.7191011235955
37298	42	18.8089887640449	32.7640449438202	-23.1910112359551	-9.23595505617978
37299	42	22.4494382022472	43.685393258427	-19.5505617977528	1.68539325842697
37300	38	21.2359550561798	36.7078651685393	-16.7640449438202	-1.29213483146067
37301	38	17.2921348314607	37.9213483146067	-20.7078651685393	-0.078651685393254
37302	36	18.2022471910112	50.6629213483146	-17.7977528089888	14.6629213483146
37304	12	7.58426966292135	21.5393258426966	-4.41573033707865	9.53932584269663
37305	12	7.28089887640449	22.4494382022472	-4.71910112359551	10.4494382022472
37306	12	9.10112359550562	24.2696629213483	-2.89887640449438	12.2696629213483
37307	9	7.58426966292135	21.2359550561798	-1.41573033707865	12.2359550561798
37308	9	9.40449438202247	31.247191011236	0.404494382022472	22.247191011236
37309	9	7.58426966292135	17.5955056179775	-1.41573033707865	8.59550561797753
37310	47	27.6067415730337	90.4044943820225	-19.3932584269663	43.4044943820225
37311	30	10.314606741573	32.4606741573034	-19.685393258427	2.46067415730337
37312	30	21.8426966292135	44.8988764044944	-8.15730337078652	14.8988764044944
37313	59	31.8539325842697	75.5393258426966	-27.1460674157303	16.5393258426966
37314	21	30.0337078651685	67.6516853932584	9.03370786516854	46.6516853932584
37315	21	17.5955056179775	42.1685393258427	-3.40449438202247	21.1685393258427
37316	48	20.6292134831461	72.808988764045	-27.3707865168539	24.808988764045
37317	32	20.0224719101124	42.7752808988764	-11.9775280898876	10.7752808988764
37318	34	29.7303370786517	44.2921348314607	-4.26966292134831	10.2921348314607
37319	34	19.7191011235955	35.7977528089888	-14.2808988764045	1.79775280898877
37320	34	29.123595505618	45.8089887640449	-4.87640449438202	11.8089887640449
37321	34	17.8988764044944	33.0674157303371	-16.1011235955056	-0.932584269662918
37322	34	19.7191011235955	34.2808988764045	-14.2808988764045	0.2808988764045
37323	34	21.8426966292135	39.7415730337079	-12.1573033707865	5.74157303370787
37324	34	18.8089887640449	40.6516853932584	-15.1910112359551	6.65168539325843
37325	34	23.6629213483146	43.9887640449438	-10.3370786516854	9.98876404494382
37326	32	25.1797752808989	45.2022471910112	-6.82022471910112	13.2022471910112
37327	30	10.6179775280899	40.9550561797753	-19.3820224719101	10.9550561797753
37328	30	2.73033707865169	322.483146067416	-27.2696629213483	292.483146067416
37330	30	15.7752808988764	37.6179775280899	-14.2247191011236	7.61797752808989
37331	30	2.42696629213483	31.247191011236	-27.5730337078652	1.24719101123596
37332	30	6.06741573033708	57.0337078651685	-23.9325842696629	27.0337078651685
37337	30	16.0786516853933	34.2808988764045	-13.9213483146067	4.2808988764045
37339	30	3.03370786516854	121.955056179775	-26.9662921348315	91.9550561797753
37340	30	1.21348314606742	69.4719101123596	-28.7865168539326	39.4719101123596
37342	30	23.0561797752809	77.9662921348315	-6.9438202247191	47.9662921348315
37343	30	18.5056179775281	36.4044943820225	-11.4943820224719	6.40449438202248
37344	27	16.3820224719101	69.4719101123596	-10.6179775280899	42.4719101123596
37347	27	19.4157303370787	39.1348314606742	-7.58426966292135	12.1348314606742
37348	32	21.2359550561798	49.1460674157303	-10.7640449438202	17.1460674157303
37349	32	21.8426966292135	48.2359550561798	-10.1573033707865	16.2359550561798
