36455	25	17.6697606253053	81.4084025403029	-7.33023937469468	56.4084025403029
36456	25	24.2320468978994	83.4875427454812	-0.767953102100634	58.4875427454812
36457	25	22.542745481192	78.6145578895945	-2.45725451880801	53.6145578895945
36458	25	17.5398143624817	76.9252564728872	-7.46018563751832	51.9252564728872
36459	25	16.0454323400098	70.8827552515877	-8.95456765999023	45.8827552515877
36460	25	67.829018075232	88.4255007327797	42.829018075232	63.4255007327797
36461	65	33.3282852955545	62.6961406936981	-31.6717147044455	-2.30385930630191
36463	66	28.7801660967269	85.4367366878359	-37.2198339032731	19.4367366878359
36465	66	28.4553004396678	63.8006839276991	-37.5446995603322	-2.19931607230093
36466	66	30.209574987787	63.6707376648754	-35.790425012213	-2.32926233512458
36467	66	35.0825598436737	84.5271128480703	-30.9174401563263	18.5271128480703
36468	64	32.6135808500244	84.0073277967758	-31.3864191499756	20.0073277967758
36469	64	37.0967269174402	90.114802149487	-26.9032730825598	26.114802149487
36470	64	26.4411333659013	76.8602833414753	-37.5588666340987	12.8602833414753
36471	64	26.1162677088422	81.0185637518319	-37.8837322911578	17.0185637518319
36472	64	28.7801660967269	83.0977039570103	-35.2198339032731	19.0977039570103
36473	64	12.4719101123596	48.467024914509	-51.5280898876404	-15.532975085491
36474	64	29.8847093307279	84.0723009281876	-34.1152906692721	20.0723009281876
36475	64	30.8593063019052	82.1231069858329	-33.1406936980948	18.1231069858329
36476	64	36.5119687347338	75.3009281875916	-27.4880312652662	11.3009281875916
36477	64	36.5119687347338	74.5212506106497	-27.4880312652662	10.5212506106497
36478	39	31.5090376160234	44.3737176355642	-7.49096238397655	5.37371763556424
36479	39	34.3678553981436	43.2042012701514	-4.63214460185637	4.20420127015144
36480	39	34.6277479237909	43.1392281387396	-4.37225207620909	4.13922813873962
36481	39	32.4836345872008	42.619443087445	-6.51636541279922	3.61944308744504
36482	39	32.6785539814363	43.009281875916	-6.32144601856375	4.00928187591597
36483	39	37.2266731802638	72.3771372740596	-1.7733268197362	33.3771372740596
36484	44	34.8876404494382	46.647777234978	-9.1123595505618	2.64777723497802
36485	44	34.0429897410845	45.9980459208598	-9.95701025891549	1.99804592085979
36486	44	31.2491450903762	47.1025891548608	-12.7508549096238	3.10258915486077
36487	41	32.7435271128481	43.5290669272106	-8.25647288715193	2.52906692721055
36488	26	14.9408891060088	70.2979970688813	-11.0591108939912	44.2979970688813
36493	20	26.5061064973131	81.9281875915975	6.50610649731314	61.9281875915975
36494	20	26.7010258915486	81.4733756717147	6.70102589154861	61.4733756717147
36496	20	37.6165119687347	89.6599902296043	17.6165119687347	69.6599902296043
36498	47	40.0205178309722	72.5070835368832	-6.97948216902785	25.5070835368832
36499	67	53.0151441133366	87.5158768930142	-13.9848558866634	20.5158768930142
36501	39	18.2545188080117	73.6116267708842	-20.7454811919883	34.6116267708842
36502	39	42.7493893502687	80.6936980947728	3.74938935026869	41.6936980947728
36503	28	24.9467513434294	36.5119687347338	-3.05324865657059	8.51196873473376
36504	28	24.9467513434294	36.7068881289692	-3.05324865657059	8.70688812896923
36505	28	24.8168050806058	36.057156814851	-3.18319491939424	8.057156814851
36506	28	25.1416707376649	36.2520762090865	-2.85832926233513	8.25207620908647
36507	28	21.3732291157792	78.0947728382999	-6.62677088422081	50.0947728382999
36508	28	25.2716170004885	36.9018075232047	-2.72838299951148	8.90180752320469
36509	28	24.6218856863703	35.9272105520274	-3.3781143136297	7.92721055202736
36510	28	25.2066438690767	36.5769418661456	-2.7933561309233	8.57694186614557
36511	28	25.1416707376649	36.5769418661456	-2.85832926233513	8.57694186614557
36512	28	25.2066438690767	36.5769418661456	-2.7933561309233	8.57694186614557
36513	28	25.0766976062531	36.3170493404983	-2.92330239374695	8.31704934049829
36514	28	24.9467513434294	36.5119687347338	-3.05324865657059	8.51196873473376
36515	28	24.9467513434294	37.161700048852	-3.05324865657059	9.16170004885198
36516	28	25.466536394724	37.2916463116756	-2.53346360527602	9.29164631167562
36517	28	16.5002442598925	80.4987787005374	-11.4997557401075	52.4987787005374
36518	28	25.4015632633122	37.0967269174402	-2.59843673668784	9.09672691744016
36519	28	25.2066438690767	37.4865657059111	-2.7933561309233	9.48656570591109
36520	28	25.0117244748412	36.5119687347338	-2.98827552515877	8.51196873473376
36521	30	22.9325842696629	84.5271128480703	-7.06741573033708	54.5271128480703
36522	30	24.8168050806058	80.1089399120664	-5.18319491939424	50.1089399120664
36523	30	25.2716170004885	78.2247191011236	-4.72838299951148	48.2247191011236
36524	30	25.5964826575476	78.0297997068881	-4.40351734245237	48.0297997068881
36525	30	24.361993160723	86.9960918417196	-5.63800683927699	56.9960918417196
36526	30	23.3224230581339	40.800195407914	-6.67757694186615	10.800195407914
36527	35	11.6272594040059	70.6228627259404	-23.3727405959941	35.6228627259404
36528	35	14.4211040547142	74.9760625305325	-20.5788959452858	39.9760625305325
36529	35	20.0087933561309	65.8148510014656	-14.9912066438691	30.8148510014656
36530	35	23.647288715193	36.6419149975574	-11.352711284807	1.6419149975574
36531	35	23.7122618466048	36.5119687347338	-11.2877381533952	1.51196873473376
36532	35	24.361993160723	38.980947728383	-10.638006839277	3.980947728383
36533	35	12.4069369809477	76.4704445530044	-22.5930630190523	41.4704445530044
36534	30	20.8534440644846	87.7757694186615	-9.14655593551539	57.7757694186615
36536	32	33.0034196384954	78.0947728382999	1.00341963849536	46.0947728382999
36537	32	33.5232046897899	45.6731802638007	1.52320468978994	13.6731802638007
36538	33	18.4494382022472	41.1900341963849	-14.5505617977528	8.19003419638495
36539	33	18.9692232535418	41.3849535906204	-14.0307767464582	8.38495359062042
36540	33	18.1895456765999	40.0205178309722	-14.8104543234001	7.02051783097215
36541	33	21.1783097215437	41.4499267220322	-11.8216902784563	8.44992672203224
36542	33	18.9692232535418	42.3595505617978	-14.0307767464582	9.35955056179775
36543	33	17.799706888129	55.2892037127504	-15.200293111871	22.2892037127504
36544	44	32.028822667318	76.600390815828	-11.971177332682	32.600390815828
36545	45	67.3742061553493	79.9789936492428	22.3742061553493	34.9789936492428
36546	45	57.6932095749878	81.2134831460674	12.6932095749878	36.2134831460674
36547	45	32.3536883243771	80.8886174890083	-12.6463116756229	35.8886174890083
36548	45	66.9843673668784	84.1372740595994	21.9843673668784	39.1372740595994
36549	45	67.5691255495848	80.7586712261847	22.5691255495848	35.7586712261847
36550	45	43.7889594528578	83.1626770884221	-1.21104054714216	38.1626770884221
36551	45	29.4298974108451	81.9931607230093	-15.5701025891549	36.9931607230093
36552	45	53.0801172447484	82.7728382999511	8.08011724474841	37.7728382999511
36553	45	67.829018075232	79.9789936492428	22.829018075232	34.9789936492428
36554	45	28.4553004396678	82.9027845627748	-16.5446995603322	37.9027845627748
36555	45	40.9301416707377	85.8915486077186	-4.06985832926234	40.8915486077186
36556	45	40.5403028822667	87.5158768930142	-4.45969711773327	42.5158768930142
36557	45	31.7689301416707	87.0610649731314	-13.2310698583293	42.0610649731314
36558	45	68.8036150464094	84.8519785051295	23.8036150464094	39.8519785051295
36559	45	39.7606253053249	83.0327308255984	-5.23937469467513	38.0327308255984
36560	44	64.9702002931119	78.5495847581827	20.9702002931119	34.5495847581827
36561	44	49.7664875427455	77.2501221299463	5.76648754274548	33.2501221299463
36562	44	63.6057645334636	79.2642892037127	19.6057645334636	35.2642892037127
36563	44	34.6277479237909	76.8602833414753	-9.37225207620909	32.8602833414753
36564	45	30.209574987787	84.5920859794822	-14.790425012213	39.5920859794822
36566	29	21.7630679042501	66.4645823155838	-7.23693209574988	37.4645823155838
36567	29	22.542745481192	79.0043966780655	-6.45725451880801	50.0043966780655
36568	29	21.5681485100147	76.600390815828	-7.43185148998534	47.600390815828
36569	29	22.4127992183683	43.723986321446	-6.58720078163166	14.723986321446
36570	29	21.0483634587201	41.4499267220322	-7.95163654127992	12.4499267220322
36571	29	26.2462139716659	35.6673180263801	-2.75378602833415	6.66731802638007
36572	41	18.1245725451881	82.5129457743039	-22.8754274548119	41.5129457743039
36573	41	15.7205666829507	81.5383488031265	-25.2794333170493	40.5383488031265
36574	63	38.4611626770884	93.4934049829018	-24.5388373229116	30.4934049829018
36575	63	65.7498778700537	84.3971665852467	2.74987787005374	21.3971665852467
36576	63	27.4157303370786	97.3917928676111	-35.5842696629214	34.3917928676111
36577	20	13.7063996091842	84.5920859794822	-6.29360039081583	64.5920859794822
36578	29	11.8221787982413	70.4929164631168	-17.1778212017587	41.4929164631168
36580	24	12.8617489008305	84.0073277967758	-11.1382510991695	60.0073277967758
36581	26	17.3448949682462	76.1455788959453	-8.65510503175378	50.1455788959453
36582	25	21.3732291157792	84.4621397166585	-3.62677088422081	59.4621397166585
36583	25	19.9438202247191	44.5036638983879	-5.0561797752809	19.5036638983879
36584	25	22.2178798241329	38.3312164142648	-2.78212017586712	13.3312164142648
36585	25	24.1670737664875	78.0297997068881	-0.832926233512456	53.0297997068881
36586	26	22.3478260869565	90.6995603321935	-3.65217391304348	64.6995603321935
36587	26	21.6331216414265	90.5696140693698	-4.36687835857352	64.5696140693698
36588	25	21.1133365901319	46.5178309721544	-3.8866634098681	21.5178309721544
36589	25	22.7376648754275	39.3058133854421	-2.26233512457254	14.3058133854421
36590	25	23.5173424523693	35.342452369321	-1.48265754763068	10.342452369321
36591	25	22.9325842696629	36.1871030776746	-2.06741573033708	11.1871030776746
36592	25	21.7630679042501	42.0996580361505	-3.23693209574988	17.0996580361505
36593	25	20.0737664875427	40.4753297508549	-4.92623351245726	15.4753297508549
36594	26	24.0371275036639	79.3292623351246	-1.9628724963361	53.3292623351246
36595	26	21.9579872984856	38.266243282853	-4.04201270151441	12.266243282853
36596	26	23.1924767953102	38.7210552027357	-2.80752320468979	12.7210552027357
36597	26	24.2320468978994	37.8114313629702	-1.76795310210063	11.8114313629702
36598	26	22.6077186126038	37.161700048852	-3.39228138739619	11.161700048852
36599	26	22.2178798241329	80.3038593063019	-3.78212017586712	54.3038593063019
36600	26	22.4127992183683	41.0600879335613	-3.58720078163166	15.0600879335613
36601	26	21.9579872984856	87.7107962872496	-4.04201270151441	61.7107962872496
36602	26	30.7293600390816	90.9594528578407	4.72936003908158	64.9594528578407
36607	25	20.5285784074255	72.7669760625305	-4.4714215925745	47.7669760625305
36608	25	66.4645823155838	81.9931607230093	41.4645823155838	56.9931607230093
36609	25	67.3092330239375	82.1880801172448	42.3092330239375	57.1880801172448
36610	25	64.7752808988764	80.1739130434783	39.7752808988764	55.1739130434783
36611	25	68.6086956521739	87.3209574987787	43.6086956521739	62.3209574987787
36612	49	37.876404494382	82.447972642892	-11.123595505618	33.447972642892
36613	49	73.676599902296	84.0723009281876	24.676599902296	35.0723009281876
36614	49	65.9447972642892	80.2388861748901	16.9447972642892	31.2388861748901
36615	49	68.6736687835857	83.6824621397167	19.6736687835857	34.6824621397167
36616	49	46.647777234978	73.2217879824133	-2.35222276502198	24.2217879824133
36618	49	58.0830483634587	79.7191011235955	9.08304836345872	30.7191011235955
36619	49	45.6731802638007	73.4816805080606	-3.32681973619932	24.4816805080606
36620	49	61.2017586712262	75.6257938446507	12.2017586712262	26.6257938446507
36621	49	48.4020517830972	79.1993160723009	-0.597948216902786	30.1993160723009
36622	49	51.390815828041	86.3463605276014	2.39081582804103	37.3463605276014
36623	27	10.7826086956522	34.4328285295555	-16.2173913043478	7.43282852955545
36624	29	13.3815339521251	38.9159745969712	-15.6184660478749	9.91597459697118
36625	27	12.666829506595	37.2266731802638	-14.333170493405	10.2266731802638
36626	27	14.0312652662433	38.8510014655594	-12.9687347337567	11.8510014655594
36627	27	12.2120175867123	36.2520762090865	-14.7879824132877	9.25207620908647
36628	27	10.3927699071812	38.0063507572057	-16.6072300928188	11.0063507572057
36629	32	27.9355153883732	77.8348803126527	-4.06448461162677	45.8348803126527
36630	32	27.6756228627259	72.8969223253542	-4.32437713727406	40.8969223253542
36631	33	28.4553004396678	43.5290669272106	-4.54469956033219	10.5290669272106
36632	33	33.4582315583781	48.9868099658036	0.458231558378117	15.9868099658036
36633	33	35.5373717635564	76.2105520273571	2.53737176355642	43.2105520273571
36634	35	29.9496824621397	44.8935026868588	-5.05031753786028	9.89350268685882
36635	35	36.5119687347338	48.467024914509	1.51196873473376	13.467024914509
36636	33	9.87298485588666	71.142647777235	-23.1270151441133	38.142647777235
36637	33	22.0879335613092	85.761602344895	-10.9120664386908	52.761602344895
36638	33	13.1216414264778	75.4958475818271	-19.8783585735222	42.4958475818271
36639	33	25.5964826575476	82.3829995114802	-7.40351734245237	49.3829995114802
36640	32	29.6248168050806	41.4499267220322	-2.37518319491939	9.44992672203224
36641	32	14.486077186126	75.9506595017098	-17.513922813874	43.9506595017098
36642	32	16.4352711284807	44.9584758182706	-15.5647288715193	12.9584758182706
36643	32	28.8451392281387	82.447972642892	-3.15486077186126	50.447972642892
36644	32	15.590620420127	44.1787982413288	-16.409379579873	12.1787982413288
36645	34	29.2349780166097	44.6336101612115	-4.76502198339033	10.6336101612115
36648	16	11.952125061065	68.3488031265266	-4.04787493893503	52.3488031265266
36649	15	8.89838788470933	92.1939423546654	-6.10161211529067	77.1939423546654
36650	15	17.0200293111871	46.4528578407425	2.0200293111871	31.4528578407425
36651	30	20.4636052760137	79.6541279921837	-9.53639472398632	49.6541279921837
36652	30	15.3307278944797	41.904738641915	-14.6692721055203	11.904738641915
36653	30	15.2657547630679	38.1362970200293	-14.7342452369321	8.13629702002931
36654	30	14.6809965803615	77.2501221299463	-15.3190034196385	47.2501221299463
36655	30	14.6809965803615	73.2217879824133	-15.3190034196385	43.2217879824133
36656	30	14.0312652662433	38.7860283341475	-15.9687347337567	8.78602833414753
36657	30	17.8646800195408	59.5774303859306	-12.1353199804592	29.5774303859306
36658	30	17.0200293111871	61.4616511968735	-12.9799706888129	31.4616511968735
36659	30	15.3307278944797	80.6936980947728	-14.6692721055203	50.6936980947728
36660	23	34.3028822667318	51.1958964338056	11.3028822667318	28.1958964338056
36661	23	35.0175867122618	76.9252564728872	12.0175867122618	53.9252564728872
36662	23	33.6531509526136	77.8348803126527	10.6531509526136	54.8348803126527
36663	23	36.1221299462628	53.1450903761602	13.1221299462628	30.1450903761602
36664	23	29.2999511480215	61.3966780654616	6.2999511480215	38.3966780654616
36665	23	32.6135808500244	48.7269174401563	9.61358085002443	25.7269174401563
36666	23	31.5740107474353	51.9755740107474	8.57401074743527	28.9755740107474
36667	23	33.6531509526136	54.1196873473376	10.6531509526136	31.1196873473376
36668	23	23.1924767953102	43.8539325842697	0.19247679531021	20.8539325842697
36669	23	27.2208109428432	51.5207620908647	4.22081094284318	28.5207620908647
36670	23	25.7264289203713	41.5798729848559	2.72642892037127	18.5798729848559
36671	23	30.8593063019052	48.467024914509	7.85930630190523	25.467024914509
36672	23	31.5090376160234	75.0410356619443	8.50903761602345	52.0410356619443
36673	69	68.9985344406448	86.2164142647777	-0.0014655593551538	17.2164142647777
36674	69	69.7132388861749	88.1006350757206	0.713238886174892	19.1006350757206
36675	37	10.5227161700049	85.2418172936004	-26.4772838299951	48.2418172936004
36676	30	17.2799218368344	47.9472398632145	-12.7200781631656	17.9472398632145
36677	28	23.647288715193	83.4225696140694	-4.35271128480704	55.4225696140694
36678	30	23.9071812408403	67.9589643380557	-6.09281875915975	37.9589643380557
36679	28	23.647288715193	79.52418172936	-4.35271128480704	51.52418172936
36680	28	25.5964826575476	68.8685881778212	-2.40351734245237	40.8685881778212
36681	28	26.0512945774304	67.7640449438202	-1.94870542256961	39.7640449438202
36682	30	26.571079628725	47.6873473375672	-3.42892037127504	17.6873473375672
36683	30	23.1275036638984	72.8319491939424	-6.87249633610161	42.8319491939424
36684	30	22.2178798241329	72.3771372740596	-7.78212017586712	42.3771372740596
36685	27	25.5315095261358	37.5515388373229	-1.46849047386419	10.5515388373229
36686	27	27.4157303370786	38.1362970200293	0.415730337078649	11.1362970200293
36687	28	27.3507572056668	37.7464582315584	-0.649242794333173	9.74645823155838
36688	28	25.9213483146067	37.0967269174402	-2.07865168539326	9.09672691744016
36689	29	29.8847093307279	38.266243282853	0.884709330727894	9.26624328285295
36690	29	28.9101123595506	36.5119687347338	-0.0898876404494402	7.51196873473376
36691	29	29.6897899364924	37.5515388373229	0.689789936492428	8.55153883732291
36692	30	29.494870542257	37.161700048852	-0.505129457743038	7.16170004885198
36693	30	28.9101123595506	39.0459208597948	-1.08988764044944	9.04592085979482
36694	29	27.3507572056668	35.7322911577919	-1.64924279433317	6.73229115779189
36695	29	26.571079628725	45.9980459208598	-2.42892037127504	16.9980459208598
36696	27	26.2462139716659	37.161700048852	-0.753786028334147	10.161700048852
36697	28	20.9184171958964	78.2247191011236	-7.08158280410357	50.2247191011236
36698	28	27.8055691255496	70.038104543234	-0.194430874450415	42.038104543234
36699	28	19.0341963849536	75.4958475818271	-8.96580361504641	47.4958475818271
36700	28	12.9916951636541	52.7552515876893	-15.0083048363459	24.7552515876893
36701	28	24.1021006350757	78.4196384953591	-3.89789936492428	50.4196384953591
36702	28	19.6839276990718	77.2501221299463	-8.31607230092819	49.2501221299463
36704	29	10.5876893014167	84.7870053737176	-18.4123106985833	55.7870053737176
36705	29	10.3927699071812	77.0552027357108	-18.6072300928188	48.0552027357108
36706	32	14.7459697117733	81.3434294088911	-17.2540302882267	49.3434294088911
36708	31	28.0654616511969	79.3942354665364	-2.93453834880313	48.3942354665364
36709	31	21.5681485100147	76.7303370786517	-9.43185148998534	45.7303370786517
36710	31	25.5315095261358	80.2388861748901	-5.46849047386419	49.2388861748901
36711	31	23.9071812408403	70.4929164631168	-7.09281875915975	39.4929164631168
36712	31	24.8817782120176	82.7078651685393	-6.11822178798241	51.7078651685393
36713	39	66.9193942354665	79.8490473864191	27.9193942354665	40.8490473864191
36714	31	21.8930141670738	72.1822178798241	-9.10698583292623	41.1822178798241
36715	31	26.3761602344895	81.6033219345383	-4.6238397655105	50.6033219345383
36716	31	19.5539814362482	37.2916463116756	-11.4460185637518	6.29164631167562
36717	31	19.2291157791891	41.6448461162677	-11.7708842208109	10.6448461162677
36718	31	14.2261846604787	73.676599902296	-16.7738153395212	42.676599902296
36719	31	13.9013190034196	43.9838788470933	-17.0986809965804	12.9838788470933
36720	31	37.4865657059111	78.7445041524182	6.48656570591109	47.7445041524182
36721	31	15.7205666829507	78.2247191011236	-15.2794333170493	47.2247191011236
36722	31	12.8617489008305	77.1851489985344	-18.1382510991695	46.1851489985344
36723	31	17.2149487054226	82.5779189057157	-13.7850512945774	51.5779189057157
36724	52	28.1304347826087	49.57156814851	-23.8695652173913	-2.42843185148999
36725	30	40.0205178309722	95.7674645823156	10.0205178309722	65.7674645823156
36726	30	28.9750854909624	80.1739130434783	-1.02491450903762	50.1739130434783
36727	30	37.7464582315584	80.5637518319492	7.74645823155838	50.5637518319492
36728	30	25.466536394724	80.2388861748901	-4.53346360527602	50.2388861748901
36729	30	26.8959452857841	80.628724963361	-3.10405471421593	50.628724963361
36730	30	69.1934538348803	82.1231069858329	39.1934538348803	52.1231069858329
36731	30	69.8431851489985	80.4987787005374	39.8431851489985	50.4987787005374
36732	41	34.1079628724963	52.3654127992184	-6.89203712750366	11.3654127992184
36733	41	36.1221299462628	61.0068392769907	-4.87787005373718	20.0068392769907
36734	41	38.3312164142648	78.6795310210064	-2.66878358573522	37.6795310210064
36735	41	38.1362970200293	76.1455788959453	-2.86370297997069	35.1455788959453
36736	41	36.5769418661456	50.2862725940401	-4.42305813385443	9.28627259404006
36737	41	39.6306790425012	74.0014655593552	-1.36932095749878	33.0014655593552
36738	41	37.2266731802638	66.9193942354665	-3.7733268197362	25.9193942354665
36739	41	36.9667806546165	81.2784562774792	-4.03321934538349	40.2784562774792
36740	41	37.7464582315584	81.5383488031265	-3.25354176844162	40.5383488031265
36741	41	33.6531509526136	81.9281875915975	-7.34684904738642	40.9281875915975
36742	41	37.5515388373229	72.7669760625305	-3.44846116267709	31.7669760625305
36743	41	38.4611626770884	80.1739130434783	-2.53883732291158	39.1739130434783
36744	41	39.3058133854421	64.9052271617001	-1.69418661455789	23.9052271617001
36745	25	13.3165608207132	79.7840742550073	-11.6834391792868	54.7840742550073
36746	25	13.1216414264778	78.1597459697118	-11.8783585735222	53.1597459697118
36747	70	69.8431851489985	82.9677576941866	-0.156814851001471	12.9677576941866
36748	70	69.7132388861749	79.4592085979482	-0.286761113825108	9.45920859794822
36749	70	68.218856863703	87.9057156814851	-1.78114313629702	17.9057156814851
36750	70	70.5578895945286	81.4084025403029	0.557889594528575	11.4084025403029
36751	70	69.7782120175867	80.1089399120664	-0.221787982413289	10.1089399120664
36752	70	70.5578895945286	79.9789936492428	0.557889594528575	9.9789936492428
36753	82	70.5578895945286	81.6033219345383	-11.4421104054714	-0.396678065461657
36754	68	65.9447972642892	81.2784562774792	-2.05520273571079	13.2784562774792
36755	68	66.8544211040547	89.1402051783097	-1.14557889594528	21.1402051783097
36756	68	68.4137762579385	80.2388861748901	0.413776257938451	12.2388861748901
36757	64	29.6248168050806	81.8632144601856	-34.3751831949194	17.8632144601856
36758	64	36.7068881289692	51.9106008793356	-27.2931118710308	-12.0893991206644
36759	64	31.8339032730826	52.3004396678065	-32.1660967269174	-11.6995603321935
36760	64	24.6868588177821	51.7156814851001	-39.3131411822179	-12.2843185148999
36761	64	20.0737664875427	78.1597459697118	-43.9262335124573	14.1597459697118
36762	64	17.4748412310699	49.6365412799218	-46.5251587689301	-14.3634587200782
36766	60	44.3087445041524	63.6057645334636	-15.6912554958476	3.60576453346361
36771	60	49.2467024914509	82.837811431363	-10.7532975085491	22.837811431363
36772	60	45.1533952125061	107.657547630679	-14.8466047874939	47.657547630679
36773	72	70.3629702002931	89.7249633610161	-1.63702979970689	17.7249633610161
36774	72	70.2979970688813	88.4904738641915	-1.70200293111871	16.4904738641915
36775	72	67.7640449438202	89.7899364924279	-4.23595505617978	17.7899364924279
36776	72	70.6228627259404	85.6966292134831	-1.37713727405961	13.6966292134831
36777	72	66.4645823155838	84.3321934538349	-5.53541768441622	12.3321934538349
36778	72	71.857352222765	86.8011724474841	-0.142647777234984	14.8011724474841
36779	72	70.2330239374695	83.7474352711285	-1.76697606253053	11.7474352711285
36780	72	69.8431851489985	86.8661455788959	-2.15681485100147	14.8661455788959
36781	72	69.6482657547631	94.7278944797264	-2.35173424523694	22.7278944797264
36782	72	68.933561309233	82.3180263800684	-3.06643869076697	10.3180263800684
36783	72	71.4675134342941	85.8265754763068	-0.532486565705909	13.8265754763068
36784	72	69.8431851489985	84.7870053737176	-2.15681485100147	12.7870053737176
36785	72	72.7020029311187	87.9057156814851	0.702002931118713	15.9057156814851
36786	72	68.933561309233	81.6033219345383	-3.06643869076697	9.60332193453834
36787	72	64.9052271617001	86.476306790425	-7.09477283829995	14.476306790425
36788	72	70.6878358573522	83.0327308255984	-1.31216414264777	11.0327308255984
36789	72	69.7132388861749	81.4733756717147	-2.28676111382511	9.47337567171471
36790	72	70.2330239374695	84.4621397166585	-1.76697606253053	12.4621397166585
36791	52	65.4899853444064	84.657059110894	13.4899853444064	32.657059110894
36792	52	71.3375671714704	88.1006350757206	19.3375671714704	36.1006350757206
36793	52	73.676599902296	87.7757694186615	21.676599902296	35.7757694186615
36794	52	74.1314118221788	86.8661455788959	22.1314118221788	34.8661455788959
36795	52	71.7274059599414	86.8661455788959	19.7274059599414	34.8661455788959
36796	52	71.7923790913532	86.7361993160723	19.7923790913532	34.7361993160723
36797	52	69.5183194919394	85.9565217391304	17.5183194919394	33.9565217391304
36798	52	69.0635075720567	87.6458231558378	17.0635075720567	35.6458231558378
36799	52	70.8177821201759	88.0356619443087	18.8177821201759	36.0356619443087
36800	52	67.4391792867611	88.0356619443087	15.4391792867611	36.0356619443087
36801	52	70.6878358573522	86.8661455788959	18.6878358573522	34.8661455788959
36802	48	65.4250122129946	87.6458231558378	17.4250122129946	39.6458231558378
36803	50	71.9223253541768	84.7870053737176	21.9223253541768	34.7870053737176
36804	55	69.3883732291158	85.6316560820713	14.3883732291158	30.6316560820713
36805	46	66.7894479726429	88.7503663898388	20.7894479726429	42.7503663898388
36806	46	70.5578895945286	88.9452857840743	24.5578895945286	42.9452857840743
36807	50	70.5578895945286	87.7107962872496	20.5578895945286	37.7107962872496
36808	50	71.857352222765	86.2164142647777	21.857352222765	36.2164142647777
36809	50	70.3629702002931	83.4225696140694	20.3629702002931	33.4225696140694
36810	50	70.1030776746458	88.3605276013678	20.1030776746458	38.3605276013678
36811	50	73.2217879824133	87.9706888128969	23.2217879824133	37.9706888128969
36812	50	72.5070835368832	89.6599902296043	22.5070835368832	39.6599902296043
36813	50	70.3629702002931	87.4509037616023	20.3629702002931	37.4509037616023
36814	50	69.7782120175867	85.8265754763068	19.7782120175867	35.8265754763068
36815	50	70.5578895945286	82.7078651685393	20.5578895945286	32.7078651685393
36816	50	67.4391792867611	85.761602344895	17.4391792867611	35.761602344895
36817	50	71.9872984855887	85.6316560820713	21.9872984855887	35.6316560820713
36818	50	71.0776746458232	84.5920859794822	21.0776746458232	34.5920859794822
36819	52	65.1001465559355	88.6204201270151	13.1001465559355	36.6204201270151
36820	52	66.7244748412311	86.1514411333659	14.7244748412311	34.1514411333659
36821	52	73.8715192965315	84.657059110894	21.8715192965315	32.657059110894
36822	52	73.0918417195896	84.3321934538349	21.0918417195896	32.3321934538349
36823	47	64.3854421104055	87.7757694186615	17.3854421104055	40.7757694186615
36824	50	47.8172936003908	82.0581338544211	-2.18270639960919	32.0581338544211
36825	50	71.7923790913532	86.6062530532487	21.7923790913532	36.6062530532487
36826	50	71.9223253541768	87.7107962872496	21.9223253541768	37.7107962872496
36827	53	68.1538837322911	77.5100146555936	15.1538837322911	24.5100146555936
36828	53	40.6702491450904	79.8490473864191	-12.3297508549096	26.8490473864191
36829	53	45.9980459208598	76.0806057645335	-7.00195407914021	23.0806057645335
36830	20	27.1558378114314	77.0552027357108	7.15583781143136	57.0552027357108
36831	42	35.7972642892037	43.9189057156815	-6.20273571079629	1.91890571568148
36832	42	33.5881778212018	43.1392281387396	-8.41182217879825	1.13922813873962
36833	42	39.2408402540303	44.8935026868588	-2.75915974596971	2.89350268685882
36834	41	26.9609184171959	87.7757694186615	-14.0390815828041	46.7757694186615
36835	42	66.5945285784074	85.5666829506595	24.5945285784074	43.5666829506595
36836	42	18.0595994137763	83.8124084025403	-23.9404005862237	41.8124084025403
36837	42	33.0034196384954	87.9706888128969	-8.99658036150464	45.9706888128969
36838	40	22.0229604298974	84.4621397166585	-17.9770395701026	44.4621397166585
36839	42	22.6726917440156	78.3546653639472	-19.3273082559844	36.3546653639472
36840	42	25.2066438690767	86.5412799218368	-16.7933561309233	44.5412799218368
36841	38	19.0991695163654	34.8876404494382	-18.9008304836346	-3.1123595505618
36842	38	19.4890083048363	37.6165119687347	-18.5109916951637	-0.383488031265266
36843	35	13.3165608207132	88.8803126526624	-21.6834391792868	53.8803126526624
36844	25	13.3815339521251	32.9384465070835	-11.6184660478749	7.93844650708354
36845	25	16.1753786028334	80.2388861748901	-8.82462139716659	55.2388861748901
36847	28	14.5510503175379	36.9667806546165	-13.4489496824621	8.96678065461651
36848	24	13.5764533463605	81.3434294088911	-10.4235466536395	57.3434294088911
36849	81	75.9506595017098	90.8295065950171	-5.04934049829018	9.82950659501709
36850	68	16.8251099169516	81.1485100146556	-51.1748900830484	13.1485100146556
36851	68	10.847581827064	81.7982413287738	-57.152418172936	13.7982413287738
36852	68	19.1641426477772	87.8407425500733	-48.8358573522228	19.8407425500733
36853	68	19.0991695163654	83.2276502198339	-48.9008304836346	15.2276502198339
36854	68	13.056668295066	81.733268197362	-54.9433317049341	13.733268197362
36855	68	22.1529066927211	82.5779189057157	-45.8470933072789	14.5779189057157
36856	68	25.6614557889595	82.5779189057157	-42.3385442110405	14.5779189057157
36857	68	19.7489008304836	85.8915486077186	-48.2510991695164	17.8915486077186
36858	68	14.4211040547142	82.5129457743039	-53.5788959452858	14.5129457743039
36859	47	38.980947728383	74.781143136297	-8.019052271617	27.781143136297
36860	45	37.7464582315584	60.2271617000489	-7.25354176844162	15.2271617000489
36861	47	38.7210552027357	71.142647777235	-8.27894479726429	24.142647777235
36862	47	38.7210552027357	76.5354176844162	-8.27894479726429	29.5354176844162
36863	47	42.0996580361505	85.2418172936004	-4.90034196384953	38.2418172936004
36864	47	41.1250610649731	76.4054714215926	-5.87493893502687	29.4054714215926
36865	47	42.619443087445	77.2501221299463	-4.38055691255496	30.2501221299463
36866	47	40.085490962384	76.0156326331216	-6.91450903761602	29.0156326331216
36867	47	37.6814851001466	76.7953102100635	-9.31851489985345	29.7953102100635
36868	47	40.6702491450904	77.3800683927699	-6.32975085490963	30.3800683927699
36869	39	41.0600879335613	67.114313629702	2.06008793356131	28.114313629702
36870	39	41.0600879335613	57.4333170493405	2.06008793356131	18.4333170493405
36871	39	38.3312164142648	75.3659013190034	-0.66878358573522	36.3659013190034
36872	39	40.085490962384	58.9926722032242	1.08549096238398	19.9926722032242
36873	39	40.2804103566194	63.5407914020518	1.28041035661944	24.5407914020518
36874	39	39.5657059110894	54.9643380556913	0.565705911089395	15.9643380556913
36875	39	41.8397655105032	48.7269174401563	2.83976551050318	9.72691744015633
36876	39	34.8226673180264	88.295554469956	-4.17733268197362	49.295554469956
36877	39	36.7068881289692	78.5495847581827	-2.29311187103077	39.5495847581827
36878	39	33.4582315583781	80.3688324377137	-5.54176844162188	41.3688324377137
36879	39	31.4440644846116	74.5862237420615	-7.55593551538837	35.5862237420615
36880	39	33.4582315583781	79.6541279921837	-5.54176844162188	40.6541279921837
36881	14	13.5114802149487	73.0918417195896	-0.488519785051295	59.0918417195896
36882	27	11.6922325354177	74.7161700048852	-15.3077674645823	47.7161700048852
36884	30	25.0766976062531	82.5779189057157	-4.92330239374695	52.5779189057157
36885	30	19.6839276990718	84.9169516365413	-10.3160723009282	54.9169516365413
36886	30	12.0820713238886	82.7078651685393	-17.9179286761114	52.7078651685393
36887	30	21.9579872984856	84.2022471910112	-8.04201270151441	54.2022471910112
36889	30	25.2716170004885	81.2134831460674	-4.72838299951148	51.2134831460674
36900	31	16.695163654128	81.7982413287738	-14.304836345872	50.7982413287738
36902	32	10.132877381534	77.1201758671226	-21.867122618466	45.1201758671226
36903	32	10.5227161700049	80.2388861748901	-21.4772838299951	48.2388861748901
36904	32	13.056668295066	78.2247191011236	-18.943331704934	46.2247191011236
36905	32	10.5227161700049	80.1739130434783	-21.4772838299951	48.1739130434783
36917	31	16.6301905227162	56.2638006839277	-14.3698094772838	25.2638006839277
36918	31	19.1641426477772	73.9364924279433	-11.8358573522228	42.9364924279433
36920	33	13.2515876893014	98.0415241817294	-19.7484123106986	65.0415241817294
36921	33	21.0483634587201	99.3409868099658	-11.9516365412799	66.3409868099658
36922	33	10.132877381534	91.7391304347826	-22.867122618466	58.7391304347826
36924	33	13.1216414264778	98.3014167073766	-19.8783585735222	65.3014167073766
36925	33	34.0429897410845	76.600390815828	1.04298974108451	43.600390815828
36928	33	19.5539814362482	38.3961895456766	-13.4460185637518	5.3961895456766
36929	33	21.438202247191	41.3849535906204	-11.561797752809	8.38495359062042
36931	30	22.4777723497802	49.7015144113337	-7.52222765021983	19.7015144113337
36932	30	25.9213483146067	72.5070835368832	-4.07865168539326	42.5070835368832
36933	70	70.3629702002931	85.8915486077186	0.362970200293105	15.8915486077186
36934	70	71.7923790913532	88.7503663898388	1.7923790913532	18.7503663898388
36935	70	71.857352222765	89.9848558866634	1.85735222276502	19.9848558866634
36936	70	68.6086956521739	84.3971665852467	-1.39130434782609	14.3971665852467
36937	70	70.9477283829995	89.0102589154861	0.947728382999514	19.0102589154861
36938	68	65.3600390815828	86.0864680019541	-2.63996091841719	18.0864680019541
36939	68	69.323400097704	82.2530532486566	1.32340009770395	14.2530532486566
36940	72	68.8685881778212	90.7645334636053	-3.13141182217879	18.7645334636053
36941	68	45.6082071323889	112.725451880801	-22.3917928676111	44.7254518808012
36942	68	48.2071323888617	99.4059599413776	-19.7928676111383	31.4059599413776
36943	55	25.2716170004885	75.8207132388862	-29.7283829995115	20.8207132388862
36944	52	44.3087445041524	81.0185637518319	-7.69125549584759	29.0185637518319
36946	52	43.1392281387396	84.7220322423058	-8.86077186126038	32.7220322423058
36947	52	44.9584758182706	84.5271128480703	-7.04152418172936	32.5271128480703
36948	52	65.1001465559355	82.3829995114802	13.1001465559355	30.3829995114802
36949	67	72.1172447484123	93.1035661944309	5.1172447484123	26.1035661944309
36950	67	73.4167073766488	91.609184171959	6.41670737664876	24.609184171959
36951	67	74.4562774792379	94.9228138739619	7.45627747923791	27.9228138739619
36952	67	71.2725940400586	85.0468978993649	4.27259404005862	18.0468978993649
36953	67	73.2867611138251	85.6316560820713	6.28676111382511	18.6316560820713
36954	67	73.0268685881778	85.6966292134831	6.02686858817782	18.6966292134831
36955	67	21.8280410356619	84.657059110894	-45.1719589643381	17.657059110894
36956	67	68.4137762579385	85.3067904250122	1.41377625793845	18.3067904250122
36957	67	69.0635075720567	84.5271128480703	2.06350757205666	17.5271128480703
36958	67	73.0918417195896	87.8407425500733	6.09184171958964	20.8407425500733
36959	67	71.857352222765	86.3463605276014	4.85735222276502	19.3463605276014
36960	67	68.6736687835857	84.1372740595994	1.67366878358573	17.1372740595994
36961	67	69.4533463605276	85.8265754763068	2.4533463605276	18.8265754763068
36962	67	69.9731314118222	86.2164142647777	2.97313141182218	19.2164142647777
36963	67	71.5974596971177	85.761602344895	4.59745969711773	18.761602344895
36964	67	65.6849047386419	85.8915486077186	-1.3150952613581	18.8915486077186
36965	67	69.6482657547631	83.4875427454812	2.64826575476306	16.4875427454812
36966	67	57.628236443576	86.0864680019541	-9.37176355642404	19.0864680019541
36967	67	73.8715192965315	90.3097215437225	6.8715192965315	23.3097215437225
36968	67	70.038104543234	83.7474352711285	3.038104543234	16.7474352711285
36969	67	71.142647777235	83.8773815339521	4.14264777723497	16.8773815339521
36970	67	72.7020029311187	88.295554469956	5.70200293111871	21.295554469956
36971	67	73.4816805080606	90.8944797264289	6.48168050806058	23.8944797264289
36972	67	73.2867611138251	88.8153395212506	6.28676111382511	21.8153395212506
36973	67	74.3263312164143	88.8803126526624	7.32633121641426	21.8803126526624
36974	67	69.6482657547631	85.5017098192477	2.64826575476306	18.5017098192477
36975	67	71.3375671714704	101.095261358085	4.33756717147044	34.095261358085
36976	67	72.8319491939424	88.1656082071324	5.83194919394235	21.1656082071324
36977	67	73.8715192965315	89.0102589154861	6.8715192965315	22.0102589154861
36978	67	71.857352222765	84.9819247679531	4.85735222276502	17.9819247679531
36979	67	73.5466536394724	87.9057156814851	6.5466536394724	20.9057156814851
36980	67	74.6511968734734	89.5300439667807	7.65119687347337	22.5300439667807
36981	67	73.8715192965315	87.7107962872496	6.8715192965315	20.7107962872496
36982	67	73.0918417195896	86.9960918417196	6.09184171958964	19.9960918417196
36983	67	73.6116267708842	85.761602344895	6.61162677088421	18.761602344895
36984	67	73.3517342452369	85.8915486077186	6.35173424523693	18.8915486077186
36985	67	74.1963849535906	88.685393258427	7.19638495359062	21.685393258427
36986	67	73.3517342452369	87.7107962872496	6.35173424523693	20.7107962872496
36987	67	71.3375671714704	87.580850024426	4.33756717147044	20.580850024426
36988	67	73.1568148510015	87.4509037616023	6.15681485100146	20.4509037616023
36989	67	67.114313629702	83.7474352711285	0.114313629701996	16.7474352711285
36990	67	75.7557401074744	91.9990229604299	8.75574010747435	24.9990229604299
36991	67	74.066438690767	89.7899364924279	7.06643869076697	22.7899364924279
36992	67	71.857352222765	88.0356619443087	4.85735222276502	21.0356619443087
36993	67	72.4421104054714	86.7361993160723	5.44211040547142	19.7361993160723
36994	67	70.038104543234	85.8265754763068	3.038104543234	18.8265754763068
36995	67	72.5070835368832	88.1006350757206	5.50708353688324	21.1006350757206
36996	67	69.8431851489985	88.8153395212506	2.84318514899853	21.8153395212506
36997	67	71.5324865657059	85.9565217391304	4.53248656570591	18.9565217391304
36998	67	71.6624328285296	86.2164142647777	4.66243282852956	19.2164142647777
36999	67	72.4421104054714	87.3859306301905	5.44211040547142	20.3859306301905
37000	67	73.8715192965315	87.6458231558378	6.8715192965315	20.6458231558378
37001	67	70.1030776746458	83.8773815339521	3.10307767464582	16.8773815339521
37002	18	22.2828529555447	80.3038593063019	4.2828529555447	62.3038593063019
37008	57	39.8255984367367	74.8461162677088	-17.1744015632633	17.8461162677088
37011	57	40.6052760136786	72.5070835368832	-16.3947239863214	15.5070835368832
37013	57	39.4357596482658	64.19052271617	-17.5642403517342	7.19052271616999
37014	57	38.0713238886175	78.80947728383	-18.9286761113825	21.80947728383
37017	57	40.2804103566194	50.0263800683928	-16.7195896433806	-6.97361993160723
37020	57	38.2012701514411	79.0043966780655	-18.7987298485589	22.0043966780655
37021	55	39.5007327796776	81.3434294088911	-15.4992672203224	26.3434294088911
37025	57	43.009281875916	84.2022471910112	-13.990718124084	27.2022471910112
37026	14	11.952125061065	73.8715192965315	-2.04787493893503	59.8715192965315
37028	24	12.2120175867123	79.1343429408891	-11.7879824132877	55.1343429408891
37029	65	43.9838788470933	68.1538837322911	-21.0161211529067	3.15388373229115
37030	65	63.0210063507572	85.5666829506595	-1.9789936492428	20.5666829506595
37031	65	49.7015144113337	111.101123595506	-15.2984855886663	46.1011235955056
37032	65	61.3966780654616	121.106985832926	-3.60332193453835	56.1069858329262
37035	65	59.6424035173425	75.8207132388862	-5.35759648265755	10.8207132388862
37036	65	42.8143624816805	68.2838299951148	-22.1856375183195	3.2838299951148
37037	65	46.1279921836834	71.857352222765	-18.8720078163166	6.85735222276502
37038	65	56.3937469467513	73.8065461651197	-8.60625305324866	8.80654616511968
37039	65	43.009281875916	76.600390815828	-21.990718124084	11.600390815828
37041	65	41.6448461162677	77.1201758671226	-23.3551538837323	12.1201758671226
37042	65	59.3825109916952	74.781143136297	-5.61748900830484	9.78114313629702
37043	65	41.6448461162677	66.399609184172	-23.3551538837323	1.39960918417196
37044	65	47.1025891548608	71.4675134342941	-17.8974108451392	6.46751343429409
37045	65	44.3087445041524	70.1030776746458	-20.6912554958476	5.10307767464582
37046	65	51.9106008793356	72.0522716170005	-13.0893991206644	7.05227161700049
37047	65	44.1787982413288	71.0127015144113	-20.8212017586712	6.01270151441133
37048	65	48.0771861260381	71.7923790913532	-16.9228138739619	6.7923790913532
37049	65	61.0068392769907	90.8944797264289	-3.99316072300928	25.8944797264289
37050	76	71.142647777235	82.5129457743039	-4.85735222276503	6.51294577430386
37051	34	28.9101123595506	38.266243282853	-5.08988764044944	4.26624328285295
37052	34	30.4044943820225	38.5261358085002	-3.59550561797753	4.52613580850024
37053	34	13.9662921348315	44.0488519785051	-20.0337078651685	10.0488519785051
37054	34	22.0879335613092	40.8651685393258	-11.9120664386908	6.86516853932584
37055	34	33.2633121641426	43.3991206643869	-0.736687835857353	9.39912066438691
37056	34	22.0229604298974	43.5940400586224	-11.9770395701026	9.59404005862238
37057	34	32.7435271128481	47.5574010747435	-1.25647288715193	13.5574010747435
37058	34	29.494870542257	45.0884220810943	-4.50512945774304	11.0884220810943
37059	34	21.3732291157792	45.4782608695652	-12.6267708842208	11.4782608695652
37060	34	20.0737664875427	40.2804103566194	-13.9262335124573	6.28041035661944
37061	34	20.5935515388373	44.3737176355642	-13.4064484611627	10.3737176355642
37062	34	32.2237420615535	44.9584758182706	-1.77625793844651	10.9584758182706
37063	34	26.5061064973131	82.5779189057157	-7.49389350268686	48.5779189057157
37064	34	29.4298974108451	43.723986321446	-4.57010258915486	9.72398632144602
37065	34	28.1954079140205	37.2266731802638	-5.80459208597948	3.2266731802638
37066	34	15.3307278944797	41.9697117733268	-18.6692721055203	7.96971177332682
37067	34	14.875915974597	41.5798729848559	-19.124084025403	7.57987298485588
37068	34	34.1729360039082	43.0742550073278	0.172936003908163	9.07425500732779
37069	65	72.1822178798241	82.6428920371275	7.18221787982414	17.6428920371275
37070	65	71.7923790913532	83.7474352711285	6.7923790913532	18.7474352711285
37071	65	70.038104543234	80.6936980947728	5.038104543234	15.6936980947728
37072	65	71.5974596971177	85.4367366878359	6.59745969711773	20.4367366878359
37073	65	70.4929164631168	80.8236443575965	5.49291646311676	15.8236443575965
37074	65	70.9477283829995	86.6062530532487	5.94772838299951	21.6062530532487
37075	65	71.0776746458232	85.5017098192477	6.07767464582315	20.5017098192477
37076	65	70.6228627259404	82.0581338544211	5.62286272594039	17.0581338544211
37077	65	71.7923790913532	81.733268197362	6.7923790913532	16.733268197362
37078	65	71.2725940400586	81.7982413287738	6.27259404005862	16.7982413287738
37079	65	71.7274059599414	84.0073277967758	6.72740595994138	19.0073277967758
37080	65	69.5183194919394	82.2530532486566	4.51831949193942	17.2530532486566
37081	71	68.4787493893503	77.1851489985344	-2.52125061064973	6.18514899853444
37082	71	70.4929164631168	81.8632144601856	-0.507083536883243	10.8632144601856
37083	71	71.0127015144113	83.2276502198339	0.0127015144113329	12.2276502198339
37084	69	69.7782120175867	84.8519785051295	0.778212017586711	15.8519785051295
37085	69	71.2725940400586	85.3067904250122	2.27259404005862	16.3067904250122
37086	69	71.5974596971177	85.0468978993649	2.59745969711773	16.0468978993649
37087	69	72.6370297997069	83.3575964826575	3.63702979970688	14.3575964826575
37088	69	72.1172447484123	88.7503663898388	3.1172447484123	19.7503663898388
37089	71	71.9223253541768	82.5779189057157	0.922325354176849	11.5779189057157
37090	71	71.3375671714704	84.0073277967758	0.33756717147044	13.0073277967758
37091	71	71.4675134342941	81.9281875915975	0.467513434294091	10.9281875915975
37092	71	69.8431851489985	79.52418172936	-1.15681485100147	8.52418172936004
37093	18	12.7318026380068	81.733268197362	-5.26819736199316	63.733268197362
37094	16	14.1612115290669	77.5100146555936	-1.83878847093307	61.5100146555936
37095	71	75.4958475818271	88.0356619443087	4.49584758182706	17.0356619443087
37096	71	75.4958475818271	89.0102589154861	4.49584758182706	18.0102589154861
37097	71	76.0806057645335	86.1514411333659	5.08060576453346	15.1514411333659
37098	67	68.933561309233	84.1372740595994	1.93356130923303	17.1372740595994
37099	67	65.5549584758183	80.4987787005374	-1.44504152418173	13.4987787005374
37100	67	64.6453346360528	79.7191011235955	-2.35466536394725	12.7191011235955
37101	67	62.8910600879336	74.7161700048852	-4.10893991206644	7.7161700048852
37102	67	64.6453346360528	75.8207132388862	-2.35466536394725	8.82071323888617
37103	67	63.9956033219345	75.7557401074744	-3.00439667806546	8.75574010747435
37104	67	67.7640449438202	112.595505617978	0.764044943820224	45.5955056179775
37105	67	65.8148510014656	81.7982413287738	-1.18514899853444	14.7982413287738
37106	67	62.4362481680508	74.3263312164143	-4.5637518319492	7.32633121641426
37107	67	63.6707376648754	75.6907669760625	-3.32926233512458	8.69076697606253
37109	75	58.6678065461651	87.5158768930142	-16.3321934538349	12.5158768930142
37110	75	67.5041524181729	111.166096726917	-7.49584758182706	36.1660967269174
37111	75	71.6624328285296	88.1656082071324	-3.33756717147044	13.1656082071324
37112	75	46.1929653150953	104.668783585735	-28.8070346849047	29.6687835857352
37113	75	68.4137762579385	87.9057156814851	-6.58622374206155	12.9057156814851
37114	75	71.2725940400586	88.5554469956033	-3.72740595994138	13.5554469956033
37115	75	64.7752808988764	87.5158768930142	-10.2247191011236	12.5158768930142
37116	75	72.1172447484123	95.9623839765511	-2.8827552515877	20.9623839765511
37117	68	57.9531021006351	81.3434294088911	-10.0468978993649	13.3434294088911
37118	68	59.3175378602833	86.0864680019541	-8.68246213971666	18.0864680019541
37119	68	69.5183194919394	86.7361993160723	1.51831949193942	18.7361993160723
37120	75	69.5183194919394	90.4396678065462	-5.48168050806058	15.4396678065462
37121	68	52.0405471421593	115.779189057157	-15.9594528578407	47.7791890571568
37122	68	66.9843673668784	92.7787005373718	-1.01563263312164	24.7787005373718
37123	68	65.8798241328774	85.8915486077186	-2.12017586712261	17.8915486077186
37124	68	74.1963849535906	96.7420615534929	6.19638495359062	28.7420615534929
37125	68	69.6482657547631	87.3209574987787	1.64826575476306	19.3209574987787
37126	75	71.4675134342941	92.9086468001954	-3.53248656570591	17.9086468001954
37127	68	72.5720566682951	87.3209574987787	4.57205666829506	19.3209574987787
37128	68	70.3629702002931	89.2051783097215	2.36297020029311	21.2051783097215
37129	75	65.9447972642892	90.0498290180752	-9.05520273571079	15.0498290180752
37130	75	66.6595017098192	92.6487542745481	-8.34049829018076	17.6487542745481
37131	75	68.8685881778212	90.4396678065462	-6.13141182217879	15.4396678065462
37132	75	67.3742061553493	89.5300439667807	-7.6257938446507	14.5300439667807
37133	75	68.933561309233	87.9706888128969	-6.06643869076697	12.9706888128969
37134	75	44.113825109917	81.0835368832438	-30.886174890083	6.08353688324377
37135	75	41.904738641915	84.2672203224231	-33.095261358085	9.26722032242306
37136	68	48.5319980459209	80.1739130434783	-19.4680019540791	12.1739130434783
37137	68	71.0776746458232	94.7928676111382	3.07767464582315	26.7928676111382
37138	68	51.5857352222765	82.3180263800684	-16.4142647777235	14.3180263800684
37139	75	70.2330239374695	87.7107962872496	-4.76697606253053	12.7107962872496
37140	75	67.6340986809966	109.606741573034	-7.36590131900343	34.6067415730337
37141	68	65.0351734245237	84.9819247679531	-2.96482657547631	16.9819247679531
37142	72	44.9584758182706	80.4987787005374	-27.0415241817294	8.49877870053737
37143	75	50.2212994626282	84.4621397166585	-24.7787005373718	9.46213971665853
37144	75	50.9360039081583	80.3688324377137	-24.0639960918417	5.36883243771372
37145	75	66.4645823155838	91.2843185148999	-8.53541768441622	16.2843185148999
37146	75	68.5437225207621	91.5442110405471	-6.45627747923791	16.5442110405471
37147	75	67.6990718124084	89.2701514411334	-7.30092818759161	14.2701514411334
37148	75	71.0127015144113	87.6458231558378	-3.98729848558867	12.6458231558378
37149	75	70.6878358573522	95.4425989252565	-4.31216414264777	20.4425989252565
37150	75	66.9193942354665	84.7220322423058	-8.08060576453346	9.72203224230581
37151	56	72.5720566682951	100.380556912555	16.5720566682951	44.380556912555
37152	56	74.781143136297	90.8295065950171	18.781143136297	34.8295065950171
37153	56	76.6653639472399	93.2984855886663	20.6653639472399	37.2984855886663
37154	56	77.8998534440645	99.990718124084	21.8998534440645	43.990718124084
37155	56	75.3009281875916	101.030288226673	19.3009281875916	45.0302882266732
37156	56	71.6624328285296	118.702979970689	15.6624328285296	62.7029799706888
37157	56	72.3121641426478	116.428920371275	16.3121641426478	60.428920371275
37158	56	74.2613580850024	109.541768441622	18.2613580850024	53.5417684416219
37159	56	75.1060087933561	109.411822178798	19.1060087933561	53.4118221787982
37160	55	75.885686370298	104.603810454323	20.885686370298	49.6038104543234
37161	55	74.066438690767	96.6770884220811	19.066438690767	41.6770884220811
37162	55	73.2867611138251	107.137762579384	18.2867611138251	52.1377625793845
37163	53	75.6907669760625	96.0923302393747	22.6907669760625	43.0923302393747
37164	53	74.781143136297	97.9765510503175	21.781143136297	44.9765510503175
37165	53	73.4167073766488	98.886174890083	20.4167073766488	45.886174890083
37166	53	76.7303370786517	101.29018075232	23.7303370786517	48.2901807523205
37167	53	75.5608207132389	114.609672691744	22.5608207132389	61.609672691744
37168	53	75.5608207132389	100.835368832438	22.5608207132389	47.8353688324377
37169	53	76.5354176844162	94.3380556912555	23.5354176844162	41.3380556912555
37170	53	76.2755251587689	102.784562774792	23.2755251587689	49.7845627747924
37171	53	77.3150952613581	115.259404005862	24.3150952613581	62.2594040058622
37172	53	75.5608207132389	94.2081094284319	22.5608207132389	41.2081094284319
37173	53	71.857352222765	95.1827063996092	18.857352222765	42.1827063996092
37174	53	74.1963849535906	93.3634587200782	21.1963849535906	40.3634587200782
37175	53	73.6116267708842	93.7532975085491	20.6116267708842	40.7532975085491
37176	53	71.4675134342941	89.3351245725452	18.4675134342941	36.3351245725452
37177	53	73.676599902296	96.2872496336102	20.676599902296	43.2872496336102
37178	53	72.4421104054714	90.3097215437225	19.4421104054714	37.3097215437225
37179	53	74.1314118221788	92.9736199316072	21.1314118221788	39.9736199316072
37180	53	75.3659013190034	94.6629213483146	22.3659013190034	41.6629213483146
37181	53	78.5495847581827	92.7137274059599	25.5495847581827	39.7137274059599
37182	53	75.4958475818271	99.0161211529067	22.4958475818271	46.0161211529067
37183	53	75.0410356619443	103.629213483146	22.0410356619443	50.6292134831461
37184	53	76.1455788959453	105.643380556913	23.1455788959453	52.6433805569125
37186	20	11.8221787982413	88.1006350757206	-8.17782120175867	68.1006350757206
37187	57	66.6595017098192	95.8974108451392	9.65950170981924	38.8974108451392
37188	57	70.3629702002931	79.2642892037127	13.3629702002931	22.2642892037127
37189	20	13.1866145578896	39.6306790425012	-6.81338544211041	19.6306790425012
37190	20	13.771372740596	85.5666829506595	-6.22862725940401	65.5666829506595
37191	20	9.93795798729849	40.1504640937958	-10.0620420127015	20.1504640937958
37192	20	15.3957010258915	35.7972642892037	-4.60429897410845	15.7972642892037
37193	20	18.6443575964827	84.1372740595994	-1.35564240351734	64.1372740595994
37194	13	15.5256472887152	47.2325354176844	2.52564728871519	34.2325354176844
37195	13	18.514411333659	48.9868099658036	5.51441133365901	35.9868099658036
37196	24	11.1074743527113	45.3483146067416	-12.8925256472887	21.3483146067416
37197	24	14.3561309233024	33.5881778212018	-9.64386907669761	9.58817782120175
37198	24	14.6809965803615	41.6448461162677	-9.31900341963849	17.6448461162677
37199	24	15.1358085002443	39.8905715681485	-8.86419149975574	15.8905715681485
37200	24	15.1358085002443	41.3849535906204	-8.86419149975574	17.3849535906204
37201	24	12.4719101123596	45.2833414753297	-11.5280898876404	21.2833414753297
37202	24	14.6809965803615	38.7210552027357	-9.31900341963849	14.7210552027357
37203	24	13.5764533463605	79.52418172936	-10.4235466536395	55.52418172936
37204	12	15.9804592085979	83.7474352711285	3.98045920859795	71.7474352711285
37205	24	11.6272594040059	38.2012701514411	-12.3727405959941	14.2012701514411
37206	24	12.666829506595	39.695652173913	-11.333170493405	15.695652173913
37207	24	10.3927699071812	40.4753297508549	-13.6072300928188	16.4753297508549
37208	13	15.9804592085979	39.5007327796776	2.98045920859795	26.5007327796776
37209	29	15.0058622374206	35.1475329750855	-13.9941377625794	6.14753297508549
37210	29	17.4748412310699	35.9921836834392	-11.5251587689301	6.99218368343918
37211	29	18.4494382022472	35.1475329750855	-10.5505617977528	6.14753297508549
37212	31	16.6301905227162	35.2774792379091	-14.3698094772838	4.27747923790913
37213	29	11.952125061065	35.2125061064973	-17.047874938935	6.21250610649732
37214	23	16.5652173913043	79.2642892037127	-6.43478260869565	56.2642892037127
37215	46	37.3566194430874	45.543234000977	-8.64338055691255	-0.456765999022963
37216	46	37.4215925744993	45.543234000977	-8.57840742550074	-0.456765999022963
37217	39	20.2686858817782	43.5290669272106	-18.7313141182218	4.52906692721055
37218	39	24.8168050806058	40.800195407914	-14.1831949193942	1.80019540791402
37219	39	21.438202247191	39.7606253053249	-17.561797752809	0.760625305324865
37220	39	19.8788470933073	42.3595505617978	-19.1211529066927	3.35955056179775
37221	39	33.3932584269663	43.5940400586224	-5.60674157303371	4.59404005862238
37222	42	23.8422081094284	41.7747923790914	-18.1577918905716	-0.225207620908648
37223	42	25.6614557889595	42.9443087445041	-16.3385442110405	0.944308744504148
37224	19	11.8221787982413	73.5466536394724	-7.17782120175867	54.5466536394724
37225	22	15.7205666829507	91.3492916463117	-6.27943331704934	69.3492916463117
37226	13	13.2515876893014	81.0835368832438	0.251587689301417	68.0835368832438
37227	13	15.9804592085979	83.1626770884221	2.98045920859795	70.1626770884221
37228	13	17.6047874938935	91.1543722520762	4.6047874938935	78.1543722520762
37229	13	14.0312652662433	82.1231069858329	1.03126526624328	69.1231069858329
37230	13	14.8109428431851	83.6174890083048	1.81094284318515	70.6174890083048
37231	52	40.0205178309722	126.044943820225	-11.9794821690278	74.0449438202247
37232	60	70.6878358573522	93.42843185149	10.6878358573522	33.42843185149
37233	25	9.41817293600391	73.8715192965315	-15.5818270639961	48.8715192965315
37234	24	20.6585246702491	84.7870053737176	-3.34147532975086	60.7870053737176
37235	22	12.4069369809477	90.1797752808989	-9.59306301905227	68.1797752808989
37236	17	17.2799218368344	82.9677576941866	0.27992183683439	65.9677576941866
37237	17	15.3307278944797	82.5129457743039	-1.66927210552027	65.5129457743039
37238	60	55.5490962383977	87.9057156814851	-4.45090376160235	27.9057156814851
37240	60	39.1108939912066	47.9472398632145	-20.8891060087934	-12.0527601367855
37241	60	42.5544699560332	48.7918905715681	-17.4455300439668	-11.2081094284319
37246	32	23.0625305324866	41.3199804592086	-8.93746946751343	9.31998045920859
37247	32	22.7376648754275	43.2042012701514	-9.26233512457254	11.2042012701514
37248	32	21.6980947728383	77.1851489985344	-10.3019052271617	45.1851489985344
37249	37	33.4582315583781	54.1196873473376	-3.54176844162188	17.1196873473376
37250	36	28.8451392281387	37.9413776257938	-7.15486077186126	1.94137762579384
37251	37	32.3536883243771	46.7777234978017	-4.64631167562287	9.77772349780166
37252	37	30.4694675134343	38.2012701514411	-6.53053248656571	1.20127015144113
37253	37	30.1446018563752	38.5911089399121	-6.85539814362482	1.59110893991207
37254	37	33.9780166096727	45.543234000977	-3.02198339032731	8.54323400097704
37255	37	29.6248168050806	38.5911089399121	-7.37518319491939	1.59110893991207
37256	37	30.5994137762579	38.3961895456766	-6.40058622374206	1.3961895456766
37257	37	32.5486077186126	44.0488519785051	-4.4513922813874	7.04885197850513
37258	38	29.8197361993161	36.9667806546165	-8.18026380068393	-1.03321934538349
37259	37	26.7010258915486	44.5686370297997	-10.2989741084514	7.5686370297997
37260	37	30.1446018563752	81.3434294088911	-6.85539814362482	44.3434294088911
37261	37	34.95261358085	75.170981924768	-2.04738641914997	38.170981924768
37262	37	31.1841719589643	38.6560820713239	-5.81582804103566	1.65608207132389
37263	37	28.1304347826087	79.0043966780655	-8.8695652173913	42.0043966780655
37264	37	27.6106497313141	75.170981924768	-9.38935026868588	38.170981924768
37265	37	25.5315095261358	76.6653639472399	-11.4684904738642	39.6653639472399
37266	37	33.3932584269663	45.2183683439179	-3.60674157303371	8.21836834391793
37267	37	29.6248168050806	43.3341475329751	-7.37518319491939	6.33414753297509
37268	37	33.4582315583781	69.4533463605276	-3.54176844162188	32.4533463605276
37269	37	28.5202735710796	69.1934538348803	-8.47972642892037	32.1934538348803
37270	37	31.8339032730826	43.2042012701514	-5.16609672691744	6.20420127015144
37271	37	31.4440644846116	44.5036638983879	-5.55593551538837	7.50366389838788
37272	37	31.5740107474353	43.3991206643869	-5.42598925256473	6.39912066438691
37273	37	29.0400586223742	78.6795310210064	-7.9599413776258	41.6795310210064
37274	37	33.6531509526136	46.4528578407425	-3.34684904738642	9.45285784074255
37275	37	32.2237420615535	45.4132877381534	-4.77625793844651	8.41328773815339
37276	37	32.2237420615535	45.2183683439179	-4.77625793844651	8.21836834391793
37277	37	33.2633121641426	45.6082071323889	-3.73668783585735	8.60820713238886
37278	37	31.8988764044944	73.0918417195896	-5.10112359550562	36.0918417195896
37279	37	30.1446018563752	37.2916463116756	-6.85539814362482	0.29164631167562
37280	37	30.4044943820225	37.2916463116756	-6.59550561797753	0.29164631167562
37281	37	30.4694675134343	44.5036638983879	-6.53053248656571	7.50366389838788
37282	37	26.571079628725	73.2217879824133	-10.428920371275	36.2217879824133
37283	37	30.0146555935515	37.4215925744993	-6.98534440644846	0.421592574499265
37284	37	29.3649242794333	37.161700048852	-7.63507572056668	0.161700048851976
37285	37	32.1587689301417	45.0234489496825	-4.84123106985833	8.02344894968246
37286	37	36.057156814851	75.0410356619443	-0.942843185149002	38.0410356619443
37287	37	35.7972642892037	53.8597948216903	-1.20273571079629	16.8597948216903
37288	34	31.7039570102589	45.543234000977	-2.29604298974109	11.543234000977
37289	34	23.5173424523693	42.8793356130923	-10.4826575476307	8.87933561309233
37290	34	20.2037127503664	44.113825109917	-13.7962872496336	10.113825109917
37291	34	29.3649242794333	43.4640937957987	-4.63507572056668	9.46409379579873
37292	33	33.2633121641426	46.2579384465071	0.263312164142647	13.2579384465071
37293	33	26.181240840254	43.2691744015633	-6.81875915974597	10.2691744015633
37294	33	31.3790913531998	46.7127503663898	-1.6209086468002	13.7127503663898
37295	33	31.4440644846116	45.6731802638007	-1.55593551538837	12.6731802638007
37296	33	25.5315095261358	41.5148998534441	-7.46849047386419	8.51489985344406
37297	33	28.7801660967269	81.2784562774792	-4.21983390327308	48.2784562774792
37298	33	28.9750854909624	79.6541279921837	-4.02491450903762	46.6541279921837
37299	33	23.4523693209575	76.4054714215926	-9.5476306790425	43.4054714215926
37300	33	30.2745481191988	41.6448461162677	-2.72545188080117	8.64484611626771
37301	33	30.0796287249634	43.1392281387396	-2.92037127503664	10.1392281387396
37302	34	16.7601367855398	41.7747923790914	-17.2398632144602	7.77479237909135
37304	46	41.5798729848559	48.7269174401563	-4.42012701514412	2.72691744015633
37305	46	40.4103566194431	51.1958964338056	-5.58964338055691	5.19589643380557
37306	46	41.4499267220322	49.6365412799218	-4.55007327796776	3.63654127992184
37307	47	40.1504640937958	74.4562774792379	-6.8495359062042	27.4562774792379
37308	47	33.5232046897899	73.2867611138251	-13.4767953102101	26.2867611138251
37309	47	42.0346849047386	48.9868099658036	-4.96531509526136	1.98680996580362
37310	43	13.1216414264778	68.4137762579385	-29.8783585735222	25.4137762579385
37311	37	38.5261358085002	85.761602344895	1.52613580850024	48.761602344895
37312	37	20.8534440644846	81.5383488031265	-16.1465559355154	44.5383488031265
37313	44	22.0879335613092	47.5574010747435	-21.9120664386908	3.55740107474352
37314	53	13.6414264777723	49.5065950170982	-39.3585735222277	-3.49340498290181
37315	53	22.2828529555447	79.6541279921837	-30.7171470444553	26.6541279921837
37316	39	17.4748412310699	79.4592085979482	-21.5251587689301	40.4592085979482
37317	43	49.9614069369809	75.9506595017098	6.96140693698095	32.9506595017098
37318	42	66.0747435271128	79.1993160723009	24.0747435271128	37.1993160723009
37319	42	63.9956033219345	78.6145578895945	21.9956033219345	36.6145578895945
37320	42	34.3678553981436	79.3942354665364	-7.63214460185637	37.3942354665364
37321	42	65.7498778700537	80.5637518319492	23.7498778700537	38.5637518319492
37322	42	66.7244748412311	77.7699071812408	24.7244748412311	35.7699071812408
37323	42	66.8544211040547	79.6541279921837	24.8544211040547	37.6541279921837
37324	42	64.7103077674646	81.2134831460674	22.7103077674646	39.2134831460674
37325	42	63.0210063507572	79.3942354665364	21.0210063507572	37.3942354665364
37326	43	26.7010258915486	54.5744992672203	-16.2989741084514	11.5744992672203
37327	43	39.9555446995603	87.7757694186615	-3.04445530043967	44.7757694186615
37328	43	29.8847093307279	136.505617977528	-13.1152906692721	93.5056179775281
37330	43	33.1983390327308	77.9648265754763	-9.80166096726917	34.9648265754763
37331	43	31.6389838788471	78.4846116267709	-11.3610161211529	35.4846116267709
37332	43	29.6248168050806	98.8212017586712	-13.3751831949194	55.8212017586712
37337	43	30.1446018563752	51.7156814851001	-12.8553981436248	8.71568148510015
37339	43	13.7063996091842	94.7928676111382	-29.2936003908158	51.7928676111382
37340	43	28.1954079140205	101.550073277968	-14.8045920859795	58.5500732779678
37342	43	26.6360527601368	80.1739130434783	-16.3639472398632	37.1739130434783
37343	43	66.3346360527601	81.1485100146556	23.3346360527601	38.1485100146556
37344	44	33.3932584269663	77.0552027357108	-10.6067415730337	33.0552027357108
37347	44	31.1841719589643	74.5862237420615	-12.8158280410357	30.5862237420615
37348	43	25.6614557889595	52.6902784562775	-17.3385442110405	9.69027845627748
37349	43	26.9609184171959	51.6507083536883	-16.0390815828041	8.65070835368832
