36455	104	128.14509037616	135.248168050806	24.1450903761602	31.2481680508061
36456	104	116.069858329262	121.752320468979	12.0698583292623	17.752320468979
36457	104	109.677088422081	113.228627259404	5.6770884220811	9.22862725940401
36458	104	112.518319491939	117.490473864192	8.51831949193942	13.4904738641915
36459	104	160.108939912066	168.632633121641	56.1089399120664	64.6326331216414
36460	104	177.866634098681	180.707865168539	73.866634098681	76.7078651685393
36461	130	72.0307767464582	77.7132388861749	-57.9692232535418	-52.2867611138251
36463	104	91.209086468002	99.7327796775769	-12.790913531998	-4.26722032242306
36465	104	148.744015632633	153.005862237421	44.7440156326331	49.0058622374206
36466	104	75.5823155837812	81.9750854909624	-28.4176844162188	-22.0249145090376
36467	104	96.8915486077186	165.081094284319	-7.10845139228138	61.0810942843185
36468	107	147.323400097704	154.42647777235	40.323400097704	47.4264777723498
36469	107	278.020029311187	281.57156814851	171.020029311187	174.57156814851
36470	107	84.1060087933561	90.4987787005374	-22.8939912066439	-16.5012212994626
36471	107	79.8441621885686	86.9472398632145	-27.1558378114314	-20.0527601367855
36472	107	246.766487542745	251.738641914998	139.766487542745	144.738641914998
36473	107	69.8998534440645	77.7132388861749	-37.1001465559355	-29.2867611138251
36474	107	275.889106008793	279.440644846116	168.889106008793	172.440644846116
36475	107	150.874938935027	164.370786516854	43.8749389350269	57.3707865168539
36476	107	79.8441621885686	85.5266243282853	-27.1558378114314	-21.4733756717147
36477	107	172.894479726429	177.156326331216	65.8944797264289	70.1563263312164
36478	45	64.9276990718124	67.7689301416707	19.9276990718124	22.7689301416707
36479	45	54.2730825598437	57.114313629702	9.27308255984368	12.114313629702
36480	45	57.114313629702	59.9555446995603	12.114313629702	14.9555446995603
36481	45	56.4040058622374	59.2452369320958	11.4040058622374	14.2452369320958
36482	45	54.9833903273083	58.5349291646312	9.98339032730826	13.5349291646312
36483	45	67.7689301416707	71.3204689789937	22.7689301416707	26.3204689789937
36484	52	51.4318514899853	54.9833903273083	-0.568148510014652	2.98339032730826
36485	52	120.33170493405	121.752320468979	68.3317049340498	69.752320468979
36486	52	64.2173913043478	67.7689301416707	12.2173913043478	15.7689301416707
36487	46	83.3957010258916	84.8163165608207	37.3957010258916	38.8163165608207
36488	111	134.537860283341	148.744015632633	23.5378602833415	37.7440156326331
36493	52	87.657547630679	94.7606253053249	35.657547630679	42.7606253053249
36494	52	89.0781631656082	95.4709330727894	37.0781631656082	43.4709330727894
36496	52	93.3400097703957	107.546165119687	41.3400097703957	55.5461651196874
36498	69	87.657547630679	93.3400097703957	18.657547630679	24.3400097703957
36499	69	259.552027357108	269.496336101612	190.552027357108	200.496336101612
36501	60	158.688324377137	166.501709819248	98.6883243771373	106.501709819248
36502	60	116.780166096727	121.042012701514	56.7801660967269	61.0420127015144
36503	48	95.4709330727894	101.863702979971	47.4709330727894	53.8637029799707
36504	48	93.3400097703957	100.443087445042	45.3400097703957	52.4430874450415
36505	48	101.863702979971	106.125549584758	53.8637029799707	58.1255495847582
36506	48	101.153395212506	106.835857352223	53.1533952125061	58.8358573522228
36507	48	99.7327796775769	106.835857352223	51.7327796775769	58.8358573522228
36508	48	99.7327796775769	105.415241817294	51.7327796775769	57.4152418172936
36509	48	101.153395212506	105.415241817294	53.1533952125061	57.4152418172936
36510	48	101.153395212506	107.546165119687	53.1533952125061	59.5461651196874
36511	48	101.863702979971	107.546165119687	53.8637029799707	59.5461651196874
36512	48	98.3121641426478	104.704934049829	50.3121641426478	56.704934049829
36513	48	99.7327796775769	105.415241817294	51.7327796775769	57.4152418172936
36514	48	95.4709330727894	101.863702979971	47.4709330727894	53.8637029799707
36515	48	84.8163165608207	92.6297020029311	36.8163165608207	44.6297020029311
36516	48	87.657547630679	94.0503175378603	39.657547630679	46.0503175378603
36517	48	103.2843185149	115.359550561798	55.2843185148999	67.3595505617978
36518	48	89.7884709330728	98.3121641426478	41.7884709330728	50.3121641426478
36519	48	90.4987787005374	99.0224719101124	42.4987787005374	51.0224719101124
36520	48	89.7884709330728	96.8915486077186	41.7884709330728	48.8915486077186
36521	33	144.482169027846	157.978016609673	111.482169027846	124.978016609673
36522	33	138.089399120664	141.640937957987	105.089399120664	108.640937957987
36523	33	140.930630190523	145.19247679531	107.930630190523	112.19247679531
36524	33	101.153395212506	106.125549584758	68.1533952125061	73.1255495847582
36525	33	143.771861260381	161.529555446996	110.771861260381	128.529555446996
36526	33	74.161700048852	80.5544699560332	41.161700048852	47.5544699560332
36527	51	83.3957010258916	89.0781631656082	32.3957010258916	38.0781631656082
36528	51	85.5266243282853	91.209086468002	34.5266243282853	40.209086468002
36529	51	102.574010747435	106.125549584758	51.5740107474353	55.1255495847582
36530	51	86.9472398632145	94.0503175378603	35.9472398632145	43.0503175378603
36531	51	86.2369320957499	92.6297020029311	35.2369320957499	41.6297020029311
36532	51	81.2647777234978	89.0781631656082	30.2647777234978	38.0781631656082
36533	51	86.9472398632145	99.0224719101124	35.9472398632145	48.0224719101124
36534	33	140.930630190523	159.398632144602	107.930630190523	126.398632144602
36536	77	144.482169027846	148.033707865169	67.4821690278456	71.0337078651685
36537	77	81.2647777234978	84.1060087933561	4.2647777234978	7.10600879335614
36538	94	135.958475818271	143.771861260381	41.9584758182706	49.7718612603811
36539	94	118.200781631656	123.172936003908	24.2007816316561	29.1729360039082
36540	94	127.434782608696	135.958475818271	33.4347826086957	41.9584758182706
36541	94	134.537860283341	143.771861260381	40.5378602833415	49.7718612603811
36542	94	153.005862237421	162.23986321446	59.0058622374206	68.2398632144602
36543	94	151.585246702491	193.493404982902	57.5852467024914	99.4934049829018
36544	41	99.9164631167562	105.411822178798	58.9164631167562	64.4118221787982
36545	41	101.166585246702	105.238397655105	60.1665852467025	64.238397655105
36546	41	98.723497801661	106.052760136786	57.723497801661	65.0527601367855
36547	41	106.867122618466	109.310210063508	65.8671226184661	68.3102100635076
36548	41	106.867122618466	109.310210063508	65.8671226184661	68.3102100635076
36549	41	104.424035173425	107.681485100147	63.4240351734245	66.6814851001466
36550	41	103.609672691744	107.681485100147	62.609672691744	66.6814851001466
36551	41	104.424035173425	109.310210063508	63.4240351734245	68.3102100635076
36552	41	99.5378602833415	105.238397655105	58.5378602833415	64.238397655105
36553	41	94.6516853932584	98.723497801661	53.6516853932584	57.723497801661
36554	41	102.795310210064	107.681485100147	61.7953102100635	66.6814851001466
36555	41	93.0229604298974	101.166585246702	52.0229604298974	60.1665852467025
36556	41	106.867122618466	140.255984367367	65.8671226184661	99.2559843673669
36557	41	102.795310210064	107.681485100147	61.7953102100635	66.6814851001466
36558	41	104.424035173425	108.495847581827	63.4240351734245	67.4958475818271
36559	41	96.2804103566194	101.980947728383	55.2804103566194	60.980947728383
36560	41	84.2154372252076	89.7107962872496	43.2154372252076	48.7107962872496
36561	41	86.5705911089399	94.4211040547142	45.5705911089399	53.4211040547142
36562	41	91.2808988764045	97.5613092330239	50.2808988764045	56.5613092330239
36563	41	103.056668295066	106.981924767953	62.0566682950659	65.9819247679531
36564	41	106.867122618466	112.56765999023	65.8671226184661	71.5676599902296
36566	57	148.033707865169	151.585246702491	91.0337078651685	94.5852467024914
36567	57	99.7327796775769	105.415241817294	42.7327796775769	48.4152418172936
36568	57	108.256472887152	112.518319491939	51.2564728871519	55.5183194919394
36569	57	102.574010747435	106.835857352223	45.5740107474353	49.8358573522228
36570	57	100.443087445042	108.256472887152	43.4430874450415	51.2564728871519
36571	57	111.09770395701	113.228627259404	54.0977039570103	56.228627259404
36572	106	391.078651685393	398.157303370787	285.078651685393	292.157303370787
36573	106	389.662921348315	396.741573033708	283.662921348315	290.741573033708
36574	92	278.730337078652	282.992183683439	186.730337078652	190.992183683439
36575	92	98.3121641426478	184.969711773327	6.31216414264779	92.9697117733268
36576	92	265.944797264289	297.198339032731	173.944797264289	205.198339032731
36577	51	91.209086468002	108.256472887152	40.209086468002	57.2564728871519
36578	27	145.902784562775	157.267708842208	118.902784562775	130.267708842208
36580	53	85.5168539325843	96.8583292623351	32.5168539325843	43.8583292623351
36581	71	104.877870053737	117.628236443576	33.8778700537372	46.628236443576
36582	70	415.136785539814	417.970200293112	345.136785539814	347.970200293112
36583	70	306.05031753786	309.592085979482	236.05031753786	239.592085979482
36584	70	145.254030288227	148.795798729849	75.2540302882267	78.7957987298486
36585	70	414.42843185149	417.970200293112	344.42843185149	347.970200293112
36586	71	388.927699071812	410.178309721544	317.927699071812	339.178309721544
36587	71	393.177821201759	412.303370786517	322.177821201759	341.303370786517
36588	70	95.6692721055203	149.504152418173	25.6692721055203	79.5041524181729
36589	70	88.5857352222765	99.9193942354665	18.5857352222765	29.9193942354665
36590	70	143.128969223254	147.3790913532	73.1289692232536	77.3790913531998
36591	70	148.795798729849	151.629213483146	78.7957987298486	81.6292134831461
36592	70	311.008793356131	313.133854421104	241.008793356131	243.133854421104
36593	70	147.3790913532	152.33756717147	77.3790913531998	82.3375671714705
36594	67	373.343917928676	376.885686370298	306.343917928676	309.885686370298
36595	58	142.420615534929	149.504152418173	84.4206155349292	91.5041524181729
36596	58	141.712261846605	149.504152418173	83.7122618466048	91.5041524181729
36597	58	143.837322911578	150.920859794822	85.8373229115779	92.9208597948217
36598	58	148.795798729849	151.629213483146	90.7957987298486	93.6292134831461
36599	58	396.011235955056	403.0947728383	338.011235955056	345.0947728383
36600	58	119.044943820225	127.545188080117	61.0449438202247	69.5451880801173
36601	58	391.052760136786	403.0947728383	333.052760136786	345.0947728383
36602	58	408.053248656571	422.928676111383	350.053248656571	364.928676111383
36607	104	112.518319491939	117.490473864192	8.51831949193942	13.4904738641915
36608	104	152.295554469956	157.267708842208	48.295554469956	53.2677088422081
36609	104	109.677088422081	116.780166096727	5.6770884220811	12.7801660967269
36610	104	91.209086468002	96.8915486077186	-12.790913531998	-7.10845139228138
36611	104	145.902784562775	150.874938935027	41.9027845627748	46.8749389350269
36612	82	94.7606253053249	106.125549584758	12.7606253053249	24.1255495847582
36613	82	144.482169027846	148.033707865169	62.4821690278456	66.0337078651685
36614	82	40.066927210552	42.9081582804104	-41.933072789448	-39.0918417195896
36615	82	145.902784562775	148.744015632633	63.9027845627748	66.7440156326331
36616	82	44.3287738153395	47.8803126526624	-37.6712261846605	-34.1196873473376
36618	82	43.6184660478749	46.4596971177333	-38.3815339521251	-35.5403028822667
36619	82	43.6184660478749	46.4596971177333	-38.3815339521251	-35.5403028822667
36620	82	79.1338544211041	83.3957010258916	-2.86614557889594	1.39570102589155
36621	82	43.6184660478749	45.7493893502687	-38.3815339521251	-36.2506106497313
36622	82	38.6463116756229	41.4875427454812	-43.3536883243771	-40.5124572545188
36623	67	161.022471910112	166.685393258427	94.0224719101124	99.685393258427
36624	64	96.6067415730337	112.887640449438	32.6067415730337	48.8876404494382
36625	67	163.14606741573	167.393258426966	96.1460674157303	100.393258426966
36626	67	163.14606741573	167.393258426966	96.1460674157303	100.393258426966
36627	67	163.85393258427	168.101123595506	96.8539325842696	101.101123595506
36628	67	161.022471910112	167.393258426966	94.0224719101124	100.393258426966
36629	93	151.585246702491	157.267708842208	58.5852467024914	64.2677088422081
36630	93	155.136785539814	158.688324377137	62.1367855398144	65.6883243771373
36631	141	161.529555446996	164.370786516854	20.5295554469956	23.3707865168539
36632	141	154.42647777235	157.978016609673	13.4264777723498	16.9780166096727
36633	141	160.819247679531	166.501709819248	19.819247679531	25.5017098192477
36634	41	86.2369320957499	94.0503175378603	45.2369320957499	53.0503175378603
36635	41	153.005862237421	156.557401074744	112.005862237421	115.557401074744
36636	141	146.613092330239	162.23986321446	5.61309233023937	21.2398632144602
36637	141	151.585246702491	160.819247679531	10.5852467024914	19.819247679531
36638	141	153.716170004885	160.819247679531	12.7161700048852	19.819247679531
36639	126	110.387396189546	117.490473864192	-15.6126038104543	-8.5095261358085
36640	86	157.267708842208	160.819247679531	71.2677088422081	74.819247679531
36641	86	150.164631167562	158.688324377137	64.1646311675623	72.6883243771373
36642	86	123.172936003908	135.958475818271	37.1729360039082	49.9584758182706
36643	86	501.056668295066	507.449438202247	415.056668295066	421.449438202247
36644	86	148.033707865169	157.267708842208	62.0337078651685	71.2677088422081
36645	75	112.518319491939	118.911089399121	37.5183194919394	43.9110893991207
36648	97	123.172936003908	140.220322423058	26.1729360039082	43.2203224230581
36649	96	490.402051783097	509.580361504641	394.402051783097	413.580361504641
36650	96	107.546165119687	115.359550561798	11.5461651196874	19.3595505617978
36651	69	148.744015632633	155.136785539814	79.7440156326331	86.1367855398144
36652	69	154.42647777235	161.529555446996	85.4264777723498	92.5295554469956
36653	69	148.033707865169	158.688324377137	79.0337078651685	89.6883243771373
36654	69	145.902784562775	151.585246702491	76.9027845627748	82.5852467024914
36655	69	146.613092330239	155.847093307279	77.6130923302394	86.847093307279
36656	69	150.164631167562	157.978016609673	81.1646311675623	88.9780166096727
36657	69	155.136785539814	162.23986321446	86.1367855398144	93.2398632144602
36658	69	152.295554469956	160.108939912066	83.295554469956	91.1089399120664
36659	69	147.323400097704	157.267708842208	78.323400097704	88.2677088422081
36660	39	123.883243771373	125.303859306302	84.8832437713727	86.3038593063019
36661	39	174.315095261358	177.866634098681	135.315095261358	138.866634098681
36662	39	178.576941866146	182.128480703469	139.576941866146	143.128480703469
36663	39	42.9081582804104	45.7493893502687	3.90815828041036	6.74938935026869
36664	39	123.883243771373	126.014167073766	84.8832437713727	87.0141670737665
36665	39	122.462628236444	124.593551538837	83.4626282364436	85.5935515388373
36666	39	122.462628236444	124.593551538837	83.4626282364436	85.5935515388373
36667	39	47.1700048851979	50.7215437225208	8.17000488519786	11.7215437225208
36668	39	81.2647777234978	82.685393258427	42.2647777234978	43.685393258427
36669	39	123.172936003908	125.303859306302	84.1729360039082	86.3038593063019
36670	45	123.172936003908	124.593551538837	78.1729360039082	79.5935515388373
36671	45	56.4040058622374	62.7967757694187	11.4040058622374	17.7967757694187
36672	45	74.161700048852	80.5544699560332	29.161700048852	35.5544699560332
36673	43	34.9912066438691	37.904738641915	-8.00879335613092	-5.095261358085
36674	43	34.9912066438691	36.933561309233	-8.00879335613092	-6.06643869076698
36675	69	389.610161211529	396.698583292623	320.610161211529	327.698583292623
36676	44	91.209086468002	98.3121641426478	47.209086468002	54.3121641426478
36677	50	91.209086468002	98.3121641426478	41.209086468002	48.3121641426478
36678	44	79.8441621885686	86.2369320957499	35.8441621885686	42.2369320957499
36679	46	45.7493893502687	106.125549584758	-0.250610649731314	60.1255495847582
36680	46	81.2647777234978	85.5266243282853	35.2647777234978	39.5266243282853
36681	46	106.125549584758	107.546165119687	60.1255495847582	61.5461651196874
36682	44	72.0307767464582	77.7132388861749	28.0307767464582	33.7132388861749
36683	44	77.7132388861749	81.9750854909624	33.7132388861749	37.9750854909624
36684	44	142.351245725452	145.902784562775	98.3512457254519	101.902784562775
36685	47	89.7884709330728	93.3400097703957	42.7884709330728	46.3400097703957
36686	47	87.657547630679	91.9193942354665	40.657547630679	44.9193942354665
36687	49	85.5266243282853	89.7884709330728	36.5266243282853	40.7884709330728
36688	49	90.4987787005374	97.6018563751832	41.4987787005374	48.6018563751832
36689	31	31.543234000977	31.543234000977	0.543234000977041	0.543234000977041
36690	31	31.543234000977	31.543234000977	0.543234000977041	0.543234000977041
36691	31	32.9638495359062	32.9638495359062	1.96384953590621	1.96384953590621
36692	33	32.9638495359062	32.9638495359062	-0.0361504640937937	-0.0361504640937937
36693	33	31.543234000977	32.9638495359062	-1.45676599902296	-0.0361504640937937
36694	25	60.6658524670249	63.5070835368832	35.6658524670249	38.5070835368832
36695	25	64.9276990718124	82.685393258427	39.9276990718124	57.685393258427
36696	25	63.5070835368832	69.8998534440645	38.5070835368832	44.8998534440645
36697	48	83.3957010258916	95.4709330727894	35.3957010258916	47.4709330727894
36698	48	101.863702979971	105.415241817294	53.8637029799707	57.4152418172936
36699	48	79.1338544211041	86.9472398632145	31.1338544211041	38.9472398632145
36700	48	74.161700048852	93.3400097703957	26.161700048852	45.3400097703957
36701	48	86.2369320957499	96.8915486077186	38.2369320957499	48.8915486077186
36702	48	84.1060087933561	95.4709330727894	36.1060087933561	47.4709330727894
36704	33	90.4987787005374	106.125549584758	57.4987787005374	73.1255495847582
36705	33	138.089399120664	162.950170981925	105.089399120664	129.950170981925
36706	26	150.874938935027	160.819247679531	124.874938935027	134.819247679531
36708	55	111.09770395701	118.200781631656	56.0977039570103	63.2007816316561
36709	55	150.874938935027	160.108939912066	95.8749389350269	105.108939912066
36710	55	115.359550561798	128.14509037616	60.3595505617978	73.1450903761602
36711	55	108.966780654617	120.33170493405	53.9667806546165	65.3317049340498
36712	55	125.303859306302	135.248168050806	70.3038593063019	80.2481680508061
36713	54	104.704934049829	108.966780654617	50.704934049829	54.9667806546165
36714	55	161.529555446996	167.212017586712	106.529555446996	112.212017586712
36715	55	161.529555446996	165.081094284319	106.529555446996	110.081094284319
36716	55	155.847093307279	159.398632144602	100.847093307279	104.398632144602
36717	55	135.248168050806	148.744015632633	80.2481680508061	93.7440156326331
36718	55	160.819247679531	170.053248656571	105.819247679531	115.053248656571
36719	55	162.950170981925	170.053248656571	107.950170981925	115.053248656571
36720	55	152.295554469956	155.847093307279	97.295554469956	100.847093307279
36721	55	117.490473864192	132.406936980948	62.4904738641915	77.4069369809477
36722	55	112.518319491939	122.462628236444	57.5183194919394	67.4626282364436
36723	55	138.799706888129	151.585246702491	83.799706888129	96.5852467024914
36724	32	110.387396189546	153.716170004885	78.3873961895457	121.716170004885
36725	64	34.3844650708354	40.066927210552	-29.6155349291646	-23.933072789448
36726	64	105.415241817294	115.359550561798	41.4152418172936	51.3595505617978
36727	64	136.668783585735	143.771861260381	72.6687835857352	79.7718612603811
36728	64	134.537860283341	139.510014655594	70.5378602833415	75.5100146555936
36729	64	79.1338544211041	84.1060087933561	15.1338544211041	20.1060087933561
36730	64	138.799706888129	143.771861260381	74.799706888129	79.7718612603811
36731	64	134.537860283341	137.3790913532	70.5378602833415	73.3790913531998
36732	55	72.0307767464582	78.4235466536395	17.0307767464582	23.4235466536395
36733	55	74.161700048852	80.5544699560332	19.161700048852	25.5544699560332
36734	55	57.114313629702	71.3204689789937	2.114313629702	16.3204689789937
36735	55	145.19247679531	148.744015632633	90.1924767953102	93.7440156326331
36736	55	77.0029311187103	82.685393258427	22.0029311187103	27.685393258427
36737	55	37.9360039081583	41.4875427454812	-17.0639960918417	-13.5124572545188
36738	55	44.3287738153395	52.1421592574499	-10.6712261846605	-2.85784074255007
36739	55	145.902784562775	148.744015632633	90.9027845627748	93.7440156326331
36740	55	147.323400097704	150.874938935027	92.323400097704	95.8749389350269
36741	55	147.323400097704	150.164631167562	92.323400097704	95.1646311675623
36742	55	45.7493893502687	57.8246213971666	-9.25061064973131	2.82462139716659
36743	55	84.1060087933561	94.0503175378603	29.1060087933561	39.0503175378603
36744	55	142.351245725452	145.19247679531	87.3512457254519	90.1924767953102
36745	45	89.5383488031265	110.108939912066	44.5383488031265	65.1089399120664
36746	45	87.4103566194431	107.980947728383	42.4103566194431	62.980947728383
36747	28	38.875915974597	41.7894479726429	10.875915974597	13.7894479726429
36748	28	32.0776746458232	32.0776746458232	4.07767464582315	4.07767464582315
36749	28	31.1064973131412	32.0776746458232	3.10649731314118	4.07767464582315
36750	28	32.0776746458232	32.0776746458232	4.07767464582315	4.07767464582315
36751	28	32.0776746458232	32.0776746458232	4.07767464582315	4.07767464582315
36752	28	32.0776746458232	32.0776746458232	4.07767464582315	4.07767464582315
36753	17	42.7606253053249	43.7318026380068	25.7606253053249	26.7318026380068
36754	32	176.783097215437	177.754274548119	144.783097215437	145.754274548119
36755	32	32.0776746458232	34.9912066438691	0.0776746458231514	2.99120664386908
36756	32	31.1064973131412	31.1064973131412	-0.89350268685882	-0.89350268685882
36757	90	169.342940889106	175.025403028823	79.342940889106	85.0254030288227
36758	90	160.108939912066	163.660478749389	70.1089399120664	73.6604787493894
36759	90	157.978016609673	161.529555446996	67.9780166096727	71.5295554469956
36760	90	73.4513922813874	81.2647777234978	-16.5486077186126	-8.7352222765022
36761	90	270.916951636541	280.150952613581	180.916951636541	190.150952613581
36762	90	151.585246702491	155.847093307279	61.5852467024914	65.847093307279
36766	33	37.9360039081583	40.066927210552	4.93600390815828	7.06692721055203
36771	33	37.9360039081583	40.066927210552	4.93600390815828	7.06692721055203
36772	33	36.5153883732291	37.9360039081583	3.51538837322911	4.93600390815828
36773	35	32.0776746458232	32.0776746458232	-2.92232535417685	-2.92232535417685
36774	35	32.0776746458232	32.0776746458232	-2.92232535417685	-2.92232535417685
36775	35	105.887151929653	111.714215925745	70.8871519296531	76.714215925745
36776	35	39.8470933072789	41.7894479726429	4.84709330727895	6.78944797264289
36777	35	35.9623839765511	37.904738641915	0.962383976551052	2.904738641915
36778	35	34.0200293111871	35.9623839765511	-0.979970688812898	0.962383976551052
36779	35	34.0200293111871	34.9912066438691	-0.979970688812898	-0.0087933561309228
36780	35	34.0200293111871	35.9623839765511	-0.979970688812898	0.962383976551052
36781	35	35.9623839765511	37.904738641915	0.962383976551052	2.904738641915
36782	35	36.933561309233	39.8470933072789	1.93356130923302	4.84709330727895
36783	35	34.9912066438691	36.933561309233	-0.0087933561309228	1.93356130923302
36784	35	39.8470933072789	42.7606253053249	4.84709330727895	7.76062530532487
36785	35	37.904738641915	39.8470933072789	2.904738641915	4.84709330727895
36786	35	102.973619931607	105.887151929653	67.9736199316072	70.8871519296531
36787	35	36.933561309233	38.875915974597	1.93356130923302	3.87591597459697
36788	35	34.9912066438691	35.9623839765511	-0.0087933561309228	0.962383976551052
36789	35	34.9912066438691	35.9623839765511	-0.0087933561309228	0.962383976551052
36790	35	39.8470933072789	40.8182706399609	4.84709330727895	5.81827063996091
36791	125	297.198339032731	309.273571079629	172.198339032731	184.273571079629
36792	125	278.730337078652	285.833414753298	153.730337078652	160.833414753298
36793	125	146.613092330239	150.874938935027	21.6130923302394	25.8749389350269
36794	125	153.005862237421	155.847093307279	28.0058622374206	30.847093307279
36795	125	155.847093307279	160.108939912066	30.847093307279	35.1089399120664
36796	125	146.613092330239	150.874938935027	21.6130923302394	25.8749389350269
36797	125	155.847093307279	160.108939912066	30.847093307279	35.1089399120664
36798	125	143.771861260381	150.874938935027	18.7718612603811	25.8749389350269
36799	125	145.902784562775	151.585246702491	20.9027845627748	26.5852467024914
36800	125	142.351245725452	148.744015632633	17.3512457254519	23.7440156326331
36801	125	157.267708842208	161.529555446996	32.2677088422081	36.5295554469956
36802	96	148.744015632633	154.42647777235	52.7440156326331	58.4264777723498
36803	122	135.958475818271	138.089399120664	13.9584758182706	16.0893991206644
36804	130	146.613092330239	155.136785539814	16.6130923302394	25.1367855398144
36805	74	146.613092330239	276.599413776258	72.6130923302394	202.599413776258
36806	74	147.323400097704	150.874938935027	73.323400097704	76.8749389350269
36807	117	148.033707865169	153.005862237421	31.0337078651685	36.0058622374206
36808	117	148.033707865169	150.874938935027	31.0337078651685	33.8749389350269
36809	117	148.744015632633	153.005862237421	31.7440156326331	36.0058622374206
36810	117	148.744015632633	155.136785539814	31.7440156326331	38.1367855398144
36811	117	147.323400097704	152.295554469956	30.323400097704	35.295554469956
36812	117	149.454323400098	155.136785539814	32.4543234000977	38.1367855398144
36813	117	148.033707865169	153.716170004885	31.0337078651685	36.7161700048852
36814	117	146.613092330239	152.295554469956	29.6130923302394	35.295554469956
36815	117	98.3121641426478	99.0224719101124	-18.6878358573522	-17.9775280898876
36816	117	139.510014655594	148.744015632633	22.5100146555936	31.7440156326331
36817	117	146.613092330239	153.005862237421	29.6130923302394	36.0058622374206
36818	117	148.033707865169	153.005862237421	31.0337078651685	36.0058622374206
36819	125	149.454323400098	157.978016609673	24.4543234000977	32.9780166096727
36820	125	141.640937957987	150.874938935027	16.6409379579873	25.8749389350269
36821	125	97.6018563751832	99.0224719101124	-27.3981436248168	-25.9775280898876
36822	125	96.8915486077186	98.3121641426478	-28.1084513922814	-26.6878358573522
36823	102	146.613092330239	153.716170004885	44.6130923302394	51.7161700048852
36824	117	94.0503175378603	96.8915486077186	-22.9496824621397	-20.1084513922814
36825	117	149.454323400098	153.716170004885	32.4543234000977	36.7161700048852
36826	117	148.744015632633	154.42647777235	31.7440156326331	37.4264777723498
36827	70	96.8915486077186	99.0224719101124	26.8915486077186	29.0224719101124
36828	70	86.2369320957499	89.0781631656082	16.2369320957499	19.0781631656082
36829	70	94.0503175378603	96.8915486077186	24.0503175378603	26.8915486077186
36830	67	158.870053737176	165.258426966292	91.8700537371763	98.2584269662921
36831	43	79.8441621885686	81.2647777234978	36.8441621885686	38.2647777234978
36832	43	84.1060087933561	85.5266243282853	41.1060087933561	42.5266243282853
36833	43	52.1421592574499	56.4040058622374	9.14215925744993	13.4040058622374
36834	121	403.803126526624	415.136785539814	282.803126526624	294.136785539814
36835	153	413.720078163166	421.511968734734	260.720078163166	268.511968734734
36836	153	411.595017098192	422.928676111383	258.595017098192	269.928676111383
36837	148	418.678553981436	437.09574987787	270.678553981436	289.09574987787
36838	132	487.388861748901	505.806057645335	355.388861748901	373.806057645335
36839	148	466.13825109917	496.597459697118	318.13825109917	348.597459697118
36840	148	415.845139228139	424.345383488031	267.845139228139	276.345383488031
36841	49	94.4831460674157	98.7303370786517	45.4831460674157	49.7303370786517
36842	49	90.9438202247191	95.8988764044944	41.9438202247191	46.8988764044944
36843	50	543.269662921348	550.348314606741	493.269662921348	500.348314606741
36844	81	152.52808988764	158.898876404494	71.5280898876404	77.8988764044944
36845	81	159.606741573034	165.269662921348	78.6067415730337	84.2696629213483
36847	68	106.516853932584	113.595505617978	38.5168539325843	45.5955056179775
36848	75	160.314606741573	166.685393258427	85.314606741573	91.685393258427
36849	319	407.296042989741	434.287738153395	88.2960429897411	115.287738153395
36850	55	103.2843185149	126.724474841231	48.2843185148999	71.7244748412311
36851	55	85.5266243282853	103.2843185149	30.5266243282853	48.2843185148999
36852	55	81.9750854909624	95.4709330727894	26.9750854909624	40.4709330727894
36853	55	110.387396189546	130.986321446019	55.3873961895457	75.9863214460186
36854	55	85.5266243282853	102.574010747435	30.5266243282853	47.5740107474353
36855	55	94.0503175378603	107.546165119687	39.0503175378603	52.5461651196874
36856	55	102.574010747435	114.649242794333	47.5740107474353	59.6492427943332
36857	55	77.7132388861749	86.9472398632145	22.7132388861749	31.9472398632145
36858	55	81.2647777234978	89.0781631656082	26.2647777234978	34.0781631656082
36859	41	37.9360039081583	42.1978505129458	-3.06399609184172	1.19785051294578
36860	30	74.161700048852	79.1338544211041	44.161700048852	49.1338544211041
36861	41	37.2256961406937	41.4875427454812	-3.7743038593063	0.487542745481193
36862	41	156.557401074744	161.529555446996	115.557401074744	120.529555446996
36863	41	37.9360039081583	42.1978505129458	-3.06399609184172	1.19785051294578
36864	41	136.668783585735	139.510014655594	95.6687835857352	98.5100146555936
36865	41	111.09770395701	120.33170493405	70.0977039570103	79.3317049340498
36866	41	81.2647777234978	85.5266243282853	40.2647777234978	44.5266243282853
36867	41	131.696629213483	135.958475818271	90.6966292134832	94.9584758182706
36868	41	167.922325354177	170.763556424035	126.922325354177	129.763556424035
36869	48	39.3566194430874	41.4875427454812	-8.64338055691255	-6.51245725451881
36870	48	40.066927210552	41.4875427454812	-7.93307278944797	-6.51245725451881
36871	48	40.7772349780166	45.0390815828041	-7.22276502198339	-2.96091841719589
36872	48	37.9360039081583	40.066927210552	-10.0639960918417	-7.93307278944797
36873	48	37.9360039081583	40.066927210552	-10.0639960918417	-7.93307278944797
36874	48	39.3566194430874	40.7772349780166	-8.64338055691255	-7.22276502198339
36875	48	44.3287738153395	46.4596971177333	-3.67122618466048	-1.54030288226673
36876	41	42.1978505129458	46.4596971177333	1.19785051294578	5.45969711773327
36877	41	79.1338544211041	84.1060087933561	38.1338544211041	43.1060087933561
36878	41	87.657547630679	94.7606253053249	46.657547630679	53.7606253053249
36879	41	38.6463116756229	41.4875427454812	-2.35368832437714	0.487542745481193
36880	41	42.9081582804104	48.590620420127	1.90815828041036	7.59062042012702
36881	82	85.5168539325843	94.0229604298974	3.51685393258427	12.0229604298974
36882	71	259.552027357108	272.33756717147	188.552027357108	201.33756717147
36884	105	110.387396189546	121.752320468979	5.38739618954568	16.752320468979
36885	105	148.744015632633	160.819247679531	43.7440156326331	55.819247679531
36886	105	949.260869565217	966.308255984367	844.260869565217	861.308255984367
36887	105	118.200781631656	158.688324377137	13.2007816316561	53.6883243771373
36889	105	148.744015632633	159.398632144602	43.7440156326331	54.3986321446019
36900	45	86.9472398632145	101.153395212506	41.9472398632145	56.1533952125061
36902	68	112.518319491939	124.593551538837	44.5183194919394	56.5935515388373
36903	68	81.9750854909624	114.649242794333	13.9750854909624	46.6492427943332
36904	68	104.704934049829	117.490473864192	36.704934049829	49.4904738641915
36905	68	82.685393258427	111.09770395701	14.685393258427	43.0977039570103
36917	39	94.0503175378603	103.994626282364	55.0503175378603	64.9946262823644
36918	39	89.7884709330728	99.0224719101124	50.7884709330728	60.0224719101124
36920	56	383.145578895945	398.062042012702	327.145578895945	342.062042012702
36921	56	398.772349780166	412.978505129458	342.772349780166	356.978505129458
36922	56	414.399120664387	447.073277967758	358.399120664387	391.073277967758
36924	56	378.883732291158	393.089887640449	322.883732291158	337.089887640449
36925	56	86.9472398632145	90.4987787005374	30.9472398632145	34.4987787005374
36928	56	163.660478749389	169.342940889106	107.660478749389	113.342940889106
36929	56	161.529555446996	168.632633121641	105.529555446996	112.632633121641
36931	35	81.9750854909624	88.3678553981436	46.9750854909624	53.3678553981436
36932	35	83.3957010258916	89.0781631656082	48.3957010258916	54.0781631656082
36933	40	102.002442598925	108.800683927699	62.0024425989253	68.8006839276991
36934	40	39.8470933072789	44.7029799706888	-0.152906692721054	4.70297997068881
36935	40	126.281875915975	129.195407914021	86.2818759159746	89.1954079140205
36936	40	35.9623839765511	37.904738641915	-4.03761602344895	-2.095261358085
36937	35	157.359550561798	162.215437225208	122.359550561798	127.215437225208
36938	42	35.9623839765511	39.8470933072789	-6.03761602344895	-2.15290669272105
36939	42	106.858329262335	112.685393258427	64.8583292623351	70.685393258427
36940	39	36.933561309233	39.8470933072789	-2.06643869076698	0.847093307278946
36941	45	29.1641426477772	36.933561309233	-15.8358573522228	-8.06643869076698
36942	45	35.9623839765511	44.7029799706888	-9.03761602344895	-0.297020029311192
36943	28	115.99706888129	118.123595505618	87.9970688812897	90.123595505618
36944	52	72.867122618466	82.5788959452858	20.867122618466	30.5788959452858
36946	52	102.973619931607	111.714215925745	50.9736199316072	59.714215925745
36947	52	105.887151929653	113.656570591109	53.8871519296531	61.6565705911089
36948	52	77.7230092818759	85.4924279433317	25.7230092818759	33.4924279433317
36949	67	36.5153883732291	40.066927210552	-30.4846116267709	-26.933072789448
36950	75	35.8050806057645	38.6463116756229	-39.1949193942355	-36.3536883243771
36951	75	103.994626282364	108.256472887152	28.9946262823644	33.2564728871519
36952	75	101.153395212506	104.704934049829	26.1533952125061	29.704934049829
36953	75	103.994626282364	108.256472887152	28.9946262823644	33.2564728871519
36954	75	99.7327796775769	103.994626282364	24.7327796775769	28.9946262823644
36955	75	101.153395212506	107.546165119687	26.1533952125061	32.5461651196874
36956	75	96.8915486077186	103.994626282364	21.8915486077186	28.9946262823644
36957	75	96.181240840254	165.081094284319	21.181240840254	90.0810942843185
36958	75	38.6463116756229	41.4875427454812	-36.3536883243771	-33.5124572545188
36959	75	99.0224719101124	106.125549584758	24.0224719101124	31.1255495847582
36960	75	94.7606253053249	100.443087445042	19.7606253053249	25.4430874450415
36961	75	107.546165119687	114.649242794333	32.5461651196874	39.6492427943332
36962	75	96.8915486077186	102.574010747435	21.8915486077186	27.5740107474353
36963	75	105.415241817294	111.808011724475	30.4152418172936	36.8080117244749
36964	75	106.835857352223	114.649242794333	31.8358573522228	39.6492427943332
36965	75	93.3400097703957	99.7327796775769	18.3400097703957	24.7327796775769
36966	75	91.209086468002	99.7327796775769	16.209086468002	24.7327796775769
36967	75	102.574010747435	106.835857352223	27.5740107474353	31.8358573522228
36968	75	97.6018563751832	105.415241817294	22.6018563751832	30.4152418172936
36969	75	94.0503175378603	99.0224719101124	19.0503175378603	24.0224719101124
36970	75	101.863702979971	106.125549584758	26.8637029799707	31.1255495847582
36971	75	100.443087445042	105.415241817294	25.4430874450415	30.4152418172936
36972	75	101.153395212506	105.415241817294	26.1533952125061	30.4152418172936
36973	75	101.153395212506	104.704934049829	26.1533952125061	29.704934049829
36974	75	102.574010747435	108.256472887152	27.5740107474353	33.2564728871519
36975	75	35.8050806057645	39.3566194430874	-39.1949193942355	-35.6433805569126
36976	75	102.574010747435	105.415241817294	27.5740107474353	30.4152418172936
36977	75	103.2843185149	106.835857352223	28.2843185148999	31.8358573522228
36978	75	97.6018563751832	101.863702979971	22.6018563751832	26.8637029799707
36979	75	37.9360039081583	40.066927210552	-37.0639960918417	-34.933072789448
36980	75	37.2256961406937	39.3566194430874	-37.7743038593063	-35.6433805569126
36981	75	101.863702979971	104.704934049829	26.8637029799707	29.704934049829
36982	75	37.9360039081583	40.066927210552	-37.0639960918417	-34.933072789448
36983	75	100.443087445042	104.704934049829	25.4430874450415	29.704934049829
36984	75	99.7327796775769	105.415241817294	24.7327796775769	30.4152418172936
36985	75	37.9360039081583	103.2843185149	-37.0639960918417	28.2843185148999
36986	75	99.7327796775769	103.2843185149	24.7327796775769	28.2843185148999
36987	75	37.2256961406937	39.3566194430874	-37.7743038593063	-35.6433805569126
36988	75	37.9360039081583	40.7772349780166	-37.0639960918417	-34.2227650219834
36989	75	99.7327796775769	107.546165119687	24.7327796775769	32.5461651196874
36990	75	103.994626282364	108.966780654617	28.9946262823644	33.9667806546165
36991	75	98.3121641426478	102.574010747435	23.3121641426478	27.5740107474353
36992	75	98.3121641426478	103.994626282364	23.3121641426478	28.9946262823644
36993	75	106.835857352223	112.518319491939	31.8358573522228	37.5183194919394
36994	75	94.7606253053249	99.7327796775769	19.7606253053249	24.7327796775769
36995	75	100.443087445042	103.994626282364	25.4430874450415	28.9946262823644
36996	75	36.5153883732291	39.3566194430874	-38.4846116267709	-35.6433805569126
36997	75	97.6018563751832	101.153395212506	22.6018563751832	26.1533952125061
36998	75	99.0224719101124	103.2843185149	24.0224719101124	28.2843185148999
36999	79	100.443087445042	104.704934049829	21.4430874450415	25.704934049829
37000	79	96.8915486077186	102.574010747435	17.8915486077186	23.5740107474353
37001	79	101.863702979971	108.256472887152	22.8637029799707	29.2564728871519
37002	101	455.596971177333	462.700048851979	354.596971177333	361.700048851979
37008	29	37.2256961406937	40.066927210552	8.2256961406937	11.066927210552
37011	29	83.3957010258916	86.9472398632145	54.3957010258916	57.9472398632145
37013	29	114.649242794333	119.621397166585	85.6492427943332	90.6213971665853
37014	29	36.5153883732291	41.4875427454812	7.51538837322911	12.4875427454812
37017	29	160.819247679531	165.081094284319	131.819247679531	136.081094284319
37020	29	38.6463116756229	44.3287738153395	9.64631167562286	15.3287738153395
37021	29	40.7772349780166	45.7493893502687	11.7772349780166	16.7493893502687
37025	29	36.5153883732291	40.7772349780166	7.51538837322911	11.7772349780166
37026	91	126.218368343918	273.150952613581	35.2183683439179	182.150952613581
37028	40	144.482169027846	157.978016609673	104.482169027846	117.978016609673
37029	63	43.6184660478749	88.3678553981436	-19.3815339521251	25.3678553981436
37030	63	99.0224719101124	103.994626282364	36.0224719101124	40.9946262823644
37031	63	40.7772349780166	89.0781631656082	-22.2227650219834	26.0781631656082
37032	63	39.3566194430874	45.0390815828041	-23.6433805569126	-17.9609184171959
37035	63	81.2647777234978	85.5266243282853	18.2647777234978	22.5266243282853
37036	63	79.8441621885686	86.2369320957499	16.8441621885686	23.2369320957499
37037	63	37.9360039081583	40.7772349780166	-25.0639960918417	-22.2227650219834
37038	63	40.7772349780166	44.3287738153395	-22.2227650219834	-18.6712261846605
37039	61	150.164631167562	153.716170004885	89.1646311675623	92.7161700048852
37041	61	86.9472398632145	95.4709330727894	25.9472398632145	34.4709330727894
37042	61	41.4875427454812	44.3287738153395	-19.5124572545188	-16.6712261846605
37043	63	158.688324377137	162.950170981925	95.6883243771373	99.9501709819248
37044	63	37.2256961406937	39.3566194430874	-25.7743038593063	-23.6433805569126
37045	63	35.8050806057645	38.6463116756229	-27.1949193942355	-24.3536883243771
37046	63	37.9360039081583	41.4875427454812	-25.0639960918417	-21.5124572545188
37047	63	80.5544699560332	87.657547630679	17.5544699560332	24.657547630679
37048	63	40.066927210552	43.6184660478749	-22.933072789448	-19.3815339521251
37049	63	137.3790913532	141.640937957987	74.3790913531998	78.6409379579873
37050	29	39.8470933072789	40.8182706399609	10.8470933072789	11.8182706399609
37051	71	84.8163165608207	91.9193942354665	13.8163165608207	20.9193942354665
37052	71	90.4987787005374	103.2843185149	19.4987787005374	32.2843185148999
37053	71	131.696629213483	143.771861260381	60.6966292134832	72.7718612603811
37054	83	94.0503175378603	101.153395212506	11.0503175378603	18.1533952125061
37055	71	82.685393258427	84.8163165608207	11.685393258427	13.8163165608207
37056	71	81.9750854909624	84.1060087933561	10.9750854909624	13.1060087933561
37057	71	145.19247679531	148.033707865169	74.1924767953102	77.0337078651685
37058	71	94.7606253053249	109.677088422081	23.7606253053249	38.6770884220811
37059	71	99.0224719101124	106.835857352223	28.0224719101124	35.8358573522228
37060	71	145.19247679531	150.164631167562	74.1924767953102	79.1646311675623
37061	71	91.209086468002	96.8915486077186	20.209086468002	25.8915486077186
37062	71	148.744015632633	151.585246702491	77.7440156326331	80.5852467024914
37063	83	150.874938935027	158.688324377137	67.8749389350269	75.6883243771373
37064	83	99.7327796775769	106.835857352223	16.7327796775769	23.8358573522228
37065	83	108.256472887152	112.518319491939	25.2564728871519	29.5183194919394
37066	83	99.0224719101124	107.546165119687	16.0224719101124	24.5461651196874
37067	83	100.443087445042	138.089399120664	17.4430874450415	55.0893991206644
37068	48	83.3957010258916	84.1060087933561	35.3957010258916	36.1060087933561
37069	49	35.9623839765511	36.933561309233	-13.0376160234489	-12.066438690767
37070	49	32.0776746458232	32.0776746458232	-16.9223253541768	-16.9223253541768
37071	49	36.933561309233	38.875915974597	-12.066438690767	-10.124084025403
37072	49	103.944797264289	104.915974596971	54.9447972642892	55.9159745969712
37073	49	36.933561309233	38.875915974597	-12.066438690767	-10.124084025403
37074	49	144.734245236932	148.61895456766	95.7342452369321	99.61895456766
37075	49	102.973619931607	109.771861260381	53.9736199316072	60.771861260381
37076	49	36.933561309233	37.904738641915	-12.066438690767	-11.095261358085
37077	49	35.9623839765511	37.904738641915	-13.0376160234489	-11.095261358085
37078	49	35.9623839765511	36.933561309233	-13.0376160234489	-12.066438690767
37079	49	36.933561309233	38.875915974597	-12.066438690767	-10.124084025403
37080	49	102.002442598925	107.829506595017	53.0024425989253	58.8295065950171
37081	49	42.7606253053249	44.7029799706888	-6.23937469467513	-4.29702002931119
37082	49	36.933561309233	38.875915974597	-12.066438690767	-10.124084025403
37083	49	36.933561309233	38.875915974597	-12.066438690767	-10.124084025403
37084	42	96.1753786028334	100.060087933561	54.1753786028334	58.0600879335613
37085	42	34.9912066438691	35.9623839765511	-7.00879335613092	-6.03761602344895
37086	42	34.0200293111871	35.9623839765511	-7.9799706888129	-6.03761602344895
37087	42	34.9912066438691	35.9623839765511	-7.00879335613092	-6.03761602344895
37088	42	34.9912066438691	35.9623839765511	-7.00879335613092	-6.03761602344895
37089	68	34.9912066438691	35.9623839765511	-33.0087933561309	-32.0376160234489
37090	68	96.1753786028334	99.0889106008793	28.1753786028334	31.0889106008793
37091	68	99.0889106008793	101.031265266243	31.0889106008793	33.0312652662433
37092	68	36.933561309233	37.904738641915	-31.066438690767	-30.095261358085
37093	113	158.004396678065	164.379579872985	45.0043966780655	51.3795798729849
37094	58	113.228627259404	118.911089399121	55.228627259404	60.9110893991207
37095	96	285.123106985833	291.515876893014	189.123106985833	195.515876893014
37096	96	278.730337078652	283.702491450904	182.730337078652	187.702491450904
37097	96	275.178798241329	278.730337078652	179.178798241329	182.730337078652
37098	39	42.1978505129458	42.9081582804104	3.19785051294578	3.90815828041036
37099	39	59.9555446995603	60.6658524670249	20.9555446995603	21.6658524670249
37100	39	42.1978505129458	42.9081582804104	3.19785051294578	3.90815828041036
37101	39	36.5153883732291	37.2256961406937	-2.48461162677089	-1.7743038593063
37102	39	36.5153883732291	37.9360039081583	-2.48461162677089	-1.06399609184172
37103	39	37.2256961406937	37.9360039081583	-1.7743038593063	-1.06399609184172
37104	39	36.5153883732291	37.2256961406937	-2.48461162677089	-1.7743038593063
37105	39	36.5153883732291	37.2256961406937	-2.48461162677089	-1.7743038593063
37106	39	35.8050806057645	36.5153883732291	-3.19491939423546	-2.48461162677089
37107	39	37.2256961406937	38.6463116756229	-1.7743038593063	-0.353688324377138
37109	104	147.323400097704	149.454323400098	43.323400097704	45.4543234000977
37110	100	36.5153883732291	39.3566194430874	-63.4846116267709	-60.6433805569126
37111	100	148.033707865169	149.454323400098	48.0337078651685	49.4543234000977
37112	100	148.744015632633	151.585246702491	48.7440156326331	51.5852467024914
37113	104	148.033707865169	152.295554469956	44.0337078651685	48.295554469956
37114	104	146.613092330239	148.744015632633	42.6130923302394	44.7440156326331
37115	100	149.454323400098	153.716170004885	49.4543234000977	53.7161700048852
37116	100	35.8050806057645	38.6463116756229	-64.1949193942355	-61.3536883243771
37117	98	36.5153883732291	39.3566194430874	-61.4846116267709	-58.6433805569126
37118	98	145.902784562775	148.033707865169	47.9027845627748	50.0337078651685
37119	98	148.744015632633	154.42647777235	50.7440156326331	56.4264777723498
37120	104	151.585246702491	157.978016609673	47.5852467024914	53.9780166096727
37121	98	146.613092330239	149.454323400098	48.6130923302394	51.4543234000977
37122	98	154.42647777235	158.688324377137	56.4264777723498	60.6883243771373
37123	98	146.613092330239	148.744015632633	48.6130923302394	50.7440156326331
37124	98	157.978016609673	160.108939912066	59.9780166096727	62.1089399120664
37125	98	148.033707865169	152.295554469956	50.0337078651685	54.295554469956
37126	104	148.033707865169	158.688324377137	44.0337078651685	54.6883243771373
37127	98	157.267708842208	160.108939912066	59.2677088422081	62.1089399120664
37128	98	148.744015632633	153.716170004885	50.7440156326331	55.7161700048852
37129	104	147.323400097704	150.164631167562	43.323400097704	46.1646311675623
37130	104	147.323400097704	150.874938935027	43.323400097704	46.8749389350269
37131	104	150.164631167562	157.978016609673	46.1646311675623	53.9780166096727
37132	104	146.613092330239	148.744015632633	42.6130923302394	44.7440156326331
37133	104	148.033707865169	150.874938935027	44.0337078651685	46.8749389350269
37134	104	37.9360039081583	40.7772349780166	-66.0639960918417	-63.2227650219834
37135	104	148.744015632633	151.585246702491	44.7440156326331	47.5852467024914
37136	98	39.3566194430874	42.9081582804104	-58.6433805569126	-55.0918417195896
37137	98	158.688324377137	161.529555446996	60.6883243771373	63.5295554469956
37138	98	39.3566194430874	42.1978505129458	-58.6433805569126	-55.8021494870542
37139	104	148.033707865169	149.454323400098	44.0337078651685	45.4543234000977
37140	100	32.9638495359062	35.0947728383	-67.0361504640938	-64.9052271617001
37141	98	148.033707865169	151.585246702491	50.0337078651685	53.5852467024914
37142	97	39.3566194430874	43.6184660478749	-57.6433805569126	-53.3815339521251
37143	104	35.8050806057645	38.6463116756229	-68.1949193942355	-65.3536883243771
37144	104	147.323400097704	150.164631167562	43.323400097704	46.1646311675623
37145	104	154.42647777235	158.688324377137	50.4264777723498	54.6883243771373
37146	104	155.136785539814	158.688324377137	51.1367855398144	54.6883243771373
37147	104	155.847093307279	158.688324377137	51.847093307279	54.6883243771373
37148	104	148.033707865169	151.585246702491	44.0337078651685	47.5852467024914
37149	104	150.164631167562	157.978016609673	46.1646311675623	53.9780166096727
37150	104	37.9360039081583	147.323400097704	-66.0639960918417	43.323400097704
37151	95	150.874938935027	154.42647777235	55.8749389350269	59.4264777723498
37152	95	159.398632144602	163.660478749389	64.3986321446019	68.6604787493894
37153	95	153.716170004885	156.557401074744	58.7161700048852	61.5574010747435
37154	95	157.267708842208	160.108939912066	62.2677088422081	65.1089399120664
37155	95	149.454323400098	153.005862237421	54.4543234000977	58.0058622374206
37156	95	151.585246702491	157.267708842208	56.5852467024914	62.2677088422081
37157	95	154.42647777235	157.978016609673	59.4264777723498	62.9780166096727
37158	95	153.716170004885	156.557401074744	58.7161700048852	61.5574010747435
37159	95	154.42647777235	157.267708842208	59.4264777723498	62.2677088422081
37160	78	155.136785539814	157.978016609673	77.1367855398144	79.9780166096727
37161	78	150.874938935027	155.136785539814	72.8749389350269	77.1367855398144
37162	78	147.323400097704	151.585246702491	69.323400097704	73.5852467024914
37163	78	103.994626282364	105.415241817294	25.9946262823644	27.4152418172936
37164	78	161.529555446996	162.950170981925	83.5295554469956	84.9501709819248
37165	78	158.688324377137	160.108939912066	80.6883243771373	82.1089399120664
37166	78	162.950170981925	165.791402051783	84.9501709819248	87.7914020517831
37167	78	34.3844650708354	37.2256961406937	-43.6155349291646	-40.7743038593063
37168	78	162.23986321446	165.791402051783	84.2398632144602	87.7914020517831
37169	78	158.688324377137	160.819247679531	80.6883243771373	82.819247679531
37170	78	148.744015632633	164.370786516854	70.7440156326331	86.3707865168539
37171	78	33.6741573033708	37.2256961406937	-44.3258426966292	-40.7743038593063
37172	78	37.9360039081583	40.066927210552	-40.0639960918417	-37.933072789448
37173	78	130.986321446019	138.089399120664	52.9863214460186	60.0893991206644
37174	78	153.005862237421	156.557401074744	75.0058622374206	78.5574010747435
37175	78	104.704934049829	106.125549584758	26.704934049829	28.1255495847582
37176	78	150.874938935027	154.42647777235	72.8749389350269	76.4264777723498
37177	78	155.136785539814	157.978016609673	77.1367855398144	79.9780166096727
37178	78	146.613092330239	148.744015632633	68.6130923302394	70.7440156326331
37179	78	153.005862237421	156.557401074744	75.0058622374206	78.5574010747435
37180	78	153.716170004885	157.978016609673	75.7161700048852	79.9780166096727
37181	78	153.005862237421	162.23986321446	75.0058622374206	84.2398632144602
37182	78	157.978016609673	160.819247679531	79.9780166096727	82.819247679531
37183	78	36.5153883732291	39.3566194430874	-41.4846116267709	-38.6433805569126
37184	78	35.8050806057645	38.6463116756229	-42.1949193942355	-39.3536883243771
37186	50	96.181240840254	137.3790913532	46.181240840254	87.3790913531998
37187	90	143.771861260381	148.033707865169	53.7718612603811	58.0337078651685
37188	90	143.061553492916	145.902784562775	53.0615534929165	55.9027845627748
37189	48	161.529555446996	166.501709819248	113.529555446996	118.501709819248
37190	48	123.172936003908	135.958475818271	75.1729360039082	87.9584758182706
37191	48	158.688324377137	170.053248656571	110.688324377137	122.053248656571
37192	48	119.621397166585	126.014167073766	71.6213971665853	78.0141670737665
37193	48	162.950170981925	168.632633121641	114.950170981925	120.632633121641
37194	81	126.724474841231	133.827552515877	45.7244748412311	52.8275525158769
37195	81	126.724474841231	135.248168050806	45.7244748412311	54.2481680508061
37196	37	116.069858329262	127.434782608696	79.0698583292623	90.4347826086957
37197	37	134.537860283341	140.930630190523	97.5378602833415	103.930630190523
37198	37	133.117244748412	141.640937957987	96.1172447484123	104.640937957987
37199	37	134.537860283341	143.061553492916	97.5378602833415	106.061553492916
37200	37	133.117244748412	142.351245725452	96.1172447484123	105.351245725452
37201	37	117.490473864192	125.303859306302	80.4904738641915	88.3038593063019
37202	37	130.986321446019	137.3790913532	93.9863214460186	100.3790913532
37203	37	118.200781631656	126.724474841231	81.2007816316561	89.7244748412311
37204	102	113.938935026869	121.042012701514	11.9389350268686	19.0420127015144
37205	37	111.808011724475	120.33170493405	74.8080117244749	83.3317049340498
37206	37	128.855398143625	138.089399120664	91.8553981436248	101.089399120664
37207	37	123.172936003908	132.406936980948	86.1729360039082	95.4069369809477
37208	81	153.005862237421	162.950170981925	72.0058622374206	81.9501709819248
37209	62	99.438202247191	110.056179775281	37.438202247191	48.0561797752809
37210	62	90.9438202247191	96.6067415730337	28.9438202247191	34.6067415730337
37211	62	92.3595505617977	98.0224719101124	30.3595505617977	36.0224719101124
37212	56	91.6516853932584	98.0224719101124	35.6516853932584	42.0224719101124
37213	64	164.561797752809	168.808988764045	100.561797752809	104.808988764045
37214	36	130.276013678554	138.799706888129	94.276013678554	102.799706888129
37215	54	83.3957010258916	84.8163165608207	29.3957010258916	30.8163165608207
37216	54	84.1060087933561	85.5266243282853	30.1060087933561	31.5266243282853
37217	49	124.593551538837	126.724474841231	75.5935515388373	77.7244748412311
37218	49	57.8246213971666	61.3761602344895	8.82462139716659	12.3761602344895
37219	49	59.9555446995603	62.7967757694187	10.9555446995603	13.7967757694187
37220	49	123.883243771373	126.724474841231	74.8832437713727	77.7244748412311
37221	49	59.9555446995603	62.0864680019541	10.9555446995603	13.0864680019541
37222	52	121.042012701514	123.883243771373	69.0420127015144	71.8832437713727
37223	52	124.593551538837	126.724474841231	72.5935515388373	74.7244748412311
37224	115	272.33756717147	295.067415730337	157.33756717147	180.067415730337
37225	133	383.230581338544	395.280898876404	250.230581338544	262.280898876404
37226	68	156.557401074744	166.501709819248	88.5574010747435	98.5017098192477
37227	68	99.7327796775769	287.254030288227	31.7327796775769	219.254030288227
37228	68	456.307278944797	464.830972154372	388.307278944797	396.830972154372
37229	68	122.462628236444	130.986321446019	54.4626282364436	62.9863214460186
37230	68	145.902784562775	162.23986321446	77.9027845627748	94.2398632144602
37231	31	148.744015632633	153.005862237421	117.744015632633	122.005862237421
37232	81	139.510014655594	150.164631167562	58.5100146555936	69.1646311675623
37233	39	295.777723497802	314.245725451881	256.777723497802	275.245725451881
37234	66	150.164631167562	162.23986321446	84.1646311675623	96.2398632144602
37235	166	289.38495359062	492.532975085491	123.38495359062	326.532975085491
37236	122	476.055202735711	483.847093307279	354.055202735711	361.847093307279
37237	122	462.596482657548	471.09672691744	340.596482657548	349.09672691744
37238	81	88.3678553981436	91.9193942354665	7.36785539814363	10.9193942354665
37240	81	81.9750854909624	82.685393258427	0.975085490962385	1.68539325842697
37241	81	79.8441621885686	80.5544699560332	-1.15583781143135	-0.445530043966784
37246	77	98.3121641426478	106.125549584758	21.3121641426478	29.1255495847582
37247	77	88.3678553981436	96.8915486077186	11.3678553981436	19.8915486077186
37248	77	133.117244748412	140.220322423058	56.1172447484123	63.2203224230581
37249	44	89.0781631656082	94.0503175378603	45.0781631656082	50.0503175378603
37250	65	93.3400097703957	96.8915486077186	28.3400097703957	31.8915486077186
37251	44	110.387396189546	117.490473864192	66.3873961895457	73.4904738641915
37252	44	95.4709330727894	98.3121641426478	51.4709330727894	54.3121641426478
37253	44	90.4987787005374	93.3400097703957	46.4987787005374	49.3400097703957
37254	44	111.09770395701	116.780166096727	67.0977039570103	72.7801660967269
37255	44	91.209086468002	95.4709330727894	47.209086468002	51.4709330727894
37256	44	92.6297020029311	95.4709330727894	48.6297020029311	51.4709330727894
37257	44	79.1338544211041	83.3957010258916	35.1338544211041	39.3957010258916
37258	44	91.9193942354665	94.0503175378603	47.9193942354665	50.0503175378603
37259	44	91.209086468002	100.443087445042	47.209086468002	56.4430874450415
37260	44	81.2647777234978	91.209086468002	37.2647777234978	47.209086468002
37261	44	163.660478749389	166.501709819248	119.660478749389	122.501709819248
37262	44	96.181240840254	99.7327796775769	52.181240840254	55.7327796775769
37263	44	92.6297020029311	106.125549584758	48.6297020029311	62.1255495847582
37264	44	81.2647777234978	87.657547630679	37.2647777234978	43.657547630679
37265	44	88.3678553981436	97.6018563751832	44.3678553981436	53.6018563751832
37266	44	111.808011724475	115.359550561798	67.8080117244749	71.3595505617978
37267	44	164.370786516854	167.212017586712	120.370786516854	123.212017586712
37268	44	54.9833903273083	58.5349291646312	10.9833903273083	14.5349291646312
37269	44	57.114313629702	62.0864680019541	13.114313629702	18.0864680019541
37270	44	145.902784562775	149.454323400098	101.902784562775	105.454323400098
37271	44	84.8163165608207	90.4987787005374	40.8163165608207	46.4987787005374
37272	44	64.9276990718124	69.1895456765999	20.9276990718124	25.1895456765999
37273	44	96.8915486077186	105.415241817294	52.8915486077186	61.4152418172936
37274	44	117.490473864192	121.752320468979	73.4904738641915	77.752320468979
37275	44	74.161700048852	78.4235466536395	30.161700048852	34.4235466536395
37276	44	117.490473864192	121.042012701514	73.4904738641915	77.0420127015144
37277	44	165.081094284319	167.212017586712	121.081094284319	123.212017586712
37278	44	168.632633121641	172.894479726429	124.632633121641	128.894479726429
37279	44	91.209086468002	94.0503175378603	47.209086468002	50.0503175378603
37280	44	90.4987787005374	94.0503175378603	46.4987787005374	50.0503175378603
37281	44	152.295554469956	155.847093307279	108.295554469956	111.847093307279
37282	44	71.3204689789937	77.0029311187103	27.3204689789937	33.0029311187103
37283	44	92.6297020029311	95.4709330727894	48.6297020029311	51.4709330727894
37284	44	42.1978505129458	45.0390815828041	-1.80214948705422	1.03908158280411
37285	44	78.4235466536395	82.685393258427	34.4235466536395	38.685393258427
37286	44	104.704934049829	109.677088422081	60.704934049829	65.6770884220811
37287	44	164.370786516854	166.501709819248	120.370786516854	122.501709819248
37288	76	148.744015632633	152.295554469956	72.7440156326331	76.295554469956
37289	76	111.09770395701	116.780166096727	35.0977039570103	40.7801660967269
37290	76	94.0503175378603	99.7327796775769	18.0503175378603	23.7327796775769
37291	76	114.649242794333	118.911089399121	38.6492427943332	42.9110893991207
37292	58	96.181240840254	101.863702979971	38.181240840254	43.8637029799707
37293	92	151.585246702491	155.136785539814	59.5852467024914	63.1367855398144
37294	92	143.771861260381	149.454323400098	51.7718612603811	57.4543234000977
37295	92	92.6297020029311	103.2843185149	0.629702002931126	11.2843185148999
37296	92	99.7327796775769	112.518319491939	7.73277967757694	20.5183194919394
37297	92	103.2843185149	109.677088422081	11.2843185148999	17.6770884220811
37298	92	94.0503175378603	99.7327796775769	2.05031753786029	7.73277967757694
37299	92	96.8915486077186	113.228627259404	4.89154860771862	21.228627259404
37300	83	87.657547630679	90.4987787005374	4.65754763067905	7.49877870053737
37301	83	106.835857352223	113.228627259404	23.8358573522228	30.228627259404
37302	76	106.125549584758	113.938935026869	30.1255495847582	37.9389350268686
37304	55	103.994626282364	109.677088422081	48.9946262823644	54.6770884220811
37305	55	125.303859306302	130.986321446019	70.3038593063019	75.9863214460186
37306	55	118.911089399121	124.593551538837	63.9110893991207	69.5935515388373
37307	51	103.2843185149	109.677088422081	52.2843185148999	58.6770884220811
37308	51	149.454323400098	157.267708842208	98.4543234000977	106.267708842208
37309	51	81.9750854909624	86.9472398632145	30.9750854909624	35.9472398632145
37310	133	165.791402051783	279.440644846116	32.7914020517831	146.440644846116
37311	73	274.468490473864	277.309721543723	201.468490473864	204.309721543723
37312	73	275.889106008793	279.440644846116	202.889106008793	206.440644846116
37313	165	135.958475818271	143.771861260381	-29.0415241817294	-21.2281387396189
37314	83	160.819247679531	167.212017586712	77.819247679531	84.2120175867123
37315	83	140.220322423058	153.716170004885	57.2203224230581	70.7161700048852
37316	120	268.786028334148	276.599413776258	148.786028334148	156.599413776258
37317	57	34.3844650708354	38.6463116756229	-22.6155349291646	-18.3536883243771
37318	61	83.3957010258916	86.2369320957499	22.3957010258916	25.2369320957499
37319	61	89.7884709330728	94.7606253053249	28.7884709330728	33.7606253053249
37320	61	108.256472887152	113.228627259404	47.2564728871519	52.228627259404
37321	61	90.4987787005374	94.7606253053249	29.4987787005374	33.7606253053249
37322	61	91.9193942354665	95.4709330727894	30.9193942354665	34.4709330727894
37323	61	89.7884709330728	92.6297020029311	28.7884709330728	31.6297020029311
37324	61	87.657547630679	91.209086468002	26.657547630679	30.209086468002
37325	61	87.657547630679	93.3400097703957	26.657547630679	32.3400097703957
37326	57	57.114313629702	69.8998534440645	0.114313629702004	12.8998534440645
37327	52	86.9472398632145	93.3400097703957	34.9472398632145	41.3400097703957
37328	52	763.870542256961	770.263312164143	711.870542256961	718.263312164143
37330	52	35.8050806057645	40.7772349780166	-16.1949193942355	-11.2227650219834
37331	52	34.3844650708354	37.9360039081583	-17.6155349291646	-14.0639960918417
37332	52	26.571079628725	30.8329262335125	-25.428920371275	-21.1670737664875
37337	52	40.066927210552	42.1978505129458	-11.933072789448	-9.80214948705422
37339	52	487.560820713239	586.293600390816	435.560820713239	534.293600390816
37340	52	89.7884709330728	101.863702979971	37.7884709330728	49.8637029799707
37342	52	94.0503175378603	101.153395212506	42.0503175378603	49.1533952125061
37343	52	91.209086468002	95.4709330727894	39.209086468002	43.4709330727894
37344	49	27.9916951636541	30.8329262335125	-21.0083048363459	-18.1670737664875
37347	49	92.6297020029311	98.3121641426478	43.6297020029311	49.3121641426478
37348	57	84.1060087933561	91.209086468002	27.1060087933561	34.209086468002
37349	57	85.5266243282853	91.209086468002	28.5266243282853	34.209086468002
