36455	183	176.690278456277	181.719589643381	-6.30972154372253	-1.28041035661946
36456	183	189.870542256961	195.073277967758	6.87054225696141	12.0732779677577
36457	183	190.911089399121	195.420127015144	7.91108939912067	12.4201270151441
36458	183	188.136297020029	193.165608207132	5.1362970200293	10.1656082071324
36459	183	149.115779189057	153.451392281387	-33.8842208109428	-29.5486077186126
36460	183	178.771372740596	186.922325354177	-4.22862725940402	3.92232535417685
36461	218	229.547630679042	238.801172447484	11.5476306790425	20.8011724474841
36463	240	208.332193453835	217.360039081583	-31.6678065461651	-22.6399609184172
36465	240	209.460674157303	216.457254518808	-30.5393258426967	-23.542745481192
36466	240	210.363458720078	217.585735222276	-29.6365412799219	-22.4142647777235
36467	240	213.974596971177	220.971177332682	-26.0254030288227	-19.028822667318
36468	236	232.030288226673	239.703957010259	-3.96971177332682	3.70395701025893
36469	236	237.221299462628	245.572056668295	1.22129946262822	9.57205666829503
36470	236	226.613580850024	234.061553492916	-9.38641914997561	-1.93844650708354
36471	236	225.259404005862	234.061553492916	-10.7405959941378	-1.93844650708354
36472	236	218.939912066439	226.839276990718	-17.0600879335613	-9.16072300928187
36473	236	199.530043966781	208.783585735222	-36.4699560332194	-27.2164142647777
36474	236	218.939912066439	226.839276990718	-17.0600879335613	-9.16072300928187
36475	236	221.422569614069	227.742061553493	-14.5774303859307	-8.25793844650707
36476	236	234.28724963361	240.832437713727	-1.71275036638986	4.83243771372742
36477	236	242.638006839277	249.183194919394	6.63800683927695	13.1831949193942
36478	280	223.002442598925	229.547630679042	-56.9975574010747	-50.4523693209575
36479	280	232.255984367367	238.124084025403	-47.7440156326331	-41.875915974597
36480	280	227.967757694187	233.384465070835	-52.0322423058134	-46.6155349291647
36481	280	224.356619443087	230.224719101124	-55.6433805569126	-49.7752808988764
36482	280	233.835857352223	240.606741573034	-46.1641426477772	-39.3932584269663
36483	280	245.572056668295	250.76306790425	-34.427943331705	-29.2369320957499
36484	273	242.863702979971	248.280410356619	-30.1362970200293	-24.7195896433806
36485	273	239.929653150953	245.346360527601	-33.0703468490474	-27.6536394723987
36486	273	228.419149975574	233.610161211529	-44.580850024426	-39.389838788471
36487	281	230.676111382511	235.867122618466	-50.323888617489	-45.1328773815339
36488	222	179.032730825598	189.408891060088	-42.9672691744016	-32.5911089399121
36493	238	223.86174890083	231.665852467025	-14.1382510991695	-6.33414753297509
36494	238	216.231069858329	222.474352711285	-21.7689301416708	-15.5256472887152
36496	238	206.866145578896	216.924767953102	-31.133854421104	-21.0752320468979
36498	301	257.504640937958	262.09672691744	-43.495359062042	-38.9032730825598
36499	241	207.906692721055	217.271617000489	-33.0933072789448	-23.7283829995115
36501	209	151.196873473376	156.746458231558	-57.8031265266243	-52.2535417684416
36502	209	205.305324865657	211.028334147533	-3.69467513434296	2.02833414753297
36503	223	211.375183194919	218.485588666341	-11.6248168050806	-4.51441133365901
36504	223	207.906692721055	215.017098192477	-15.0933072789448	-7.98290180752321
36505	223	211.028334147533	216.924767953102	-11.971665852467	-6.0752320468979
36506	223	211.201758671226	217.098192476795	-11.7982413287738	-5.9018075232047
36507	223	209.987787005374	216.404494382022	-13.0122129946263	-6.59550561797752
36508	223	211.548607718613	217.618466047875	-11.4513922813874	-5.38153395212507
36509	223	208.773815339521	214.67024914509	-14.2261846604788	-8.32975085490963
36510	223	209.987787005374	216.057645334636	-13.0122129946263	-6.94235466536395
36511	223	209.987787005374	216.231069858329	-13.0122129946263	-6.76893014167075
36512	223	211.028334147533	217.098192476795	-11.971665852467	-5.9018075232047
36513	223	214.323400097704	220.393258426966	-8.67659990229606	-2.6067415730337
36514	223	213.282852955545	219.352711284807	-9.71714704445532	-3.64728871519299
36515	223	211.028334147533	219.352711284807	-11.971665852467	-3.64728871519299
36516	223	212.936003908158	219.872984855887	-10.0639960918417	-3.12701514411333
36517	223	204.958475818271	211.895456765999	-18.0415241817294	-11.104543234001
36518	223	212.762579384465	219.352711284807	-10.2374206155349	-3.64728871519299
36519	223	215.017098192477	222.821201758671	-7.98290180752321	-0.178798241328792
36520	223	213.629702002931	220.04640937958	-9.37029799706889	-2.95359062042013
36521	246	219.005862237421	228.370786516854	-26.9941377625794	-17.6292134831461
36522	246	216.751343429409	222.994626282364	-29.2486565705911	-23.0053737176356
36523	246	220.393258426966	227.503663898388	-25.6067415730337	-18.4963361016121
36524	246	222.127503663898	228.544211040547	-23.8724963361016	-17.4557889594529
36525	246	209.81436248168	218.659013190034	-36.1856375183195	-27.3409868099658
36526	246	216.577918905716	223.514899853444	-29.4220810942843	-22.4851001465559
36527	174	193.685881778212	202.530532486566	19.685881778212	28.5305324865657
36528	174	198.021494870542	205.825598436737	24.0214948705423	31.8255984367367
36529	174	205.305324865657	212.068881289692	31.305324865657	38.0688812896922
36530	174	202.530532486566	209.294088910601	28.5305324865657	35.2940889106009
36531	174	199.755740107474	206.692721055203	25.7557401074743	32.6927210552027
36532	174	203.224230581339	212.242305813385	29.2242305813385	38.2423058133854
36533	174	191.257938446507	200.62286272594	17.2579384465071	26.6228627259404
36534	246	205.825598436737	215.363947239863	-40.1744015632633	-30.6360527601368
36536	221	220.537371763556	225.300439667807	-0.462628236443578	4.30043966780653
36537	221	227.205666829507	231.587689301417	6.20566682950658	10.5876893014167
36538	207	161.856375183195	168.334147532975	-45.1436248168051	-38.6658524670249
36539	207	185.671714704446	190.053737176356	-21.3282852955545	-16.9462628236444
36540	207	189.863214460186	194.435759648266	-17.1367855398144	-12.5642403517342
36541	207	177.669760625305	182.432828529555	-29.3302393746947	-24.5671714704445
36542	207	165.666829506595	172.335124572545	-41.333170493405	-34.6648754274548
36543	207	171.763556424035	179.574987787005	-35.2364435759648	-27.4250122129946
36544	209	203.571079628725	208.947239863214	-5.42892037127504	-0.0527601367855368
36545	207	217.271617000489	222.474352711285	10.2716170004885	15.4743527112848
36546	207	211.201758671226	216.577918905716	4.20175867122617	9.57791890571568
36547	207	214.67024914509	220.04640937958	7.67024914509037	13.0464093795799
36548	207	219.5261358085	225.249145090376	12.5261358085002	18.2491450903761
36549	207	221.954079140205	227.156814851001	14.9540791402052	20.1568148510015
36550	207	215.537371763556	221.780654616512	8.53737176355642	14.780654616512
36551	207	214.323400097704	221.607230092819	7.32340009770394	14.6072300928188
36552	207	215.363947239863	220.393258426966	8.36394723986322	13.3932584269663
36553	207	217.445041524182	222.474352711285	10.4450415241817	15.4743527112848
36554	207	215.537371763556	222.821201758671	8.53737176355642	15.8212017586712
36555	207	212.936003908158	220.393258426966	5.93600390815828	13.3932584269663
36556	207	210.85490962384	217.965315095261	3.85490962383977	10.9653150952614
36557	207	213.456277479238	222.300928187592	6.45627747923791	15.3009281875916
36558	207	217.271617000489	222.994626282364	10.2716170004885	15.9946262823644
36559	207	213.803126526624	220.566682950659	6.80312652662431	13.5666829506595
36560	209	205.47874938935	211.201758671226	-3.52125061064973	2.20175867122617
36561	209	205.47874938935	210.161211529067	-3.52125061064973	1.16121152906692
36562	209	206.345872007816	211.548607718613	-2.6541279921837	2.5486077186126
36563	209	208.773815339521	213.803126526624	-0.226184660478765	4.80312652662431
36564	207	209.640937957987	219.872984855887	2.64093795798729	12.8729848558867
36566	241	179.118221787982	184.667806546165	-61.8817782120176	-56.3321934538349
36567	241	202.703957010259	207.559843673669	-38.2960429897411	-33.4401563263312
36568	241	192.298485588666	197.674645823156	-48.7015144113337	-43.3253541768442
36569	241	200.969711773327	206.51929653151	-40.0302882266732	-34.4807034684905
36570	241	198.194919394235	204.611626770884	-42.8050806057645	-36.3883732291158
36571	241	203.050806057645	207.559843673669	-37.9491939423547	-33.4401563263312
36572	165	172.897899364924	181.925744992672	7.89789936492429	16.9257449926722
36573	165	171.092330239375	180.57156814851	6.09233023937469	15.57156814851
36574	243	236.769907181241	248.506106497313	-6.23009281875915	5.50610649731311
36575	243	239.929653150953	247.151929653151	-3.07034684904738	4.15192965315094
36576	243	206.752320468979	223.453834880313	-36.247679531021	-19.5461651196874
36577	211	195.23595505618	205.889594528578	-15.7640449438202	-5.11040547142159
36578	217	155.927699071812	164.009770395701	-61.0723009281876	-52.990229604299
36580	185	194.626282364436	210.630190522716	9.62628236443575	25.6301905227162
36581	172	171.092330239375	181.474352711285	-0.907669760625311	9.47435271128478
36582	174	184.408402540303	194.339032730826	10.4084025403029	20.3390327308256
36583	174	188.696629213483	196.821690278456	14.6966292134832	22.8216902784563
36584	174	183.957010258915	189.373717635564	9.95701025891549	15.3737176355642
36585	174	182.151441133366	191.179286761114	8.15144113336589	17.1792867611138
36586	172	160.258915486077	175.154860771861	-11.7410845139228	3.15486077186125
36587	172	167.481191988275	182.151441133366	-4.5188080117245	10.1514411333659
36588	174	178.991695163654	186.66536394724	4.99169516365413	12.6653639472399
36589	174	180.120175867123	185.536883243771	6.12017586712261	11.5368832437713
36590	174	177.186126038105	181.248656570591	3.18612603810453	7.24865657059109
36591	174	179.668783585735	184.182706399609	5.66878358573524	10.1827063996092
36592	174	185.762579384465	192.082071323889	11.7625793844651	18.0820713238886
36593	174	182.37713727406	188.922325354177	8.37713727405958	14.9223253541768
36594	175	185.536883243771	191.856375183195	10.5368832437713	16.8563751831949
36595	192	175.831949193942	181.925744992672	-16.1680508060576	-10.0742550073278
36596	192	179.668783585735	184.408402540303	-12.3312164142648	-7.59159745969714
36597	192	176.734733756717	181.248656570591	-15.2652662432828	-10.7513434294089
36598	192	176.28334147533	181.248656570591	-15.7166585246703	-10.7513434294089
36599	192	169.738153395213	177.186126038105	-22.2618466047875	-14.8138739618955
36600	192	177.186126038105	183.731314118222	-14.8138739618955	-8.2686858817782
36601	192	169.512457254519	177.186126038105	-22.4875427454812	-14.8138739618955
36602	192	181.474352711285	192.75915974597	-10.5256472887152	0.759159745969725
36607	188	197.848070346849	202.357107962873	9.84807034684906	14.3571079628725
36608	188	202.357107962873	206.866145578896	14.3571079628725	18.866145578896
36609	188	203.571079628725	208.253541768442	15.571079628725	20.2535417684416
36610	188	204.264777723498	209.294088910601	16.2647777234978	21.2940889106009
36611	188	209.640937957987	215.363947239863	21.6409379579873	27.3639472398632
36612	283	225.989252564729	233.199804592086	-57.0107474352711	-49.800195407914
36613	283	266.614557889594	270.659501709819	-16.3854421104055	-12.3404982901807
36614	283	269.604298974108	273.649242794333	-13.3957010258916	-9.35075720566681
36615	283	254.127992183683	257.99706888129	-28.8720078163166	-25.0029311187103
36616	283	270.483634587201	274.528578407425	-12.5163654127992	-8.47142159257453
36618	283	269.956033219345	274.176844162189	-13.0439667806546	-8.82315583781144
36619	283	276.111382510992	279.452857840743	-6.88861748900831	-3.54714215925748
36620	283	275.232046897899	278.397655105032	-7.76795310210065	-4.60234489496827
36621	283	272.594040058622	276.463116756229	-10.4059599413777	-6.5368832437714
36622	283	272.769907181241	277.342452369321	-10.2300928187591	-5.65754763067906
36623	173	175.030776746458	181.827063996092	2.03077674645823	8.82706399609182
36624	174	188.439667806546	196.338055691255	14.4396678065462	22.3380556912555
36625	173	181.827063996092	189.725451880801	8.82706399609182	16.7254518808012
36626	173	189.541768441622	197.256472887152	16.5417684416219	24.2564728871519
36627	173	177.786028334148	184.94968246214	4.78602833414752	11.9496824621397
36628	173	178.520762090865	187.704934049829	5.52076209086468	14.704934049829
36629	207	220.346849047386	226.634098680997	13.3468490473864	19.6340986809966
36630	207	219.203712750366	224.728871519297	12.2037127503664	17.7288715192965
36631	157	218.659013190034	225.075720566683	61.6590131900342	68.0757205666829
36632	157	225.075720566683	231.319003419638	68.0757205666829	74.3190034196385
36633	157	168.019052271617	172.874938935027	11.019052271617	15.8749389350269
36634	263	223.168050806058	230.625305324866	-39.8319491939424	-32.3746946751344
36635	263	246.753786028334	252.47679531021	-16.2462139716659	-10.5232046897899
36636	157	154.318514899853	162.642892037127	-2.68148510014657	5.6428920371275
36637	157	171.660967269174	179.638495359062	14.6609672691744	22.638495359062
36638	157	170.793844650708	177.037127503664	13.7938446507083	20.0371275036639
36639	165	197.327796775769	203.571079628725	32.3277967757694	38.571079628725
36640	197	200.969711773327	207.212994626282	3.96971177332682	10.2129946262824
36641	197	161.428920371275	168.71275036639	-35.571079628725	-28.2872496336102
36642	197	197.154372252076	204.958475818271	0.1543722520762	7.95847581827064
36643	197	169.579872984856	177.037127503664	-27.4201270151441	-19.9628724963361
36644	197	162.469467513434	169.753297508549	-34.5305324865657	-27.2467024914509
36645	209	210.681485100147	216.751343429409	1.68148510014655	7.75134342940888
36648	160	175.476306790425	184.841231069858	15.476306790425	24.8412310698583
36649	157	157.093307278945	177.037127503664	0.093307278944792	20.0371275036639
36650	157	184.841231069858	194.206155349292	27.8412310698583	37.2061553492916
36651	215	187.568148510015	192.533463605276	-27.4318514899854	-22.466536394724
36652	215	186.891060087934	192.75915974597	-28.1089399120664	-22.2408402540303
36653	215	175.831949193942	182.602833414753	-39.1680508060576	-32.3971665852467
36654	215	175.380556912555	181.925744992672	-39.6194430874451	-33.0742550073278
36655	215	167.481191988275	174.929164631168	-47.5188080117245	-40.0708353688324
36656	215	168.835368832438	175.831949193942	-46.1646311675623	-39.1680508060576
36657	215	176.734733756717	183.731314118222	-38.2652662432828	-31.2686858817782
36658	215	176.960429897411	184.182706399609	-38.0395701025892	-30.8172936003908
36659	215	193.210552027357	199.078651685393	-21.7894479726429	-15.9213483146067
36660	237	243.766487542745	250.537371763556	6.76648754274549	13.5373717635564
36661	237	241.960918417196	248.957498778701	4.9609184171959	11.9574987787005
36662	237	233.835857352223	240.606741573034	-3.16414264777723	3.60674157303367
36663	237	246.249145090376	253.020029311187	9.24914509037615	16.0200293111871
36664	237	225.259404005862	234.28724963361	-11.7405959941378	-2.71275036638986
36665	237	237.898387884709	244.894968246214	0.898387884709337	7.89496824621398
36666	237	238.801172447484	246.47484123107	1.80117244748413	9.47484123106983
36667	237	246.023448949682	253.697117733268	9.02344894968246	16.6971177332682
36668	237	217.134342940889	223.228138739619	-19.8656570591109	-13.7718612603811
36669	237	224.356619443087	233.835857352223	-12.6433805569126	-3.16414264777723
36670	220	210.363458720078	215.780166096727	-9.63654127992186	-4.21983390327307
36671	220	219.61700048852	225.485100146556	-0.38299951148025	5.48510014655591
36672	220	234.964338055691	245.797752808989	14.9643380556913	25.7977528089888
36673	232	227.503663898388	233.226673180264	-4.49633610161212	1.22667318026379
36674	232	224.38202247191	230.625305324866	-7.61797752808988	-1.37469467513435
36675	142	159.130434782609	171.318026380068	17.1304347826087	29.3180263800684
36676	235	204.264777723498	211.548607718613	-30.7352222765022	-23.4513922813874
36677	225	208.080117244748	214.149975574011	-16.9198827552516	-10.8500244259893
36678	235	215.537371763556	221.433805569126	-19.4626282364436	-13.5661944308744
36679	232	222.127503663898	231.665852467025	-9.87249633610162	-0.334147532975095
36680	232	221.954079140205	228.197361993161	-10.0459208597948	-3.80263800683929
36681	232	215.017098192477	220.04640937958	-16.9829018075232	-11.9535906204201
36682	235	222.300928187592	228.891060087934	-12.6990718124084	-6.10893991206643
36683	235	217.098192476795	223.168050806058	-17.9018075232047	-11.8319491939424
36684	235	207.733268197362	215.017098192477	-27.266731802638	-19.9829018075232
36685	235	218.312164142648	224.208597948217	-16.6878358573522	-10.7914020517831
36686	235	217.791890571568	222.647777234978	-17.2081094284319	-12.352222765022
36687	231	215.363947239863	220.393258426966	-15.6360527601368	-10.6067415730337
36688	231	212.936003908158	218.312164142648	-18.0639960918417	-12.6878358573522
36689	255	225.769418661456	230.451880801172	-29.2305813385442	-24.5481191988275
36690	255	228.197361993161	232.012701514411	-26.8026380068393	-22.9872984855887
36691	255	229.411333659013	233.400097703957	-25.5886663409868	-21.599902296043
36692	255	222.647777234978	226.636541279922	-32.352222765022	-28.3634587200782
36693	255	224.90229604299	230.451880801172	-30.0977039570103	-24.5481191988275
36694	269	220.219833903273	224.728871519297	-48.7801660967269	-44.2711284807035
36695	269	220.566682950659	226.116267708842	-48.4333170493405	-42.8837322911578
36696	268	216.924767953102	221.954079140205	-51.0752320468979	-46.0459208597948
36697	233	217.618466047875	226.636541279922	-15.3815339521251	-6.36345872007817
36698	233	221.433805569126	226.983390327308	-11.5661944308744	-6.01660967269174
36699	233	217.098192476795	225.942843185149	-15.9018075232047	-7.057156814851
36700	233	207.559843673669	217.791890571568	-25.4401563263312	-15.2081094284319
36701	233	220.393258426966	228.023937469468	-12.6067415730337	-4.97606253053249
36702	233	218.138739618955	227.503663898388	-14.8612603810454	-5.49633610161212
36704	210	177.479237909135	192.911577918906	-32.5207620908647	-17.0884220810943
36705	210	159.570102589155	170.429897410845	-50.4298974108451	-39.5701025891549
36706	222	178.888128969223	186.970200293112	-43.1118710307767	-35.0297997068881
36708	233	210.681485100147	217.098192476795	-22.3185148998535	-15.9018075232047
36709	233	198.194919394235	205.305324865657	-34.8050806057645	-27.694675134343
36710	233	200.62286272594	206.345872007816	-32.3771372740596	-26.6541279921837
36711	233	203.917928676111	210.161211529067	-29.0820713238886	-22.8387884709331
36712	233	204.785051294577	210.681485100147	-28.2149487054226	-22.3185148998535
36713	276	238.768930141671	243.544699560332	-37.2310698583293	-32.4553004396678
36714	233	203.397655105032	209.467513434294	-29.6023448949682	-23.5324865657059
36715	233	203.050806057645	208.080117244748	-29.9491939423547	-24.9198827552516
36716	233	190.043966780655	195.420127015144	-42.9560332193454	-37.5798729848559
36717	233	195.593551538837	201.6634098681	-37.4064484611627	-31.3365901319004
36718	233	184.494382022472	191.778212017587	-48.5056179775281	-41.2217879824133
36719	233	182.586712261847	190.217391304348	-50.4132877381534	-42.7826086956522
36720	233	211.895456765999	216.751343429409	-21.104543234001	-16.2486565705911
36721	233	194.032730825598	201.316560820713	-38.9672691744016	-31.6834391792868
36722	233	185.881778212018	194.032730825598	-47.1182217879824	-38.9672691744016
36723	233	193.859306301905	201.836834391793	-39.1406936980948	-31.1631656082072
36724	184	209.987787005374	222.474352711285	25.9877870053737	38.4743527112848
36725	219	225.595994137763	237.735710796287	6.59599413776257	18.7357107962872
36726	219	224.208597948217	231.665852467025	5.20859794821689	12.6658524670249
36727	219	212.936003908158	221.433805569126	-6.06399609184172	2.43380556912555
36728	219	215.537371763556	224.555446995603	-3.46262823644358	5.55544699560332
36729	219	213.976551050318	221.954079140205	-5.02344894968246	2.95407914020518
36730	219	213.803126526624	219.5261358085	-5.19687347337569	0.526135808500243
36731	219	205.47874938935	210.33463605276	-13.5212506106497	-8.66536394723988
36732	260	244.894968246214	251.440156326331	-15.105031753786	-8.55984367366881
36733	260	248.957498778701	256.405471421593	-11.0425012212995	-3.59452857840745
36734	260	260.693698094773	268.593063019052	0.693698094772856	8.59306301905224
36735	260	253.697117733268	260.468001954079	-6.30288226673179	0.468001954079114
36736	260	245.346360527601	250.988764044944	-14.6536394723987	-9.01123595505618
36737	260	262.499267220322	269.270151441133	2.49926722032239	9.27015144113335
36738	260	258.211040547142	266.787493893503	-1.78895945285785	6.7874938935027
36739	260	244.217879824133	250.988764044944	-15.7821201758671	-9.01123595505618
36740	260	253.471421592574	262.047874938935	-6.52857840742553	2.04787493893502
36741	260	245.797752808989	254.148510014656	-14.2022471910112	-5.85148998534441
36742	260	256.631167562286	263.627747923791	-3.36883243771376	3.62774792379088
36743	260	258.66243282853	266.561797752809	-1.33756717147048	6.56179775280896
36744	260	256.631167562286	262.95065950171	-3.36883243771376	2.95065950170982
36745	204	186.051783097215	198.542256961407	-17.9482169027846	-5.45774303859307
36746	204	195.23595505618	206.808011724475	-8.76404494382024	2.80801172447482
36747	246	238.776257938446	243.80556912555	-7.22374206155351	-2.19443087445043
36748	246	238.42940889106	242.071323888617	-7.57059110893991	-3.92867611138252
36749	246	235.828041035662	242.244748412311	-10.1719589643381	-3.75525158768932
36750	246	241.724474841231	245.713238886175	-4.27552515876894	-0.286761113825122
36751	246	241.724474841231	245.192965315095	-4.27552515876894	-0.80703468490475
36752	246	240.683927699072	243.978993649243	-5.3160723009282	-2.0210063507572
36753	220	226.289692232535	230.105031753786	6.2896922325354	10.105031753786
36754	254	242.071323888617	246.580361504641	-11.9286761113825	-7.41963849535907
36755	254	238.42940889106	246.406936980948	-15.5705911089399	-7.59306301905227
36756	254	245.019540791402	249.008304836346	-8.98045920859795	-4.99169516365413
36757	255	213.974596971177	223.9052271617	-41.0254030288227	-31.0947728382999
36758	255	230.450415241817	237.221299462628	-24.5495847581827	-17.7787005373718
36759	255	209.686370297997	217.585735222276	-45.3136297020029	-37.4142647777235
36760	255	211.266243282853	220.745481191988	-43.7337567171471	-34.2545188080117
36761	255	192.307767464582	201.33561309233	-62.6922325354177	-53.6643869076698
36762	255	184.408402540303	192.533463605276	-70.5915974596971	-62.466536394724
36766	299	281.265266243283	285.254030288227	-17.7347337567172	-13.7459697117733
36771	299	281.438690766976	285.254030288227	-17.561309233024	-13.7459697117733
36772	299	282.132388861749	286.814851001466	-16.8676111382511	-12.1851489985344
36773	261	236.348314606742	241.897899364924	-24.6516853932584	-19.1021006350757
36774	261	233.746946751343	238.255984367367	-27.2530532486566	-22.7440156326331
36775	261	217.445041524182	223.341475329751	-43.5549584758183	-37.6585246702492
36776	261	231.145578895945	236.001465559355	-29.8544211040547	-24.9985344406448
36777	261	246.927210552027	253.170493404983	-14.0727894479726	-7.82950659501711
36778	261	239.643380556913	244.846116267709	-21.3566194430875	-16.1538837322912
36779	261	243.111871030777	248.14118221788	-17.8881289692233	-12.8588177821202
36780	261	238.602833414753	245.019540791402	-22.3971665852467	-15.9804592085979
36781	261	237.042012701514	243.28529555447	-23.9579872984856	-17.7147044455301
36782	261	237.388861748901	242.76502198339	-23.6111382510992	-18.2349780166097
36783	261	243.111871030777	247.794333170493	-17.8881289692233	-13.2056668295066
36784	261	232.706399609184	237.562286272594	-28.2936003908158	-23.437713727406
36785	261	234.614069369809	239.296531509526	-26.3859306301905	-21.7034684904739
36786	261	232.532975085491	237.042012701514	-28.467024914509	-23.9579872984856
36787	261	238.94968246214	245.366389838788	-22.0503175378603	-15.6336101612115
36788	261	245.886663409868	250.395701025892	-15.1133365901319	-10.6042989741084
36789	261	237.90913531998	242.418172936004	-23.0908646800195	-18.5818270639961
36790	261	231.665852467025	236.868588177821	-29.3341475329751	-24.1314118221788
36791	242	203.869076697606	210.297997068881	-38.1309233023937	-31.7020029311187
36792	241	219.114802149487	225.543722520762	-21.885197850513	-15.4562774792379
36793	241	226.462139716659	231.23790913532	-14.5378602833415	-9.76209086468003
36794	241	229.217391304348	233.442110405471	-11.7826086956522	-7.55788959452858
36795	241	225.543722520762	231.054225696141	-15.4562774792379	-9.94577430385931
36796	241	227.013190034196	232.156326331216	-13.9868099658036	-8.84367366878359
36797	242	231.972642892037	237.850512945774	-10.0273571079629	-4.14948705422572
36798	241	224.074255007328	230.135808500244	-16.9257449926722	-10.8641914997557
36799	241	228.482657547631	233.625793844651	-12.5173424523693	-7.3742061553493
36800	241	231.054225696141	237.850512945774	-9.94577430385931	-3.14948705422572
36801	242	229.584758182706	235.095261358085	-12.4152418172936	-6.904738641915
36802	260	228.115290669272	233.80947728383	-31.8847093307279	-26.19052271617
36803	243	231.23790913532	235.646311675623	-11.76209086468	-7.35368832437715
36804	249	222.604787493893	227.564240351734	-26.3952125061065	-21.4357596482658
36805	272	228.298974108451	234.544211040547	-43.7010258915486	-37.4557889594529
36806	272	239.136297020029	246.299951148021	-32.8637029799707	-25.7000488519785
36807	244	236.932095749878	242.626282364436	-7.06790425012213	-1.37371763556428
36808	244	238.585246702491	243.544699560332	-5.41475329750855	-0.455300439667838
36809	244	215.257449926722	220.216902784563	-28.742550073278	-23.7830972154372
36810	244	231.972642892037	238.034196384954	-12.0273571079629	-5.96580361504641
36811	244	234.360527601368	239.136297020029	-9.63947239863217	-4.8637029799707
36812	244	234.727894479726	240.054714215926	-9.27210552027358	-3.94528578407426
36813	244	237.483146067416	242.442598925256	-6.51685393258427	-1.55740107474355
36814	244	233.442110405471	238.217879824133	-10.5578895945286	-5.78212017586714
36815	244	240.422081094284	244.830483634587	-3.57791890571571	0.83048363458721
36816	244	227.564240351734	233.625793844651	-16.4357596482658	-10.3742061553493
36817	244	231.788959452858	236.564728871519	-12.2110405471422	-7.43527112848071
36818	244	233.80947728383	238.401563263312	-10.19052271617	-5.59843673668783
36819	241	229.768441621886	235.829995114802	-11.2315583781143	-5.17000488519787
36820	241	227.013190034196	232.707376648754	-13.9868099658036	-8.29262335124574
36821	241	239.136297020029	243.177332681974	-1.8637029799707	2.17733268197361
36822	241	241.340498290181	245.381533952125	0.340498290180733	4.38153395212504
36823	253	232.891060087934	239.687347337567	-20.1089399120664	-13.3126526624328
36824	244	263.198827552516	271.280898876404	19.1988275525159	27.2808988764045
36825	244	235.278944797264	240.605764533464	-8.72105520273573	-3.39423546653643
36826	244	232.156326331216	237.483146067416	-11.8436736687836	-6.51685393258427
36827	288	248.488031265266	251.95652173913	-39.5119687347338	-36.0434782608696
36828	288	228.370786516854	234.09379579873	-59.6292134831461	-53.9062042012702
36829	288	251.262823644358	255.251587689301	-36.7371763556424	-32.7484123106986
36830	219	206.991695163654	215.441133365901	-12.0083048363459	-3.55886663409868
36831	281	241.735222276502	246.249145090376	-39.2647777234978	-34.7508549096239
36832	281	228.644846116268	233.384465070835	-52.3551538837323	-47.6155349291647
36833	281	253.922813873962	258.211040547142	-27.0771861260381	-22.7889594528579
36834	175	180.120175867123	187.793844650708	5.12017586712261	12.7938446507084
36835	158	169.738153395213	176.734733756717	11.7381533952125	18.7347337567172
36836	158	160.258915486077	168.38397655105	2.25891548607717	10.3839765510503
36837	162	166.352711284807	174.47777234978	4.35271128480701	12.4777723497801
36838	173	167.481191988275	174.026380068393	-5.5188080117245	1.02638006839277
36839	162	160.033219345383	167.481191988275	-1.96678065461651	5.4811919882755
36840	162	171.543722520762	179.668783585735	9.54372252076206	17.6687835857352
36841	182	189.174401563263	195.052271617	7.1744015632633	13.0522716170005
36842	182	191.929653150953	198.174890083048	9.92965315095262	16.1748900830484
36843	178	184.398632144602	194.684904738642	6.39863214460186	16.6849047386419
36844	127	170.989741084514	175.949193942355	43.9897410845139	48.9491939423547
36845	127	175.030776746458	181.643380556913	48.0307767464582	54.6433805569125
36847	169	184.94968246214	191.929653150953	15.9496824621397	22.9296531509526
36848	157	174.847093307279	182.745481191988	17.847093307279	25.7454811919883
36849	204	195.918905715681	203.818270639961	-8.08109428431851	-0.181729360039071
36850	191	183.280410356619	192.298485588666	-7.71958964338057	1.29848558866632
36851	191	192.818759159746	203.744504152418	1.81875915974595	12.7445041524182
36852	191	193.339032730826	203.397655105032	2.33903273082558	12.3976551050318
36853	191	190.911089399121	199.582315583781	-0.0889106008793306	8.58231558378114
36854	191	201.836834391793	213.282852955545	10.8368343917928	22.2828529555447
36855	191	204.611626770884	212.242305813385	13.6116267708842	21.2423058133854
36856	191	191.604787493893	199.235466536395	0.604787493893497	8.23546653639471
36857	191	211.028334147533	221.954079140205	20.028334147533	30.9540791402052
36858	191	200.969711773327	210.681485100147	9.96971177332682	19.6814851001465
36859	304	271.831949193942	278.260869565217	-32.1680508060576	-25.7391304347826
36860	321	262.09672691744	268.709330727894	-58.9032730825598	-52.2906692721055
36861	304	279.914020517831	287.261358085002	-24.085979482169	-16.7386419149976
36862	304	244.830483634587	251.259404005862	-59.1695163654128	-52.7405959941378
36863	304	265.219345383488	271.464582315584	-38.780654616512	-32.5354176844162
36864	304	252.912554958476	258.239374694675	-51.0874450415242	-45.7606253053249
36865	304	246.66731802638	251.075720566683	-57.3326819736199	-52.9242794333171
36866	304	258.239374694675	263.749877870054	-45.7606253053249	-40.2501221299462
36867	304	231.788959452858	237.115779189057	-72.2110405471422	-66.8842208109428
36868	304	238.217879824133	244.463116756229	-65.7821201758671	-59.5368832437714
36869	279	261.118710307767	264.738641914998	-17.8812896922325	-14.2613580850024
36870	279	263.595505617977	267.787005373718	-15.4044943820225	-11.2129946262824
36871	279	256.165119687347	261.499755740107	-22.8348803126527	-17.5002442598926
36872	279	266.453346360528	270.835368832438	-12.5466536394724	-8.16463116756228
36873	279	263.404982901808	267.215437225208	-15.5950170981925	-11.7845627747924
36874	279	261.880801172447	266.072300928188	-17.1191988275525	-12.9276990718124
36875	279	263.023937469468	266.262823644358	-15.9760625305325	-12.7371763556424
36876	279	240.155349291646	246.700537371764	-38.8446507083537	-32.2994626282364
36877	279	245.797752808989	250.988764044944	-33.2022471910112	-28.0112359550562
36878	279	234.964338055691	241.735222276502	-44.0356619443087	-37.2647777234978
36879	279	246.249145090376	254.148510014656	-32.7508549096239	-24.8514899853444
36880	279	235.867122618466	242.18661455789	-43.1328773815339	-36.8133854421104
36881	144	190.737664875427	201.316560820713	46.7376648754274	57.3165608207132
36882	216	156.573033707865	164.897410845139	-59.4269662921348	-51.1025891548608
36884	167	199.235466536395	205.652173913043	32.2354665363947	38.6521739130435
36885	167	188.656570591109	197.848070346849	21.6565705911089	30.8480703468491
36886	167	148.595505617978	163.683439179287	-18.4044943820225	-3.31656082071325
36887	167	188.656570591109	197.327796775769	21.6565705911089	30.3277967757694
36889	167	202.357107962873	209.81436248168	35.3571079628725	42.8143624816805
36900	232	205.652173913043	215.884220810943	-26.3478260869565	-16.1157791890572
36902	208	174.956033219345	185.708353688324	-33.0439667806546	-22.2916463116756
36903	208	185.014655593552	197.154372252076	-22.9853444064485	-10.8456277479238
36904	208	193.859306301905	203.744504152418	-14.1406936980948	-4.25549584758184
36905	208	185.014655593552	197.154372252076	-22.9853444064485	-10.8456277479238
36917	239	206.172447484123	216.057645334636	-32.8275525158769	-22.942354665364
36918	239	210.85490962384	220.219833903273	-28.1450903761602	-18.7801660967269
36920	244	189.599413776258	209.23497801661	-54.4005862237421	-34.7650219833903
36921	244	219.61700048852	242.18661455789	-24.3829995114803	-1.81338544211042
36922	244	160.936003908158	178.314606741573	-83.0639960918417	-65.685393258427
36924	244	189.599413776258	209.23497801661	-54.4005862237421	-34.7650219833903
36925	244	231.353199804592	235.641426477772	-12.6468001954079	-8.35857352222769
36928	244	179.894479726429	185.311187103078	-64.1055202735711	-58.6888128969223
36929	244	190.050806057645	195.016121152907	-53.9491939423547	-48.9838788470933
36931	290	213.297508549096	222.633121641426	-76.7024914509038	-67.3668783585735
36932	290	221.489985344406	228.729848558867	-68.5100146555936	-61.2701514411334
36933	254	224.90229604299	230.798729848559	-29.0977039570103	-23.2012701514412
36934	254	242.244748412311	247.6209086468	-11.7552515876893	-6.37909135319981
36935	254	224.728871519297	230.972154372252	-29.2711284807035	-23.0278456277479
36936	254	248.488031265266	254.904738641915	-5.51196873473376	0.904738641915003
36937	263	230.972154372252	237.388861748901	-32.0278456277479	-25.6111382510992
36938	244	233.053248656571	240.683927699072	-10.9467513434294	-3.3160723009282
36939	244	220.219833903273	227.503663898388	-23.7801660967269	-16.4963361016121
36940	237	231.665852467025	239.469956033219	-5.33414753297509	2.46995603321935
36941	236	232.359550561798	251.609672691744	-3.64044943820227	15.609672691744
36942	236	230.278456277479	244.152418172936	-5.72154372252078	8.152418172936
36943	200	200.449438202247	208.426966292135	0.449438202247194	8.42696629213484
36944	202	206.345872007816	214.843673668784	4.3458720078163	12.8436736687836
36946	202	204.264777723498	212.762579384465	2.26477772349779	10.7625793844651
36947	202	206.692721055203	215.19052271617	4.69272105520272	13.19052271617
36948	202	201.489985344406	209.120664386908	-0.510014655593551	7.12066438690766
36949	253	240.163654127992	245.886663409868	-12.8363458720078	-7.11333659013189
36950	245	244.499267220322	249.181729360039	-0.500732779677577	4.18172936003907
36951	245	241.724474841231	246.753786028334	-3.27552515876894	1.75378602833413
36952	245	241.030776746458	245.886663409868	-3.96922325354177	0.886663409868106
36953	245	242.071323888617	246.406936980948	-2.92867611138252	1.40693698094773
36954	245	242.418172936004	246.580361504641	-2.58182706399609	1.58036150464093
36955	245	201.316560820713	208.253541768442	-43.6834391792868	-36.7464582315584
36956	245	215.884220810943	221.607230092819	-29.1157791890572	-23.3927699071812
36957	245	217.965315095261	223.168050806058	-27.0346849047386	-21.8319491939424
36958	245	244.672691744016	249.355153883732	-0.327308255984377	4.35515388373227
36959	245	240.163654127992	244.846116267709	-4.83634587200783	-0.153883732291177
36960	245	244.672691744016	249.875427454812	-0.327308255984377	4.87542745481193
36961	245	225.769418661456	231.319003419638	-19.2305813385442	-13.6809965803615
36962	245	222.994626282364	228.023937469468	-22.0053737176356	-16.9760625305325
36963	245	220.393258426966	225.249145090376	-24.6067415730337	-19.7508549096239
36964	245	216.751343429409	222.474352711285	-28.2486565705911	-22.5256472887152
36965	245	219.005862237421	224.035173424524	-25.9941377625794	-20.9648265754763
36966	245	217.271617000489	224.035173424524	-27.7283829995115	-20.9648265754763
36967	245	243.28529555447	247.794333170493	-1.71470444553006	2.79433317049339
36968	245	215.19052271617	220.219833903273	-29.80947728383	-24.7801660967269
36969	245	222.474352711285	226.809965803615	-22.5256472887152	-18.190034196385
36970	245	240.857352222765	245.539814362482	-4.142647777235	0.539814362481678
36971	245	243.458720078163	248.14118221788	-1.54127992183683	3.14118221787982
36972	245	241.377625793845	245.713238886175	-3.62237420615534	0.713238886174878
36973	245	243.458720078163	247.447484123107	-1.54127992183683	2.44748412310699
36974	245	220.740107474353	226.463116756229	-24.2598925256473	-18.5368832437714
36975	245	240.857352222765	247.100635075721	-4.142647777235	2.10063507572056
36976	245	237.90913531998	242.938446507084	-7.09086468001954	-2.06155349291646
36977	245	242.76502198339	247.274059599414	-2.23497801660969	2.27405959941376
36978	245	250.569125549585	254.384465070835	5.56912554958475	9.38446507083538
36979	245	243.28529555447	247.447484123107	-1.71470444553006	2.44748412310699
36980	245	241.377625793845	245.886663409868	-3.62237420615534	0.886663409868106
36981	245	245.192965315095	249.355153883732	0.19296531509525	4.35515388373227
36982	245	240.683927699072	245.019540791402	-4.3160723009282	0.0195407914020507
36983	245	241.030776746458	245.192965315095	-3.96922325354177	0.19296531509525
36984	245	239.469956033219	243.632144601856	-5.53004396678065	-1.36785539814363
36985	245	243.28529555447	247.274059599414	-1.71470444553006	2.27405959941376
36986	245	240.683927699072	245.019540791402	-4.3160723009282	0.0195407914020507
36987	245	239.990229604299	245.539814362482	-5.00977039570103	0.539814362481678
36988	245	242.591597459697	247.274059599414	-2.40840254030289	2.27405959941376
36989	245	214.496824621397	220.566682950659	-30.5031753786028	-24.4333170493405
36990	245	245.539814362482	250.048851978505	0.539814362481678	5.04885197850513
36991	245	243.632144601856	248.14118221788	-1.36785539814363	3.14118221787982
36992	245	238.776257938446	243.28529555447	-6.22374206155351	-1.71470444553006
36993	245	223.688324377137	228.370786516854	-21.3116756228627	-16.6292134831461
36994	245	246.927210552027	251.609672691744	1.92721055202736	6.60967269174401
36995	245	243.458720078163	248.14118221788	-1.54127992183683	3.14118221787982
36996	245	240.510503175379	246.233512457255	-4.4894968246214	1.23351245725451
36997	245	244.152418172936	248.661455788959	-0.847581827064005	3.66145578895944
36998	245	243.28529555447	247.6209086468	-1.71470444553006	2.62090864680019
36999	241	240.510503175379	245.192965315095	-0.489496824621398	4.19296531509525
37000	241	247.274059599414	251.089399120664	6.27405959941376	10.0893991206644
37001	241	225.769418661456	230.451880801172	-15.2305813385442	-10.5481191988275
37002	150	169.096238397655	176.145578895945	19.0962383976551	26.1455788959453
37008	318	272.073766487543	278.317049340498	-45.9262335124573	-39.6829506595017
37011	318	273.634587200782	279.531021006351	-44.3654127992183	-38.4689789936493
37013	318	265.136785539814	269.819247679531	-52.8632144601856	-48.180752320469
37014	318	271.553492916463	279.704445530044	-46.4465070835369	-38.295554469956
37017	318	260.627747923791	266.00390815828	-57.3722520762091	-51.9960918417196
37020	318	272.073766487543	279.531021006351	-45.9262335124573	-38.4689789936493
37021	321	267.564728871519	274.154860771861	-53.4352711284807	-46.8451392281387
37025	318	261.66829506595	269.125549584758	-56.3317049340498	-48.8744504152418
37026	159	177.418661455789	185.684416218857	18.418661455789	26.6844162188569
37028	203	165.095261358085	174.621397166585	-37.904738641915	-28.3786028334148
37029	299	285.42745481192	289.069369809477	-13.5725451880801	-9.93063019052272
37030	299	268.431851489985	272.420615534929	-30.5681485100147	-26.5793844650709
37031	299	278.837322911578	283.866634098681	-20.1626770884221	-15.133365901319
37032	299	277.796775769419	283.519785051295	-21.2032242305813	-15.4802149487055
37035	299	273.808011724475	277.796775769419	-25.1919882755251	-21.2032242305813
37036	299	287.681973619932	291.844162188569	-11.3180263800684	-7.15583781143135
37037	299	282.479237909135	286.814851001466	-16.5207620908647	-12.1851489985344
37038	299	280.57156814851	284.213483146067	-18.42843185149	-14.7865168539326
37039	298	263.055691255496	268.605276013679	-34.9443087445042	-29.3947239863215
37041	298	276.756228627259	282.652662432829	-21.2437713727406	-15.3473375671715
37042	298	276.062530532487	279.531021006351	-21.9374694675134	-18.4689789936493
37043	299	250.569125549585	257.159257449927	-48.4308744504152	-41.8407425500733
37044	299	284.386907669761	288.202247191011	-14.6130923302394	-10.7977528089888
37045	299	287.161700048852	291.670737664875	-11.838299951148	-7.32926233512455
37046	299	283.172936003908	286.814851001466	-15.8270639960919	-12.1851489985344
37047	299	279.357596482658	283.346360527601	-19.6424035173425	-15.6536394723987
37048	299	280.57156814851	284.90718124084	-18.42843185149	-14.0928187591597
37049	299	262.18856863703	268.258426966292	-36.8114313629702	-30.7415730337079
37050	246	229.411333659013	234.267220322423	-16.5886663409868	-11.732779677577
37051	230	225.872007816317	231.206643869077	-4.12799218368346	1.20664386907669
37052	230	224.538348803127	229.491939423547	-5.46165119687348	-0.508060576453374
37053	230	194.816805080606	202.437713727406	-35.1831949193943	-27.562286272594
37054	218	193.292623351246	199.579872984856	-24.7073766487543	-18.4201270151441
37055	230	227.586712261847	233.302393746947	-2.41328773815343	3.30239374694673
37056	230	208.534440644846	214.059599413776	-21.4655593551539	-15.9404005862237
37057	230	214.059599413776	219.394235466536	-15.9404005862237	-10.6057645334636
37058	230	218.251099169516	224.157303370787	-11.7489008304836	-5.84269662921349
37059	230	188.720078163166	194.626282364436	-41.2799218368344	-35.3737176355642
37060	230	179.003419638495	183.004396678065	-50.9965803615046	-46.9956033219345
37061	230	210.058622374206	216.536394723986	-19.9413776257938	-13.4636052760137
37062	230	222.442598925256	227.205666829507	-7.55740107474352	-2.79433317049342
37063	218	199.389350268686	205.867122618466	-18.6106497313141	-12.1328773815339
37064	218	215.583781143136	220.537371763556	-2.41621885686371	2.53737176355642
37065	218	203.390327308256	208.915486077186	-14.609672691744	-9.08451392281387
37066	218	193.483146067416	199.960918417196	-24.5168539325843	-18.0390815828041
37067	218	193.292623351246	200.151441133366	-24.7073766487543	-17.8485588666341
37068	268	227.994137762579	232.47581827064	-40.0058622374206	-35.5241817293601
37069	249	233.57352222765	237.735710796287	-15.4264777723498	-11.2642892037128
37070	249	240.510503175379	243.978993649243	-8.4894968246214	-5.0210063507572
37071	249	230.451880801172	234.440644846116	-18.5481191988275	-14.5593551538837
37072	249	229.931607230093	234.960918417196	-19.0683927699072	-14.0390815828041
37073	249	237.735710796287	241.724474841231	-11.2642892037128	-7.27552515876894
37074	249	226.983390327308	232.879824132877	-22.0166096726917	-16.1201758671226
37075	249	225.769418661456	230.798729848559	-23.2305813385442	-18.2012701514412
37076	249	234.960918417196	239.296531509526	-14.0390815828041	-9.70346849047388
37077	249	238.602833414753	242.591597459697	-10.3971665852467	-6.40840254030289
37078	249	230.278456277479	234.267220322423	-18.7215437225208	-14.732779677577
37079	249	234.440644846116	238.94968246214	-14.5593551538837	-10.0503175378603
37080	249	227.330239374695	232.706399609184	-21.6697606253053	-16.2936003908158
37081	224	221.260381045432	224.90229604299	-2.73961895456767	0.902296042989747
37082	224	236.348314606742	240.683927699072	12.3483146067416	16.6839276990718
37083	224	236.868588177821	241.377625793845	12.8685881778212	17.3776257938447
37084	238	238.94968246214	243.28529555447	0.94968246213972	5.28529555446994
37085	238	236.348314606742	240.683927699072	-1.65168539325845	2.6839276990718
37086	238	237.735710796287	242.244748412311	-0.264289203712764	4.24474841231068
37087	238	236.174890083048	239.990229604299	-1.82510991695165	1.99022960429897
37088	238	238.602833414753	243.632144601856	0.602833414753292	5.63214460185637
37089	194	242.244748412311	245.713238886175	48.2447484123107	51.7132388861749
37090	194	218.659013190034	223.341475329751	24.6590131900342	29.3414753297508
37091	194	220.913531998046	224.208597948217	26.9135319980459	30.2085979482169
37092	194	241.724474841231	244.672691744016	47.7244748412311	50.6726917440156
37093	149	171.540791402052	180.724963361016	22.5407914020518	31.7249633610161
37094	176	187.767464582316	194.435759648266	11.7674645823156	18.4357596482658
37095	250	210.583292623351	217.3365901319	-39.4167073766488	-32.6634098680997
37096	250	214.593063019052	222.401563263312	-35.4069369809478	-27.5984367366879
37097	250	222.401563263312	227.888617489008	-27.5984367366879	-22.1113825109917
37098	288	267.564728871519	271.033219345383	-20.4352711284807	-16.9667806546165
37099	288	263.922813873962	267.738153395213	-24.0771861260381	-20.2618466047875
37100	288	263.922813873962	267.911577918906	-24.0771861260381	-20.0884220810943
37101	288	279.531021006351	282.652662432829	-8.46897899364927	-5.34733756717145
37102	288	279.184171958964	282.305813385442	-8.81582804103567	-5.69418661455791
37103	288	279.877870053737	282.826086956522	-8.12212994626282	-5.17391304347825
37104	288	278.490473864191	281.438690766976	-9.50952613580853	-6.56130923302396
37105	288	276.756228627259	280.05129457743	-11.2437713727406	-7.94870542256962
37106	288	281.958964338056	285.080605764533	-6.04103566194431	-2.91939423546654
37107	288	277.276502198339	280.398143624817	-10.723497801661	-7.60185637518322
37109	276	240.857352222765	247.967757694187	-35.142647777235	-28.0322423058134
37110	284	254.211040547142	260.280898876404	-29.7889594528579	-23.7191011235955
37111	284	246.406936980948	251.262823644358	-37.5930630190523	-32.7371763556424
37112	284	258.199804592086	264.963361016121	-25.800195407914	-19.0366389838788
37113	276	244.325842696629	250.915974596971	-31.6741573033708	-25.0840254030288
37114	276	241.204201270151	247.274059599414	-34.7957987298486	-28.7259404005862
37115	284	248.488031265266	255.078163165608	-35.5119687347338	-28.9218368343918
37116	284	263.402540302882	268.778700537372	-20.5974596971178	-15.2212994626282
37117	268	253.343917928676	259.413776257938	-14.6560820713239	-8.58622374206152
37118	268	258.026380068393	264.616511968735	-9.97361993160723	-3.3834880312653
37119	268	232.532975085491	238.42940889106	-35.467024914509	-29.5705911089399
37120	276	249.008304836346	255.251587689301	-26.9916951636541	-20.7484123106986
37121	268	257.33268197362	264.269662921348	-10.6673180263801	-3.7303370786517
37122	268	248.488031265266	255.598436736688	-19.5119687347338	-12.4015632633122
37123	268	239.816805080606	245.886663409868	-28.1831949193943	-22.1133365901319
37124	268	237.735710796287	245.192965315095	-30.2642892037128	-22.8070346849047
37125	268	235.307767464582	241.551050317538	-32.6922325354177	-26.4489496824621
37126	276	238.082559843674	245.886663409868	-37.9174401563263	-30.1133365901319
37127	268	224.208597948217	230.105031753786	-43.7914020517831	-37.894968246214
37128	268	245.019540791402	251.262823644358	-22.9804592085979	-16.7371763556424
37129	276	243.978993649243	250.915974596971	-32.0210063507572	-25.0840254030288
37130	276	246.927210552027	254.037616023449	-29.0727894479726	-21.9623839765511
37131	276	238.94968246214	245.713238886175	-37.0503175378603	-30.2867611138251
37132	276	247.274059599414	254.211040547142	-28.7259404005862	-21.7889594528579
37133	276	245.539814362482	251.609672691744	-30.4601856375183	-24.390327308256
37134	276	264.963361016121	270.339521250611	-11.0366389838788	-5.66047874938937
37135	276	242.418172936004	248.834880312653	-33.5818270639961	-27.1651196873474
37136	268	254.211040547142	260.280898876404	-13.7889594528579	-7.71910112359552
37137	268	234.440644846116	242.938446507084	-33.5593551538837	-25.0615534929165
37138	268	251.089399120664	256.638983878847	-16.9106008793356	-11.3610161211529
37139	276	247.6209086468	253.170493404983	-28.3790913531998	-22.8295065950171
37140	284	271.033219345383	276.409379579873	-12.9667806546165	-7.59062042012704
37141	268	242.418172936004	248.314606741573	-25.5818270639961	-19.685393258427
37142	280	246.753786028334	253.517342452369	-33.2462139716659	-26.4826575476307
37143	276	263.749389350269	269.125549584758	-12.2506106497313	-6.87445041524182
37144	276	252.303370786517	258.546653639472	-23.6966292134832	-17.4533463605276
37145	276	246.233512457255	253.343917928676	-29.7664875427455	-22.6560820713239
37146	276	246.233512457255	253.170493404983	-29.7664875427455	-22.8295065950171
37147	276	243.111871030777	250.048851978505	-32.8881289692233	-25.9511480214949
37148	276	234.440644846116	240.163654127992	-41.5593551538837	-35.8363458720078
37149	276	247.100635075721	252.99706888129	-28.8993649242794	-23.0029311187103
37150	276	248.661455788959	254.037616023449	-27.3385442110406	-21.9623839765511
37151	226	245.886663409868	251.783097215437	19.8866634098681	25.7830972154372
37152	226	224.208597948217	230.105031753786	-1.79140205178311	4.10503175378602
37153	226	239.296531509526	243.80556912555	13.2965315095261	17.8055691255496
37154	226	236.521739130435	242.418172936004	10.5217391304348	16.4181729360039
37155	226	247.6209086468	252.823644357596	21.6209086468002	26.8236443575965
37156	226	249.528578407425	255.771861260381	23.5285784074255	29.771861260381
37157	226	251.089399120664	258.026380068393	25.0893991206644	32.0263800683928
37158	226	247.100635075721	253.343917928676	21.1006350757206	27.3439179286761
37159	226	246.406936980948	252.47679531021	20.4069369809477	26.4767953102101
37160	232	241.897899364924	247.274059599414	9.89789936492429	15.2740595994138
37161	232	242.071323888617	247.794333170493	10.0713238886175	15.7943331704934
37162	232	242.244748412311	247.967757694187	10.2447484123107	15.9677576941866
37163	227	235.307767464582	241.724474841231	8.3077674645823	14.7244748412311
37164	227	243.978993649243	248.661455788959	16.9789936492428	21.6614557889594
37165	227	239.816805080606	245.713238886175	12.8168050806057	18.7132388861749
37166	227	242.418172936004	247.967757694187	15.4181729360039	20.9677576941866
37167	227	250.048851978505	255.945285784074	23.0488519785051	28.9452857840743
37168	227	238.42940889106	244.499267220322	11.4294088910601	17.4992672203224
37169	227	241.204201270151	246.060087933561	14.2042012701514	19.0600879335613
37170	227	247.447484123107	252.99706888129	20.447484123107	25.9970688812897
37171	227	251.262823644358	258.199804592086	24.2628236443576	31.199804592086
37172	227	243.80556912555	248.488031265266	16.8055691255496	21.4880312652662
37173	227	241.377625793845	247.6209086468	14.3776257938447	20.6209086468002
37174	227	237.735710796287	243.978993649243	10.7357107962872	16.9789936492428
37175	227	239.123106985833	245.539814362482	12.1231069858329	18.5398143624817
37176	227	242.591597459697	248.661455788959	15.5915974596971	21.6614557889594
37177	227	240.163654127992	245.886663409868	13.1636541279922	18.8866634098681
37178	227	244.325842696629	249.875427454812	17.3258426966292	22.8754274548119
37179	227	235.481191988276	241.724474841231	8.48119198827553	14.7244748412311
37180	227	227.330239374695	234.440644846116	0.330239374694656	7.44064484611627
37181	227	226.636541279922	231.319003419638	-0.363458720078171	4.31900341963848
37182	227	241.551050317538	247.6209086468	14.5510503175379	20.6209086468002
37183	227	247.447484123107	252.47679531021	20.447484123107	25.4767953102101
37184	227	244.672691744016	249.528578407425	17.6726917440156	22.5285784074255
37186	201	179.80654616512	194.684904738642	-21.1934538348803	-6.3150952613581
37187	291	258.199804592086	264.443087445041	-32.800195407914	-26.5569125549585
37188	291	256.118710307767	258.720078163166	-34.8812896922325	-32.2799218368344
37189	197	175.383488031265	182.623351245725	-21.6165119687347	-14.3766487542746
37190	197	189.863214460186	198.246213971666	-7.13678553981435	1.24621397166584
37191	197	172.525647288715	181.099169516365	-24.4743527112848	-15.9008304836346
37192	197	178.241328773815	183.385442110405	-18.7586712261847	-13.6145578895945
37193	197	194.435759648266	202.818759159746	-2.56424035173424	5.81875915974595
37194	168	184.147532975085	191.006350757206	16.1475329750855	23.0063507572057
37195	168	193.673668783586	199.960918417196	25.6736687835857	31.9609184171959
37196	206	165.285784074255	175.192965315095	-40.714215925745	-30.8070346849047
37197	206	175.764533463605	181.670737664875	-30.2354665363947	-24.3292623351246
37198	206	157.093307278945	163.952125061065	-48.9066927210552	-42.047874938935
37199	206	164.714215925745	171.382510991695	-41.285784074255	-34.6174890083048
37200	206	158.236443575965	166.047874938935	-47.7635564240352	-39.952125061065
37201	206	175.192965315095	183.766487542745	-30.8070346849047	-22.2335124572545
37202	206	173.287738153395	179.765510503175	-32.7122618466048	-26.2344894968246
37203	206	200.341963849536	210.630190522716	-5.65803615046411	4.63019052271616
37204	154	192.340009770396	200.532486565706	38.3400097703957	46.5324865657059
37205	206	179.765510503175	187.957987298486	-26.2344894968246	-18.0420127015144
37206	206	179.956033219345	187.386419149976	-26.0439667806546	-18.6135808500244
37207	206	163.761602344895	172.525647288715	-42.238397655105	-33.4743527112848
37208	168	168.905715681485	174.240351734245	0.905715681485106	6.24035173424522
37209	174	176.867611138251	183.847581827064	2.86761113825111	9.847581827064
37210	174	186.235466536395	193.031753786028	12.2354665363947	19.0317537860283
37211	174	186.786516853933	193.399120664387	12.7865168539326	19.3991206643869
37212	178	184.582315583781	191.378602833415	6.58231558378114	13.3786028334148
37213	174	174.112359550562	181.459697117733	0.112359550561791	7.45969711773327
37214	214	189.541768441622	196.338055691255	-24.4582315583781	-17.6619443087445
37215	271	242.18661455789	246.700537371764	-28.8133854421104	-24.2994626282364
37216	271	243.766487542745	248.054714215926	-27.2335124572545	-22.9452857840743
37217	273	210.589154860772	218.939912066439	-62.4108451392282	-54.0600879335613
37218	273	219.391304347826	224.808011724475	-53.6086956521739	-48.1919882755251
37219	273	213.52320468979	219.391304347826	-59.4767953102101	-53.6086956521739
37220	273	205.62383976551	213.297508549096	-67.3761602344895	-59.7024914509038
37221	273	232.933072789448	237.672691744016	-40.066927210552	-35.3273082559843
37222	269	210.814851001466	216.908646800195	-58.1851489985344	-52.0913531998046
37223	269	217.585735222276	224.356619443087	-51.4142647777235	-44.6433805569126
37224	187	149.682462139717	158.682950659502	-37.3175378602834	-28.3170493404983
37225	131	154.390815828041	162.967269174402	23.390815828041	31.9672691744016
37226	155	190.050806057645	199.078651685393	35.0508060576453	44.0786516853933
37227	155	191.630679042501	199.078651685393	36.6306790425012	44.0786516853933
37228	155	179.443087445041	188.245236932096	24.4430874450415	33.2452369320957
37229	155	183.279921836834	191.404982901808	28.2799218368344	36.4049829018075
37230	155	181.700048851979	188.922325354177	26.7000488519785	33.9223253541768
37231	321	244.499267220322	258.026380068393	-76.5007327796776	-62.9736199316072
37232	294	225.249145090376	233.920371275037	-68.7508549096239	-60.0796287249634
37233	197	147.845627747924	159.23400097704	-49.1543722520762	-37.7659990229604
37234	208	197.327796775769	205.652173913043	-10.6722032242306	-2.34782608695653
37235	167	154.14509037616	172.181240840254	-12.8549096238398	5.18124084025402
37236	156	161.775769418661	169.233023937469	5.77576941866144	13.2330239374695
37237	156	159.52125061065	167.325354176844	3.52125061064973	11.3253541768441
37238	295	238.94968246214	244.499267220322	-56.0503175378603	-50.5007327796776
37240	295	228.544211040547	235.134342940889	-66.4557889594529	-59.8656570591109
37241	295	251.262823644358	255.425012212995	-43.7371763556424	-39.5749877870054
37246	221	193.292623351246	199.198827552516	-27.7073766487543	-21.8011724474841
37247	221	203.580850024426	209.868099658036	-17.419149975574	-11.1319003419638
37248	221	189.101123595506	197.103077674646	-31.8988764044944	-23.8969223253542
37249	307	247.218368343918	252.177821201759	-59.7816316560821	-54.8221787982413
37250	268	226.0947728383	230.686858817782	-41.9052271617001	-37.3131411822179
37251	307	234.727894479726	240.605764533464	-72.2721055202736	-66.3942354665364
37252	307	230.319491939424	234.727894479726	-76.6805080605765	-72.2721055202736
37253	307	236.38104543234	240.789447972643	-70.61895456766	-66.2105520273571
37254	307	232.340009770396	236.748412310699	-74.6599902296043	-70.2515876893014
37255	307	239.136297020029	244.09574987787	-67.8637029799707	-62.90425012213
37256	307	238.401563263312	243.177332681974	-68.5984367366878	-63.8226673180264
37257	307	222.053737176356	227.196873473376	-84.9462628236444	-79.8031265266243
37258	313	232.340009770396	237.483146067416	-80.6599902296043	-75.5168539325843
37259	307	206.256961406937	213.053248656571	-100.743038593063	-93.9467513434294
37260	307	223.339521250611	230.135808500244	-83.6604787493894	-76.8641914997557
37261	307	238.217879824133	243.361016121153	-68.7821201758671	-63.6389838788471
37262	307	233.442110405471	237.483146067416	-73.5578895945286	-69.5168539325843
37263	307	227.747923790914	237.299462628236	-79.2520762090865	-69.7005373717636
37264	307	223.339521250611	230.503175378603	-83.6604787493894	-76.4968246213972
37265	307	216.543234000977	224.625305324866	-90.456765999023	-82.3746946751344
37266	307	244.09574987787	248.687835857352	-62.90425012213	-58.3121641426478
37267	307	226.462139716659	232.707376648754	-80.5378602833415	-74.2926233512457
37268	307	242.809965803615	248.136785539814	-64.1900341963849	-58.8632144601856
37269	307	231.054225696141	236.932095749878	-75.9457743038593	-70.0679042501221
37270	307	223.890571568149	228.482657547631	-83.1094284318515	-78.5173424523693
37271	307	245.932584269663	251.075720566683	-61.0674157303371	-55.9242794333171
37272	307	236.013678553981	240.973131411822	-70.9863214460186	-66.0268685881778
37273	307	214.155349291646	221.870053737176	-92.8446507083537	-85.1299462628236
37274	307	242.258915486077	248.504152418173	-64.7410845139228	-58.4958475818271
37275	307	251.626770884221	256.95359062042	-55.3732291157792	-50.0464093795799
37276	307	238.585246702491	243.912066438691	-68.4147532975086	-63.0879335613092
37277	307	236.564728871519	241.52418172936	-70.4352711284807	-65.47581827064
37278	307	235.095261358085	241.156814851001	-71.904738641915	-65.8431851489985
37279	307	224.992672203224	230.319491939424	-82.0073277967758	-76.6805080605765
37280	307	234.544211040547	239.319980459209	-72.4557889594529	-67.6800195407914
37281	307	225.176355642404	231.421592574499	-81.8236443575965	-75.5784074255007
37282	307	230.319491939424	238.401563263312	-76.6805080605765	-68.5984367366878
37283	307	243.177332681974	247.769418661456	-63.8226673180264	-59.2305813385442
37284	307	247.218368343918	251.8104543234	-59.7816316560821	-55.1895456765999
37285	307	242.993649242794	247.953102100635	-64.0063507572057	-59.0468978993649
37286	307	256.035173424524	261.361993160723	-50.9648265754763	-45.638006839277
37287	307	244.279433317049	249.23888617489	-62.7205666829507	-57.7611138251099
37288	222	220.009770395701	226.037127503664	-1.99022960429897	4.0371275036639
37289	222	195.388373229116	200.913531998046	-26.6116267708842	-21.0864680019541
37290	222	200.341963849536	206.438690766976	-21.6580361504641	-15.5613092330239
37291	222	200.532486565706	205.676599902296	-21.4675134342941	-16.323400097704
37292	249	220.346849047386	225.300439667807	-28.6531509526136	-23.6995603321935
37293	206	203.199804592086	207.772349780166	-2.80019540791403	1.77234978016608
37294	206	227.777234978017	234.636052760137	21.7772349780166	28.6360527601368
37295	206	223.395212506107	229.872984855887	17.3952125061065	23.8729848558867
37296	206	203.771372740596	208.343917928676	-2.22862725940402	2.34391792867609
37297	206	217.107962872496	223.014167073766	11.1079628724963	17.0141670737665
37298	206	214.440644846116	219.013190034196	8.44064484611627	13.0131900341964
37299	206	200.913531998046	206.057645334636	-5.08646800195407	0.0576453346360495
37300	216	215.583781143136	219.775280898876	-0.416218856863708	3.77528089887639
37301	216	211.201758671226	216.155349291646	-4.79824132877383	0.155349291646303
37302	222	199.008304836346	206.057645334636	-22.9916951636541	-15.942354665364
37304	312	270.546165119687	274.95456765999	-41.4538348803127	-37.0454323400098
37305	312	250.157303370787	256.035173424524	-61.8426966292135	-55.9648265754763
37306	312	272.566682950659	278.260869565217	-39.4333170493405	-33.7391304347826
37307	320	251.259404005862	256.035173424524	-68.7405959941378	-63.9648265754763
37308	320	233.993160723009	242.993649242794	-86.0068392769907	-77.0063507572057
37309	320	268.341963849536	272.38299951148	-51.6580361504641	-47.6170004885198
37310	127	186.213971665852	195.467513434294	59.2139716658525	68.4675134342941
37311	201	210.814851001466	217.585735222276	9.81485100146557	16.5857352222765
37312	201	194.113336590132	202.012701514411	-6.88666340986811	1.01270151441133
37313	100	177.637518319492	183.957010258915	77.637518319492	83.9570102589155
37314	220	180.57156814851	188.245236932096	-39.42843185149	-31.7547630679043
37315	220	198.401563263312	205.62383976551	-21.5984367366879	-14.3761602344895
37316	128	192.984855886663	201.787005373718	64.9848558866634	73.7870053737176
37317	232	217.445041524182	223.341475329751	-14.5549584758183	-8.65852467024916
37318	229	214.67024914509	219.179286761114	-14.3297508549096	-9.82071323888619
37319	229	220.04640937958	225.422569614069	-8.95359062042013	-3.57743038593063
37320	229	210.681485100147	216.057645334636	-18.3185148998535	-12.942354665364
37321	229	222.474352711285	227.850512945774	-6.52564728871519	-1.14948705422572
37322	229	221.433805569126	225.942843185149	-7.56619443087445	-3.057156814851
37323	229	215.19052271617	219.872984855887	-13.80947728383	-9.12701514411333
37324	229	218.138739618955	224.728871519297	-10.8612603810454	-4.27112848070348
37325	229	211.028334147533	216.751343429409	-17.971665852467	-12.2486565705911
37326	232	210.85490962384	216.751343429409	-21.1450903761602	-15.2486565705911
37327	239	232.186126038105	239.296531509526	-6.81387396189547	0.296531509526119
37328	239	218.312164142648	241.030776746458	-20.6878358573522	2.03077674645823
37330	239	228.197361993161	234.09379579873	-10.8026380068393	-4.90620420127016
37331	239	240.510503175379	250.742550073278	1.5105031753786	11.742550073278
37332	239	220.566682950659	233.57352222765	-18.4333170493405	-5.42647777234978
37337	239	228.023937469468	232.532975085491	-10.9760625305325	-6.46702491450904
37339	239	177.38397655105	194.899853444064	-61.6160234489497	-44.1001465559355
37340	239	225.769418661456	245.019540791402	-13.2305813385442	6.01954079140205
37342	239	203.917928676111	211.201758671226	-35.0820713238886	-27.7982413287738
37343	239	226.983390327308	231.839276990718	-12.0166096726917	-7.1607230092819
37344	247	224.728871519297	237.562286272594	-22.2711284807035	-9.43771372740596
37347	247	218.659013190034	224.208597948217	-28.3409868099658	-22.7914020517831
37348	232	212.242305813385	218.832437713727	-19.7576941866146	-13.1675622862726
37349	232	212.242305813385	218.485588666341	-19.7576941866146	-13.514411333659
