36455	183	162.816316560821	195.766976062531	-20.1836834391793	12.7669760625305
36456	183	175.649731314118	209.294088910601	-7.35026868588179	26.2940889106009
36457	183	178.251099169516	208.080117244748	-4.74890083048365	25.0801172447484
36458	183	174.088910600879	207.039570102589	-8.91108939912067	24.0395701025892
36459	183	136.629213483146	166.111382510992	-46.3707865168539	-16.8886174890083
36460	183	157.613580850024	208.080117244748	-25.3864191499756	25.0801172447484
36461	218	205.398143624817	263.176355642404	-12.6018563751832	45.1763556424035
36463	240	183.957010258915	241.735222276502	-56.0429897410845	1.73522227650221
36465	240	189.825109916952	236.09281875916	-50.1748900830484	-3.90718124084026
36466	240	190.502198339033	237.446995603322	-49.4978016609673	-2.55300439667809
36467	240	194.564728871519	240.606741573034	-45.4352711284807	0.606741573033673
36468	236	211.491939423547	260.468001954079	-24.5080605764534	24.4680019540791
36469	236	215.103077674646	267.915974596971	-20.8969223253542	31.9159745969712
36470	236	206.300928187592	254.374206155349	-29.6990718124084	18.3742061553493
36471	236	202.012701514411	257.082559843674	-33.9872984855887	21.0825598436737
36472	236	197.724474841231	248.054714215926	-38.2755251587689	12.0547142159257
36473	236	175.154860771861	233.158768930142	-60.8451392281387	-2.84123106985834
36474	236	197.04738641915	248.731802638007	-38.95261358085	12.7318026380069
36475	236	204.043966780655	245.120664386908	-31.9560332193454	9.12066438690766
36476	236	216.457254518808	258.888128969223	-19.542745481192	22.8881289692233
36477	236	224.808011724475	267.013190034196	-11.1919882755251	31.0131900341964
36478	280	205.172447484123	247.377625793845	-74.8275525158769	-32.6223742061554
36479	280	216.231558378114	254.148510014656	-63.7684416218857	-25.8514899853444
36480	280	212.620420127015	248.731802638007	-67.3795798729849	-31.2681973619931
36481	280	207.880801172447	246.700537371764	-72.1191988275525	-33.2994626282364
36482	280	215.32877381534	259.113825109917	-64.6712261846605	-20.8861748900831
36483	280	230.901807523205	265.43331704934	-49.0981924767953	-14.5666829506595
36484	273	227.290669272106	263.627747923791	-45.7093307278945	-9.37225207620912
36485	273	224.582315583781	260.919394235467	-48.4176844162189	-12.0806057645335
36486	273	213.52320468979	248.506106497313	-59.4767953102101	-24.4938935026869
36487	281	215.780166096727	250.76306790425	-65.2198339032731	-30.2369320957499
36488	222	152.828529555447	215.788959452858	-69.171470444553	-6.21104054714218
36493	238	203.917928676111	251.783097215437	-34.0820713238886	13.7830972154372
36494	238	199.929164631168	238.776257938446	-38.0708353688324	0.776257938446491
36496	238	181.546165119687	242.244748412311	-56.4538348803127	4.24474841231068
36498	301	244.463116756229	275.13825109917	-56.5368832437714	-25.8617489008305
36499	241	184.147532975085	240.857352222765	-56.8524670249145	-0.142647777234998
36501	209	136.28236443576	171.660967269174	-72.7176355642404	-37.3390327308256
36502	209	189.697117733268	226.636541279922	-19.3028822667318	17.6365412799218
36503	223	192.645334636053	237.388861748901	-30.3546653639472	14.3888617489008
36504	223	189.003419638495	233.920371275037	-33.9965803615046	10.9203712750366
36505	223	195.073277967758	233.053248656571	-27.9267220322423	10.0532486565706
36506	223	195.246702491451	233.053248656571	-27.7532975085491	10.0532486565706
36507	223	192.992183683439	233.400097703957	-30.0078163165608	10.400097703957
36508	223	194.899853444064	234.267220322423	-28.1001465559355	11.267220322423
36509	223	192.298485588666	230.972154372252	-30.7015144113337	7.97215437225208
36510	223	193.859306301905	232.186126038105	-29.1406936980948	9.18612603810453
36511	223	193.165608207132	233.053248656571	-29.8343917928676	10.0532486565706
36512	223	194.553004396678	233.57352222765	-28.4469956033219	10.5735222276502
36513	223	198.194919394235	236.521739130435	-24.8050806057645	13.5217391304348
36514	223	196.80752320469	235.828041035662	-26.1924767953102	12.8280410356619
36515	223	189.350268685882	241.030776746458	-33.6497313141182	18.0307767464582
36516	223	194.379579872985	238.42940889106	-28.6204201270151	15.4294088910601
36517	223	186.748900830484	230.278456277479	-36.2510991695164	7.27845627747922
36518	223	195.593551538837	236.521739130435	-27.4064484611627	13.5217391304348
36519	223	194.726428920371	243.111871030777	-28.2735710796287	20.1118710307767
36520	223	196.634098680997	237.042012701514	-26.3659013190034	14.0420127015144
36521	246	194.899853444064	252.47679531021	-51.1001465559355	6.47679531021006
36522	246	199.929164631168	239.816805080606	-46.0708353688324	-6.18319491939425
36523	246	201.489985344406	246.406936980948	-44.5100146555936	0.406936980947734
36524	246	205.305324865657	245.366389838788	-40.694675134343	-0.63361016121155
36525	246	187.269174401563	241.377625793845	-58.7308255984368	-4.62237420615534
36526	246	198.541768441622	241.724474841231	-47.4582315583781	-4.27552515876894
36527	174	170.967269174402	225.422569614069	-3.03273082559843	51.4225696140694
36528	174	177.90425012213	226.116267708842	3.90425012212995	52.1162677088422
36529	174	187.442598925256	230.105031753786	13.4425989252565	56.105031753786
36530	174	184.320957498779	227.503663898388	10.3209574987787	53.5036638983879
36531	174	181.372740595994	225.075720566683	7.37274059599414	51.0757205666829
36532	174	179.811919882755	235.481191988276	5.81191988275523	61.4811919882755
36533	174	167.672203224231	224.38202247191	-6.32779677576943	50.3820224719101
36534	246	181.199316072301	239.990229604299	-64.8006839276991	-6.00977039570103
36536	221	206.819736199316	239.018075232047	-14.1802638006839	18.0180752320469
36537	221	214.631167562286	243.971665852467	-6.36883243771373	22.971665852467
36538	207	144.137762579384	186.052760136786	-62.8622374206155	-20.9472398632145
36539	207	172.525647288715	203.199804592086	-34.4743527112848	-3.80019540791403
36540	207	176.336101612115	207.962872496336	-30.6638983878847	0.962872496336104
36541	207	163.952125061065	195.959941377626	-43.047874938935	-11.0400586223742
36542	207	147.376648754275	190.625305324866	-59.6233512457254	-16.3746946751344
36543	207	151.568148510015	199.770395701026	-55.4318514899853	-7.22960429897412
36544	209	188.829995114802	223.86174890083	-20.1700048851979	14.8617489008305
36545	207	202.703957010259	237.042012701514	-4.2960429897411	30.0420127015144
36546	207	196.80752320469	230.972154372252	-10.1924767953102	23.9721543722521
36547	207	199.929164631168	234.787493893503	-7.07083536883243	27.7874938935027
36548	207	204.264777723498	240.510503175379	-2.73522227650221	33.5105031753786
36549	207	207.733268197362	241.377625793845	0.73326819736198	34.3776257938447
36550	207	198.715192965315	238.42940889106	-8.28480703468492	31.4294088910601
36551	207	195.246702491451	240.510503175379	-11.7532975085491	33.5105031753786
36552	207	201.489985344406	234.440644846116	-5.51001465559355	27.4406448461163
36553	207	203.917928676111	236.001465559355	-3.08207132388861	29.0014655593552
36554	207	196.460674157303	241.897899364924	-10.5393258426966	34.8978993649243
36555	207	193.685881778212	239.643380556913	-13.314118221788	32.6433805569125
36556	207	191.95163654128	236.868588177821	-15.0483634587201	29.8685881778212
36557	207	191.084513922814	244.672691744016	-15.9154860771861	37.6726917440156
36558	207	201.489985344406	238.602833414753	-5.51001465559355	31.6028334147533
36559	207	195.766976062531	238.602833414753	-11.2330239374695	31.6028334147533
36560	209	189.870542256961	226.983390327308	-19.1294577430386	17.9833903273083
36561	209	192.47191011236	222.994626282364	-16.5280898876404	13.9946262823644
36562	209	191.778212017587	226.116267708842	-17.2217879824133	17.1162677088422
36563	209	194.899853444064	227.850512945774	-14.1001465559355	18.8505129457743
36564	207	183.800683927699	245.886663409868	-23.1993160723009	38.8866634098681
36566	241	163.683439179287	200.102589154861	-77.3165608207132	-40.8974108451392
36567	241	188.829995114802	221.433805569126	-52.1700048851979	-19.5661944308744
36568	241	177.557401074744	212.415730337079	-63.4425989252565	-28.5842696629213
36569	241	185.708353688324	221.954079140205	-55.2916463116756	-19.0459208597948
36570	241	181.199316072301	221.780654616512	-59.8006839276991	-19.219345383488
36571	241	190.043966780655	220.566682950659	-50.9560332193454	-20.4333170493405
36572	165	149.199804592086	205.62383976551	-15.800195407914	40.6238397655105
36573	165	146.040058622374	205.398143624817	-18.9599413776258	40.3981436248168
36574	243	206.526624328285	278.523693209575	-36.4733756717147	35.523693209575
36575	243	220.068392769907	267.013190034196	-22.9316072300928	24.0131900341964
36576	243	165.449926722032	264.530532486566	-77.5500732779678	21.5305324865657
36577	211	168.234489496825	232.891060087934	-42.7655105031754	21.8910600879336
36578	217	134.804103566194	185.317049340498	-82.1958964338056	-31.6829506595017
36580	185	155.759648265755	249.496824621397	-29.2403517342453	64.4968246213971
36581	172	144.008793356131	208.557889594529	-27.9912066438691	36.5578895945285
36582	174	158.904738641915	219.842696629213	-15.095261358085	45.8426966292135
36583	174	166.578407425501	218.939912066439	-7.4215925744993	44.9399120664387
36584	174	168.158280410357	205.172447484123	-5.84171958964339	31.1724474841231
36585	174	157.776257938447	215.554469956033	-16.2237420615535	41.5544699560332
36586	172	123.470444553004	211.943331704934	-48.5295554469956	39.9433317049341
36587	172	131.14411333659	218.488519785051	-40.8558866634099	46.4885197850513
36588	174	158.679042501221	207.203712750366	-15.3209574987787	33.2037127503664
36589	174	164.772838299951	201.109916951637	-9.22716170004884	27.1099169516365
36590	174	164.998534440645	193.436248168051	-9.00146555935515	19.4362481680508
36591	174	166.804103566194	197.04738641915	-7.19589643380556	23.04738641915
36592	174	167.932584269663	209.912066438691	-6.06741573033707	35.9120664386908
36593	174	164.09574987787	206.978016609673	-9.90425012212995	32.9780166096727
36594	175	167.481191988275	209.912066438691	-7.5188080117245	34.9120664386908
36595	192	158.904738641915	198.8529555447	-33.095261358085	6.85295554469957
36596	192	165.90131900342	198.175867122618	-26.0986809965804	6.17586712261846
36597	192	163.644357596483	194.339032730826	-28.3556424035173	2.33903273082558
36598	192	161.613092330239	195.918905715681	-30.3869076697607	3.91890571568149
36599	192	149.651196873473	197.498778700537	-42.3488031265266	5.49877870053734
36600	192	158.904738641915	202.012701514411	-33.095261358085	10.0127015144113
36601	192	148.974108451392	197.724474841231	-43.0258915486077	5.72447484123109
36602	192	152.585246702491	221.648265754763	-39.4147532975086	29.648265754763
36607	188	185.361504640938	214.843673668784	-2.63849535906203	26.8436736687836
36608	188	189.176844162189	220.04640937958	1.17684416218856	32.0464093795799
36609	188	190.217391304348	221.607230092819	2.21739130434781	33.6072300928188
36610	188	190.737664875427	222.821201758671	2.73766487542744	34.8212017586712
36611	188	194.553004396678	230.451880801172	6.55300439667806	42.4518808011725
36612	283	207.171470444553	252.19345383488	-75.828529555447	-30.8065461651197
36613	283	255.359062042013	281.914997557401	-27.6409379579873	-1.08500244259892
36614	283	258.348803126527	285.080605764533	-24.6511968734734	2.08060576453346
36615	283	243.04836345872	269.076697606253	-39.9516365412799	-13.923302393747
36616	283	259.052271617	286.135808500244	-23.9477283829995	3.13580850024425
36618	283	258.172936003908	285.959941377626	-24.8270639960919	2.9599413776258
36619	283	266.262823644358	289.301416707377	-16.7371763556424	6.30141670737663
36620	283	266.086956521739	287.542745481192	-16.9130434782609	4.54274548119196
36621	283	261.690278456277	287.542745481192	-21.3097215437225	4.54274548119196
36622	283	260.107474352711	289.829018075232	-22.8925256472887	6.82901807523206
36623	173	156.66243282853	200.3790913532	-16.3375671714705	27.3790913531998
36624	174	167.683439179287	216.910600879336	-6.31656082071325	42.9106008793356
36625	173	161.070835368832	210.481680508061	-11.9291646311676	37.4816805080606
36626	173	168.969223253542	217.829018075232	-4.03077674645823	44.829018075232
36627	173	158.682950659502	204.052760136786	-14.3170493404983	31.0527601367855
36628	173	154.825598436737	211.216414264778	-18.1744015632633	38.2164142647777
36629	207	203.390327308256	243.590620420127	-3.60967269174401	36.590620420127
36630	207	203.961895456766	239.780166096727	-3.038104543234	32.7801660967269
36631	157	201.489985344406	242.244748412311	44.4899853444064	85.2447484123107
36632	157	208.253541768442	248.14118221788	51.2535417684416	91.1411822178798
36633	157	154.491939423547	186.57547630679	-2.50806057645335	29.5754763067904
36634	263	203.917928676111	249.875427454812	-59.0820713238886	-13.1245725451881
36635	263	231.492427943332	267.911577918906	-31.5075720566683	4.91157791890572
36636	157	132.467024914509	184.494382022472	-24.532975085491	27.4943820224719
36637	157	151.196873473376	200.102589154861	-5.80312652662434	43.1025891548608
36638	157	153.624816805081	194.206155349292	-3.3751831949194	37.2061553492916
36639	165	180.505617977528	220.393258426966	15.5056179775281	55.3932584269663
36640	197	184.147532975085	224.035173424524	-12.8524670249145	27.0351734245237
36641	197	141.831949193942	188.309721543723	-55.1680508060576	-8.6902784562775
36642	197	176.863702979971	225.249145090376	-20.1362970200293	28.2491450903761
36643	197	149.982901807523	196.634098680997	-47.0170981924768	-0.365901319003427
36644	197	143.566194430874	188.656570591109	-53.4338055691256	-8.34342940889107
36645	209	194.032730825598	233.400097703957	-14.9672691744016	24.400097703957
36648	160	151.890571568149	208.426966292135	-8.10942843185148	48.4269662921348
36649	157	110.268685881778	223.688324377137	-46.7313141182218	66.6883243771373
36650	157	161.082071323889	217.965315095261	4.08207132388861	60.9653150952614
36651	215	173.349291646312	206.752320468979	-41.6507083536883	-8.24767953102099
36652	215	170.866634098681	208.783585735222	-44.133365901319	-6.21641426477771
36653	215	157.550561797753	200.884220810943	-57.4494382022472	-14.1157791890572
36654	215	157.324865657059	199.755740107474	-57.6751343429409	-15.2442598925256
36655	215	147.168539325843	195.2418172936	-67.8314606741573	-19.7581827063996
36656	215	149.42550073278	195.016121152907	-65.5744992672203	-19.9838788470933
36657	215	157.776257938447	202.915486077186	-57.2237420615535	-12.0845139228139
36658	215	156.873473375672	204.269662921348	-58.1265266243283	-10.7303370786517
36659	215	176.28334147533	216.005862237421	-38.7166585246703	1.00586223742062
36660	237	225.033707865169	269.270151441133	-11.9662921348315	32.2701514411334
36661	237	222.776746458232	268.367366878359	-14.2232535417684	31.3673668783586
36662	237	215.32877381534	259.113825109917	-21.6712261846605	22.1138251099169
36663	237	227.290669272106	271.752808988764	-9.7093307278945	34.7528089887641
36664	237	201.33561309233	258.211040547142	-35.6643869076698	21.2110405471421
36665	237	218.939912066439	263.853444064485	-18.0600879335613	26.8534440644846
36666	237	218.037127503664	267.464582315584	-18.9628724963361	30.4645823155838
36667	237	225.259404005862	274.686858817782	-11.7405959941378	37.6868588177821
36668	237	199.755740107474	240.606741573034	-37.2442598925256	3.60674157303367
36669	237	199.530043966781	258.888128969223	-37.4699560332194	21.8881289692233
36670	220	194.790425012213	231.353199804592	-25.209574987787	11.3531998045921
36671	220	202.915486077186	242.18661455789	-17.0845139228139	22.1866145578896
36672	220	206.752320468979	274.009770395701	-13.247679531021	54.009770395701
36673	232	211.895456765999	248.834880312653	-20.104543234001	16.8348803126526
36674	232	207.559843673669	247.6209086468	-24.4401563263312	15.6209086468002
36675	142	127.758671226185	202.689789936492	-14.2413287738154	60.6897899364924
36676	235	185.361504640938	230.451880801172	-49.638495359062	-4.54811919882755
36677	225	191.778212017587	230.451880801172	-33.2217879824133	5.45188080117245
36678	235	199.582315583781	237.562286272594	-35.4176844162189	2.56228627259404
36679	232	197.674645823156	255.945285784074	-34.3253541768442	23.9452857840743
36680	232	205.305324865657	244.846116267709	-26.694675134343	12.8461162677088
36681	232	200.969711773327	233.920371275037	-31.0302882266732	1.92037127503664
36682	235	204.785051294577	246.233512457255	-30.2149487054226	11.2335124572545
36683	235	200.62286272594	239.643380556913	-34.3771372740596	4.64338055691255
36684	235	188.829995114802	233.920371275037	-46.1700048851979	-1.07962872496336
36685	235	202.357107962873	240.163654127992	-32.6428920371275	5.16365412799217
36686	235	204.438202247191	236.001465559355	-30.561797752809	1.00146555935515
36687	231	201.489985344406	234.267220322423	-29.5100146555936	3.26722032242304
36688	231	198.194919394235	233.226673180264	-32.8050806057645	2.22667318026379
36689	255	212.762579384465	243.458720078163	-42.2374206155349	-11.5412799218368
36690	255	217.098192476795	243.111871030777	-37.9018075232047	-11.8881289692233
36691	255	217.965315095261	244.672691744016	-37.0346849047386	-10.3273082559844
36692	255	211.201758671226	238.082559843674	-43.7982413287738	-16.9174401563263
36693	255	209.987787005374	245.366389838788	-45.0122129946263	-9.63361016121155
36694	269	207.733268197362	237.388861748901	-61.266731802638	-31.6111382510992
36695	269	205.825598436737	240.857352222765	-63.1744015632633	-28.142647777235
36696	268	202.703957010259	236.001465559355	-65.2960429897411	-31.9985344406448
36697	233	194.553004396678	249.702002931119	-38.4469956033219	16.7020029311187
36698	233	206.51929653151	241.897899364924	-26.4807034684905	8.89789936492429
36699	233	194.726428920371	248.314606741573	-38.2735710796287	15.314606741573
36700	233	181.719589643381	243.632144601856	-51.2804103566195	10.6321446018564
36701	233	200.449438202247	247.967757694187	-32.5505617977528	14.9677576941866
36702	233	194.379579872985	251.262823644358	-38.6204201270151	18.2628236443576
36704	210	140.136785539814	230.254030288227	-69.8632144601856	20.2540302882267
36705	210	132.325354176844	197.674645823156	-77.6746458231559	-12.3253541768442
36706	222	157.764533463605	208.09379579873	-64.2354665363947	-13.9062042012702
36708	233	193.685881778212	234.09379579873	-39.314118221788	1.09379579872984
36709	233	179.291646311676	224.035173424524	-53.7083536883244	-8.96482657547631
36710	233	185.188080117245	221.780654616512	-47.8119198827553	-11.219345383488
36711	233	187.269174401563	226.636541279922	-45.7308255984368	-6.36345872007817
36712	233	188.656570591109	226.809965803615	-44.3434294088911	-6.19003419638497
36713	276	225.176355642404	256.95359062042	-50.8236443575965	-19.0464093795799
36714	233	187.09574987787	225.942843185149	-45.90425012213	-7.057156814851
36715	233	189.003419638495	221.954079140205	-43.9965803615046	-11.0459208597948
36716	233	175.649731314118	209.987787005374	-57.3502686858818	-23.0122129946263
36717	233	179.118221787982	218.138739618955	-53.8817782120176	-14.8612603810454
36718	233	165.244259892526	211.028334147533	-67.7557401074744	-21.971665852467
36719	233	162.469467513434	210.33463605276	-70.5305324865657	-22.6653639472399
36720	233	198.368343917929	230.105031753786	-34.6316560820713	-2.89496824621398
36721	233	175.129457743039	220.219833903273	-57.8705422569614	-12.7801660967269
36722	233	164.723986321446	215.017098192477	-68.276013678554	-17.9829018075232
36723	233	173.04836345872	222.474352711285	-59.9516365412799	-10.5256472887152
36724	184	179.118221787982	253.343917928676	-4.88177821201759	69.3439179286761
36725	219	195.420127015144	267.911577918906	-23.5798729848559	48.9115779189057
36726	219	204.785051294577	251.089399120664	-14.2149487054226	32.0893991206644
36727	219	190.911089399121	243.632144601856	-28.0889106008793	24.6321446018564
36728	219	192.125061064973	247.794333170493	-26.8749389350269	28.7943331704934
36729	219	193.339032730826	242.591597459697	-25.6609672691744	23.5915974596971
36730	219	198.194919394235	235.307767464582	-20.8050806057645	16.3077674645823
36731	219	192.125061064973	223.688324377137	-26.8749389350269	4.68832437713726
36732	260	226.839276990718	269.721543722521	-33.1607230092819	9.72154372252078
36733	260	228.644846116268	276.718124084025	-31.3551538837323	16.7181240840254
36734	260	239.478260869565	289.80850024426	-20.5217391304348	29.8085002442599
36735	260	235.190034196385	278.749389350269	-24.8099658036151	18.7493893502687
36736	260	229.321934538349	267.013190034196	-30.6780654616512	7.01319003419638
36737	260	243.540791402052	288.00293111871	-16.4592085979482	28.0029311187103
36738	260	235.867122618466	289.131411822179	-24.1328773815339	29.1314118221788
36739	260	225.259404005862	269.947239863214	-34.7405959941378	9.94723986321446
36740	260	230.676111382511	284.843185148999	-29.323888617489	24.8431851489985
36741	260	223.453834880313	276.492427943332	-36.5461651196874	16.4924279433317
36742	260	237.672691744016	282.811919882755	-22.3273082559843	22.8119198827553
36743	260	237.446995603322	287.551538837323	-22.5530043966781	27.5515388373229
36744	260	239.026868588178	280.329262335125	-20.9731314118222	20.3292623351246
36745	204	155.192965315095	229.584758182706	-48.8070346849047	25.5847581827064
36746	204	166.030288226673	236.013678553981	-37.9697117733268	32.0136785539814
36747	246	225.075720566683	257.506106497313	-20.9242794333171	11.5061064973131
36748	246	227.850512945774	252.823644357596	-18.1494870542257	6.82364435759646
36749	246	218.485588666341	259.587200781632	-27.514411333659	13.5872007816316
36750	246	230.451880801172	257.159257449927	-15.5481191988275	11.1592574499267
36751	246	231.492427943332	255.251587689301	-14.5075720566683	9.2515876893014
36752	246	230.798729848559	253.864191499756	-15.2012701514412	7.86419149975572
36753	220	215.017098192477	241.377625793845	-4.98290180752321	21.3776257938447
36754	254	229.411333659013	259.240351734245	-24.5886663409868	5.24035173424522
36755	254	217.445041524182	267.391304347826	-36.5549584758183	13.3913043478261
36756	254	233.746946751343	260.280898876404	-20.2530532486566	6.28089887640448
36757	255	187.793844650708	250.085979482169	-67.2061553492916	-4.91402051783098
36758	255	211.943331704934	255.502686858818	-43.0566682950659	0.502686858817754
36759	255	188.470933072789	238.57547630679	-66.5290669272106	-16.4245236932096
36760	255	186.66536394724	245.346360527601	-68.3346360527601	-9.65363947239865
36761	255	168.38397655105	225.485100146556	-86.6160234489497	-29.5148998534441
36762	255	162.741573033708	213.974596971177	-92.2584269662921	-41.0254030288227
36766	299	269.992672203224	296.700048851979	-29.0073277967758	-2.29995114802148
36771	299	270.686370297997	296.006350757206	-28.3136297020029	-2.99364924279433
36772	299	268.952125061065	299.821690278456	-30.047874938935	0.821690278456288
36773	261	220.913531998046	257.33268197362	-40.0864680019541	-3.66731802638009
36774	261	221.086956521739	251.089399120664	-39.9130434782609	-9.91060087933562
36775	261	201.489985344406	239.469956033219	-59.5100146555936	-21.5300439667807
36776	261	217.791890571568	249.355153883732	-43.2081094284319	-11.6448461162677
36777	261	229.931607230093	270.166096726917	-31.0683927699072	9.16609672691743
36778	261	225.249145090376	259.240351734245	-35.7508549096239	-1.75964826575478
36779	261	229.064484611627	262.18856863703	-31.9355153883732	1.18856863702979
36780	261	221.433805569126	262.015144113337	-39.5661944308744	1.01514411333659
36781	261	219.872984855887	260.454323400098	-41.1270151441133	-0.545676599902322
36782	261	222.474352711285	257.679531021006	-38.5256472887152	-3.32046897899363
36783	261	229.931607230093	260.974596971177	-31.0683927699072	-0.0254030288226659
36784	261	219.352711284807	250.915974596971	-41.647288715193	-10.0840254030288
36785	261	221.607230092819	252.303370786517	-39.3927699071812	-8.69662921348316
36786	261	219.872984855887	249.875427454812	-41.1270151441133	-11.1245725451881
36787	261	221.954079140205	262.535417684416	-39.0459208597948	1.53541768441619
36788	261	233.400097703957	263.055691255496	-27.599902296043	2.05569125549584
36789	261	225.595994137763	254.731314118222	-35.4040058622374	-6.26868588177823
36790	261	217.271617000489	251.089399120664	-43.7283829995115	-9.91060087933562
36791	242	186.235466536395	227.931607230093	-55.7645334636053	-14.0683927699072
36792	241	201.481191988276	243.177332681974	-39.5188080117245	2.17733268197361
36793	241	213.420615534929	244.279433317049	-27.5793844650708	3.27943331704932
36794	241	216.910600879336	245.748900830484	-24.0893991206644	4.74890083048365
36795	241	210.66536394724	245.932584269663	-30.3346360527601	4.93258426966293
36796	241	212.869565217391	246.299951148021	-28.1304347826087	5.29995114802148
36797	242	215.992183683439	253.830972154372	-26.0078163165608	11.8309721543723
36798	241	207.175378602833	246.851001465559	-33.8246213971666	5.85100146555936
36799	241	213.971665852467	247.953102100635	-27.028334147533	6.95310210063508
36800	241	212.869565217391	256.035173424524	-28.1304347826087	15.0351734245237
36801	242	214.339032730826	250.524670249145	-27.6609672691744	8.52467024914506
36802	260	212.869565217391	249.23888617489	-47.1304347826087	-10.7611138251099
36803	243	218.196384953591	248.687835857352	-24.8036150464094	5.68783585735224
36804	249	208.277479237909	241.891548607719	-40.7225207620909	-7.10845139228138
36805	272	211.032730825598	251.8104543234	-60.9672691744016	-20.1895456765999
36806	272	220.400586223742	265.035661944309	-51.5994137762579	-6.96433805569126
36807	244	221.135319980459	258.423058133854	-22.8646800195408	14.4230581338544
36808	244	224.441621885686	257.688324377137	-19.5583781143136	13.6883243771373
36809	244	201.113825109917	234.360527601368	-42.8861748900831	-9.63947239863217
36810	244	215.441133365901	254.565705911089	-28.5588666340987	10.5657059110894
36811	244	220.95163654128	252.545188080117	-23.0483634587201	8.54518808011721
36812	244	219.849535906204	254.749389350269	-24.1504640937958	10.7493893502687
36813	244	223.890571568149	256.035173424524	-20.1094284318515	12.0351734245237
36814	244	219.849535906204	251.8104543234	-24.1504640937958	7.81045432340011
36815	244	228.115290669272	257.320957498779	-15.8847093307279	13.3209574987787
36816	244	211.032730825598	250.157303370787	-32.9672691744016	6.15730337078651
36817	244	218.563751831949	249.789936492428	-25.4362481680508	5.78993649242796
36818	244	220.95163654128	251.443087445041	-23.0483634587201	7.4430874450415
36819	241	213.053248656571	252.728871519297	-27.9467513434294	11.7288715192965
36820	241	211.400097703957	248.320468978994	-29.599902296043	7.32046897899363
36821	241	227.747923790914	254.565705911089	-13.2520762090865	13.5657059110894
36822	241	229.584758182706	256.95359062042	-11.4152418172936	15.9535906204201
36823	253	214.706399609184	257.872007816317	-38.2936003908158	4.87200781631657
36824	244	241.891548607719	292.588177821202	-2.10845139228138	48.5881778212017
36825	244	220.400586223742	255.300439667807	-23.5994137762579	11.3004396678065
36826	244	217.645334636053	252.177821201759	-26.3546653639472	8.17782120175866
36827	288	238.255984367367	262.18856863703	-49.7440156326331	-25.8114313629702
36828	288	212.762579384465	249.528578407425	-75.2374206155349	-38.4714215925745
36829	288	239.816805080606	266.697606253053	-48.1831949193943	-21.3023937469467
36830	219	185.133365901319	237.299462628236	-33.866634098681	18.2994626282364
36831	281	228.644846116268	259.113825109917	-52.3551538837323	-21.8861748900831
36832	281	214.877381533952	247.151929653151	-66.1226184660479	-33.8480703468491
36833	281	241.735222276502	270.398632144602	-39.2647777234978	-10.6013678553982
36834	175	159.581827063996	208.332193453835	-15.4181729360039	33.3321934538349
36835	158	150.102589154861	196.370297997069	-7.89741084513923	38.3702979970689
36836	158	138.140693698095	190.502198339033	-19.8593063019052	32.5021983390327
36837	162	144.685881778212	196.144601856375	-17.314118221788	34.1446018563752
36838	173	148.974108451392	192.533463605276	-24.0258915486077	19.533463605276
36839	162	140.171958964338	187.342452369321	-21.828041035662	25.3424523693209
36840	162	150.102589154861	201.109916951637	-11.8974108451392	39.1099169516365
36841	182	173.377625793845	210.849047386419	-8.62237420615534	28.8490473864191
36842	182	174.847093307279	215.257449926722	-7.15290669272105	33.257449926722
36843	178	158.131900341964	220.95163654128	-19.8680996580362	42.9516365412799
36844	127	156.846116267709	190.09281875916	29.8461162677089	63.0928187591597
36845	127	157.213483146067	199.460674157303	30.2134831460674	72.4606741573034
36847	169	166.213971665852	210.66536394724	-2.78602833414755	41.6653639472399
36848	157	154.09086468002	203.501709819248	-2.90913531998046	46.5017098192477
36849	204	174.929164631168	224.808011724475	-29.0708353688324	20.8080117244749
36850	191	160.041524181729	215.537371763556	-30.9584758182706	24.5373717635564
36851	191	165.591108939912	230.972154372252	-25.4088910600879	39.9721543722521
36852	191	167.845627747924	228.891060087934	-23.1543722520762	37.8910600879336
36853	191	168.539325842697	221.954079140205	-22.4606741573034	30.9540791402052
36854	191	173.395212506107	241.897899364924	-17.6047874938935	50.8978993649243
36855	191	184.494382022472	232.532975085491	-6.50561797752809	41.532975085491
36856	191	171.314118221788	219.5261358085	-19.685881778212	28.5261358085002
36857	191	183.800683927699	249.181729360039	-7.19931607230095	58.1817293600391
36858	191	176.343429408891	235.307767464582	-14.6565705911089	44.3077674645823
36859	304	254.565705911089	295.52711284807	-49.4342940889106	-8.47288715192968
36860	321	244.646800195408	286.342940889106	-76.3531998045921	-34.657059110894
36861	304	260.627259404006	306.548119198828	-43.3727405959942	2.54811919882752
36862	304	227.564240351734	268.341963849536	-76.4357596482658	-35.6580361504641
36863	304	248.136785539814	288.363458720078	-55.8632144601856	-15.6365412799219
36864	304	238.401563263312	272.750366389839	-65.5984367366878	-31.2496336101612
36865	304	234.360527601368	263.382510991695	-69.6394723986322	-40.6174890083049
36866	304	243.177332681974	278.995603321935	-60.8226673180264	-25.0043966780655
36867	304	217.094284318515	251.994137762579	-86.9057156814851	-52.0058622374206
36868	304	221.502686858818	261.178309721544	-82.4973131411822	-42.8216902784563
36869	279	250.258915486077	275.598436736688	-28.7410845139228	-3.4015632633122
36870	279	251.592574499267	279.980459208598	-27.4074255007328	0.980459208597949
36871	279	241.685393258427	276.170004885198	-37.314606741573	-2.82999511480216
36872	279	253.688324377137	283.600390815828	-25.3116756228627	4.60039081582801
36873	279	252.164142647777	278.456277479238	-26.8358573522228	-0.543722520762117
36874	279	249.877870053737	278.075232046898	-29.1221299462628	-0.924767953102105
36875	279	253.688324377137	275.598436736688	-25.3116756228627	-3.4015632633122
36876	279	222.09965803615	264.530532486566	-56.9003419638495	-14.4694675134343
36877	279	230.676111382511	265.884709330728	-48.323888617489	-13.1152906692721
36878	279	216.231558378114	260.468001954079	-62.7684416218857	-18.5319980459209
36879	279	225.033707865169	275.363947239863	-53.9662921348315	-3.63605276013681
36880	279	217.81143136297	260.242305813385	-61.1885686370298	-18.7576941866146
36881	144	164.030288226673	228.023937469468	20.0302882266732	84.0239374694675
36882	216	135.068392769907	186.228627259404	-80.9316072300928	-29.771372740596
36884	167	182.066438690767	222.821201758671	15.066438690767	55.8212017586712
36885	167	165.244259892526	221.433805569126	-1.75574010747437	54.4338055691256
36886	167	112.176355642404	199.929164631168	-54.8236443575965	32.9291646311676
36887	167	165.937957987298	220.04640937958	-1.06204201270151	53.0464093795799
36889	167	182.76013678554	229.23790913532	15.7601367855398	62.23790913532
36900	232	179.811919882755	241.724474841231	-52.1880801172448	9.72447484123106
36902	208	148.248656570591	212.415730337079	-59.7513434294089	4.41573033707866
36903	208	155.185637518319	227.156814851001	-52.8143624816805	19.1568148510015
36904	208	169.059599413776	228.544211040547	-38.9404005862237	20.5442110405471
36905	208	155.185637518319	227.156814851001	-52.8143624816805	19.1568148510015
36917	239	181.199316072301	241.030776746458	-57.8006839276991	2.03077674645823
36918	239	186.922325354177	244.152418172936	-52.0776746458232	5.152418172936
36920	244	141.751831949194	257.082559843674	-102.248168050806	13.0825598436737
36921	244	165.675622862726	296.127992183683	-78.324377137274	52.1279921836834
36922	244	118.279433317049	221.196873473376	-125.720566682951	-22.8031265266243
36924	244	141.751831949194	257.082559843674	-102.248168050806	13.0825598436737
36925	244	218.714215925745	248.054714215926	-25.285784074255	4.05471421592574
36928	244	164.547142159257	200.658524670249	-79.4528578407426	-43.3414753297508
36929	244	175.154860771861	209.912066438691	-68.8451392281387	-34.0879335613092
36931	290	189.101123595506	246.829506595017	-100.898876404494	-43.1704934049829
36932	290	201.675622862726	248.544211040547	-88.3243771372741	-41.4557889594529
36933	254	209.120664386908	246.580361504641	-44.8793356130923	-7.41963849535907
36934	254	227.330239374695	262.361993160723	-26.6697606253053	8.36199316072299
36935	254	207.733268197362	247.967757694187	-46.266731802638	-6.03224230581338
36936	254	231.492427943332	271.90034196385	-22.5075720566683	17.9003419638495
36937	263	213.803126526624	254.731314118222	-49.1968734733757	-8.26868588177823
36938	244	212.936003908158	260.801172447484	-31.0639960918417	16.8011724474841
36939	244	201.316560820713	246.580361504641	-42.6834391792868	2.58036150464093
36940	237	211.375183194919	259.760625305325	-25.6248168050806	22.7606253053249
36941	236	187.09574987787	297.046897899365	-48.90425012213	61.0468978993649
36942	236	196.80752320469	277.623351245725	-39.1924767953102	41.6233512457254
36943	200	179.985344406448	229.064484611627	-20.0146555935515	29.0644846116268
36944	202	184.667806546165	236.695163654128	-17.3321934538349	34.695163654128
36946	202	182.413287738153	234.614069369809	-19.5867122618466	32.6140693698095
36947	202	184.841231069858	236.868588177821	-17.1587689301417	34.8685881778212
36948	202	181.372740595994	229.23790913532	-20.6272594040059	27.23790913532
36949	253	224.208597948217	261.66829506595	-28.7914020517831	8.66829506595019
36950	245	231.319003419638	262.18856863703	-13.6809965803615	17.1885686370298
36951	245	228.023937469468	260.454323400098	-16.9760625305325	15.4543234000977
36952	245	227.677088422081	259.240351734245	-17.3229115779189	14.2403517342452
36953	245	229.931607230093	258.720078163166	-15.0683927699072	13.7200781631656
36954	245	230.972154372252	258.026380068393	-14.0278456277479	13.0263800683928
36955	245	183.106985832926	226.463116756229	-61.8930141670738	-18.5368832437714
36956	245	200.276013678554	237.042012701514	-44.723986321446	-7.95798729848559
36957	245	203.571079628725	237.562286272594	-41.428920371275	-7.43771372740596
36958	245	231.839276990718	262.361993160723	-13.1607230092819	17.361993160723
36959	245	226.983390327308	258.026380068393	-18.0166096726917	13.0263800683928
36960	245	230.451880801172	264.096238397655	-14.5481191988275	19.0962383976551
36961	245	210.33463605276	246.753786028334	-34.6653639472399	1.75378602833413
36962	245	209.120664386908	241.897899364924	-35.8793356130923	-3.10210063507571
36963	245	206.51929653151	239.123106985833	-38.4807034684905	-5.87689301416708
36964	245	201.316560820713	237.90913531998	-43.6834391792868	-7.09086468001954
36965	245	205.131900341964	238.082559843674	-39.8680996580362	-6.91744015632634
36966	245	199.235466536395	241.897899364924	-45.7645334636053	-3.10210063507571
36967	245	230.625305324866	260.454323400098	-14.3746946751344	15.4543234000977
36968	245	201.316560820713	234.267220322423	-43.6834391792868	-10.732779677577
36969	245	209.987787005374	239.296531509526	-35.0122129946263	-5.70346849047388
36970	245	227.850512945774	258.546653639472	-17.1494870542257	13.5466536394724
36971	245	230.625305324866	260.974596971177	-14.3746946751344	15.9745969711773
36972	245	228.891060087934	258.373229115779	-16.1089399120664	13.3732291157792
36973	245	231.665852467025	259.066927210552	-13.3341475329751	14.066927210552
36974	245	205.305324865657	241.897899364924	-39.694675134343	-3.10210063507571
36975	245	224.035173424524	263.922813873962	-20.9648265754763	18.9228138739619
36976	245	224.208597948217	256.638983878847	-20.7914020517831	11.6389838788471
36977	245	230.278456277479	259.934049829018	-14.7215437225208	14.9340498290181
36978	245	239.123106985833	265.830483634587	-5.87689301416708	20.8304836345872
36979	245	230.972154372252	259.587200781632	-14.0278456277479	14.5872007816316
36980	245	228.71763556424	258.546653639472	-16.2823644357597	13.5466536394724
36981	245	233.226673180264	261.321446018564	-11.7733268197362	16.3214460185637
36982	245	228.023937469468	257.679531021006	-16.9760625305325	12.6795310210064
36983	245	229.411333659013	256.985832926234	-15.5886663409868	11.9858329262335
36984	245	227.330239374695	255.598436736688	-17.6697606253053	10.5984367366878
36985	245	231.492427943332	259.066927210552	-13.5075720566683	14.066927210552
36986	245	228.544211040547	257.33268197362	-16.4557889594529	12.3326819736199
36987	245	225.249145090376	260.280898876404	-19.7508549096239	15.2808988764045
36988	245	229.584758182706	260.280898876404	-15.4152418172936	15.2808988764045
36989	245	198.541768441622	236.521739130435	-46.4582315583781	-8.47826086956522
36990	245	232.706399609184	263.055691255496	-12.2936003908158	18.0556912554958
36991	245	230.972154372252	260.801172447484	-14.0278456277479	15.8011724474841
36992	245	226.116267708842	255.945285784074	-18.8837322911578	10.9452857840743
36993	245	210.33463605276	241.724474841231	-34.6653639472399	-3.27552515876894
36994	245	233.57352222765	264.789936492428	-11.4264777723498	19.789936492428
36995	245	230.798729848559	260.801172447484	-14.2012701514412	15.8011724474841
36996	245	225.075720566683	261.66829506595	-19.9242794333171	16.6682950659502
36997	245	231.492427943332	261.321446018564	-13.5075720566683	16.3214460185637
36998	245	230.798729848559	260.107474352711	-14.2012701514412	15.1074743527113
36999	241	227.503663898388	258.373229115779	-13.4963361016121	17.3732291157792
37000	241	236.348314606742	262.18856863703	-4.65168539325845	21.1885686370298
37001	241	212.589154860772	243.632144601856	-28.4108451392281	2.63214460185637
37002	150	150.043966780655	195.197850512946	0.043966780654614	45.1978505129458
37008	318	255.598436736688	294.792379091353	-62.4015632633122	-23.2076209086468
37011	318	257.8529555447	295.312652662433	-60.1470444553005	-22.6873473375672
37013	318	251.609672691744	283.346360527601	-66.390327308256	-34.6536394723987
37014	318	250.742550073278	300.688812896922	-67.257449926722	-17.3111871030777
37017	318	245.539814362482	281.09184171959	-72.4601856375183	-36.9081582804104
37020	318	252.303370786517	299.301416707377	-65.6966292134832	-18.6985832926234
37021	321	250.048851978505	291.670737664875	-70.9511480214949	-29.3292623351246
37025	318	242.244748412311	288.375671714704	-75.7552515876893	-29.6243282852956
37026	159	155.560332193454	207.359062042013	-3.43966780654617	48.3590620420127
37028	203	140.708353688324	199.008304836346	-62.2916463116756	-3.99169516365413
37029	299	274.675134342941	299.821690278456	-24.3248656570591	0.821690278456288
37030	299	256.985832926234	283.866634098681	-42.0141670737665	-15.133365901319
37031	299	265.310210063508	297.393746946751	-33.6897899364924	-1.60625305324868
37032	299	261.841719589643	299.47484123107	-37.1582804103566	0.474841231069831
37035	299	262.361993160723	289.416218856864	-36.638006839277	-9.58378114313632
37036	299	275.7156814851	303.8104543234	-23.2843185148998	4.81045432340011
37037	299	270.166096726917	299.127992183683	-28.8339032730826	0.127992183683432
37038	299	269.645823155838	295.13922813874	-29.3541768441622	-3.86077186126039
37039	298	247.967757694187	283.693209574988	-50.0322423058134	-14.3067904250122
37041	298	260.627747923791	298.95456765999	-37.3722520762091	0.954567659990232
37042	298	265.483634587201	290.109916951637	-32.5163654127992	-7.89008304836346
37043	299	233.226673180264	274.501709819248	-65.7733268197362	-24.4982901807523
37044	299	273.287738153395	299.301416707377	-25.7122618466048	0.301416707376632
37045	299	274.328285295554	304.504152418173	-24.6717147044455	5.50415241817291
37046	299	272.594040058622	297.567171470445	-26.4059599413777	-1.43282852955548
37047	299	267.738153395213	294.965803615046	-31.2618466047875	-4.03419638495359
37048	299	268.605276013679	296.873473375672	-30.3947239863215	-2.12652662432828
37049	299	245.886663409868	284.560332193454	-53.1133365901319	-14.4396678065462
37050	246	216.057645334636	247.6209086468	-29.942354665364	1.62090864680019
37051	230	211.201758671226	246.067415730337	-18.7982413287738	16.0674157303371
37052	230	210.820713238886	243.209574987787	-19.1792867611138	13.209574987787
37053	230	174.811919882755	222.442598925256	-55.1880801172448	-7.55740107474352
37054	218	176.145578895945	216.726917440156	-41.8544211040547	-1.27308255984369
37055	230	212.154372252076	248.734733756717	-17.8456277479238	18.7347337567172
37056	230	193.292623351246	229.301416707377	-36.7073766487543	-0.698583292623368
37057	230	199.008304836346	234.445530043967	-30.9916951636541	4.44553004396676
37058	230	202.056668295066	240.351734245237	-27.9433317049341	10.3517342452369
37059	230	172.335124572545	211.011235955056	-57.6648754274548	-18.9887640449438
37060	230	167.381533952125	194.626282364436	-62.6184660478749	-35.3737176355642
37061	230	192.721055202736	233.873961895457	-37.2789447972643	3.87396189545677
37062	230	208.534440644846	241.113825109917	-21.4655593551539	11.1138251099169
37063	218	182.051783097215	223.395212506107	-35.9482169027846	5.3952125061065
37064	218	201.675622862726	234.636052760137	-16.3243771372741	16.6360527601368
37065	218	188.339032730826	223.966780654617	-29.6609672691744	5.96678065461651
37066	218	175.955056179775	217.489008304836	-42.0449438202247	-0.510991695163654
37067	218	175.002442598925	218.632144601856	-42.9975574010747	0.632144601856368
37068	268	214.549096238398	245.920859794822	-53.4509037616024	-22.0791402051783
37069	249	221.954079140205	249.355153883732	-27.0459208597948	0.355153883732271
37070	249	230.278456277479	254.211040547142	-18.7215437225208	5.21104054714215
37071	249	219.352711284807	245.539814362482	-29.647288715193	-3.46018563751832
37072	249	216.057645334636	248.834880312653	-32.942354665364	-0.165119687347357
37073	249	226.116267708842	253.517342452369	-22.8837322911578	4.51734245236932
37074	249	211.201758671226	248.661455788959	-37.7982413287738	-0.338544211040556
37075	249	211.548607718613	244.846116267709	-37.4513922813874	-4.15388373229118
37076	249	222.821201758671	251.609672691744	-26.1787982413288	2.60967269174401
37077	249	226.983390327308	254.211040547142	-22.0166096726917	5.21104054714215
37078	249	218.659013190034	245.886663409868	-30.3409868099658	-3.11333659013189
37079	249	221.780654616512	251.783097215437	-27.219345383488	2.78309721543721
37080	249	212.762579384465	247.447484123107	-36.2374206155349	-1.55251587689301
37081	224	210.161211529067	235.828041035662	-13.8387884709331	11.8280410356619
37082	224	223.86174890083	253.170493404983	-0.138251099169509	29.1704934049829
37083	224	223.86174890083	254.384465070835	-0.138251099169509	30.3844650708354
37084	238	226.983390327308	255.425012212995	-11.0166096726917	17.4250122129946
37085	238	224.035173424524	252.99706888129	-13.9648265754763	14.9970688812897
37086	238	225.075720566683	254.904738641915	-12.9242794333171	16.904738641915
37087	238	225.075720566683	250.915974596971	-12.9242794333171	12.9159745969712
37088	238	224.728871519297	257.33268197362	-13.2711284807035	19.3326819736199
37089	194	231.665852467025	256.292134831461	37.6658524670249	62.2921348314607
37090	194	205.825598436737	236.348314606742	11.8255984367367	42.3483146067416
37091	194	210.85490962384	234.267220322423	16.8549096238398	40.267220322423
37092	194	232.532975085491	253.864191499756	38.532975085491	59.8641914997557
37093	149	148.212994626282	204.052760136786	-0.787005373717648	55.0527601367855
37094	176	169.667806546165	212.535417684416	-6.33219345383489	36.5354176844162
37095	250	192.222765021983	235.697117733268	-57.7772349780166	-14.3028822667318
37096	250	193.911089399121	243.083536883244	-56.0889106008793	-6.91646311675623
37097	250	206.995603321935	243.505617977528	-43.0043966780655	-6.49438202247194
37098	288	257.506106497313	280.918417195896	-30.4938935026869	-7.08158280410356
37099	288	252.823644357596	278.837322911578	-35.1763556424035	-9.16267708842207
37100	288	252.650219833903	279.010747435271	-35.3497801660967	-8.98925256472887
37101	288	270.339521250611	291.844162188569	-17.6604787493894	3.84416218856865
37102	288	270.339521250611	291.150464093796	-17.6604787493894	3.15046409379579
37103	288	271.033219345383	291.844162188569	-16.9667806546165	3.84416218856865
37104	288	269.298974108451	290.630190522716	-18.7010258915486	2.63019052271613
37105	288	267.217879824133	289.589643380557	-20.7821201758671	1.58964338055688
37106	288	272.767464582316	294.09868099658	-15.2325354176844	6.09868099658036
37107	288	267.911577918906	289.589643380557	-20.0884220810943	1.58964338055688
37109	276	221.780654616512	267.04445530044	-54.219345383488	-8.95554469956033
37110	284	237.735710796287	276.756228627259	-46.2642892037128	-7.24377137274058
37111	284	232.706399609184	264.963361016121	-51.2936003908158	-19.0366389838788
37112	284	239.816805080606	283.346360527601	-44.1831949193943	-0.653639472398652
37113	276	226.983390327308	268.431851489985	-49.0166096726917	-7.56814851001468
37114	276	224.90229604299	263.402540302882	-51.0977039570103	-12.5974596971178
37115	284	230.625305324866	272.940889106009	-53.3746946751344	-11.0591108939912
37116	284	248.661455788959	283.346360527601	-35.3385442110406	-0.653639472398652
37117	268	237.388861748901	275.368832437714	-30.6111382510992	7.36883243771371
37118	268	240.683927699072	281.958964338056	-27.3160723009282	13.9589643380557
37119	268	216.404494382022	254.557889594529	-51.5955056179775	-13.4421104054714
37120	276	232.532975085491	271.726917440156	-43.467024914509	-4.27308255984366
37121	268	239.123106985833	282.479237909135	-28.8768930141671	14.4792379091353
37122	268	229.584758182706	274.501709819248	-38.4152418172936	6.50170981924765
37123	268	223.688324377137	262.015144113337	-44.3116756228627	-5.98485588666341
37124	268	218.312164142648	264.616511968735	-49.6878358573522	-3.3834880312653
37125	268	218.485588666341	258.373229115779	-49.514411333659	-9.62677088422083
37126	276	217.791890571568	266.350757205667	-58.2081094284319	-9.64924279433319
37127	268	208.080117244748	246.233512457255	-59.9198827552516	-21.7664875427455
37128	268	228.197361993161	268.085002442599	-39.8026380068393	0.0850024425989204
37129	276	225.422569614069	269.298974108451	-50.5774303859306	-6.70102589154862
37130	276	228.197361993161	272.767464582316	-47.8026380068393	-3.2325354176844
37131	276	220.740107474353	263.922813873962	-55.2598925256473	-12.0771861260381
37132	276	228.71763556424	272.767464582316	-47.2823644357597	-3.2325354176844
37133	276	229.411333659013	267.738153395213	-46.5886663409868	-8.26184660478748
37134	276	250.569125549585	284.733756717147	-25.4308744504152	8.73375671714706
37135	276	225.075720566683	266.177332681974	-50.9242794333171	-9.82266731802639
37136	268	238.255984367367	276.409379579873	-29.7440156326331	8.40937957987296
37137	268	212.589154860772	264.963361016121	-55.4108451392281	-3.03663898387885
37138	268	235.828041035662	271.726917440156	-32.1719589643381	3.72691744015634
37139	276	232.359550561798	268.605276013679	-43.6404494382023	-7.39472398632148
37140	284	255.945285784074	291.497313141182	-28.0547142159257	7.49731314118219
37141	268	226.463116756229	264.096238397655	-41.5368832437714	-3.9037616023449
37142	280	228.71763556424	271.726917440156	-51.2823644357597	-8.27308255984366
37143	276	249.008304836346	283.866634098681	-26.9916951636541	7.866634098681
37144	276	235.481191988276	275.368832437714	-40.5188080117245	-0.631167562286294
37145	276	227.503663898388	272.247191011236	-48.4963361016121	-3.75280898876406
37146	276	228.023937469468	271.553492916463	-47.9760625305325	-4.44650708353691
37147	276	224.38202247191	268.778700537372	-51.6179775280899	-7.22129946262822
37148	276	219.179286761114	255.425012212995	-56.8207132388862	-20.5749877870054
37149	276	230.798729848559	269.298974108451	-45.2012701514412	-6.70102589154862
37150	276	234.267220322423	268.431851489985	-41.732779677577	-7.56814851001468
37151	226	230.105031753786	267.564728871519	4.10503175378602	41.5647288715193
37152	226	208.253541768442	246.060087933561	-17.7464582315584	20.0600879335613
37153	226	226.463116756229	256.465559355154	0.463116756228629	30.4655593551539
37154	226	220.393258426966	258.720078163166	-5.6067415730337	32.7200781631656
37155	226	233.57352222765	266.871030776746	7.57352222765022	40.8710307767465
37156	226	233.053248656571	272.247191011236	7.05324865657059	46.2471910112359
37157	226	232.532975085491	276.409379579873	6.53297508549096	50.409379579873
37158	226	230.451880801172	269.992672203224	4.45188080117245	43.9926722032242
37159	226	230.278456277479	268.605276013679	4.27845627747922	42.6052760136785
37160	232	227.156814851001	262.015144113337	-4.84318514899854	30.0151441133366
37161	232	226.463116756229	263.575964826575	-5.53688324377137	31.5759648265754
37162	232	226.636541279922	263.749389350269	-5.36345872007817	31.7493893502687
37163	227	218.485588666341	258.546653639472	-8.51441133365901	31.5466536394724
37164	227	230.625305324866	262.015144113337	3.62530532486565	35.0151441133366
37165	227	224.208597948217	261.321446018564	-2.79140205178311	34.3214460185637
37166	227	227.156814851001	263.229115779189	0.156814851001457	36.229115779189
37167	227	234.09379579873	272.073766487543	7.09379579872984	45.0737664875427
37168	227	221.780654616512	261.148021494871	-5.21934538348805	34.1480214948705
37169	227	228.023937469468	259.240351734245	1.02393746946751	32.2403517342452
37170	227	232.532975085491	267.911577918906	5.53297508549096	40.9115779189057
37171	227	233.053248656571	276.409379579873	6.05324865657059	49.409379579873
37172	227	230.278456277479	262.015144113337	3.27845627747922	35.0151441133366
37173	227	224.728871519297	264.269662921348	-2.27112848070348	37.2696629213483
37174	227	221.260381045432	260.627747923791	-5.73961895456767	33.6277479237909
37175	227	222.300928187592	262.361993160723	-4.69907181240842	35.361993160723
37176	227	226.116267708842	265.136785539814	-0.883732291157798	38.1367855398144
37177	227	224.38202247191	261.66829506595	-2.61797752808988	34.6682950659502
37178	227	229.23790913532	264.963361016121	2.23790913531997	37.9633610161212
37179	227	218.659013190034	258.373229115779	-8.34098680996581	31.3732291157792
37180	227	208.253541768442	253.517342452369	-18.7464582315584	26.5173424523693
37181	227	213.282852955545	244.672691744016	-13.7171470444553	17.6726917440156
37182	227	225.422569614069	263.749389350269	-1.57743038593063	36.7493893502687
37183	227	233.57352222765	266.350757205667	6.57352222765022	39.3507572056668
37184	227	231.145578895945	263.055691255496	4.14557889594528	36.0556912554958
37186	201	143.6209086468	230.686858817782	-57.3790913531998	29.6868588177821
37187	291	241.724474841231	280.918417195896	-49.2755251587689	-10.0815828041036
37188	291	247.794333170493	267.04445530044	-43.2056668295066	-23.9555446995603
37189	197	156.140693698095	201.866145578896	-40.8593063019052	4.86614557889595
37190	197	167.762579384465	220.346849047386	-29.2374206155349	23.3468490473864
37191	197	149.853444064485	203.771372740596	-47.1465559355154	6.77137274059598
37192	197	163.761602344895	197.674645823156	-33.238397655105	0.674645823155828
37193	197	172.335124572545	224.728871519297	-24.6648754274548	27.7288715192965
37194	168	165.666829506595	209.296531509526	-2.33317049340499	41.2965315095261
37195	168	176.526624328285	217.107962872496	8.52662432828529	49.1079628724963
37196	206	140.136785539814	200.532486565706	-65.8632144601856	-5.46751343429409
37197	206	159.570102589155	197.865168539326	-46.4298974108451	-8.13483146067415
37198	206	138.422081094284	182.623351245725	-67.5779189057157	-23.3766487542746
37199	206	146.614557889595	189.482169027846	-59.3854421104055	-16.5178309721544
37200	206	137.659990229604	186.624328285296	-68.3400097703957	-19.3756717147045
37201	206	152.901807523205	206.057645334636	-53.0981924767953	0.0576453346360495
37202	206	155.569125549585	197.293600390816	-50.4308744504152	-8.70639960918419
37203	206	174.240351734245	236.731802638007	-31.7596482657548	30.7318026380069
37204	154	170.620420127015	222.252076209086	16.6204201270151	68.2520762090865
37205	206	157.855398143625	209.868099658036	-48.1446018563752	3.86809965803616
37206	206	160.141670737665	207.010258915486	-45.8583292623351	1.01025891548608
37207	206	141.089399120664	195.197850512946	-64.9106008793356	-10.8021494870542
37208	168	153.854421104055	189.101123595506	-14.1455788959453	21.1011235955056
37209	174	158.315583781143	202.399609184172	-15.6844162188569	28.399609184172
37210	174	168.050806057645	211.216414264778	-5.94919394235467	37.2164142647777
37211	174	169.152906692721	211.032730825598	-4.84709330727895	37.0327308255984
37212	178	166.030288226673	209.930630190523	-11.9697117733268	31.9306301905227
37213	174	154.825598436737	200.930141670738	-19.1744015632633	26.9301416707377
37214	214	171.540791402052	214.522716170005	-42.4592085979482	0.522716170004884
37215	271	229.096238397655	259.565217391304	-41.9037616023449	-11.4347826086957
37216	271	231.127503663898	260.693698094773	-39.8724963361016	-10.3063019052271
37217	273	188.019540791402	241.283829995115	-84.9804592085979	-31.7161700048852
37218	273	204.043966780655	240.155349291646	-68.9560332193454	-32.8446507083537
37219	273	197.04738641915	236.09281875916	-75.95261358085	-36.9071812408403
37220	273	185.085490962384	233.835857352223	-87.914509037616	-39.1641426477772
37221	273	219.165608207132	251.440156326331	-53.8343917928676	-21.5598436736688
37222	269	193.661944308745	234.061553492916	-75.3380556912555	-34.9384465070835
37223	269	199.078651685393	243.089399120664	-69.9213483146067	-25.9106008793356
37224	187	126.354665363947	181.827063996092	-60.6453346360528	-5.17293600390818
37225	131	131.595505617978	185.762579384465	0.595505617977523	54.7625793844651
37226	155	166.127015144113	223.228138739619	11.1270151441133	68.2281387396189
37227	155	171.318026380068	219.391304347826	16.3180263800684	64.3913043478261
37228	155	155.519296531509	212.169027845628	0.519296531509497	57.1690278456277
37229	155	161.613092330239	213.071812408403	6.61309233023934	58.0718124084025
37230	155	162.29018075232	208.557889594529	7.29018075232045	53.5578895945285
37231	321	211.028334147533	291.497313141182	-109.971665852467	-29.5026868588178
37232	294	203.050806057645	256.292134831461	-90.9491939423547	-37.7078651685393
37233	197	119.558378114314	187.52125061065	-77.4416218856864	-9.47874938935027
37234	208	175.996580361505	227.156814851001	-32.0034196384954	19.1568148510015
37235	167	111.656082071324	214.843673668784	-55.3439179286761	47.8436736687836
37236	156	141.831949193942	189.176844162189	-14.1680508060576	33.1768441621886
37237	156	139.057156814851	187.789447972643	-16.942843185149	31.7894479726429
37238	295	223.86174890083	259.587200781632	-71.1382510991695	-35.4127992183684
37240	295	210.85490962384	252.823644357596	-84.1450903761602	-42.1763556424035
37241	295	239.643380556913	267.04445530044	-55.3566194430875	-27.9555446995603
37246	221	177.098192476795	215.583781143136	-43.9018075232047	-5.41621885686371
37247	221	186.624328285296	226.824621397167	-34.3756717147045	5.8246213971666
37248	221	167.572056668295	218.632144601856	-53.4279433317049	-2.36785539814363
37249	307	233.442110405471	265.954079140205	-73.5578895945286	-41.0459208597948
37250	268	213.053248656571	243.728382999511	-54.9467513434294	-24.2716170004885
37251	307	218.747435271128	256.586223742062	-88.2525647288715	-50.4137762579385
37252	307	218.012701514411	247.218368343918	-88.9872984855887	-59.7816316560821
37253	307	223.890571568149	253.463605276014	-83.1094284318515	-53.5363947239863
37254	307	219.849535906204	249.422569614069	-87.1504640937958	-57.5774303859307
37255	307	224.808988764045	258.423058133854	-82.1910112359551	-48.5769418661456
37256	307	225.176355642404	256.402540302882	-81.8236443575965	-50.5974596971178
37257	307	207.910112359551	241.52418172936	-99.0898876404494	-65.47581827064
37258	313	218.196384953591	251.626770884221	-94.8036150464094	-61.3732291157792
37259	307	188.255984367367	231.054225696141	-118.744015632633	-75.9457743038593
37260	307	205.154860771861	248.504152418173	-101.845139228139	-58.4958475818271
37261	307	223.890571568149	257.504640937958	-83.1094284318515	-49.495359062042
37262	307	221.686370297997	249.23888617489	-85.3136297020029	-57.7611138251099
37263	307	203.318026380068	261.545676599902	-103.681973619932	-45.4543234000977
37264	307	204.420127015144	249.422569614069	-102.579872984856	-57.5774303859307
37265	307	195.419638495359	245.748900830484	-111.580361504641	-61.2510991695164
37266	307	230.870542256961	261.729360039082	-76.1294577430386	-45.2706399609184
37267	307	209.563263312164	249.606253053249	-97.4367366878359	-57.3937469467514
37268	307	228.298974108451	262.831460674157	-78.7010258915486	-44.1685393258427
37269	307	215.073766487543	252.912554958476	-91.9262335124573	-54.0874450415242
37270	307	210.66536394724	241.707865168539	-96.3346360527601	-65.2921348314607
37271	307	231.23790913532	265.770395701026	-75.76209086468	-41.2296042989741
37272	307	221.870053737176	255.116756228627	-85.1299462628236	-51.8832437713727
37273	307	193.950170981925	242.075232046898	-113.049829018075	-64.9247679531021
37274	307	225.543722520762	265.219345383488	-81.4562774792379	-41.780654616512
37275	307	237.115779189057	271.464582315584	-69.8842208109428	-35.5354176844162
37276	307	224.257938446507	258.423058133854	-82.7420615534929	-48.5769418661456
37277	307	222.604787493893	255.300439667807	-84.3952125061065	-51.6995603321935
37278	307	218.38006839277	257.872007816317	-88.6199316072301	-49.1279921836834
37279	307	210.297997068881	245.014167073766	-96.7020029311187	-61.9858329262335
37280	307	221.319003419638	252.361504640938	-85.6809965803615	-54.6384953590621
37281	307	207.910112359551	248.687835857352	-99.0898876404494	-58.3121641426478
37282	307	209.195896433806	259.708842208109	-97.8041035661944	-47.2911577918906
37283	307	230.503175378603	260.443575964827	-76.4968246213972	-46.5564240351734
37284	307	234.360527601368	264.66829506595	-72.6394723986322	-42.3317049340498
37285	307	228.850024425989	262.09672691744	-78.1499755740108	-44.9032730825598
37286	307	241.156814851001	276.240351734245	-65.8431851489985	-30.7596482657548
37287	307	230.686858817782	263.015144113337	-76.3131411822179	-43.9848558866634
37288	222	203.094284318515	242.7581827064	-18.9057156814851	20.7581827063996
37289	222	180.337078651685	216.155349291646	-41.6629213483146	-5.8446507083537
37290	222	183.957010258915	222.823644357596	-38.0429897410845	0.823644357596464
37291	222	186.433805569126	219.775280898876	-35.5661944308744	-2.22471910112361
37292	249	206.819736199316	238.827552515877	-42.1802638006839	-10.1724474841231
37293	206	190.434782608696	220.537371763556	-15.5652173913043	14.5373717635564
37294	206	209.487054225696	253.116756228627	3.48705422569614	47.1167562286273
37295	206	205.867122618466	247.401074743527	-0.132877381533945	41.4010747435271
37296	206	190.815828041036	221.299462628236	-15.1841719589644	15.2994626282364
37297	206	200.532486565706	239.589643380557	-5.46751343429409	33.5896433805569
37298	206	201.104054714216	232.349780166097	-4.89594528578408	26.3497801660967
37299	206	186.052760136786	220.918417195896	-19.9472398632145	14.9184171958964
37300	216	203.771372740596	231.587689301417	-12.228627259404	15.5876893014167
37301	216	197.293600390816	230.063507572057	-18.7063996091842	14.0635075720567
37302	222	179.956033219345	225.109916951637	-42.0439667806546	3.10991695163654
37304	312	258.055691255496	287.445041524182	-53.9443087445042	-24.5549584758183
37305	312	233.993160723009	272.015632633122	-78.0068392769907	-39.9843673668784
37306	312	256.95359062042	293.690278456277	-55.0464093795799	-18.3097215437225
37307	320	238.034196384954	269.260381045432	-81.9658036150464	-50.7396189545677
37308	320	210.481680508061	266.505129457743	-109.518319491939	-53.494870542257
37309	320	256.586223742062	284.138739618955	-63.4137762579385	-35.8612603810454
37310	127	161.387396189546	220.294088910601	34.3873961895457	93.2940889106009
37311	201	192.307767464582	235.867122618466	-8.6922325354177	34.8671226184661
37312	201	173.349291646312	222.776746458232	-27.6507083536883	21.7767464582316
37313	100	160.033219345383	201.561309233024	60.0332193453835	101.561309233024
37314	220	159.80752320469	208.783585735222	-60.1924767953102	-11.2164142647777
37315	220	178.76599902296	225.259404005862	-41.2340009770396	5.25940400586222
37316	128	169.512457254519	225.259404005862	41.5124572545188	97.2594040058622
37317	232	201.14313629702	239.643380556913	-30.85686370298	7.64338055691255
37318	229	201.6634098681	232.186126038105	-27.3365901319004	3.18612603810453
37319	229	204.958475818271	240.510503175379	-24.0415241817294	11.5105031753786
37320	229	196.113825109917	230.625305324866	-32.8861748900831	1.62530532486565
37321	229	207.733268197362	242.591597459697	-21.266731802638	13.5915974596971
37322	229	208.947239863214	238.42940889106	-20.0527601367855	9.42940889106009
37323	229	202.010258915486	233.053248656571	-26.9897410845139	4.05324865657059
37324	229	200.796287249634	242.071323888617	-28.2037127503664	13.0713238886175
37325	229	195.593551538837	232.359550561798	-33.4064484611627	3.35955056179773
37326	232	195.246702491451	232.359550561798	-36.7532975085491	0.359550561797732
37327	239	213.629702002931	257.8529555447	-25.3702979970689	18.8529555446995
37328	239	166.111382510992	293.231558378114	-72.8886174890083	54.2315583781143
37330	239	212.068881289692	250.048851978505	-26.9311187103078	11.0488519785051
37331	239	214.323400097704	276.756228627259	-24.6765999022961	37.7562286272594
37332	239	188.483146067416	265.657059110894	-50.5168539325843	26.657059110894
37337	239	215.19052271617	245.366389838788	-23.80947728383	6.36638983878845
37339	239	135.588666340987	236.695163654128	-103.411333659013	-2.30483634587202
37340	239	180.505617977528	290.456765999023	-58.4943820224719	51.4567659990229
37342	239	185.014655593552	230.105031753786	-53.9853444064485	-8.89496824621398
37343	239	213.456277479238	245.192965315095	-25.5437225207621	6.19296531509525
37344	247	192.992183683439	269.298974108451	-54.0078163165608	22.2989741084514
37347	247	203.571079628725	239.123106985833	-43.428920371275	-7.87689301416708
37348	232	194.206155349292	236.868588177821	-37.7938446507084	4.86858817782121
37349	232	195.246702491451	235.481191988276	-36.7532975085491	3.48119198827553
