36455	-32	-33.0898876404494	21.2471910112359	-1.08988764044943	53.2471910112359
36456	-32	-26.6629213483146	19.2022471910112	5.33707865168537	51.2022471910112
36457	-32	-21.1123595505618	7.51685393258424	10.8876404494382	39.5168539325842
36458	-32	-26.6629213483146	17.7415730337079	5.33707865168537	49.7415730337079
36459	-32	-88.5955056179775	-16.1460674157303	-56.5955056179775	15.8539325842697
36460	-32	-10.5955056179776	76.1685393258427	21.4044943820224	108.168539325843
36461	32	32.9389350268686	76.6638983878847	0.938935026868592	44.6638983878847
36463	45	-5.43380556912558	88.9990229604299	-50.4338055691256	43.9990229604299
36465	45	-14.8485588666341	17.104543234001	-59.8485588666341	-27.895456765999
36466	45	-14.5632633121642	16.533952125061	-59.5632633121642	-28.466047874939
36467	45	3.980947728383	74.1636541279922	-41.019052271617	29.1636541279922
36468	42	34.3678553981437	84.9516365412799	-7.63214460185634	42.9516365412799
36469	42	47.799706888129	98.3834880312653	5.79970688812898	56.3834880312653
36470	42	4.36052760136789	74.6634098680997	-37.6394723986321	32.6634098680997
36471	42	25.2227650219834	77.5212506106498	-16.7772349780166	35.5212506106498
36472	42	24.9369809477284	72.0913531998046	-17.0630190522716	30.0913531998046
36473	42	-28.504640937958	16.9350268685882	-70.504640937958	-25.0649731314118
36474	42	34.0820713238886	82.6653639472399	-7.91792867611139	40.6653639472399
36475	42	28.6521739130435	76.9496824621397	-13.3478260869565	34.9496824621397
36476	42	36.6541279921837	80.9506595017098	-5.3458720078163	38.9506595017098
36477	42	52.6580361504641	94.0967269174402	10.6580361504641	52.0967269174402
36478	68	28.952125061065	69.9643380556913	-39.047874938935	1.96433805569126
36479	68	40.914020517831	74.5212506106498	-27.085979482169	6.52125061064976
36480	68	37.4963361016121	69.1099169516366	-30.5036638983879	1.10991695163659
36481	68	34.0786516853933	66.8314606741573	-33.9213483146067	-1.16853932584269
36482	68	32.0850024425989	69.1099169516366	-35.9149975574011	1.10991695163659
36483	68	62.2745481191989	95.0273571079629	-5.72545188080113	27.0273571079629
36484	67	44.3702979970689	80.6648754274548	-22.6297020029311	13.6648754274548
36485	67	45.5134342940889	80.3790913531998	-21.4865657059111	13.3790913531998
36486	67	33.7962872496336	76.0923302393747	-33.2037127503664	9.09233023937475
36487	71	40.3693209574988	74.0918417195897	-30.6306790425012	3.0918417195897
36488	-13	-64.161700048852	40.4792379091353	-51.161700048852	53.4792379091353
36493	-7	-13.5070835368833	73.210063507572	-6.50708353688327	80.210063507572
36494	-7	-15.8910600879336	36.8544211040547	-8.89106008793357	43.8544211040547
36496	-7	-33.4728871519297	78.276013678554	-26.4728871519297	85.276013678554
36498	103	72.7127503663899	117.909623839766	-30.2872496336101	14.9096238397655
36499	134	46.0327308255984	131.3790913532	-87.9672691744016	-2.62090864680022
36501	-8	-88.1030776746458	-22.7640449438202	-80.1030776746458	-14.7640449438202
36502	-8	-15.409868099658	52.1919882755252	-7.40986809965801	60.1919882755252
36503	-16	-20.2388861748901	43.8964338055691	-4.23888617489007	59.8964338055691
36504	-16	-21.7166585246702	48.9208597948217	-5.71665852467021	64.9208597948217
36505	-16	-18.1700048851978	35.6209086468002	-2.17000488519784	51.6209086468002
36506	-16	-17.8744504152418	30.5964826575477	-1.87445041524182	46.5964826575477
36507	-16	-21.7166585246702	43.6008793356131	-5.71665852467021	59.6008793356131
36508	-16	-18.1700048851978	31.1875915974597	-2.17000488519784	47.1875915974597
36509	-16	-18.4655593551539	32.9609184171959	-2.46555935515386	48.9609184171959
36510	-16	-18.4655593551539	19.0698583292623	-2.46555935515386	35.0698583292623
36511	-16	-19.352222765022	33.847581827064	-3.35222276502196	49.847581827064
36512	-16	-18.4655593551539	22.9120664386908	-2.46555935515386	38.9120664386908
36513	-16	-16.9877870053737	42.418661455789	-0.987787005373718	58.418661455789
36514	-16	-17.5788959452858	41.5319980459209	-1.57889594528575	57.5319980459209
36515	-16	-21.4211040547142	53.3541768441622	-5.42110405471419	69.3541768441622
36516	-16	-19.647777234978	47.7386419149976	-3.64777723497798	63.7386419149976
36517	-16	-26.4455300439668	31.4831460674158	-10.4455300439668	47.4831460674158
36518	-16	-18.7611138251099	35.3253541768442	-2.76111382510987	51.3253541768442
36519	-16	-18.7611138251099	51.28529555447	-2.76111382510987	67.28529555447
36520	-16	-17.8744504152418	42.714215925745	-1.87445041524182	58.714215925745
36521	7	-16.6013678553982	72.4929164631167	-23.6013678553982	65.4929164631167
36522	7	-14.2721055202736	37.5539814362481	-21.2721055202736	30.5539814362481
36523	7	-13.6897899364924	60.2642892037127	-20.6897899364924	53.2642892037127
36524	7	-12.2340009770396	40.7567171470445	-19.2340009770396	33.7567171470445
36525	7	-23.8803126526624	58.5173424523693	-30.8803126526624	51.5173424523693
36526	7	-17.1836834391793	25.9076697606253	-24.1836834391793	18.9076697606253
36527	-36	-52.1949193942355	22.161700048852	-16.1949193942355	58.161700048852
36528	-36	-31.5403028822668	13.0146555935515	4.45969711773324	49.0146555935515
36529	-36	-18.2623351245725	11.2442598925256	17.7376648754275	47.2442598925256
36530	-36	-21.8031265266243	14.7850512945774	14.1968734733757	50.7850512945774
36531	-36	-23.5735222276502	11.8343917928676	12.4264777723498	47.8343917928676
36532	-36	-25.9340498290181	52.5534929164631	10.0659501709819	88.5534929164631
36533	-36	-51.6047874938935	44.5867122618466	-15.6047874938935	80.5867122618466
36534	7	-30.285784074255	60.8466047874939	-37.285784074255	53.8466047874939
36536	28	40.3693209574988	73.5202735710797	12.3693209574988	45.5202735710797
36537	28	41.7982413287738	71.5197850512946	13.7982413287738	43.5197850512946
36538	18	-47.3663898387885	4.07474352711284	-65.3663898387885	-13.9252564728872
36539	18	-27.3615046409379	12.076697606253	-45.3615046409379	-5.92330239374695
36540	18	-24.2178798241329	13.2198339032731	-42.2178798241329	-4.78016609672687
36541	18	-29.076209086468	10.933561309233	-47.076209086468	-7.06643869076697
36542	18	-33.9345383488031	11.2193453834881	-51.9345383488031	-6.78065461651192
36543	18	-39.6502198339032	12.9340498290181	-57.6502198339032	-5.06595017098192
36544	-13	-18.2828529555447	19.5539814362481	-5.28285295554468	32.5539814362481
36545	-16	-10.9413776257938	23.5070835368832	5.05862237420615	39.5070835368832
36546	-16	-14.3297508549096	22.095261358085	1.67024914509039	38.095261358085
36547	-16	-14.04738641915	22.942354665364	1.95261358085003	38.942354665364
36548	-16	-12.3531998045921	60.4968246213971	3.64680019540793	76.4968246213971
36549	-16	-9.81191988275526	55.4142647777235	6.18808011724474	71.4142647777235
36550	-16	-15.1768441621886	22.095261358085	0.823155837811441	38.095261358085
36551	-16	-14.3297508549096	66.7088422081094	1.67024914509039	82.7088422081094
36552	-16	-14.04738641915	22.095261358085	1.95261358085003	38.095261358085
36553	-16	-12.0708353688324	17.0127015144113	3.92916463116757	33.0127015144113
36554	-16	-16.5886663409868	62.7557401074744	-0.588666340986833	78.7557401074744
36555	-16	-18.5652173913044	65.2970200293112	-2.56521739130437	81.2970200293112
36556	-16	-18.847581827064	65.0146555935515	-2.847581827064	81.0146555935515
36557	-16	-19.694675134343	72.9208597948217	-3.69467513434296	88.9208597948217
36558	-16	-16.0239374694675	30.2838299951148	-0.0239374694675121	46.2838299951148
36559	-16	-16.5886663409868	61.9086468001954	-0.588666340986833	77.9086468001954
36560	-13	-18.847581827064	21.5305324865657	-5.847581827064	34.5305324865657
36561	-13	-14.6121152906693	22.942354665364	-1.61211529066929	35.942354665364
36562	-13	-15.7415730337079	22.095261358085	-2.74157303370788	35.095261358085
36563	-13	-14.6121152906693	14.7537860283342	-1.61211529066929	27.7537860283342
36564	-16	-23.3654127992183	73.2032242305813	-7.36541279921835	89.2032242305813
36566	1	-27.5500732779677	4.89545676599903	-28.5500732779677	3.89545676599903
36567	1	-18.5696140693698	23.4357596482658	-19.5696140693698	22.4357596482658
36568	1	-22.9149975574011	14.4553004396678	-23.9149975574011	13.4553004396678
36569	1	-19.7283829995114	37.6306790425012	-20.7283829995114	36.6306790425012
36570	1	-26.1016121152907	6.92330239374695	-27.1016121152907	5.92330239374695
36571	1	-12.7757694186614	22.8563751831949	-13.7757694186614	21.8563751831949
36572	-7	-30.4509037616024	13.9418661455789	-23.4509037616024	20.9418661455789
36573	-7	-37.6497313141182	15.1416707376649	-30.6497313141182	22.1416707376649
36574	50	20.6834391792868	140.970688812897	-29.3165608207132	90.9706888128969
36575	50	65.8617489008305	127.134831460674	15.8617489008305	77.1348314606741
36576	50	-27.3185148998534	134.476306790425	-77.3185148998534	84.476306790425
36577	-21	-42.8817782120176	66.2437713727406	-21.8817782120176	87.2437713727406
36578	-18	-87.7347337567171	-2.45969711773324	-69.7347337567171	15.5403028822668
36580	-38	-69.9531021006351	76.4684904738642	-31.9531021006351	114.468490473864
36581	-13	-41.7752808988764	12.2247191011236	-28.7752808988764	25.2247191011236
36582	-12	-28.4269662921348	19.808988764045	-16.4269662921348	31.808988764045
36583	-12	-21.4494382022472	12.5280898876405	-9.44943820224717	24.5280898876405
36584	-12	-19.0224719101124	5.247191011236	-7.02247191011236	17.247191011236
36585	-12	-25.0898876404494	13.7415730337079	-13.0898876404494	25.7415730337079
36586	-13	-56.9438202247191	75.0224719101124	-43.9438202247191	88.0224719101124
36587	-13	-45.7191011235955	74.7191011235955	-32.7191011235955	87.7191011235955
36588	-12	-21.4494382022472	8.28089887640454	-9.44943820224717	20.2808988764045
36589	-12	-19.0224719101124	3.42696629213486	-7.02247191011236	15.4269662921349
36590	-12	-18.4157303370786	-1.12359550561797	-6.41573033707863	10.876404494382
36591	-12	-18.7191011235955	1.91011235955057	-6.71910112359546	13.9101123595506
36592	-12	-19.629213483146	7.97752808988764	-7.62921348314603	19.9775280898876
36593	-12	-21.752808988764	8.28089887640454	-9.752808988764	20.2808988764045
36594	-11	-21.1460674157303	6.76404494382024	-10.1460674157303	17.7640449438202
36595	1	-21.752808988764	5.85393258426967	-22.752808988764	4.85393258426967
36596	1	-20.2359550561798	2.5168539325843	-21.2359550561798	1.5168539325843
36597	1	-19.9325842696629	4.33707865168543	-20.9325842696629	3.33707865168543
36598	1	-19.9325842696629	6.15730337078656	-20.9325842696629	5.15730337078656
36599	1	-30.8539325842696	17.685393258427	-31.8539325842696	16.685393258427
36600	1	-26.6067415730337	12.8314606741573	-27.6067415730337	11.8314606741573
36601	1	-33.8876404494382	24.0561797752809	-34.8876404494382	23.0561797752809
36602	1	-34.4943820224719	76.5393258426967	-35.4943820224719	75.5393258426967
36607	-29	-21.399609184172	5.87738153395213	7.60039081582801	34.8773815339521
36608	-29	-17.9174401563263	7.32828529555445	11.0825598436737	36.3282852955545
36609	-29	-19.0781631656082	9.64973131411818	9.9218368343918	38.6497313141182
36610	-29	-19.0781631656082	7.32828529555445	9.9218368343918	36.3282852955545
36611	-29	-17.0468978993649	12.8417195896434	11.9531021006351	41.8417195896434
36612	93	37.6917440156327	84.7225207620909	-55.3082559843673	-8.27747923790912
36613	93	108.505129457743	134.959941377626	15.5051294577431	41.9599413776258
36614	93	105.298485588666	132.287738153395	12.2984855886664	39.2877381533953
36615	93	76.4386907669761	112.246213971666	-16.5613092330239	19.2462139716659
36616	93	102.626282364436	131.753297508549	9.62628236443578	38.7532975085491
36618	93	105.298485588666	131.753297508549	12.2984855886664	38.7532975085491
36619	93	106.634587200782	129.348314606742	13.6345872007817	36.3483146067416
36620	93	107.703468490474	128.546653639472	14.7034684904739	35.5466536394724
36621	93	106.634587200782	129.882755251588	13.6345872007817	36.8827552515877
36622	93	104.496824621397	138.968246213972	11.4968246213972	45.9682462139717
36623	-71	-53.3033707865168	2.82022471910113	17.6966292134832	73.8202247191011
36624	-71	-33.8876404494382	11.6179775280899	37.1123595505618	82.6179775280899
36625	-71	-49.3595505617977	7.67415730337081	21.6404494382023	78.6741573033708
36626	-71	-40.561797752809	8.58426966292137	30.438202247191	79.5842696629214
36627	-71	-47.8426966292135	4.03370786516854	23.1573033707865	75.0337078651685
36628	-71	-63.9213483146067	10.1011235955057	7.07865168539325	81.1011235955057
36629	18	11.2193453834881	66.9472398632145	-6.78065461651192	48.9472398632145
36630	18	0.359550561797789	66.0898876404495	-17.6404494382022	48.0898876404495
36631	-24	-8.33854421104053	51.3434294088911	15.6614557889595	75.3434294088911
36632	-24	19.9467513434294	76.2344894968247	43.9467513434294	100.234489496825
36633	-24	-26.4411333659013	28.9980459208598	-2.44113336590129	52.9980459208598
36634	39	6.93551538837323	73.123106985833	-32.0644846116268	34.123106985833
36635	39	44.837811431363	84.4372252076209	5.83781143136298	45.4372252076209
36636	-24	-71.4147532975085	32.6751343429409	-47.4147532975085	56.6751343429409
36637	-24	-51.6150464093796	23.9066927210552	-27.6150464093796	47.9066927210552
36638	-24	-37.7552515876893	17.9667806546165	-13.7552515876893	41.9667806546165
36639	-16	-20.8983878847093	50.5740107474352	-4.89838788470934	66.5740107474352
36640	0	-9.06106497313141	49.6917440156327	-9.06106497313141	49.6917440156327
36641	0	-70.9360039081583	40.609184171959	-70.9360039081583	40.609184171959
36642	0	-32.61895456766	65.5862237420616	-32.61895456766	65.5862237420616
36643	0	-48.7972642892037	29.8236443575965	-48.7972642892037	29.8236443575965
36644	0	-68.381533952125	34.0810942843185	-68.381533952125	34.0810942843185
36645	10	0.205666829506583	66.6130923302393	-9.79433317049342	56.6130923302393
36648	-55	-64.4694675134343	33.400586223742	-9.46946751343432	88.400586223742
36649	-57	-97.4005862237421	72.7948216902785	-40.4005862237421	129.794821690278
36650	-57	-47.542256961407	14.9345383488031	9.45774303859304	71.9345383488031
36651	18	-23.9614069369809	10.6257938446507	-41.9614069369809	-7.37420615534933
36652	18	-24.5378602833415	15.8138739618955	-42.5378602833415	-2.18612603810453
36653	18	-44.4255007327797	11.7787005373718	-62.4255007327797	-6.22129946262822
36654	18	-42.4079140205179	11.4904738641915	-60.4079140205179	-6.50952613580853
36655	18	-41.2550073277968	14.3727405959941	-59.2550073277968	-3.62725940400588
36656	18	-49.3253541768441	9.76111382510993	-67.3253541768441	-8.23888617489007
36657	18	-39.5256472887152	15.5256472887152	-57.5256472887152	-2.47435271128484
36658	18	-42.4079140205179	21.866634098681	-60.4079140205179	3.866634098681
36659	18	-23.6731802638007	17.543234000977	-41.6731802638007	-0.456765999022991
36660	22	53.9506595017098	90.1011235955056	31.9506595017098	68.1011235955056
36661	22	61.180752320469	119.599902296043	39.180752320469	97.599902296043
36662	22	55.3966780654616	112.659013190034	33.3966780654616	90.6590131900342
36663	22	51.9262335124573	87.2090864680019	29.9262335124573	65.2090864680019
36664	22	36.5984367366878	90.9687347337567	14.5984367366878	68.9687347337567
36665	22	43.2501221299462	83.1602344894968	21.2501221299462	61.1602344894968
36666	22	44.4069369809477	84.895456765999	22.4069369809477	62.895456765999
36667	22	49.9018075232047	86.3414753297508	27.9018075232047	64.3414753297508
36668	22	2.47239863214458	71.3028822667318	-19.5276013678554	49.3028822667318
36669	22	13.4621397166585	91.8363458720078	-8.5378602833415	69.8363458720078
36670	12	36.0200293111871	65.8080117244749	24.0200293111871	53.8080117244749
36671	12	15.1973619931607	66.9648265754763	3.19736199316071	54.9648265754763
36672	12	31.3927699071812	119.889106008793	19.3927699071812	107.889106008793
36673	38	39.2203224230582	132.32877381534	1.22032242305818	94.3287738153396
36674	38	20.1211529066927	132.063507572057	-17.8788470933073	94.0635075720567
36675	-86	-86.6428920371275	66.0083048363459	-0.642892037127467	152.008304836346
36676	-5	-20.6638983878847	44.7000488519785	-15.6638983878847	49.7000488519785
36677	-11	-17.1465559355154	59.0625305324866	-6.14655593551538	70.0625305324866
36678	-5	-13.9223253541768	43.5276013678554	-8.92232535417685	48.5276013678554
36679	-8	-17.4396678065462	78.7010258915486	-9.4396678065462	86.7010258915486
36680	-8	-13.6292134831461	46.1656082071324	-5.62921348314609	54.1656082071324
36681	-8	-13.9223253541768	21.8373229115779	-5.92232535417685	29.8373229115779
36682	-5	-7.47386419149979	65.2178798241329	-2.47386419149979	70.2178798241329
36683	-5	-14.5085490962384	27.6995603321935	-9.50854909623843	32.6995603321935
36684	-5	-18.6121152906693	27.1133365901319	-13.6121152906693	32.1133365901319
36685	-6	-16.267220322423	47.6311675622862	-10.267220322423	53.6311675622862
36686	-6	-13.0429897410845	37.0791402051783	-7.04298974108451	43.0791402051783
36687	-8	-13.6292134831461	25.3546653639472	-5.62921348314609	33.3546653639472
36688	-8	-15.9741084513923	20.0786516853933	-7.97410845139228	28.0786516853933
36689	7	-10.6878358573522	15.2686858817783	-17.6878358573522	8.26868588177825
36690	7	-9.5212506106497	16.4352711284807	-16.5212506106497	9.43527112848074
36691	7	-6.89643380556913	17.3102100635076	-13.8964338055691	10.3102100635076
36692	7	-11.2711284807035	12.352222765022	-18.2711284807035	5.35222276502202
36693	7	-12.4377137274059	14.3937469467514	-19.4377137274059	7.39374694675138
36694	26	-11.5676599902296	32.5310210063507	-37.5676599902296	6.53102100635073
36695	26	-12.7205666829507	53.57156814851	-38.7205666829507	27.57156814851
36696	25	-13.8734733756717	23.5959941377625	-38.8734733756717	-1.40400586223745
36697	-8	-15.5915974596971	68.3781143136297	-7.59159745969708	76.3781143136297
36698	-8	-11.7747923790913	47.5324865657059	-3.77479237909131	55.5324865657059
36699	-8	-18.8212017586712	63.0933072789448	-10.8212017586712	71.0933072789448
36700	-8	-30.2716170004885	60.4509037616024	-22.2716170004885	68.4509037616024
36701	-8	-11.4811919882755	66.9101123595506	-3.4811919882755	74.9101123595506
36702	-8	-17.3531998045921	69.2589154860772	-9.35319980459207	77.2589154860772
36704	-22	-86.4782608695652	62.3478260869566	-64.4782608695652	84.3478260869566
36705	-22	-90.1304347826087	25.5217391304348	-68.1304347826087	47.5217391304348
36706	-16	-41.7391304347826	23.0869565217391	-25.7391304347826	39.0869565217391
36708	19	-12.467024914509	58.2066438690767	-31.467024914509	39.2066438690767
36709	19	-26.3746946751343	42.028334147533	-45.3746946751343	23.028334147533
36710	19	-20.6980947728383	42.3121641426478	-39.6980947728383	23.3121641426478
36711	19	-22.1172447484123	36.351734245237	-41.1172447484123	17.351734245237
36712	19	-18.1436248168051	53.0977039570103	-37.1436248168051	34.0977039570103
36713	70	43.2491450903761	107.743527112848	-26.7508549096239	37.7435271128481
36714	19	-19.5627747923791	36.6355642403518	-38.5627747923791	17.6355642403518
36715	19	-13.3185148998534	16.4836345872008	-32.3185148998534	-2.51636541279919
36716	19	-15.305324865657	14.780654616512	-34.305324865657	-4.21934538348802
36717	19	-21.5495847581827	31.8104543234001	-40.5495847581827	12.8104543234001
36718	19	-36.0249145090376	39.4738641914998	-55.0249145090376	20.4738641914998
36719	19	-41.9853444064485	30.6751343429409	-60.9853444064485	11.6751343429409
36720	19	19.8895945285784	56.7874938935027	0.889594528578414	37.7874938935027
36721	19	-35.457254518808	26.7015144113337	-54.457254518808	7.70151441133368
36722	19	-40.8500244259893	36.0679042501221	-59.8500244259893	17.0679042501221
36723	19	-36.3087445041524	29.8236443575965	-55.3087445041524	10.8236443575965
36724	-22	-23.6082071323888	86.6604787493894	-1.60820713238883	108.660478749389
36725	11	-17.9868099658036	132.078651685393	-28.9868099658036	121.078651685393
36726	11	-11.9956033219345	112.393258426966	-22.9956033219345	101.393258426966
36727	11	-18.8426966292135	86.7166585246703	-29.8426966292135	75.7166585246703
36728	11	-20.8397655105032	84.4342940889106	-31.8397655105032	73.4342940889106
36729	11	-19.9838788470933	63.3224230581338	-30.9838788470933	52.3224230581338
36730	11	-16.5603321934539	50.7694186614558	-27.5603321934539	39.7694186614558
36731	11	-15.419149975574	16.2486565705911	-26.419149975574	5.24865657059109
36732	53	56.7176355642404	86.9829018075232	3.71763556424037	33.9829018075232
36733	53	53.6062530532487	101.974108451392	0.606253053248679	48.9741084513923
36734	53	56.151929653151	126.865168539326	3.151929653151	73.8651685393259
36735	53	54.7376648754275	105.368343917929	1.73766487542747	52.3683439179287
36736	53	58.9804592085979	86.4171958964338	5.98045920859795	33.4171958964338
36737	53	65.4860771861261	135.633610161212	12.4860771861261	82.6336101612115
36738	53	51.0605764533464	127.996580361505	-1.93942354665364	74.9965803615047
36739	53	51.9091353199805	89.2457254518808	-1.09086468001954	36.2457254518808
36740	53	51.6262823644358	112.156814851002	-1.37371763556422	59.1568148510015
36741	53	43.1406936980948	96.0341963849536	-9.85930630190518	43.0341963849536
36742	53	58.9804592085979	89.2457254518808	5.98045920859795	36.2457254518808
36743	53	54.4548119198828	114.419638495359	1.45481191988279	61.4196384953591
36744	53	58.1319003419639	97.4484611626771	5.1319003419639	44.4484611626771
36745	-30	-65.0850024425989	52.4821690278456	-35.0850024425989	82.4821690278456
36746	-30	-49.6966292134832	66.3317049340498	-19.6966292134832	96.3317049340498
36747	66	60.6345872007817	126.771372740596	-5.36541279921835	60.771372740596
36748	66	60.894968246214	121.042989741085	-5.10503175378602	55.0429897410846
36749	66	51.2608695652174	129.375183194919	-14.7391304347826	63.3751831949194
36750	66	71.0498290180752	130.156326331216	5.04982901807523	64.1563263312165
36751	66	74.695163654128	127.812896922325	8.69516365412801	61.8128969223254
36752	66	77.8197361993161	126.771372740596	11.8197361993161	60.771372740596
36753	53	52.4831460674158	87.1123595505618	-0.51685393258424	34.1123595505618
36754	64	42.6248168050806	86.6150464093795	-21.3751831949194	22.6150464093795
36755	64	58.3356130923302	133.747435271128	-5.66438690766978	69.7474352711285
36756	64	104.682462139717	134.271128480703	40.6824621397167	70.2711284807035
36757	53	6.64680019540793	81.8080117244749	-46.3531998045921	28.8080117244749
36758	53	40.6551050317538	81.8080117244749	-12.3448949682462	28.8080117244749
36759	53	20.6502198339033	72.9487054225696	-32.3497801660967	19.9487054225696
36760	53	-9.35710796287248	71.2340009770396	-62.3571079628725	18.2340009770396
36761	53	-31.9340498290181	58.9452857840743	-84.9340498290181	5.94528578407426
36762	53	-26.2183683439179	53.8011724474841	-79.2183683439179	0.801172447484134
36766	139	112.633610161211	134.641426477772	-26.3663898387885	-4.35857352222769
36771	139	112.892525647289	135.936003908158	-26.1074743527113	-3.06399609184172
36772	139	113.151441133366	139.042989741085	-25.8485588666341	0.0429897410845115
36773	68	53.5168539325843	135.696629213483	-14.4831460674157	67.6966292134832
36774	68	53.2584269662922	134.14606741573	-14.7415730337078	66.1460674157304
36775	68	3.38202247191012	126.651685393258	-64.6179775280899	58.6516853932584
36776	68	76.5168539325843	137.247191011236	8.5168539325843	69.247191011236
36777	68	63.3370786516854	131.561797752809	-4.66292134831457	63.561797752809
36778	68	105.202247191011	142.932584269663	37.2022471910113	74.9325842696629
36779	68	112.955056179775	140.606741573034	44.9550561797753	72.6067415730337
36780	68	103.393258426966	149.651685393258	35.3932584269663	81.6516853932584
36781	68	95.8988764044944	146.033707865169	27.8988764044944	78.0337078651686
36782	68	66.6966292134832	140.089887640449	-1.30337078651684	72.0898876404495
36783	68	109.85393258427	144.741573033708	41.8539325842697	76.7415730337079
36784	68	83.4943820224719	141.38202247191	15.4943820224719	73.3820224719101
36785	68	96.6741573033708	142.157303370787	28.6741573033708	74.1573033707866
36786	68	43.438202247191	120.966292134831	-24.561797752809	52.9662921348315
36787	68	27.9325842696629	129.752808988764	-40.0674157303371	61.7528089887641
36788	68	105.719101123596	139.056179775281	37.7191011235955	71.056179775281
36789	68	61.9467513434294	122.304347826087	-6.05324865657059	54.3043478260869
36790	68	67.8793356130923	132.363947239863	-0.120664386907663	64.3639472398632
36791	71	39.4767953102101	68.9785051294577	-31.5232046897899	-2.02149487054226
36792	69	50.4728871519297	87.4841231069859	-18.5271128480703	18.4841231069859
36793	69	54.2276502198339	89.8978993649243	-14.7723497801661	20.8978993649243
36794	69	56.9096238397655	94.9936492427943	-12.0903761602345	25.9936492427943
36795	69	52.8866634098681	86.4113336590132	-16.1133365901319	17.4113336590132
36796	69	57.1778212017587	81.3155837811432	-11.8221787982413	12.3155837811432
36797	71	55.8368343917929	113.499267220322	-15.1631656082071	42.4992672203225
36798	69	55.3004396678066	80.7791890571568	-13.6995603321934	11.7791890571568
36799	69	56.6414264777724	85.3385442110406	-12.3585735222276	16.3385442110406
36800	69	54.2276502198339	110.549096238398	-14.7723497801661	41.5490962383977
36801	71	54.4958475818271	95.5300439667807	-16.5041524181729	24.5300439667807
36802	83	48.1685393258427	89.2774792379091	-34.8314606741573	6.27747923790912
36803	71	56.7664875427455	102.980459208598	-14.2335124572545	31.9804592085979
36804	79	41.7200781631656	83.3663898387885	-37.2799218368344	4.36638983878845
36805	91	50.3180263800684	96.5319980459208	-40.6819736199316	5.53199804592083
36806	91	57.5725451880801	130.386419149976	-33.4274548119199	39.3864191499756
36807	71	60.3961895456766	118.058622374206	-10.6038104543234	47.0586223742062
36808	71	62.0053737176356	116.71763556424	-8.99462628236444	45.7176355642404
36809	71	42.4269662921349	71.3922813873962	-28.5730337078651	0.392281387396224
36810	71	56.6414264777724	96.8710307767465	-14.3585735222276	25.8710307767465
36811	71	62.2735710796288	117.254030288227	-8.72642892037123	46.2540302882267
36812	71	60.1279921836835	116.449438202247	-10.8720078163165	45.4494382022472
36813	71	60.3961895456766	100.893991206644	-10.6038104543234	29.8939912066439
36814	71	59.0552027357108	103.844162188569	-11.9447972642892	32.8441621885686
36815	71	107.062530532487	124.495359062042	36.0625305324866	53.495359062042
36816	71	53.4230581338545	90.7024914509038	-17.5769418661455	19.7024914509038
36817	71	55.5686370297997	88.5569125549585	-15.4313629702003	17.5569125549585
36818	71	59.0552027357108	91.2388861748901	-11.9447972642892	20.2388861748901
36819	69	54.4958475818271	83.1929653150953	-14.5041524181729	14.1929653150953
36820	69	53.9594528578407	81.5837811431363	-15.0405471421593	12.5837811431363
36821	69	98.4802149487055	119.667806546165	29.4802149487055	50.6678065461651
36822	69	98.7484123106986	120.204201270151	29.7484123106986	51.2042012701515
36823	79	54.1089399120664	106.579872984856	-24.8910600879336	27.5798729848559
36824	71	103.307767464582	146.219345383488	32.3077674645824	75.2193453834881
36825	71	56.3732291157792	103.039570102589	-14.6267708842208	32.0395701025892
36826	71	58.5188080117245	100.893991206644	-12.4811919882755	29.8939912066439
36827	106	75.561797752809	113.229604298974	-30.438202247191	7.22960429897415
36828	106	58.3194919394236	103.414753297509	-47.6805080605764	-2.58524670249142
36829	106	72.9091353199805	109.515876893014	-33.0908646800195	3.51587689301419
36830	-21	-18.9198827552516	60.1763556424035	2.08011724474841	81.1763556424035
36831	68	51.6785539814363	75.5202735710797	-16.3214460185637	7.52027357107966
36832	68	44.866634098681	73.533463605276	-23.133365901319	5.53346360527604
36833	68	57.6389838788471	81.7645334636053	-10.3610161211529	13.7645334636053
36834	0	-26.2750366389839	23.7181240840254	-26.2750366389839	23.7181240840254
36835	-10	-30.6526624328285	25.2217879824133	-20.6526624328285	35.2217879824133
36836	-10	-41.3390327308256	27.9697117733268	-31.3390327308256	37.9697117733268
36837	-8	-37.3698094772838	27.6643869076698	-29.3698094772838	35.6643869076698
36838	-1	-31.8739618954568	21.2525647288716	-30.8739618954568	22.2525647288716
36839	-8	-39.2017586712262	21.8632144601856	-31.2017586712262	29.8632144601856
36840	-8	-35.8431851489985	23.695163654128	-27.8431851489985	31.695163654128
36841	-73	-24.6966292134832	1.78505129457744	48.3033707865168	74.7850512945774
36842	-73	-25.9003419638495	6.90083048363459	47.0996580361505	79.9008304836346
36843	-73	-49.1489985344406	30.038104543234	23.8510014655594	103.038104543234
36844	-97	-38.6507083536883	-4.75622862725942	58.3492916463117	92.2437713727406
36845	-97	-38.0508060576453	8.14167073766487	58.9491939423547	105.141670737665
36847	-77	-32.0053737176356	3.86321446018565	44.9946262823644	80.8632144601856
36848	-83	-53.4059599413776	16.2212994626283	29.5940400586224	99.2212994626283
36849	41	30.5075720566683	84.6130923302393	-10.4924279433317	43.6130923302393
36850	7	-65.7655105031754	39.323400097704	-72.7655105031754	32.323400097704
36851	7	-58.2012701514411	60.6653639472399	-65.2012701514411	53.6653639472399
36852	7	-59.552027357108	66.0683927699072	-66.552027357108	59.0683927699072
36853	7	-59.552027357108	40.9443087445042	-66.552027357108	33.9443087445042
36854	7	-52.7982413287738	63.6370297997069	-59.7982413287738	56.6370297997069
36855	7	-33.8876404494382	50.9399120664387	-40.8876404494382	43.9399120664387
36856	7	-46.5847581827064	44.9965803615046	-53.5847581827064	37.9965803615046
36857	7	-44.6936980947728	67.9594528578407	-51.6936980947728	60.9594528578407
36858	7	-43.0727894479726	59.0444553004397	-50.0727894479726	52.0444553004397
36859	104	88.838299951148	136.081582804104	-15.161700048852	32.0815828041036
36860	117	53.4758182706399	112.628724963361	-63.5241817293601	-4.37127503663902
36861	104	78.4611626770885	139.904738641915	-25.5388373229115	35.904738641915
36862	104	61.8031265266243	116.146555935515	-42.1968734733757	12.1465559355154
36863	104	87.199804592086	141.543234000977	-16.800195407914	37.5432340009771
36864	104	91.2960429897411	130.073766487543	-12.7039570102589	26.0737664875428
36865	104	74.9110893991207	125.4313629702	-29.0889106008793	21.4313629702003
36866	104	83.9228138739619	132.258426966292	-20.0771861260381	28.2584269662922
36867	104	56.3414753297509	110.138739618955	-47.6585246702491	6.13873961895462
36868	104	73.818759159746	126.796775769419	-30.181240840254	22.7967757694187
36869	73	103.570102589155	121.205178309722	30.5701025891549	48.2051783097216
36870	73	105.80947728383	127.363458720078	32.80947728383	54.3634587200782
36871	73	57.942843185149	122.044943820225	-15.057156814851	49.0449438202248
36872	73	101.610649731314	122.884709330728	28.6106497313141	49.8847093307279
36873	73	104.409868099658	122.604787493894	31.4098680996581	49.6047874938935
36874	73	98.8114313629702	120.365412799218	25.8114313629702	47.3654127992184
36875	73	99.9311187103078	117.846116267709	26.9311187103078	44.8461162677089
36876	70	50.6966292134832	118.112359550562	-19.3033707865168	48.1123595505618
36877	70	60.247191011236	111.370786516854	-9.752808988764	41.370786516854
36878	70	34.9662921348315	94.7977528089888	-35.0337078651685	24.7977528089888
36879	70	45.9213483146067	129.067415730337	-24.0786516853933	59.0674157303371
36880	70	55.1910112359551	107.719101123596	-14.8089887640449	37.7191011235955
36881	-75	-61.9384465070835	53.9658036150464	13.0615534929165	128.965803615046
36882	-11	-93.9980459208598	8.31753786028338	-82.9980459208598	19.3175378602834
36884	-32	-14.8778700537372	58.3707865168539	17.1221299462628	90.3707865168539
36885	-32	-38.1450903761602	58.0835368832438	-6.14509037616023	90.0835368832438
36886	-32	-95.8822667318026	46.8808011724475	-63.8822667318026	78.8808011724475
36887	-32	-41.0175867122618	54.0620420127015	-9.01758671226185	86.0620420127015
36889	-32	-20.6228627259404	59.2325354176844	11.3771372740596	91.2325354176844
36900	6	-35.304836345872	58.7528089887641	-41.304836345872	52.7528089887641
36902	-6	-68.2823644357596	40.6868588177821	-62.2823644357596	46.6868588177821
36903	-6	-62.2603810454323	58.7528089887641	-56.2603810454323	64.7528089887641
36904	-6	-49.6428920371275	56.7454811919883	-43.6428920371275	62.7454811919883
36905	-6	-61.9736199316072	59.0395701025892	-55.9736199316072	65.0395701025892
36917	9	-30.0591108939912	43.8895945285784	-39.0591108939912	34.8895945285784
36918	9	-24.3043478260869	57.7010258915486	-33.3043478260869	48.7010258915486
36920	39	-92.9438202247191	117.825598436737	-131.943820224719	78.8255984367367
36921	39	-37.3121641426478	143.920859794822	-76.3121641426478	104.920859794822
36922	39	-79.4660478749389	70.2232535417685	-118.466047874939	31.2232535417685
36924	39	-92.657059110894	118.112359550562	-131.657059110894	79.1123595505618
36925	39	35.5251587689302	73.3776257938447	-3.47484123106983	34.3776257938447
36928	39	-27.8490473864192	4.2681973619932	-66.8490473864192	-34.7318026380068
36929	39	-20.9667806546165	7.7093307278945	-59.9667806546165	-31.2906692721055
36931	71	-20.1626770884221	70.2994626282364	-91.1626770884221	-0.700537371763573
36932	71	-7.85295554469957	68.009281875916	-78.8529555446996	-2.99071812408403
36933	63	-8.10600879335612	129.895945285784	-71.1060087933561	66.8959452857841
36934	63	98.9106008793356	142.914997557401	35.9106008793356	79.9149975574011
36935	63	37.2002931118711	132.76013678554	-25.7997068881289	69.7601367855398
36936	63	92.9218368343918	166.609672691744	29.9218368343918	103.609672691744
36937	67	-2.37762579384463	134.843185148999	-69.3776257938446	67.8431851489985
36938	58	37	122.304347826087	-21	64.3043478260869
36939	58	9.60869565217388	85	-48.3913043478261	27
36940	55	61.9877870053737	140.327796775769	6.98778700537372	85.3277967757695
36941	54	41.4347826086956	183.347826086957	-12.5652173913044	129.347826086957
36942	54	37.7826086956522	143.95652173913	-16.2173913043478	89.9565217391304
36943	-55	-36.2139716658525	18.9106008793356	18.7860283341475	73.9106008793356
36944	-1	-24.0224719101124	50.4157303370787	-23.0224719101124	51.4157303370787
36946	-1	-17.8426966292135	56.5955056179776	-16.8426966292135	57.5955056179776
36947	-1	-12.2247191011236	61.0898876404495	-11.2247191011236	62.0898876404495
36948	-1	-23.1797752808989	52.3820224719101	-22.1797752808989	53.3820224719101
36949	66	92.1406936980948	144.216902784563	26.1406936980948	78.2169027845628
36950	61	112.450415241817	170.255007327797	51.4504152418173	109.255007327797
36951	61	110.627747923791	175.202247191011	49.6277479237909	114.202247191011
36952	61	78.6008793356131	131.197850512946	17.6008793356131	70.1978505129458
36953	61	105.159745969712	133.541279921837	44.1597459697118	72.5412799218369
36954	61	105.940889106009	132.499755740108	44.9408891060088	71.4997557401075
36955	61	-28.1553492916463	37.2002931118711	-89.1553492916463	-23.7997068881289
36956	61	-16.1778212017587	37.9814362481681	-77.1778212017587	-23.0185637518319
36957	61	-16.1778212017587	14.2867611138252	-77.1778212017587	-46.7132388861748
36958	61	108.2843185149	136.665852467025	47.2843185148999	75.6658524670249
36959	61	56.2081094284319	125.990229604299	-4.7918905715681	64.990229604299
36960	61	65.8422081094284	130.156326331216	4.84220810942844	69.1563263312165
36961	61	-15.3966780654616	36.419149975574	-76.3966780654616	-24.580850024426
36962	61	-15.1362970200293	19.7547630679043	-76.1362970200293	-41.2452369320957
36963	61	-14.3551538837323	21.0566682950659	-75.3551538837323	-39.9433317049341
36964	61	-19.3023937469467	24.1812408402541	-80.3023937469467	-36.8187591597459
36965	61	-14.6155349291646	26.5246702491451	-75.6155349291646	-34.4753297508549
36966	61	-18.2608695652174	52.0420127015144	-79.2608695652174	-8.95798729848559
36967	61	106.982413287738	141.613092330239	45.9824132877382	80.6130923302394
36968	61	-14.6155349291646	24.7020029311187	-75.6155349291646	-36.2979970688813
36969	61	-2.89838788470931	59.5930630190523	-63.8983878847093	-1.40693698094771
36970	61	104.899364924279	135.624328285296	43.8993649242794	74.6243282852956
36971	61	110.367366878359	142.394235466536	49.3673668783586	81.3942354665364
36972	61	106.982413287738	137.446995603322	45.9824132877382	76.446995603322
36973	61	110.627747923791	140.311187103078	49.6277479237909	79.3111871030777
36974	61	-15.3966780654616	43.9702002931119	-76.3966780654616	-17.0297997068881
36975	61	101.774792379091	153.590620420127	40.7747923790914	92.590620420127
36976	61	102.035173424524	139.790425012213	41.0351734245237	78.790425012213
36977	61	110.367366878359	141.092330239375	49.3673668783586	80.0923302393747
36978	61	106.722032242306	132.499755740108	45.7220322423058	71.4997557401075
36979	61	110.627747923791	136.14509037616	49.6277479237909	75.1450903761603
36980	61	111.929653150953	141.873473375672	50.9296531509526	80.8734733756717
36981	61	108.805080605765	138.748900830484	47.8050806057645	77.7489008304836
36982	61	108.805080605765	135.884709330728	47.8050806057645	74.8847093307279
36983	61	105.940889106009	134.062042012702	44.9408891060088	73.0620420127016
36984	61	74.695163654128	129.114802149487	13.695163654128	68.1148021494871
36985	61	112.450415241817	140.311187103078	51.4504152418173	79.3111871030777
36986	61	77.5593551538838	133.280898876405	16.5593551538838	72.2808988764045
36987	61	103.85784074255	140.57156814851	42.8578407425501	79.57156814851
36988	61	109.065461651197	141.873473375672	48.0654616511969	80.8734733756717
36989	61	-13.8343917928676	38.5021983390328	-74.8343917928676	-22.4978016609672
36990	61	112.450415241817	151.247191011236	51.4504152418173	90.247191011236
36991	61	104.638983878847	138.748900830484	43.6389838788471	77.7489008304836
36992	61	49.6985832926234	121.563751831949	-11.3014167073766	60.5637518319492
36993	61	-12.0117244748412	53.3439179286761	-73.0117244748412	-7.65608207132385
36994	61	105.159745969712	134.322423058134	44.1597459697118	73.3224230581339
36995	61	107.763556424035	138.228138739619	46.7635564240352	77.228138739619
36996	61	93.9633610161212	140.831949193942	32.9633610161212	79.8319491939424
36997	61	106.722032242306	136.665852467025	45.7220322423058	75.6658524670249
36998	61	107.763556424035	136.665852467025	46.7635564240352	75.6658524670249
36999	57	101.254030288227	137.446995603322	44.2540302882267	80.446995603322
37000	57	107.503175378603	138.748900830484	50.5031753786029	81.7489008304836
37001	57	-9.14753297508548	56.9892525647289	-66.1475329750855	-0.0107474352711279
37002	-55	-47.2344894968246	38.9404005862237	7.76551050317539	93.9404005862237
37008	129	99.28627259404	137.921348314607	-29.71372740596	8.92134831460675
37011	129	93.7669760625305	137.658524670249	-35.2330239374695	8.65852467024911
37013	129	74.9833903273083	118.429897410845	-54.0166096726917	-10.5701025891548
37014	129	90.0874450415242	155.793356130923	-38.9125549584758	26.7933561309233
37017	129	78.7860283341475	121.889106008793	-50.2139716658525	-7.11089399120664
37020	129	77.7347337567172	145.017586712262	-51.2652662432828	16.0175867122618
37021	130	93.6785539814363	140.548119198828	-36.3214460185637	10.5481191988276
37025	129	88.247679531021	150.011235955056	-40.752320468979	21.0112359550562
37026	-54	-51.5432340009771	27.2452369320957	2.45676599902293	81.2452369320957
37028	-32	-74.3180263800684	22.3209574987787	-42.3180263800684	54.3209574987787
37029	125	107.52808988764	133.887640449438	-17.4719101123595	8.88764044943821
37030	125	102.359550561798	128.977528089888	-22.6404494382022	3.9775280898877
37031	125	103.651685393258	162.831460674157	-21.3483146067416	37.8314606741573
37032	125	107.011235955056	186.606741573034	-17.9887640449438	61.6067415730337
37035	125	107.269662921348	136.988764044944	-17.7303370786516	11.9887640449439
37036	125	106.752808988764	135.179775280899	-18.2471910112359	10.1797752808989
37037	125	108.561797752809	138.797752808989	-16.438202247191	13.7977528089888
37038	125	109.85393258427	137.247191011236	-15.1460674157303	12.247191011236
37039	125	78.4567659990229	122.990229604299	-46.5432340009771	-2.00977039570103
37041	125	85.1885686370298	134.641426477772	-39.8114313629702	9.64142647777231
37042	125	109.785539814362	136.71275036639	-15.2144601856375	11.7127503663899
37043	125	57.3932584269663	112.179775280899	-67.6067415730337	-12.8202247191011
37044	125	110.112359550562	136.47191011236	-14.8876404494382	11.4719101123596
37045	125	108.044943820225	138.797752808989	-16.9550561797752	13.7977528089888
37046	125	109.078651685393	137.247191011236	-15.9213483146067	12.247191011236
37047	125	105.719101123596	132.595505617978	-19.2808988764045	7.59550561797755
37048	125	106.494382022472	138.280898876405	-18.5056179775281	13.2808988764045
37049	125	93.056179775281	133.887640449438	-31.943820224719	8.88764044943821
37050	60	67.5188080117244	129.740595994138	7.51880801172445	69.7405959941378
37051	36	30.2281387396189	69.8842208109428	-5.77186126038106	33.8842208109428
37052	36	35.0781631656082	66.7459697117733	-0.921836834391797	30.7459697117733
37053	36	-25.4044943820225	41.9252564728872	-61.4044943820225	5.92525647288716
37054	27	-21.6956521739131	24.8075232046898	-48.6956521739131	-2.1924767953102
37055	36	31.3693209574988	70.1695163654128	-4.63067904250124	34.1695163654128
37056	36	-0.0131900341963842	57.6165119687347	-36.0131900341964	21.6165119687347
37057	36	29.0869565217391	65.6047874938935	-6.91304347826087	29.6047874938935
37058	36	-1.1543722520762	69.028334147533	-37.1543722520762	33.028334147533
37059	36	-19.9838788470933	28.2310698583292	-55.9838788470933	-7.76893014167075
37060	36	-21.1250610649731	9.97215437225208	-57.1250610649731	-26.0278456277479
37061	36	-11.4250122129947	67.0312652662433	-47.4250122129947	31.0312652662433
37062	36	36.789936492428	75.304836345872	0.789936492427955	39.304836345872
37063	27	-19.6985832926234	44.2076209086468	-46.6985832926234	17.2076209086468
37064	27	-1.72496336101614	63.8930141670738	-28.7249633610161	36.8930141670738
37065	27	-4.00732779677577	54.4782608695652	-31.0073277967758	27.4782608695652
37066	27	-27.1162677088422	24.8075232046898	-54.1162677088422	-2.1924767953102
37067	27	-26.5456765999023	20.5280898876404	-53.5456765999023	-6.47191011235958
37068	62	43.2725940400586	74.3326819736199	-18.7274059599414	12.3326819736199
37069	60	71.5578895945286	138.453346360528	11.5578895945286	78.4533463605276
37070	60	115.630190522716	139.240351734245	55.6301905227162	79.2403517342453
37071	60	41.914020517831	83.6253053248657	-18.085979482169	23.6253053248657
37072	60	51.8827552515877	124.024914509038	-8.1172447484123	64.0249145090377
37073	60	49.5217391304348	127.959941377626	-10.4782608695652	67.9599413776258
37074	60	32.7322911577919	112.744504152418	-27.2677088422081	52.7445041524182
37075	60	53.7191011235955	138.978016609673	-6.28089887640448	78.9780166096727
37076	60	103.038104543234	134.780654616512	43.0381045432341	74.780654616512
37077	60	52.1450903761603	76.8045920859795	-7.85490962383972	16.8045920859795
37078	60	62.113825109917	137.66634098681	2.113825109917	77.66634098681
37079	60	53.456765999023	121.926233512457	-6.54323400097701	61.9262335124573
37080	60	-0.584269662921315	100.414753297509	-60.5842696629213	40.4147532975086
37081	36	2.57987298485585	62.1988275525159	-33.4201270151441	26.1988275525159
37082	36	64.3092330239375	137.645823155838	28.3092330239375	101.645823155838
37083	36	101.768930141671	144.24084025403	65.7689301416708	108.24084025403
37084	43	18.4079140205178	81.4562774792379	-24.5920859794822	38.4562774792379
37085	43	111.793356130923	144.24084025403	68.7933561309233	101.24084025403
37086	43	113.903761602345	146.878847093307	70.9037616023449	103.878847093307
37087	43	81.9838788470933	137.645823155838	38.9838788470933	94.6458231558378
37088	43	64.5730337078651	138.701025891549	21.5730337078651	95.7010258915486
37089	19	118.124572545188	146.351245725452	99.1245725451881	127.351245725452
37090	19	-2.9599413776258	67.7386419149976	-21.9599413776258	48.7386419149976
37091	19	7.06448461162677	71.6956521739131	-11.9355153883732	52.6956521739131
37092	19	114.167562286273	135.799218368344	95.1675622862726	116.799218368344
37093	-57	-62.3825109916951	35.9404005862237	-5.38251099169514	92.9404005862237
37094	-28	-40.4201270151441	25.590131900342	-12.4201270151441	53.590131900342
37095	65	43.8050806057645	81.8080117244749	-21.1949193942355	16.8080117244749
37096	65	42.1284807034685	82.6463116756228	-22.8715192965315	17.6463116756228
37097	65	52.7469467513434	82.9257449926722	-12.2530532486566	17.9257449926722
37098	143	122.255984367367	140.088910600879	-20.7440156326331	-2.91108939912067
37099	143	119.531509526136	135.135319980459	-23.4684904738642	-7.8646800195408
37100	143	117.550073277968	133.896922325354	-25.4499267220323	-9.10307767464582
37101	143	120.769907181241	158.417195896434	-22.2300928187591	15.4171958964338
37102	143	126.218856863703	168.572056668295	-16.781143136297	25.572056668295
37103	143	123.246702491451	168.572056668295	-19.7532975085491	25.572056668295
37104	143	159.407914020518	176.497801660967	16.4079140205178	33.4978016609672
37105	143	117.550073277968	160.893991206644	-25.4499267220323	17.8939912066439
37106	143	129.191011235955	164.609184171959	-13.808988764045	21.6091841719589
37107	143	122.255984367367	166.590620420127	-20.7440156326331	23.590620420127
37109	125	59.33268197362	122.344894968246	-65.66731802638	-2.65510503175375
37110	132	106.201270151441	175.202247191011	-25.7987298485588	43.2022471910113
37111	132	111.929653150953	142.914997557401	-20.0703468490474	10.9149975574011
37112	132	95.7860283341475	170.775769418661	-36.2139716658525	38.7757694186615
37113	125	108.023937469468	139.269662921348	-16.9760625305324	14.2696629213484
37114	125	108.544699560332	138.488519785051	-16.4553004396678	13.4885197850513
37115	132	107.763556424035	139.269662921348	-24.2364435759648	7.26966292134836
37116	132	109.846604787494	144.477283829995	-22.1533952125061	12.4772838299951
37117	118	79.6424035173425	125.990229604299	-38.3575964826575	7.99022960429903
37118	118	109.325842696629	177.024914509038	-8.67415730337075	59.0249145090377
37119	118	99.170981924768	123.646800195408	-18.829018075232	5.64680019540793
37120	125	111.408891060088	165.04738641915	-13.591108939912	40.04738641915
37121	118	94.7445041524182	177.024914509038	-23.2554958475818	59.0249145090377
37122	118	109.065461651197	175.983390327308	-8.93453834880307	57.9833903273083
37123	118	100.212506106497	123.90718124084	-17.7874938935026	5.90718124084026
37124	118	111.929653150953	179.368343917929	-6.07034684904738	61.3683439179287
37125	118	100.733268197362	124.167562286273	-17.266731802638	6.16756228627264
37126	125	108.2843185149	144.99804592086	-16.7156814851001	19.9980459208599
37127	118	97.8690766976063	123.646800195408	-20.1309233023937	5.64680019540793
37128	118	108.023937469468	140.050806057645	-9.97606253053243	22.0508060576454
37129	125	108.544699560332	172.598436736688	-16.4553004396678	47.5984367366879
37130	125	108.544699560332	174.421104054714	-16.4553004396678	49.4211040547142
37131	125	108.2843185149	158.277479237909	-16.7156814851001	33.2774792379092
37132	125	109.065461651197	150.205666829507	-15.9345383488031	25.2056668295066
37133	125	108.544699560332	140.831949193942	-16.4553004396678	15.8319491939424
37134	125	92.4010747435271	124.94870542257	-32.5989252564729	-0.051294577430383
37135	125	63.7591597459697	115.835368832438	-61.2408402540303	-9.16463116756228
37136	118	77.2989741084514	123.386419149976	-40.7010258915486	5.38641914997561
37137	118	109.325842696629	180.409868099658	-8.67415730337075	62.4098680996581
37138	118	67.9252564728872	123.90718124084	-50.0747435271128	5.90718124084026
37139	125	108.544699560332	132.499755740108	-16.4553004396678	7.4997557401075
37140	132	118.178798241329	181.451392281387	-13.8212017586712	49.4513922813874
37141	118	100.993649242794	124.167562286273	-17.0063507572057	6.16756228627264
37142	130	49.6985832926234	118.178798241329	-80.3014167073766	-11.8212017586712
37143	125	96.8275525158769	127.552515876893	-28.1724474841231	2.55251587689304
37144	125	102.035173424524	127.552515876893	-22.9648265754763	2.55251587689304
37145	125	108.805080605765	174.681485100147	-16.1949193942355	49.6814851001466
37146	125	108.544699560332	158.017098192477	-16.4553004396678	33.0170981924769
37147	125	108.544699560332	151.247191011236	-16.4553004396678	26.247191011236
37148	125	101.514411333659	124.167562286273	-23.485588666341	-0.832437713727359
37149	125	110.627747923791	172.077674645823	-14.3722520762091	47.0776746458232
37150	125	71.3102100635076	127.031753786028	-53.6897899364924	2.03175378602839
37151	102	112.400097703957	184.057156814851	10.400097703957	82.057156814851
37152	102	56.5534929164631	128.975574010747	-45.4465070835369	26.9755740107474
37153	102	111.635075720567	142.745969711773	9.63507572056665	40.7459697117733
37154	102	108.319980459209	151.161211529067	6.31998045920858	49.1612115290669
37155	102	113.165119687347	156.006350757206	11.1651196873473	54.0063507572057
37156	102	131.015632633122	185.587200781632	29.0156326331216	83.5872007816316
37157	102	125.915486077186	186.097215437225	23.9154860771861	84.0972154372252
37158	102	120.305324865657	184.822178798241	18.305324865657	82.8221787982413
37159	102	126.42550073278	185.842208109428	24.4255007327797	83.8422081094284
37160	107	118.580850024426	182.465070835369	11.580850024426	75.4650708353689
37161	107	107.891060087934	160.576453346361	0.891060087933568	53.5764533463606
37162	107	111.454323400098	173.302393746947	4.45432340009773	66.3023937469468
37163	104	108.735222276502	148.61797752809	4.73522227650221	44.6179775280899
37164	104	116.356130923302	145.315583781143	12.3561309233024	41.3155837811431
37165	104	118.388373229116	155.730825598437	14.3883732291158	51.7308255984368
37166	104	110.591597459697	151.158280410357	6.59159745969714	47.1582804103567
37167	104	126.771372740596	184.690278456277	22.771372740596	80.6902784562774
37168	104	102.985344406448	153.947239863215	-1.01465559355154	49.9472398632145
37169	104	107.549096238398	140.002442598925	3.54909623839768	36.0024425989253
37170	104	112.545676599902	160.303370786517	8.54567659990227	56.3033707865168
37171	104	129.819736199316	192.311187103078	25.8197361993161	88.3111871030777
37172	104	113.887640449438	148.62286272594	9.88764044943821	44.6228627259404
37173	104	98.0659501709819	145.315583781143	-5.93404982901808	41.3155837811431
37174	104	84.3483146067416	142.775280898876	-19.6516853932584	38.7752808988764
37175	104	107.211040547142	161.827552515877	3.21104054714215	57.8275525158769
37176	104	88.4127992183683	146.077674645823	-15.5872007816317	42.0776746458232
37177	104	114.831949193942	149.888128969223	10.8319491939424	45.8881289692233
37178	104	113.307767464582	152.682462139717	9.3077674645823	48.6824621397166
37179	104	78.7596482657548	140.23497801661	-25.2403517342452	36.2349780166097
37180	104	68.0903761602345	137.694675134343	-35.9096238397655	33.694675134343
37181	104	103.908646800195	135.408402540303	-0.0913531998045869	31.4084025403029
37182	104	109.830972154372	165.863702979971	5.83097215437226	61.8637029799707
37183	104	118.704934049829	174.991206643869	14.704934049829	70.9912066438691
37184	104	126.564728871519	182.851001465559	22.5647288715193	78.8510014655594
37186	-33	-79.2423058133854	80.4890083048363	-46.2423058133854	113.489008304836
37187	109	86.9814362481681	131.673668783586	-22.0185637518319	22.6736687835858
37188	109	85.4132877381534	115.992183683439	-23.5867122618466	6.99218368343918
37189	-17	-56.8446507083537	5.84513922813875	-39.8446507083537	22.8451392281387
37190	-17	-35.248168050806	44.5388373229115	-18.248168050806	61.5388373229115
37191	-17	-63.4435759648266	12.4440644846116	-46.4435759648266	29.4440644846116
37192	-17	-50.8456277479238	3.44553004396676	-33.8456277479238	20.4455300439668
37193	-17	-29.2491450903761	49.038104543234	-12.2491450903761	66.038104543234
37194	-32	-45.1465559355154	13.9438202247191	-13.1465559355154	45.9438202247191
37195	-32	-21.1504640937958	17.2432828529555	10.8495359062042	49.2432828529555
37196	-15	-67.942843185149	1.3458720078163	-52.942843185149	16.3458720078163
37197	-15	-49.0459208597948	0.745969711773341	-34.0459208597948	15.7459697117733
37198	-15	-57.4445530043967	-0.753786028334162	-42.4445530043967	14.2462139716658
37199	-15	-54.7449926722032	1.04592085979482	-39.7449926722032	16.0459208597948
37200	-15	-60.1441133365901	-1.35368832437717	-45.1441133365901	13.6463116756228
37201	-15	-63.1436248168051	3.74548119198829	-48.1436248168051	18.7454811919883
37202	-15	-52.3453834880312	3.44553004396676	-37.3453834880312	18.4455300439668
37203	-15	-42.446995603322	64.0356619443087	-27.446995603322	79.0356619443087
37204	-40	-42.1470444553004	22.6424035173424	-2.14704445530043	62.6424035173424
37205	-15	-60.4440644846117	7.04494382022472	-45.4440644846117	22.0449438202247
37206	-15	-44.5466536394724	8.24474841231068	-29.5466536394724	23.2447484123107
37207	-15	-68.2427943331705	1.04592085979482	-53.2427943331705	16.0459208597948
37208	-32	-52.9452857840743	0.745969711773341	-20.9452857840743	32.7459697117733
37209	-73	-37.1226184660479	3.16072300928187	35.8773815339521	76.1607230092819
37210	-73	-30.4592085979482	2.25207620908645	42.5407914020518	75.2520762090865
37211	-73	-28.0361504640938	1.94919394235467	44.9638495359062	74.9491939423547
37212	-73	-29.8534440644846	3.16072300928187	43.1465559355154	76.1607230092819
37213	-71	-57.8539325842697	4.33707865168543	13.1460674157303	75.3370786516854
37214	-8	-33.6135808500244	20.799706888129	-25.6135808500244	28.799706888129
37215	66	60.0884220810943	89.5241817293601	-5.91157791890566	23.5241817293601
37216	66	60.6599902296043	84.9516365412799	-5.34000977039568	18.9516365412799
37217	64	-5.35613092330237	66.0898876404495	-69.3561309233024	2.08988764044949
37218	64	34.3678553981437	66.3756717147045	-29.6321446018563	2.37567171470448
37219	64	5.7894479726429	63.2320468978994	-58.2105520273571	-0.767953102100591
37220	64	-13.0723009281876	65.8041035661944	-77.0723009281876	1.80410356619444
37221	64	44.0845139228139	74.0918417195897	-19.9154860771861	10.0918417195897
37222	62	-7.64240351734242	65.5183194919395	-69.6424035173424	3.51831949193945
37223	62	38.9404005862237	68.6619443087445	-23.0595994137763	6.66194430874452
37224	-31	-89.5217391304348	2.39130434782612	-58.5217391304348	33.3913043478261
37225	-61	-96.5031753786028	58.066438690767	-35.5031753786028	119.066438690767
37226	-29	-46.1094284318515	43.1304347826087	-17.1094284318515	72.1304347826087
37227	-29	-31.4357596482657	35.0449438202247	-2.43575964826573	64.0449438202247
37228	-29	-46.7083536883243	52.1143136297021	-17.7083536883243	81.1143136297021
37229	-29	-49.4035173424523	41.9325842696629	-20.4035173424523	70.9325842696629
37230	-29	-39.5212506106497	29.3551538837323	-10.5212506106497	58.3551538837323
37231	126	48.4069369809477	188.739130434783	-77.5930630190523	62.7391304347826
37232	112	38.2418172936004	119.480703468491	-73.7581827063996	7.4807034684905
37233	-26	-100.173913043478	11.2173913043479	-74.1739130434783	37.2173913043479
37234	-21	-32.8778700537372	54.4548119198827	-11.8778700537372	75.4548119198827
37235	-44	-70.1660967269174	57.8680996580362	-26.1660967269174	101.868099658036
37236	-63	-70.4704445530044	44.6345872007816	-7.47044455300443	107.634587200782
37237	-63	-67.7005373717636	42.7879824132878	-4.70053737176357	105.787982413288
37238	112	57.2496336101613	115.314606741573	-54.7503663898387	3.31460674157307
37240	112	36.1587689301417	76.5178309721544	-75.8412310698583	-35.4821690278456
37241	112	69.4875427454812	104.638983878847	-42.5124572545188	-7.36101612115289
37246	28	-19.6453346360527	22.6507083536883	-47.6453346360527	-5.34929164631166
37247	28	-15.0727894479726	58.6595017098193	-43.0727894479726	30.6595017098193
37248	28	-36.5065950170982	46.370786516854	-64.5065950170982	18.370786516854
37249	87	49.4846116267709	93.2510991695164	-37.5153883732291	6.25109916951635
37250	62	28.3072789447972	53.7200781631656	-33.6927210552028	-8.27992183683438
37251	87	33.9545676599902	80.2623351245725	-53.0454323400098	-6.73766487542747
37252	87	30.0014655593552	56.2613580850024	-56.9985344406448	-30.7386419149976
37253	87	29.1543722520762	57.6731802638007	-57.8456277479238	-29.3268197361993
37254	87	42.7078651685393	81.3917928676111	-44.2921348314607	-5.60820713238888
37255	87	30.5661944308744	57.1084513922814	-56.4338055691256	-29.8915486077186
37256	87	28.0249145090376	56.2613580850024	-58.9750854909624	-30.7386419149976
37257	87	39.3194919394235	77.438690766976	-47.6805080605765	-9.56130923302396
37258	90	17.6839276990718	50.494870542257	-72.3160723009282	-39.505129457743
37259	87	-13.4826575476307	75.4621397166585	-100.482657547631	-11.5378602833415
37260	87	4.58866634098678	97.2042012701514	-82.4113336590132	10.2042012701514
37261	87	45.8138739618955	102.286761113825	-41.1861260381045	15.2867611138251
37262	87	31.4132877381534	57.9555446995603	-55.5867122618466	-29.0444553004397
37263	87	35.6487542745481	104.828041035662	-51.3512457254519	17.828041035662
37264	87	8.54176844162185	86.1919882755251	-78.4582315583781	-0.808011724474852
37265	87	-11.7884709330728	83.933072789448	-98.7884709330728	-3.06692721055202
37266	87	51.4611626770884	89.8627259404006	-35.5388373229116	2.86272594040059
37267	87	-3.88226673180264	47.790425012213	-90.8822667318026	-39.209574987787
37268	87	39.0371275036639	50.0493404982902	-47.9628724963361	-36.9506595017098
37269	87	38.1900341963849	48.9198827552516	-48.8099658036151	-38.0801172447484
37270	87	38.7547630679043	49.4846116267709	-48.2452369320957	-37.5153883732291
37271	87	42.990229604299	86.4743527112848	-44.009770395701	-0.52564728871522
37272	87	38.4723986321446	49.4846116267709	-48.5276013678554	-37.5153883732291
37273	87	-17.4357596482658	73.7679531021006	-104.435759648266	-13.2320468978994
37274	87	48.3551538837323	88.1685393258427	-38.6448461162677	1.16853932584269
37275	87	49.4846116267709	89.5803615046409	-37.5153883732291	2.5803615046409
37276	87	42.990229604299	86.7567171470445	-44.009770395701	-0.243282852955531
37277	87	58.23790913532	99.4631167562286	-28.76209086468	12.4631167562286
37278	87	42.14313629702	91.2745481191988	-44.85686370298	4.27454811919881
37279	87	-2.75280898876406	55.6966292134832	-89.7528089887641	-31.3033707865168
37280	87	28.0249145090376	57.6731802638007	-58.9750854909624	-29.3268197361993
37281	87	36.7782120175867	48.3551538837323	-50.2217879824133	-38.6448461162677
37282	87	1.48265754763065	95.7923790913532	-85.5173424523693	8.79237909135321
37283	87	30.8485588666341	61.0615534929165	-56.1514411333659	-25.9384465070835
37284	87	20.4010747435271	57.390815828041	-66.5989252564729	-29.609184171959
37285	87	40.4489496824621	85.6272594040058	-46.5510503175379	-1.37274059599417
37286	87	63.3204689789936	115.557889594529	-23.6795310210064	28.5578895945285
37287	87	57.1084513922814	101.439667806546	-29.8915486077186	14.4396678065461
37288	29	25.2227650219834	71.2340009770396	-3.77723497801657	42.2340009770396
37289	29	-18.5021983390327	32.0815828041036	-47.5021983390327	3.08158280410356
37290	29	-19.9311187103078	27.7948216902785	-48.9311187103078	-1.20517830972153
37291	29	-15.3585735222276	31.7957987298486	-44.3585735222276	2.79579872984857
37292	47	30.0810942843185	66.9472398632145	-16.9189057156815	19.9472398632145
37293	17	-8.21397166585245	39.7977528089888	-25.2139716658525	22.7977528089888
37294	17	29.5095261358085	74.3776257938447	12.5095261358085	57.3776257938447
37295	17	24.0796287249634	72.9487054225696	7.07962872496336	55.9487054225696
37296	17	-8.49975574010745	52.0864680019541	-25.4997557401074	35.0864680019541
37297	17	10.361993160723	67.5188080117245	-6.63800683927695	50.5188080117245
37298	17	12.076697606253	65.8041035661944	-4.92330239374695	48.8041035661944
37299	17	-16.5017098192477	28.9379579872985	-33.5017098192477	11.9379579872985
37300	25	-0.21201758671225	46.656570591109	-25.2120175867122	21.656570591109
37301	25	-4.78456277479233	63.8036150464094	-29.7845627747923	38.8036150464094
37302	29	-23.6463116756228	32.3673668783586	-52.6463116756228	3.36736687835861
37304	111	78.7655105031754	117.397166585247	-32.2344894968246	6.39716658524674
37305	111	65.5280898876405	112.264289203713	-45.4719101123595	1.26428920371279
37306	111	75.523693209575	115.776257938447	-35.476306790425	4.77625793844652
37307	118	83.1797752808989	117.966292134831	-34.8202247191011	-0.0337078651685374
37308	118	36.7977528089888	107.719101123596	-81.2022471910112	-10.2808988764045
37309	118	85.2491450903762	118.207620908647	-32.7508549096238	0.207620908646845
37310	-29	-34.8348803126527	49.3234000977039	-5.83488031265267	78.3234000977039
37311	10	28.1011235955057	71.2647777234978	18.1011235955057	61.2647777234978
37312	10	-16.8124084025403	59.5989252564729	-26.8124084025403	49.5989252564729
37313	-46	-35.9511480214949	17.352222765022	10.0488519785051	63.352222765022
37314	30	-28.7088422081094	20.828529555447	-58.7088422081094	-9.17147044455299
37315	30	-8.43038593063017	59.647288715193	-38.4303859306302	29.647288715193
37316	-32	-25.5222276502198	59.647288715193	6.4777723497802	91.647288715193
37317	19	-14.1128480703468	23.4787493893502	-33.1128480703468	4.47874938935024
37318	18	-12.6404494382023	8.87591597459698	-30.6404494382023	-9.12408402540302
37319	18	-7.89008304836346	41.0107474352711	-25.8900830483635	23.0107474352711
37320	18	-18.5085490962384	7.19931607230092	-36.5085490962384	-10.8006839276991
37321	18	-5.37518319491943	44.0845139228139	-23.3751831949194	26.0845139228139
37322	18	-5.37518319491943	47.1582804103566	-23.3751831949194	29.1582804103566
37323	18	-10.6844162188569	27.5979482169028	-28.6844162188569	9.59794821690275
37324	18	-5.37518319491943	65.8803126526624	-23.3751831949194	47.8803126526624
37325	18	-14.3170493404983	24.52418172936	-32.3170493404983	6.52418172936001
37326	19	-18.229115779189	34.0249145090376	-37.229115779189	15.0249145090376
37327	23	-4.81631656082072	99.4123106985833	-27.8163165608207	76.4123106985833
37328	23	-53.7171470444553	264.557401074744	-76.7171470444553	241.557401074744
37330	23	-4.25744992672202	77.057645334636	-27.257449926722	54.057645334636
37331	23	21.7298485588666	134.90034196385	-1.27015144113335	111.90034196385
37332	23	-31.6419149975574	120.928676111383	-54.6419149975574	97.9286761113825
37337	23	2.03761602344895	53.2735710796287	-20.9623839765511	30.2735710796287
37339	23	-67.5764533463605	117.318514899853	-90.5764533463605	94.3185148998534
37340	23	-2.97459697117733	196.121641426478	-25.9745969711773	173.121641426478
37342	23	-22.7449926722032	34.6170004885197	-45.7449926722032	11.6170004885197
37343	23	1.75915974596973	75.828529555447	-21.2408402540303	52.828529555447
37344	28	-57.8304836345872	74.4362481680508	-85.8304836345872	46.4362481680508
37347	28	-8.82217879824134	71.9301416707377	-36.8221787982413	43.9301416707377
37348	19	-13.1993160723009	53.5852467024914	-32.1993160723009	34.5852467024914
37349	19	-11.885197850513	54.3873961895457	-30.885197850513	35.3873961895457
