36455	104	77.952125061065	81.3346360527601	-26.047874938935	-22.6653639472399
36456	104	72.8783585735222	77.1064973131412	-31.1216414264778	-26.8935026868588
36457	104	81.3346360527601	83.8715192965315	-22.6653639472399	-20.1284807034685
36458	104	75.4152418172936	78.7977528089888	-28.5847581827064	-25.2022471910112
36459	104	96.5559355153884	100.784074255007	-7.44406448461163	-3.21592574499267
36460	104	72.0327308255984	83.8715192965315	-31.9672691744016	-20.1284807034685
36461	21	30.0468978993649	34.7572056668295	9.04689789936493	13.7572056668295
36463	18	20.6262823644358	26.9066927210552	2.62628236443576	8.9066927210552
36465	18	31.6170004885198	33.1871030776746	13.6170004885198	15.1871030776746
36466	18	32.4020517830972	34.7572056668295	14.4020517830972	16.7572056668295
36467	18	36.3273082559844	40.2525647288715	18.3273082559844	22.2525647288715
36468	19	26.9066927210552	30.8319491939424	7.9066927210552	11.8319491939424
36469	19	17.486077186126	19.8412310698583	-1.51392281387396	0.841231069858331
36470	19	28.4767953102101	33.1871030776746	9.47679531021006	14.1871030776746
36471	19	34.7572056668295	39.4675134342941	15.7572056668295	20.4675134342941
36472	19	39.4675134342941	44.1778212017587	20.4675134342941	25.1778212017587
36473	19	46.532975085491	50.4582315583781	27.532975085491	31.4582315583781
36474	19	20.6262823644358	23.7664875427455	1.62628236443576	4.76648754274548
36475	19	32.4020517830972	35.5422569614069	13.4020517830972	16.5422569614069
36476	19	26.9066927210552	30.8319491939424	7.9066927210552	11.8319491939424
36477	19	19.0561797752809	20.6262823644358	0.0561797752808992	1.62628236443576
36478	28	35.5422569614069	42.6077186126038	7.54225696140693	14.6077186126038
36479	28	33.1871030776746	34.7572056668295	5.18710307767465	6.75720566682951
36480	28	35.5422569614069	37.8974108451392	7.54225696140693	9.89741084513923
36481	28	40.2525647288715	43.3927699071812	12.2525647288715	15.3927699071812
36482	28	35.5422569614069	41.8226673180264	7.54225696140693	13.8226673180264
36483	28	25.3365901319003	28.4767953102101	-2.66340986809966	0.476795310210065
36484	33	26.9066927210552	30.0468978993649	-6.0933072789448	-2.95310210063507
36485	33	30.0468978993649	32.4020517830972	-2.95310210063507	-0.597948216902786
36486	33	30.0468978993649	32.4020517830972	-2.95310210063507	-0.597948216902786
36487	29	33.9721543722521	38.6824621397167	4.97215437225208	9.68246213971666
36488	77	75.4152418172936	83.8715192965315	-1.58475818270639	6.87151929653152
36493	62	37.361993160723	42.4357596482658	-24.638006839277	-19.5642403517342
36494	62	47.5095261358085	53.428920371275	-14.4904738641915	-8.57107962872497
36496	62	29.7513434294089	38.2076209086468	-32.2486565705911	-23.7923790913532
36498	52	61.8851978505129	67.8045920859795	9.88519785051295	15.8045920859795
36499	70	77.1064973131412	94.019052271617	7.10649731314118	24.019052271617
36501	84	101.629702002931	108.394723986321	17.6297020029311	24.3947239863215
36502	84	74.5696140693698	82.1802638006839	-9.43038593063019	-1.81973619931607
36503	65	74.5696140693698	77.952125061065	9.56961406936981	12.952125061065
36504	65	73.723986321446	77.952125061065	8.72398632144602	12.952125061065
36505	65	76.2608695652174	79.6433805569126	11.2608695652174	14.6433805569126
36506	65	74.5696140693698	77.952125061065	9.56961406936981	12.952125061065
36507	65	70.3414753297508	77.1064973131412	5.34147532975085	12.1064973131412
36508	65	72.8783585735222	77.952125061065	7.87835857352223	12.952125061065
36509	65	74.5696140693698	77.952125061065	9.56961406936981	12.952125061065
36510	65	72.8783585735222	77.1064973131412	7.87835857352223	12.1064973131412
36511	65	75.4152418172936	78.7977528089888	10.4152418172936	13.7977528089888
36512	65	72.0327308255984	77.952125061065	7.03273082559843	12.952125061065
36513	65	72.8783585735222	77.1064973131412	7.87835857352223	12.1064973131412
36514	65	72.0327308255984	77.1064973131412	7.03273082559843	12.1064973131412
36515	65	64.4220810942843	71.1871030776746	-0.577918905715677	6.18710307767465
36516	65	67.8045920859795	75.4152418172936	2.80459208597948	10.4152418172936
36517	65	72.0327308255984	77.952125061065	7.03273082559843	12.952125061065
36518	65	67.8045920859795	74.5696140693698	2.80459208597948	9.56961406936981
36519	65	73.723986321446	78.7977528089888	8.72398632144602	13.7977528089888
36520	65	67.8045920859795	72.8783585735222	2.80459208597948	7.87835857352223
36521	47	41.590131900342	50.0464093795799	-5.40986809965803	3.04640937957987
36522	47	32.2882266731803	39.0532486565706	-14.7117733268197	-7.94675134342941
36523	47	34.8251099169516	41.590131900342	-12.1748900830484	-5.40986809965803
36524	47	39.0532486565706	44.1270151441133	-7.94675134342941	-2.87298485588666
36525	47	35.6707376648754	40.7445041524182	-11.3292623351246	-6.25549584758183
36526	47	65.2677088422081	68.6502198339033	18.2677088422081	21.6502198339033
36527	89	77.952125061065	83.8715192965315	-11.047874938935	-5.12848070346848
36528	89	73.723986321446	80.4890083048363	-15.276013678554	-8.51099169516365
36529	89	66.1133365901319	74.5696140693698	-22.8866634098681	-14.4303859306302
36530	89	72.8783585735222	77.952125061065	-16.1216414264778	-11.047874938935
36531	89	74.5696140693698	78.7977528089888	-14.4303859306302	-10.2022471910112
36532	89	75.4152418172936	79.6433805569126	-13.5847581827064	-9.35661944308744
36533	89	72.8783585735222	80.4890083048363	-16.1216414264778	-8.51099169516365
36534	47	39.0532486565706	46.6638983878847	-7.94675134342941	-0.336101612115293
36536	63	37.1123595505618	39.4675134342941	-25.8876404494382	-23.5324865657059
36537	63	39.4675134342941	41.0376160234489	-23.5324865657059	-21.9623839765511
36538	75	76.3649242794333	79.505129457743	1.36492427943332	4.50512945774304
36539	75	74.7948216902785	77.9350268685882	-0.205178309721546	2.93502686858818
36540	75	72.4396678065462	75.5798729848559	-2.56033219345383	0.579872984855882
36541	75	76.3649242794333	78.7200781631656	1.36492427943332	3.72007816316561
36542	75	47.3180263800684	51.2432828529555	-27.6819736199316	-23.7567171470445
36543	75	49.6731802638007	59.0937957987299	-25.3268197361993	-15.9062042012701
36544	83	72.8783585735222	78.7977528089888	-10.1216414264778	-4.20224719101124
36545	84	52.5832926233512	58.5026868588178	-31.4167073766488	-25.4973131411822
36546	84	68.6502198339033	74.5696140693698	-15.3497801660967	-9.43038593063019
36547	84	58.5026868588178	66.1133365901319	-25.4973131411822	-17.8866634098681
36548	84	58.5026868588178	69.4958475818271	-25.4973131411822	-14.5041524181729
36549	84	55.9658036150464	63.5764533463605	-28.0341963849536	-20.4235466536395
36550	84	46.6638983878847	52.5832926233512	-37.3361016121153	-31.4167073766488
36551	84	69.4958475818271	78.7977528089888	-14.5041524181729	-5.20224719101124
36552	84	55.1201758671226	61.8851978505129	-28.8798241328774	-22.1148021494871
36553	84	61.0395701025892	67.8045920859795	-22.9604298974108	-16.1954079140205
36554	84	63.5764533463605	73.723986321446	-20.4235466536395	-10.276013678554
36555	84	44.9726428920371	54.2745481191988	-39.0273571079629	-29.7254518808012
36556	84	52.5832926233512	61.0395701025892	-31.4167073766488	-22.9604298974108
36557	84	63.5764533463605	75.4152418172936	-20.4235466536395	-8.58475818270639
36558	84	51.7376648754275	60.1939423546654	-32.2623351245725	-23.8060576453346
36559	84	53.428920371275	64.4220810942843	-30.571079628725	-19.5779189057157
36560	83	74.5696140693698	79.6433805569126	-8.43038593063019	-3.35661944308744
36561	83	77.952125061065	83.0258915486077	-5.04787493893502	0.0258915486077171
36562	83	78.7977528089888	83.0258915486077	-4.20224719101124	0.0258915486077171
36563	83	70.3414753297508	74.5696140693698	-12.6585246702492	-8.43038593063019
36564	84	72.8783585735222	84.7171470444553	-11.1216414264778	0.717147044455302
36566	53	77.1064973131412	83.0258915486077	24.1064973131412	30.0258915486077
36567	53	66.1133365901319	70.3414753297508	13.1133365901319	17.3414753297508
36568	53	75.4152418172936	79.6433805569126	22.4152418172936	26.6433805569126
36569	53	72.0327308255984	77.1064973131412	19.0327308255984	24.1064973131412
36570	53	79.6433805569126	83.0258915486077	26.6433805569126	30.0258915486077
36571	53	73.723986321446	77.1064973131412	20.723986321446	24.1064973131412
36572	51	45.7479237909135	48.8881289692233	-5.25207620908647	-2.11187103077675
36573	51	46.532975085491	49.6731802638007	-4.46702491450904	-1.32681973619932
36574	21	16.7010258915486	19.8412310698583	-4.29897410845139	-1.15876893014167
36575	21	17.486077186126	19.8412310698583	-3.51392281387396	-1.15876893014167
36576	21	14.3458720078163	19.0561797752809	-6.65412799218368	-1.9438202247191
36577	52	44.1270151441133	67.8045920859795	-7.87298485588666	15.8045920859795
36578	51	77.952125061065	83.8715192965315	26.952125061065	32.8715192965315
36580	66	43.3927699071812	59.0937957987299	-22.6072300928188	-6.90620420127015
36581	51	48.1030776746458	51.2432828529555	-2.89692232535418	0.243282852955545
36582	51	44.1778212017587	46.532975085491	-6.82217879824133	-4.46702491450904
36583	51	44.9628724963361	47.3180263800684	-6.0371275036639	-3.6819736199316
36584	51	46.532975085491	47.3180263800684	-4.46702491450904	-3.6819736199316
36585	51	42.6077186126038	45.7479237909135	-8.39228138739619	-5.25207620908647
36586	51	45.7479237909135	50.4582315583781	-5.25207620908647	-0.541768441621883
36587	51	45.7479237909135	50.4582315583781	-5.25207620908647	-0.541768441621883
36588	51	46.532975085491	48.1030776746458	-4.46702491450904	-2.89692232535418
36589	51	46.532975085491	48.1030776746458	-4.46702491450904	-2.89692232535418
36590	51	47.3180263800684	48.1030776746458	-3.6819736199316	-2.89692232535418
36591	51	46.532975085491	48.1030776746458	-4.46702491450904	-2.89692232535418
36592	51	44.9628724963361	47.3180263800684	-6.0371275036639	-3.6819736199316
36593	51	46.532975085491	48.1030776746458	-4.46702491450904	-2.89692232535418
36594	50	44.1778212017587	46.532975085491	-5.82217879824133	-3.46702491450904
36595	46	47.3180263800684	48.8881289692233	1.3180263800684	2.88812896922325
36596	46	47.3180263800684	48.1030776746458	1.3180263800684	2.10307767464582
36597	46	48.1030776746458	48.8881289692233	2.10307767464582	2.88812896922325
36598	46	48.1030776746458	48.8881289692233	2.10307767464582	2.88812896922325
36599	46	48.1030776746458	50.4582315583781	2.10307767464582	4.45823155837812
36600	46	47.3180263800684	48.1030776746458	1.3180263800684	2.10307767464582
36601	46	48.1030776746458	50.4582315583781	2.10307767464582	4.45823155837812
36602	46	42.6077186126038	47.3180263800684	-3.39228138739619	1.3180263800684
36607	105	72.0327308255984	77.952125061065	-32.9672691744016	-27.047874938935
36608	105	54.2745481191988	65.2677088422081	-50.7254518808012	-39.7322911577919
36609	105	57.657059110894	69.4958475818271	-47.342940889106	-35.5041524181729
36610	105	69.4958475818271	75.4152418172936	-35.5041524181729	-29.5847581827064
36611	105	68.6502198339033	75.4152418172936	-36.3497801660967	-29.5847581827064
36612	73	43.2813873961895	48.3551538837323	-29.7186126038105	-24.6448461162677
36613	73	20.4494382022472	20.4494382022472	-52.5505617977528	-52.5505617977528
36614	73	35.6707376648754	39.0532486565706	-37.3292623351246	-33.9467513434294
36615	73	43.2813873961895	45.8182706399609	-29.7186126038105	-27.1817293600391
36616	73	34.8251099169516	37.361993160723	-38.1748900830484	-35.638006839277
36618	73	36.5163654127992	39.8988764044944	-36.4836345872008	-33.1011235955056
36619	73	35.6707376648754	38.2076209086468	-37.3292623351246	-34.7923790913532
36620	73	35.6707376648754	38.2076209086468	-37.3292623351246	-34.7923790913532
36621	73	30.5969711773327	33.1338544211041	-42.4030288226673	-39.8661455788959
36622	73	28.9057156814851	31.4425989252565	-44.0942843185149	-41.5574010747435
36623	67	66.9443087445042	74.009770395701	-0.0556912554958444	7.00977039570103
36624	67	49.6731802638007	55.1685393258427	-17.3268197361993	-11.8314606741573
36625	67	56.7386419149976	63.8041035661944	-10.2613580850024	-3.19589643380557
36626	67	53.5984367366878	62.2340009770396	-13.4015632633122	-4.76599902296043
36627	67	57.523693209575	64.5891548607719	-9.47630679042501	-2.41084513922814
36628	67	70.0845139228139	77.1499755740108	3.08451392281387	10.1499755740108
36629	74	44.1778212017587	47.3180263800684	-29.8221787982413	-26.6819736199316
36630	74	45.7479237909135	48.8881289692233	-28.2520762090865	-25.1118710307767
36631	124	59.3483146067416	66.1133365901319	-64.6516853932584	-57.8866634098681
36632	124	69.4958475818271	77.952125061065	-54.5041524181729	-46.047874938935
36633	124	72.8783585735222	77.952125061065	-51.1216414264778	-46.047874938935
36634	53	44.1270151441133	48.3551538837323	-8.87298485588666	-4.64484611626771
36635	53	33.1338544211041	36.5163654127992	-19.8661455788959	-16.4836345872008
36636	124	72.8783585735222	79.6433805569126	-51.1216414264778	-44.3566194430874
36637	124	64.4220810942843	73.723986321446	-59.5779189057157	-50.276013678554
36638	124	71.1871030776746	77.952125061065	-52.8128969223254	-46.047874938935
36639	123	70.3414753297508	75.4152418172936	-52.6585246702492	-47.5847581827064
36640	90	70.3414753297508	76.2608695652174	-19.6585246702492	-13.7391304347826
36641	90	79.6433805569126	87.2540302882267	-10.3566194430874	-2.74596971177333
36642	90	69.4958475818271	77.1064973131412	-20.5041524181729	-12.8935026868588
36643	90	63.5764533463605	72.8783585735222	-26.4235466536395	-17.1216414264778
36644	90	77.1064973131412	85.5627747923791	-12.8935026868588	-4.43722520762091
36645	87	74.5696140693698	79.6433805569126	-12.4303859306302	-7.35661944308744
36648	82	79.505129457743	85.0004885197851	-2.49487054225696	3.00048851978505
36649	83	76.3649242794333	88.9257449926722	-6.63507572056668	5.92574499267221
36650	83	63.019052271617	74.7948216902785	-19.980947728383	-8.20517830972155
36651	51	67.7293600390816	73.2247191011236	16.7293600390816	22.2247191011236
36652	51	68.514411333659	74.009770395701	17.514411333659	23.009770395701
36653	51	70.8695652173913	76.3649242794333	19.8695652173913	25.3649242794333
36654	51	74.009770395701	77.9350268685882	23.009770395701	26.9350268685882
36655	51	52.8133854421104	59.8788470933073	1.81338544211041	8.87884709330728
36656	51	72.4396678065462	77.1499755740108	21.4396678065462	26.1499755740108
36657	51	57.523693209575	62.2340009770396	6.52369320957499	11.2340009770396
36658	51	62.2340009770396	67.7293600390816	11.2340009770396	16.7293600390816
36659	51	55.1685393258427	70.8695652173913	4.16853932584269	19.8695652173913
36660	30	22.1963849535906	23.7664875427455	-7.80361504640938	-6.23351245725452
36661	30	19.0561797752809	21.4113336590132	-10.9438202247191	-8.58866634098681
36662	30	21.4113336590132	23.7664875427455	-8.58866634098681	-6.23351245725452
36663	30	24.5515388373229	26.9066927210552	-5.44846116267709	-3.0933072789448
36664	30	26.9066927210552	30.0468978993649	-3.0933072789448	0.0468978993649252
36665	30	30.0468978993649	31.6170004885198	0.0468978993649252	1.61700048851979
36666	30	28.4767953102101	30.8319491939424	-1.52320468978994	0.831949193942354
36667	30	29.2618466047875	30.8319491939424	-0.738153395212507	0.831949193942354
36668	30	34.7572056668295	38.6824621397167	4.75720566682951	8.68246213971666
36669	30	28.4767953102101	30.8319491939424	-1.52320468978994	0.831949193942354
36670	34	39.4675134342941	43.3927699071812	5.46751343429409	9.39276990718124
36671	34	32.4020517830972	33.9721543722521	-1.59794821690279	-0.0278456277479222
36672	34	19.8412310698583	22.9814362481681	-14.1587689301417	-11.0185637518319
36673	137	131.226673180264	146.447972642892	-5.77332681973621	9.44797264289204
36674	137	96.5559355153884	115.159745969712	-40.4440644846116	-21.8402540302882
36675	129	80.7630679042501	91.7020029311187	-48.2369320957499	-37.2979970688813
36676	58	64.4220810942843	68.6502198339033	6.42208109428432	10.6502198339033
36677	64	51.7376648754275	55.9658036150464	-12.2623351245725	-8.03419638495359
36678	58	64.4220810942843	68.6502198339033	6.42208109428432	10.6502198339033
36679	60	28.0600879335613	31.4425989252565	-31.9399120664387	-28.5574010747435
36680	60	65.2677088422081	69.4958475818271	5.26770884220811	9.49584758182706
36681	60	59.3483146067416	64.4220810942843	-0.651685393258425	4.42208109428432
36682	58	53.428920371275	57.657059110894	-4.57107962872497	-0.342940889106011
36683	58	65.2677088422081	70.3414753297508	7.26770884220811	12.3414753297508
36684	58	66.1133365901319	70.3414753297508	8.11333659013189	12.3414753297508
36685	59	68.6502198339033	72.0327308255984	9.65021983390328	13.0327308255984
36686	59	66.9589643380557	70.3414753297508	7.95896433805569	11.3414753297508
36687	61	68.6502198339033	72.0327308255984	7.65021983390328	11.0327308255984
36688	61	69.4958475818271	72.8783585735222	8.49584758182706	11.8783585735222
36689	43	50.8920371275037	51.7376648754275	7.89203712750366	8.73766487542746
36690	43	51.7376648754275	51.7376648754275	8.73766487542746	8.73766487542746
36691	43	51.7376648754275	52.5832926233512	8.73766487542746	9.58329262335125
36692	44	53.428920371275	53.428920371275	9.42892037127503	9.42892037127503
36693	44	52.5832926233512	53.428920371275	8.58329262335125	9.42892037127503
36694	31	55.1201758671226	57.657059110894	24.1201758671226	26.657059110894
36695	31	56.8114313629702	60.1939423546654	25.8114313629702	29.1939423546654
36696	32	58.5026868588178	64.4220810942843	26.5026868588178	32.4220810942843
36697	61	61.8851978505129	68.6502198339033	0.885197850512945	7.65021983390328
36698	61	61.8851978505129	66.9589643380557	0.885197850512945	5.95896433805569
36699	61	66.1133365901319	71.1871030776746	5.11333659013189	10.1871030776746
36700	61	72.0327308255984	77.952125061065	11.0327308255984	16.952125061065
36701	61	51.7376648754275	57.657059110894	-9.26233512457254	-3.34294088910601
36702	61	61.8851978505129	68.6502198339033	0.885197850512945	7.65021983390328
36704	49	45.4298974108451	53.8128969223254	-3.57010258915486	4.81289692232535
36705	49	73.0937957987298	82.3150952613581	24.0937957987298	33.3150952613581
36706	45	51.7376648754275	60.1939423546654	6.73766487542746	15.1939423546654
36708	64	39.8988764044944	44.9726428920371	-24.1011235955056	-19.0273571079629
36709	64	65.2677088422081	71.1871030776746	1.26770884220811	7.18710307767465
36710	64	62.7308255984367	67.8045920859795	-1.26917440156326	3.80459208597948
36711	64	65.2677088422081	71.1871030776746	1.26770884220811	7.18710307767465
36712	64	55.1201758671226	66.1133365901319	-8.87982413287738	2.11333659013189
36713	56	66.1133365901319	72.8783585735222	10.1133365901319	16.8783585735222
36714	64	53.428920371275	59.3483146067416	-10.571079628725	-4.65168539325843
36715	64	63.5764533463605	69.4958475818271	-0.42354665363947	5.49584758182706
36716	64	72.8783585735222	76.2608695652174	8.87835857352223	12.2608695652174
36717	64	64.4220810942843	68.6502198339033	0.422081094284323	4.65021983390328
36718	64	70.3414753297508	77.952125061065	6.34147532975085	13.952125061065
36719	64	68.6502198339033	77.952125061065	4.65021983390328	13.952125061065
36720	64	63.5764533463605	68.6502198339033	-0.42354665363947	4.65021983390328
36721	64	72.8783585735222	79.6433805569126	8.87835857352223	15.6433805569126
36722	64	73.723986321446	79.6433805569126	9.72398632144602	15.6433805569126
36723	64	77.952125061065	84.7171470444553	13.952125061065	20.7171470444553
36724	137	39.8988764044944	48.3551538837323	-97.1011235955056	-88.6448461162677
36725	69	22.1406936980948	33.1338544211041	-46.8593063019052	-35.8661455788959
36726	69	30.5969711773327	35.6707376648754	-38.4030288226673	-33.3292623351246
36727	69	63.5764533463605	74.5696140693698	-5.42354665363947	5.56961406936981
36728	69	35.6707376648754	43.2813873961895	-33.3292623351246	-25.7186126038105
36729	69	29.7513434294089	37.361993160723	-39.2486565705911	-31.638006839277
36730	69	35.6707376648754	40.7445041524182	-33.3292623351246	-28.2554958475818
36731	69	44.9726428920371	52.5832926233512	-24.0273571079629	-16.4167073766488
36732	32	19.8412310698583	22.1963849535906	-12.1587689301417	-9.80361504640938
36733	32	18.2711284807035	20.6262823644358	-13.7288715192965	-11.3737176355642
36734	32	19.8412310698583	22.1963849535906	-12.1587689301417	-9.80361504640938
36735	32	22.1963849535906	24.5515388373229	-9.80361504640938	-7.44846116267709
36736	32	20.6262823644358	22.1963849535906	-11.3737176355642	-9.80361504640938
36737	32	20.6262823644358	22.1963849535906	-11.3737176355642	-9.80361504640938
36738	32	20.6262823644358	23.7664875427455	-11.3737176355642	-8.23351245725452
36739	32	23.7664875427455	26.9066927210552	-8.23351245725452	-5.0933072789448
36740	32	22.1963849535906	25.3365901319003	-9.80361504640938	-6.66340986809966
36741	32	19.8412310698583	23.7664875427455	-12.1587689301417	-8.23351245725452
36742	32	21.4113336590132	23.7664875427455	-10.5886663409868	-8.23351245725452
36743	32	20.6262823644358	23.7664875427455	-11.3737176355642	-8.23351245725452
36744	32	21.4113336590132	22.9814362481681	-10.5886663409868	-9.01856375183195
36745	64	43.3927699071812	52.028334147533	-20.6072300928188	-11.971665852467
36746	64	50.4582315583781	64.5891548607719	-13.5417684416219	0.589154860771856
36747	131	169.279921836834	176.890571568149	38.2799218368344	45.8905715681485
36748	131	137.14606741573	144.756717147044	6.14606741573033	13.7567171470445
36749	131	164.206155349292	173.508060576453	33.2061553492916	42.5080605764533
36750	131	139.682950659502	147.293600390816	8.6829506595017	16.2936003908158
36751	131	132.917928676111	137.14606741573	1.91792867611139	6.14606741573033
36752	131	138.837322911578	148.13922813874	7.83732291157793	17.1392281387396
36753	116	170.971177332682	174.353688324377	54.971177332682	58.3536883243771
36754	137	124.461651196873	133.763556424035	-12.5383488031265	-3.23644357596481
36755	137	117.696629213483	127.844162188569	-19.3033707865169	-9.15583781143137
36756	137	137.14606741573	141.374206155349	0.146067415730329	4.3742061553493
36757	16	35.5422569614069	39.4675134342941	19.5422569614069	23.4675134342941
36758	16	26.1216414264778	30.0468978993649	10.1216414264778	14.0468978993649
36759	16	36.3273082559844	39.4675134342941	20.3273082559844	23.4675134342941
36760	16	34.7572056668295	39.4675134342941	18.7572056668295	23.4675134342941
36761	16	40.2525647288715	47.3180263800684	24.2525647288715	31.3180263800684
36762	16	44.9628724963361	49.6731802638007	28.9628724963361	33.6731802638007
36766	47	27.2144601856375	28.0600879335613	-19.7855398143625	-18.9399120664387
36771	47	33.9794821690278	36.5163654127992	-13.0205178309722	-10.4836345872008
36772	47	29.7513434294089	32.2882266731803	-17.2486565705911	-14.7117733268197
36773	115	139.682950659502	148.13922813874	24.6829506595017	33.1392281387396
36774	115	132.917928676111	140.528578407425	17.9179286761114	25.5285784074255
36775	115	124.461651196873	139.682950659502	9.46165119687348	24.6829506595017
36776	115	130.38104543234	137.991695163654	15.38104543234	22.9916951636541
36777	115	118.542256961407	128.689789936492	3.54225696140693	13.6897899364924
36778	115	128.689789936492	135.454811919883	13.6897899364924	20.4548119198828
36779	115	128.689789936492	134.609184171959	13.6897899364924	19.609184171959
36780	115	132.072300928188	140.528578407425	17.0723009281876	25.5285784074255
36781	115	129.535417684416	139.682950659502	14.5354176844162	24.6829506595017
36782	115	128.689789936492	135.454811919883	13.6897899364924	20.4548119198828
36783	115	134.609184171959	141.374206155349	19.609184171959	26.3742061553493
36784	115	126.152906692721	133.763556424035	11.1529066927211	18.7635564240352
36785	115	132.072300928188	141.374206155349	17.0723009281876	26.3742061553493
36786	115	126.152906692721	133.763556424035	11.1529066927211	18.7635564240352
36787	115	110.085979482169	118.542256961407	-4.91402051783098	3.54225696140693
36788	115	126.152906692721	131.226673180264	11.1529066927211	16.2266731802638
36789	115	124.461651196873	130.38104543234	9.46165119687348	15.38104543234
36790	115	140.528578407425	149.830483634587	25.5285784074255	34.8304836345872
36791	48	46.532975085491	48.8881289692233	-1.46702491450904	0.888128969223253
36792	50	21.4113336590132	25.3365901319003	-28.5886663409868	-24.6634098680997
36793	50	23.7664875427455	27.6917440156326	-26.2335124572545	-22.3082559843674
36794	50	26.1216414264778	30.0468978993649	-23.8783585735222	-19.9531021006351
36795	50	22.9814362481681	37.8974108451392	-27.0185637518319	-12.1025891548608
36796	50	42.6077186126038	44.9628724963361	-7.39228138739619	-5.0371275036639
36797	48	25.3365901319003	37.8974108451392	-22.6634098680997	-10.1025891548608
36798	50	43.3927699071812	46.532975085491	-6.60723009281876	-3.46702491450904
36799	50	44.9628724963361	48.1030776746458	-5.0371275036639	-1.89692232535418
36800	50	20.6262823644358	22.9814362481681	-29.3737176355642	-27.0185637518319
36801	48	20.6262823644358	22.9814362481681	-27.3737176355642	-25.0185637518319
36802	42	42.6077186126038	44.9628724963361	0.607718612603811	2.9628724963361
36803	50	27.6917440156326	30.0468978993649	-22.3082559843674	-19.9531021006351
36804	36	42.6077186126038	44.9628724963361	6.60771861260381	8.9628724963361
36805	40	41.0376160234489	43.3927699071812	1.03761602344895	3.39276990718124
36806	40	19.8412310698583	22.1963849535906	-20.1587689301417	-17.8036150464094
36807	52	31.6170004885198	40.2525647288715	-20.3829995114802	-11.7474352711285
36808	52	24.5515388373229	28.4767953102101	-27.4484611626771	-23.5232046897899
36809	52	41.8226673180264	44.1778212017587	-10.1773326819736	-7.82217879824133
36810	52	20.6262823644358	23.7664875427455	-31.3737176355642	-28.2335124572545
36811	52	22.1963849535906	24.5515388373229	-29.8036150464094	-27.4484611626771
36812	52	20.6262823644358	23.7664875427455	-31.3737176355642	-28.2335124572545
36813	52	21.4113336590132	24.5515388373229	-30.5886663409868	-27.4484611626771
36814	52	22.1963849535906	26.9066927210552	-29.8036150464094	-25.0933072789448
36815	52	27.6917440156326	29.2618466047875	-24.3082559843674	-22.7381533952125
36816	52	43.3927699071812	46.532975085491	-8.60723009281876	-5.46702491450904
36817	52	22.9814362481681	25.3365901319003	-29.0185637518319	-26.6634098680997
36818	52	26.1216414264778	31.6170004885198	-25.8783585735222	-20.3829995114802
36819	50	43.3927699071812	46.532975085491	-6.60723009281876	-3.46702491450904
36820	50	45.7479237909135	48.8881289692233	-4.25207620908647	-1.11187103077675
36821	50	25.3365901319003	26.9066927210552	-24.6634098680997	-23.0933072789448
36822	50	25.3365901319003	26.9066927210552	-24.6634098680997	-23.0933072789448
36823	48	38.6824621397167	43.3927699071812	-9.31753786028334	-4.60723009281876
36824	52	23.7664875427455	26.1216414264778	-28.2335124572545	-25.8783585735222
36825	52	22.1963849535906	24.5515388373229	-29.8036150464094	-27.4484611626771
36826	52	20.6262823644358	22.9814362481681	-31.3737176355642	-29.0185637518319
36827	69	42.4357596482658	44.9726428920371	-26.5642403517342	-24.0273571079629
36828	69	39.0532486565706	41.590131900342	-29.9467513434294	-27.409868099658
36829	69	44.1270151441133	45.8182706399609	-24.8729848558867	-23.1817293600391
36830	70	46.532975085491	55.1685393258427	-23.467024914509	-14.8314606741573
36831	28	33.9721543722521	36.3273082559844	5.97215437225208	8.32730825598437
36832	28	37.8974108451392	40.2525647288715	9.89741084513923	12.2525647288715
36833	28	32.4020517830972	33.9721543722521	4.40205178309721	5.97215437225208
36834	44	44.9628724963361	48.1030776746458	0.962872496336104	4.10307767464582
36835	52	48.8881289692233	52.028334147533	-3.11187103077675	0.0283341475329735
36836	52	50.4582315583781	54.3834880312653	-1.54176844162188	2.38348803126527
36837	52	49.6731802638007	52.8133854421104	-2.32681973619932	0.813385442110409
36838	49	49.6731802638007	52.028334147533	0.673180263800681	3.02833414753297
36839	52	51.2432828529555	54.3834880312653	-0.756717147044455	2.38348803126527
36840	52	50.4582315583781	54.3834880312653	-1.54176844162188	2.38348803126527
36841	67	48.8881289692233	51.2432828529555	-18.1118710307767	-15.7567171470445
36842	67	44.9628724963361	47.3180263800684	-22.0371275036639	-19.6819736199316
36843	71	41.0376160234489	48.8881289692233	-29.9623839765511	-22.1118710307767
36844	108	66.1592574499267	73.2247191011236	-41.8407425500733	-34.7752808988764
36845	108	58.3087445041524	66.9443087445042	-49.6912554958476	-41.0556912554958
36847	75	50.4582315583781	55.1685393258427	-24.5417684416219	-19.8314606741573
36848	83	59.8788470933073	70.8695652173913	-23.1211529066927	-12.1304347826087
36849	15	16.7010258915486	19.0561797752809	1.70102589154861	4.0561797752809
36850	149	75.4152418172936	82.1802638006839	-73.5847581827064	-66.8197361993161
36851	149	77.952125061065	88.0996580361505	-71.047874938935	-60.9003419638495
36852	149	70.3414753297508	79.6433805569126	-78.6585246702492	-69.3566194430874
36853	149	83.0258915486077	92.3277967757694	-65.9741084513923	-56.6722032242306
36854	149	74.5696140693698	84.7171470444553	-74.4303859306302	-64.2828529555447
36855	149	75.4152418172936	83.0258915486077	-73.5847581827064	-65.9741084513923
36856	149	78.7977528089888	86.4084025403029	-70.2022471910112	-62.5915974596971
36857	149	39.8988764044944	66.1133365901319	-109.101123595506	-82.8866634098681
36858	149	73.723986321446	82.1802638006839	-75.276013678554	-66.8197361993161
36859	39	24.5515388373229	28.4767953102101	-14.4484611626771	-10.5232046897899
36860	29	30.8319491939424	33.9721543722521	1.83194919394235	4.97215437225208
36861	39	28.4767953102101	33.1871030776746	-10.5232046897899	-5.81289692232535
36862	39	26.9066927210552	30.0468978993649	-12.0933072789448	-8.95310210063507
36863	39	22.1963849535906	25.3365901319003	-16.8036150464094	-13.6634098680997
36864	39	22.9814362481681	24.5515388373229	-16.0185637518319	-14.4484611626771
36865	39	24.5515388373229	26.1216414264778	-14.4484611626771	-12.8783585735222
36866	39	24.5515388373229	26.9066927210552	-14.4484611626771	-12.0933072789448
36867	39	22.9814362481681	25.3365901319003	-16.0185637518319	-13.6634098680997
36868	39	22.1963849535906	24.5515388373229	-16.8036150464094	-14.4484611626771
36869	43	24.5515388373229	26.1216414264778	-18.4484611626771	-16.8783585735222
36870	43	22.9814362481681	24.5515388373229	-20.0185637518319	-18.4484611626771
36871	43	32.4020517830972	36.3273082559844	-10.5979482169028	-6.67269174401563
36872	43	23.7664875427455	24.5515388373229	-19.2335124572545	-18.4484611626771
36873	43	25.3365901319003	26.1216414264778	-17.6634098680997	-16.8783585735222
36874	43	23.7664875427455	25.3365901319003	-19.2335124572545	-17.6634098680997
36875	43	26.9066927210552	27.6917440156326	-16.0933072789448	-15.3082559843674
36876	34	30.8319491939424	37.1123595505618	-3.16805080605765	3.1123595505618
36877	34	28.4767953102101	31.6170004885198	-5.52320468978994	-2.38299951148021
36878	34	20.6262823644358	26.1216414264778	-13.3737176355642	-7.87835857352223
36879	34	29.2618466047875	32.4020517830972	-4.73815339521251	-1.59794821690279
36880	34	27.6917440156326	30.8319491939424	-6.30825598436737	-3.16805080605765
36881	81	69.2994626282364	76.3649242794333	-11.7005373717636	-4.63507572056668
36882	76	89.790913531998	98.247191011236	13.790913531998	22.247191011236
36884	114	68.6502198339033	73.723986321446	-45.3497801660967	-40.276013678554
36885	114	76.2608695652174	84.7171470444553	-37.7391304347826	-29.2828529555447
36886	114	76.2608695652174	90.6365412799218	-37.7391304347826	-23.3634587200782
36887	114	73.723986321446	83.8715192965315	-40.276013678554	-30.1284807034685
36889	114	62.7308255984367	69.4958475818271	-51.2691744015633	-44.5041524181729
36900	57	70.3414753297508	78.7977528089888	13.3414753297508	21.7977528089888
36902	80	77.1064973131412	83.8715192965315	-2.89350268685882	3.87151929653152
36903	80	76.2608695652174	84.7171470444553	-3.73913043478261	4.7171470444553
36904	80	74.5696140693698	79.6433805569126	-5.43038593063019	-0.356619443087439
36905	80	76.2608695652174	84.7171470444553	-3.73913043478261	4.7171470444553
36917	51	68.6502198339033	76.2608695652174	17.6502198339033	25.2608695652174
36918	51	59.3483146067416	69.4958475818271	8.34831460674157	18.4958475818271
36920	39	15.9159745969712	27.6917440156326	-23.0840254030288	-11.3082559843674
36921	39	15.1309233023937	31.6170004885198	-23.8690766976063	-7.38299951148021
36922	39	46.532975085491	59.0937957987299	7.53297508549096	20.0937957987299
36924	39	15.9159745969712	27.6917440156326	-23.0840254030288	-11.3082559843674
36925	39	28.4767953102101	30.8319491939424	-10.5232046897899	-8.16805080605765
36928	39	49.6731802638007	51.2432828529555	10.6731802638007	12.2432828529555
36929	39	46.532975085491	48.8881289692233	7.53297508549096	9.88812896922325
36931	29	47.3180263800684	55.1685393258427	18.3180263800684	26.1685393258427
36932	29	52.8133854421104	58.3087445041524	23.8133854421104	29.3087445041524
36933	119	125.307278944797	137.991695163654	6.30727894479726	18.9916951636541
36934	119	121.924767953102	139.682950659502	2.9247679531021	20.6829506595017
36935	119	88.9452857840743	98.247191011236	-30.0547142159257	-20.752808988764
36936	119	121.079140205178	136.300439667807	2.07914020517831	17.3004396678066
36937	114	119.387884709331	131.226673180264	5.38788470933073	17.2266731802638
36938	137	63.5764533463605	77.1064973131412	-73.4235466536395	-59.8935026868588
36939	137	122.770395701026	136.300439667807	-14.2296042989741	-0.699560332193442
36940	139	34.8251099169516	126.152906692721	-104.174890083048	-12.8470933072789
36941	145	119.387884709331	146.447972642892	-25.6121152906693	1.44797264289204
36942	145	116.005373717636	137.14606741573	-28.9946262823644	-7.85393258426967
36943	75	83.4303859306302	90.4958475818271	8.43038593063019	15.4958475818271
36944	150	92.3277967757694	147.293600390816	-57.6722032242306	-2.70639960918416
36946	150	94.019052271617	104.166585246702	-55.980947728383	-45.8334147532975
36947	150	94.019052271617	109.240351734245	-55.980947728383	-40.7596482657548
36948	150	85.5627747923791	95.7103077674646	-64.4372252076209	-54.2896922325354
36949	133	127.844162188569	140.528578407425	-5.15583781143137	7.5285784074255
36950	144	142.219833903273	149.830483634587	-1.78016609672693	5.83048363458721
36951	144	139.682950659502	150.676111382511	-4.3170493404983	6.67611138251098
36952	144	119.387884709331	126.998534440645	-24.6121152906693	-17.0014655593552
36953	144	43.2813873961895	46.6638983878847	-100.71861260381	-97.3361016121153
36954	144	43.2813873961895	46.6638983878847	-100.71861260381	-97.3361016121153
36955	144	71.1871030776746	78.7977528089888	-72.8128969223254	-65.2022471910112
36956	144	66.1133365901319	74.5696140693698	-77.8866634098681	-69.4303859306302
36957	144	66.9589643380557	74.5696140693698	-77.0410356619443	-69.4303859306302
36958	144	47.5095261358085	52.5832926233512	-96.4904738641915	-91.4167073766488
36959	144	143.065461651197	152.367366878359	-0.93453834880313	8.36736687835858
36960	144	122.770395701026	127.844162188569	-21.2296042989741	-16.1558378114314
36961	144	73.723986321446	83.8715192965315	-70.276013678554	-60.1284807034685
36962	144	72.0327308255984	81.3346360527601	-71.9672691744016	-62.6653639472399
36963	144	50.0464093795799	58.5026868588178	-93.9535906204201	-85.4973131411822
36964	144	68.6502198339033	76.2608695652174	-75.3497801660967	-67.7391304347826
36965	144	72.8783585735222	79.6433805569126	-71.1216414264778	-64.3566194430874
36966	144	71.1871030776746	81.3346360527601	-72.8128969223254	-62.6653639472399
36967	144	134.609184171959	146.447972642892	-9.39081582804104	2.44797264289204
36968	144	70.3414753297508	77.1064973131412	-73.6585246702492	-66.8935026868588
36969	144	75.4152418172936	83.0258915486077	-68.5847581827064	-60.9741084513923
36970	144	121.079140205178	128.689789936492	-22.9208597948217	-15.3102100635076
36971	144	130.38104543234	139.682950659502	-13.61895456766	-4.3170493404983
36972	144	44.9726428920371	50.8920371275037	-99.0273571079629	-93.1079628724963
36973	144	118.542256961407	126.152906692721	-25.4577430385931	-17.8470933072789
36974	144	44.1270151441133	50.8920371275037	-99.8729848558867	-93.1079628724963
36975	144	138.837322911578	149.830483634587	-5.16267708842207	5.83048363458721
36976	144	137.991695163654	154.058622374206	-6.00830483634587	10.0586223742062
36977	144	121.924767953102	128.689789936492	-22.0752320468979	-15.3102100635076
36978	144	111.777234978017	117.696629213483	-32.2227650219834	-26.3033707865169
36979	144	128.689789936492	133.763556424035	-15.3102100635076	-10.2364435759648
36980	144	44.9726428920371	135.454811919883	-99.0273571079629	-8.54518808011724
36981	144	129.535417684416	134.609184171959	-14.4645823155838	-9.39081582804104
36982	144	127.844162188569	132.917928676111	-16.1558378114314	-11.0820713238886
36983	144	44.1270151441133	47.5095261358085	-99.8729848558867	-96.4904738641915
36984	144	42.4357596482658	45.8182706399609	-101.564240351734	-98.1817293600391
36985	144	44.9726428920371	49.2007816316561	-99.0273571079629	-94.7992183683439
36986	144	127.844162188569	132.917928676111	-16.1558378114314	-11.0820713238886
36987	144	124.461651196873	132.072300928188	-19.5383488031265	-11.9276990718124
36988	144	38.2076209086468	41.590131900342	-105.792379091353	-102.409868099658
36989	144	66.1133365901319	73.723986321446	-77.8866634098681	-70.276013678554
36990	144	169.279921836834	181.118710307767	25.2799218368344	37.1187103077675
36991	144	135.454811919883	145.602344894968	-8.54518808011724	1.60234489496824
36992	144	103.320957498779	115.159745969712	-40.6790425012213	-28.8402540302882
36993	144	72.0327308255984	80.4890083048363	-71.9672691744016	-63.5109916951637
36994	144	117.696629213483	124.461651196873	-26.3033707865169	-19.5383488031265
36995	144	130.38104543234	140.528578407425	-13.61895456766	-3.4714215925745
36996	144	125.307278944797	136.300439667807	-18.6927210552027	-7.69956033219344
36997	144	123.61602344895	129.535417684416	-20.3839765510503	-14.4645823155838
36998	144	125.307278944797	130.38104543234	-18.6927210552027	-13.61895456766
36999	150	132.917928676111	142.219833903273	-17.0820713238886	-7.78016609672693
37000	150	130.38104543234	137.991695163654	-19.61895456766	-12.0083048363459
37001	150	77.952125061065	85.5627747923791	-72.047874938935	-64.4372252076209
37002	83	72.4396678065462	77.9350268685882	-10.5603321934538	-5.06497313141182
37008	25	31.6170004885198	33.9721543722521	6.61700048851979	8.97215437225208
37011	25	37.8974108451392	44.1778212017587	12.8974108451392	19.1778212017587
37013	25	32.4020517830972	37.1123595505618	7.40205178309721	12.1123595505618
37014	25	32.4020517830972	37.1123595505618	7.40205178309721	12.1123595505618
37017	25	25.3365901319003	29.2618466047875	0.336590131900341	4.26184660478749
37020	25	32.4020517830972	36.3273082559844	7.40205178309721	11.3273082559844
37021	23	31.6170004885198	35.5422569614069	8.61700048851979	12.5422569614069
37025	25	35.5422569614069	41.8226673180264	10.5422569614069	16.8226673180264
37026	86	76.3649242794333	81.8602833414753	-9.63507572056668	-4.13971665852468
37028	55	52.9745969711773	59.6809965803615	-2.02540302882267	4.6809965803615
37029	85	41.590131900342	47.5095261358085	-43.409868099658	-37.4904738641915
37030	85	46.6638983878847	55.1201758671226	-38.3361016121153	-29.8798241328774
37031	85	36.5163654127992	41.590131900342	-48.4836345872008	-43.409868099658
37032	85	38.2076209086468	46.6638983878847	-46.7923790913532	-38.3361016121153
37035	85	75.4152418172936	83.8715192965315	-9.58475818270639	-1.12848070346848
37036	85	80.4890083048363	90.6365412799218	-4.51099169516365	5.63654127992184
37037	85	37.361993160723	43.2813873961895	-47.638006839277	-41.7186126038105
37038	85	72.8783585735222	82.1802638006839	-12.1216414264778	-2.81973619931607
37039	85	29.7513434294089	35.6707376648754	-55.2486565705911	-49.3292623351246
37041	85	37.361993160723	42.4357596482658	-47.638006839277	-42.5642403517342
37042	85	42.4357596482658	47.5095261358085	-42.5642403517342	-37.4904738641915
37043	85	41.590131900342	44.1270151441133	-43.409868099658	-40.8729848558867
37044	85	28.9057156814851	31.4425989252565	-56.0942843185149	-53.5574010747435
37045	85	31.4425989252565	35.6707376648754	-53.5574010747435	-49.3292623351246
37046	85	68.6502198339033	76.2608695652174	-16.3497801660967	-8.73913043478261
37047	85	35.6707376648754	39.0532486565706	-49.3292623351246	-45.9467513434294
37048	85	40.7445041524182	45.8182706399609	-44.2554958475818	-39.1817293600391
37049	85	35.6707376648754	39.8988764044944	-49.3292623351246	-45.1011235955056
37050	136	118.542256961407	123.61602344895	-17.4577430385931	-12.3839765510503
37051	59	44.1778212017587	47.3180263800684	-14.8221787982413	-11.6819736199316
37052	59	41.8226673180264	44.1778212017587	-17.1773326819736	-14.8221787982413
37053	59	66.1592574499267	72.4396678065462	7.15925744992673	13.4396678065462
37054	67	47.3180263800684	50.4582315583781	-19.6819736199316	-16.5417684416219
37055	59	44.1778212017587	48.1030776746458	-14.8221787982413	-10.8969223253542
37056	59	37.8974108451392	39.4675134342941	-21.1025891548608	-19.5324865657059
37057	59	42.6077186126038	44.9628724963361	-16.3922813873962	-14.0371275036639
37058	59	41.0376160234489	44.9628724963361	-17.9623839765511	-14.0371275036639
37059	59	47.3180263800684	50.4582315583781	-11.6819736199316	-8.54176844162188
37060	59	56.7386419149976	62.2340009770396	-2.26135808500244	3.23400097703957
37061	59	41.0376160234489	44.9628724963361	-17.9623839765511	-14.0371275036639
37062	59	37.1123595505618	39.4675134342941	-21.8876404494382	-19.5324865657059
37063	67	47.3180263800684	52.028334147533	-19.6819736199316	-14.971665852467
37064	67	47.3180263800684	51.2432828529555	-19.6819736199316	-15.7567171470445
37065	67	60.6638983878847	63.8041035661944	-6.33610161211529	-3.19589643380557
37066	67	69.2994626282364	74.009770395701	2.29946262823644	7.00977039570103
37067	67	67.7293600390816	72.4396678065462	0.729360039081584	5.43966780654617
37068	41	37.1123595505618	39.4675134342941	-3.8876404494382	-1.53248656570591
37069	133	131.226673180264	137.991695163654	-1.77332681973621	4.99169516365413
37070	133	132.917928676111	137.14606741573	-0.0820713238886128	4.14606741573033
37071	133	159.132388861749	166.743038593063	26.1323888617489	33.743038593063
37072	133	129.535417684416	140.528578407425	-3.46458231558378	7.5285784074255
37073	133	132.917928676111	137.991695163654	-0.0820713238886128	4.99169516365413
37074	133	160.823644357596	173.508060576453	27.8236443575965	40.5080605764533
37075	133	127.844162188569	137.14606741573	-5.15583781143137	4.14606741573033
37076	133	131.226673180264	137.991695163654	-1.77332681973621	4.99169516365413
37077	133	133.763556424035	136.300439667807	0.763556424035187	3.30043966780656
37078	133	130.38104543234	136.300439667807	-2.61895456765998	3.30043966780656
37079	133	144.756717147044	161.66927210552	11.7567171470445	28.6692721055203
37080	133	132.917928676111	147.293600390816	-0.0820713238886128	14.2936003908158
37081	151	144.756717147044	150.676111382511	-6.24328285295553	-0.323888617489018
37082	151	137.991695163654	145.602344894968	-13.0083048363459	-5.39765510503176
37083	151	137.14606741573	146.447972642892	-13.8539325842697	-4.55202735710796
37084	130	153.212994626282	159.132388861749	23.2129946262824	29.1323888617489
37085	130	143.065461651197	152.367366878359	13.0654616511969	22.3673668783586
37086	130	139.682950659502	148.984855886663	9.6829506595017	18.9848558866634
37087	130	131.226673180264	138.837322911578	1.22667318026379	8.83732291157793
37088	130	124.461651196873	137.14606741573	-5.53834880312652	7.14606741573033
37089	201	128.689789936492	134.609184171959	-72.3102100635076	-66.390815828041
37090	201	76.2608695652174	83.0258915486077	-124.739130434783	-117.974108451392
37091	201	100.784074255007	111.777234978017	-100.215925744993	-89.2227650219834
37092	201	137.14606741573	141.374206155349	-63.8539325842697	-59.6257938446507
37093	97	74.009770395701	81.0752320468979	-22.990229604299	-15.9247679531021
37094	72	74.7948216902785	78.7200781631656	2.79482169027845	6.72007816316561
37095	16	17.486077186126	19.0561797752809	1.48607718612604	3.0561797752809
37096	16	16.7010258915486	18.2711284807035	0.701025891548607	2.27112848070347
37097	16	18.2711284807035	19.0561797752809	2.27112848070347	3.0561797752809
37098	58	22.9863214460186	25.5232046897899	-35.0136785539814	-32.4767953102101
37099	58	26.3688324377137	28.9057156814851	-31.6311675622863	-29.0942843185149
37100	58	23.8319491939424	25.5232046897899	-34.1680508060576	-32.4767953102101
37101	58	29.7513434294089	32.2882266731803	-28.2486565705911	-25.7117733268197
37102	58	28.9057156814851	31.4425989252565	-29.0942843185149	-26.5574010747435
37103	58	29.7513434294089	31.4425989252565	-28.2486565705911	-26.5574010747435
37104	58	32.2882266731803	34.8251099169516	-25.7117733268197	-23.1748900830484
37105	58	34.8251099169516	37.361993160723	-23.1748900830484	-20.638006839277
37106	58	27.2144601856375	29.7513434294089	-30.7855398143625	-28.2486565705911
37107	58	26.3688324377137	28.0600879335613	-31.6311675622863	-29.9399120664387
37109	28	36.3273082559844	41.8226673180264	8.32730825598437	13.8226673180264
37110	25	30.0468978993649	33.9721543722521	5.04689789936493	8.97215437225208
37111	25	22.1963849535906	24.5515388373229	-2.80361504640938	-0.448461162677088
37112	25	27.6917440156326	32.4020517830972	2.69174401563263	7.40205178309721
37113	28	19.8412310698583	22.1963849535906	-8.15876893014167	-5.80361504640938
37114	28	19.8412310698583	22.1963849535906	-8.15876893014167	-5.80361504640938
37115	25	19.0561797752809	21.4113336590132	-5.9438202247191	-3.58866634098681
37116	25	22.1963849535906	25.3365901319003	-2.80361504640938	0.336590131900341
37117	34	42.6077186126038	47.3180263800684	8.60771861260381	13.3180263800684
37118	34	22.9814362481681	31.6170004885198	-11.0185637518319	-2.38299951148021
37119	34	41.0376160234489	44.1778212017587	7.03761602344895	10.1778212017587
37120	28	26.1216414264778	30.8319491939424	-1.87835857352223	2.83194919394235
37121	34	30.0468978993649	34.7572056668295	-3.95310210063507	0.757205666829506
37122	34	19.8412310698583	22.9814362481681	-14.1587689301417	-11.0185637518319
37123	34	40.2525647288715	44.1778212017587	6.25256472887152	10.1778212017587
37124	34	18.2711284807035	20.6262823644358	-15.7288715192965	-13.3737176355642
37125	34	41.8226673180264	45.7479237909135	7.82266731802638	11.7479237909135
37126	28	17.486077186126	19.8412310698583	-10.513922813874	-8.15876893014167
37127	34	37.8974108451392	42.6077186126038	3.89741084513923	8.60771861260381
37128	34	19.0561797752809	21.4113336590132	-14.9438202247191	-12.5886663409868
37129	28	21.4113336590132	26.9066927210552	-6.58866634098681	-1.0933072789448
37130	28	20.6262823644358	25.3365901319003	-7.37371763556424	-2.66340986809966
37131	28	20.6262823644358	24.5515388373229	-7.37371763556424	-3.44846116267709
37132	28	19.0561797752809	22.9814362481681	-8.9438202247191	-5.01856375183195
37133	28	20.6262823644358	22.9814362481681	-7.37371763556424	-5.01856375183195
37134	28	40.2525647288715	44.1778212017587	12.2525647288715	16.1778212017587
37135	28	41.0376160234489	44.9628724963361	13.0376160234489	16.9628724963361
37136	34	44.1778212017587	47.3180263800684	10.1778212017587	13.3180263800684
37137	34	17.486077186126	20.6262823644358	-16.513922813874	-13.3737176355642
37138	34	41.0376160234489	44.1778212017587	7.03761602344895	10.1778212017587
37139	28	19.8412310698583	21.4113336590132	-8.15876893014167	-6.58866634098681
37140	25	27.6917440156326	31.6170004885198	2.69174401563263	6.61700048851979
37141	34	36.3273082559844	41.8226673180264	2.32730825598437	7.82266731802638
37142	25	44.1778212017587	48.1030776746458	19.1778212017587	23.1030776746458
37143	28	40.2525647288715	44.9628724963361	12.2525647288715	16.9628724963361
37144	28	42.6077186126038	47.3180263800684	14.6077186126038	19.3180263800684
37145	28	19.8412310698583	22.9814362481681	-8.15876893014167	-5.01856375183195
37146	28	19.0561797752809	22.1963849535906	-8.9438202247191	-5.80361504640938
37147	28	19.8412310698583	22.9814362481681	-8.15876893014167	-5.01856375183195
37148	28	41.0376160234489	44.1778212017587	13.0376160234489	16.1778212017587
37149	28	21.4113336590132	24.5515388373229	-6.58866634098681	-3.44846116267709
37150	28	42.6077186126038	45.7479237909135	14.6077186126038	17.7479237909135
37151	59	30.0468978993649	35.5422569614069	-28.9531021006351	-23.4577430385931
37152	59	19.8412310698583	21.4113336590132	-39.1587689301417	-37.5886663409868
37153	59	25.3365901319003	29.2618466047875	-33.6634098680997	-29.7381533952125
37154	59	19.0561797752809	22.1963849535906	-39.9438202247191	-36.8036150464094
37155	59	23.7664875427455	27.6917440156326	-35.2335124572545	-31.3082559843674
37156	59	27.6917440156326	33.1871030776746	-31.3082559843674	-25.8128969223254
37157	59	26.9066927210552	33.1871030776746	-32.0933072789448	-25.8128969223254
37158	59	28.4767953102101	33.9721543722521	-30.5232046897899	-25.0278456277479
37159	59	417.077186126038	424.927699071812	358.077186126038	365.927699071812
37160	53	421.787493893503	426.497801660967	368.787493893503	373.497801660967
37161	53	31.6170004885198	37.8974108451392	-21.3829995114802	-15.1025891548608
37162	53	136.028822667318	149.374694675134	83.028822667318	96.3746946751344
37163	57	29.2618466047875	36.3273082559844	-27.7381533952125	-20.6726917440156
37164	57	24.5515388373229	28.4767953102101	-32.4484611626771	-28.5232046897899
37165	57	22.1963849535906	25.3365901319003	-34.8036150464094	-31.6634098680997
37166	57	24.5515388373229	32.4020517830972	-32.4484611626771	-24.5979482169028
37167	57	413.936980947728	423.357596482658	356.936980947728	366.357596482658
37168	57	22.9814362481681	27.6917440156326	-34.0185637518319	-29.3082559843674
37169	57	20.6262823644358	22.9814362481681	-36.3737176355642	-34.0185637518319
37170	57	24.5515388373229	30.0468978993649	-32.4484611626771	-26.9531021006351
37171	57	430.423058133854	438.273571079629	373.423058133854	381.273571079629
37172	57	37.1123595505618	41.0376160234489	-19.8876404494382	-15.9623839765511
37173	57	21.4113336590132	24.5515388373229	-35.5886663409868	-32.4484611626771
37174	57	18.2711284807035	20.6262823644358	-38.7288715192965	-36.3737176355642
37175	57	22.9814362481681	26.9066927210552	-34.0185637518319	-30.0933072789448
37176	57	20.6262823644358	23.7664875427455	-36.3737176355642	-33.2335124572545
37177	57	22.9814362481681	26.9066927210552	-34.0185637518319	-30.0933072789448
37178	57	22.9814362481681	26.9066927210552	-34.0185637518319	-30.0933072789448
37179	57	18.2711284807035	20.6262823644358	-38.7288715192965	-36.3737176355642
37180	57	16.7010258915486	19.0561797752809	-40.2989741084514	-37.9438202247191
37181	57	23.7664875427455	26.9066927210552	-33.2335124572545	-30.0933072789448
37182	57	30.8319491939424	36.3273082559844	-26.1680508060576	-20.6726917440156
37183	57	35.5422569614069	39.4675134342941	-21.4577430385931	-17.5324865657059
37184	57	429.638006839277	434.348314606742	372.638006839277	377.348314606742
37186	63	33.9794821690278	49.2007816316561	-29.0205178309722	-13.7992183683439
37187	126	70.3414753297508	104.166585246702	-55.6585246702492	-21.8334147532975
37188	126	107.549096238398	109.240351734245	-18.4509037616023	-16.7596482657548
37189	67	71.4171958964338	80.638495359062	4.41719589643381	13.638495359062
37190	67	68.0639960918417	74.7703957010259	1.06399609184172	7.77039570102589
37191	67	79.800195407914	87.3448949682462	12.800195407914	20.3448949682462
37192	67	73.9320957498779	78.123595505618	6.93209574987787	11.123595505618
37193	67	47.1064973131412	52.9745969711773	-19.8935026868588	-14.0254030288227
37194	89	46.2681973619932	71.4171958964338	-42.7318026380068	-17.5828041035662
37195	89	46.2681973619932	67.2256961406937	-42.7318026380068	-21.7743038593063
37196	60	79.800195407914	83.9916951636541	19.800195407914	23.9916951636541
37197	60	68.0639960918417	73.9320957498779	8.06399609184172	13.9320957498779
37198	60	71.4171958964338	78.123595505618	11.4171958964338	18.123595505618
37199	60	72.2554958475818	78.123595505618	12.2554958475818	18.123595505618
37200	60	68.9022960429897	77.28529555447	8.90229604298973	17.28529555447
37201	60	79.800195407914	84.8299951148021	19.800195407914	24.8299951148021
37202	60	60.5192965315095	68.0639960918417	0.519296531509525	8.06399609184172
37203	60	73.0937957987298	78.961895456766	13.0937957987298	18.961895456766
37204	101	66.9296531509526	73.2843185148999	-34.0703468490474	-27.7156814851001
37205	60	69.7405959941378	76.4469956033219	9.74059599413776	16.4469956033219
37206	60	68.9022960429897	78.123595505618	8.90229604298973	18.123595505618
37207	60	78.961895456766	83.1533952125061	18.961895456766	23.1533952125061
37208	89	77.28529555447	82.3150952613581	-11.71470444553	-6.68490473864192
37209	67	52.028334147533	55.1685393258427	-14.971665852467	-11.8314606741573
37210	67	48.1030776746458	52.028334147533	-18.8969223253542	-14.971665852467
37211	67	48.1030776746458	52.028334147533	-18.8969223253542	-14.971665852467
37212	64	50.4582315583781	53.5984367366878	-13.5417684416219	-10.4015632633122
37213	67	60.6638983878847	70.8695652173913	-6.33610161211529	3.86956521739131
37214	57	51.7376648754275	62.7308255984367	-5.26233512457254	5.73082559843674
37215	34	27.6917440156326	30.0468978993649	-6.30825598436737	-3.95310210063507
37216	34	24.5515388373229	26.1216414264778	-9.44846116267709	-7.87835857352223
37217	32	43.3927699071812	45.7479237909135	11.3927699071812	13.7479237909135
37218	32	41.0376160234489	44.9628724963361	9.03761602344895	12.9628724963361
37219	32	36.3273082559844	39.4675134342941	4.32730825598437	7.46751343429409
37220	32	37.1123595505618	43.3927699071812	5.1123595505618	11.3927699071812
37221	32	33.1871030776746	35.5422569614069	1.18710307767465	3.54225696140693
37222	34	42.6077186126038	44.9628724963361	8.60771861260381	10.9628724963361
37223	34	43.3927699071812	45.7479237909135	9.39276990718124	11.7479237909135
37224	86	79.6433805569126	87.2540302882267	-6.35661944308744	1.25403028822667
37225	112	86.2325354176844	96.2598925256473	-25.7674645823156	-15.7401074743527
37226	70	74.009770395701	80.2901807523205	4.00977039570103	10.2901807523205
37227	70	45.7479237909135	51.2432828529555	-24.2520762090865	-18.7567171470445
37228	70	72.4396678065462	80.2901807523205	2.43966780654617	10.2901807523205
37229	70	70.8695652173913	79.505129457743	0.869565217391312	9.50512945774304
37230	70	72.4396678065462	78.7200781631656	2.43966780654617	8.72007816316561
37231	27	21.4113336590132	28.4767953102101	-5.58866634098681	1.47679531021006
37232	125	32.2882266731803	39.0532486565706	-92.7117733268197	-85.9467513434294
37233	58	75.4152418172936	83.8715192965315	17.4152418172936	25.8715192965315
37234	86	72.0327308255984	77.952125061065	-13.9672691744016	-8.04787493893502
37235	92	49.2007816316561	59.3483146067416	-42.7992183683439	-32.6516853932584
37236	87	70.0845139228139	79.505129457743	-16.9154860771861	-7.49487054225696
37237	87	77.1499755740108	85.0004885197851	-9.85002442598925	-1.99951148021495
37238	121	43.2813873961895	46.6638983878847	-77.7186126038105	-74.3361016121153
37240	121	67.8045920859795	68.6502198339033	-53.1954079140205	-52.3497801660967
37241	121	67.8045920859795	68.6502198339033	-53.1954079140205	-52.3497801660967
37246	63	45.7479237909135	48.1030776746458	-17.2520762090865	-14.8969223253542
37247	63	47.3180263800684	50.4582315583781	-15.6819736199316	-12.5417684416219
37248	63	48.1030776746458	52.8133854421104	-14.8969223253542	-10.1866145578896
37249	35	39.8988764044944	43.2813873961895	4.89887640449438	8.28138739618954
37250	57	61.0395701025892	65.2677088422081	4.03957010258915	8.26770884220811
37251	35	49.2007816316561	52.5832926233512	14.2007816316561	17.5832926233512
37252	35	60.1939423546654	64.4220810942843	25.1939423546654	29.4220810942843
37253	35	39.8988764044944	42.4357596482658	4.89887640449438	7.43575964826576
37254	35	47.5095261358085	50.8920371275037	12.5095261358085	15.8920371275037
37255	35	44.9726428920371	47.5095261358085	9.97264289203713	12.5095261358085
37256	35	46.6638983878847	49.2007816316561	11.6638983878847	14.2007816316561
37257	35	44.1270151441133	46.6638983878847	9.12701514411334	11.6638983878847
37258	31	45.8182706399609	47.5095261358085	14.8182706399609	16.5095261358085
37259	35	42.4357596482658	45.8182706399609	7.43575964826576	10.8182706399609
37260	35	41.590131900342	45.8182706399609	6.59013190034197	10.8182706399609
37261	35	35.6707376648754	39.0532486565706	0.670737664875425	4.05324865657059
37262	35	48.3551538837323	50.8920371275037	13.3551538837323	15.8920371275037
37263	35	42.4357596482658	53.428920371275	7.43575964826576	18.428920371275
37264	35	35.6707376648754	39.8988764044944	0.670737664875425	4.89887640449438
37265	35	33.1338544211041	38.2076209086468	-1.86614557889595	3.2076209086468
37266	35	43.2813873961895	46.6638983878847	8.28138739618954	11.6638983878847
37267	35	51.7376648754275	55.9658036150464	16.7376648754275	20.9658036150464
37268	35	42.4357596482658	45.8182706399609	7.43575964826576	10.8182706399609
37269	35	44.1270151441133	48.3551538837323	9.12701514411334	13.3551538837323
37270	35	47.5095261358085	50.0464093795799	12.5095261358085	15.0464093795799
37271	35	42.4357596482658	45.8182706399609	7.43575964826576	10.8182706399609
37272	35	43.2813873961895	46.6638983878847	8.28138739618954	11.6638983878847
37273	35	71.1871030776746	77.1064973131412	36.1871030776746	42.1064973131412
37274	35	38.2076209086468	44.1270151441133	3.2076209086468	9.12701514411334
37275	35	44.9726428920371	48.3551538837323	9.97264289203713	13.3551538837323
37276	35	45.8182706399609	49.2007816316561	10.8182706399609	14.2007816316561
37277	35	38.2076209086468	42.4357596482658	3.2076209086468	7.43575964826576
37278	35	32.2882266731803	36.5163654127992	-2.71177332681974	1.51636541279922
37279	35	50.0464093795799	53.428920371275	15.0464093795799	18.428920371275
37280	35	48.3551538837323	50.8920371275037	13.3551538837323	15.8920371275037
37281	35	42.4357596482658	47.5095261358085	7.43575964826576	12.5095261358085
37282	35	40.7445041524182	44.9726428920371	5.74450415241817	9.97264289203713
37283	35	44.9726428920371	47.5095261358085	9.97264289203713	12.5095261358085
37284	35	44.9726428920371	47.5095261358085	9.97264289203713	12.5095261358085
37285	35	46.6638983878847	49.2007816316561	11.6638983878847	14.2007816316561
37286	35	33.1338544211041	36.5163654127992	-1.86614557889595	1.51636541279922
37287	35	38.2076209086468	41.590131900342	3.2076209086468	6.59013190034197
37288	63	41.0376160234489	44.9628724963361	-21.9623839765511	-18.0371275036639
37289	63	48.8881289692233	52.8133854421104	-14.1118710307767	-10.1866145578896
37290	63	48.8881289692233	52.028334147533	-14.1118710307767	-10.971665852467
37291	63	46.532975085491	50.4582315583781	-16.467024914509	-12.5417684416219
37292	50	44.1778212017587	47.3180263800684	-5.82217879824133	-2.6819736199316
37293	72	44.1778212017587	46.532975085491	-27.8221787982413	-25.467024914509
37294	72	45.7479237909135	49.6731802638007	-26.2520762090865	-22.3268197361993
37295	72	48.1030776746458	52.028334147533	-23.8969223253542	-19.971665852467
37296	72	48.1030776746458	50.4582315583781	-23.8969223253542	-21.5417684416219
37297	72	44.9628724963361	48.1030776746458	-27.0371275036639	-23.8969223253542
37298	72	42.6077186126038	44.9628724963361	-29.3922813873962	-27.0371275036639
37299	72	44.1778212017587	48.1030776746458	-27.8221787982413	-23.8969223253542
37300	66	49.6731802638007	52.028334147533	-16.3268197361993	-13.971665852467
37301	66	46.532975085491	48.8881289692233	-19.467024914509	-17.1118710307767
37302	63	46.532975085491	52.028334147533	-16.467024914509	-10.971665852467
37304	41	36.3273082559844	38.6824621397167	-4.67269174401563	-2.31753786028334
37305	41	37.1123595505618	39.4675134342941	-3.8876404494382	-1.53248656570591
37306	41	38.6824621397167	41.8226673180264	-2.31753786028334	0.822667318026383
37307	34	34.7572056668295	37.1123595505618	0.757205666829506	3.1123595505618
37308	34	37.8974108451392	43.3927699071812	3.89741084513923	9.39276990718124
37309	34	35.5422569614069	37.1123595505618	1.54225696140693	3.1123595505618
37310	50	46.532975085491	52.8133854421104	-3.46702491450904	2.81338544211041
37311	32	33.9721543722521	36.3273082559844	1.97215437225208	4.32730825598437
37312	32	39.4675134342941	41.0376160234489	7.46751343429409	9.03761602344895
37313	63	44.9628724963361	47.3180263800684	-18.0371275036639	-15.6819736199316
37314	21	44.9628724963361	48.1030776746458	23.9628724963361	27.1030776746458
37315	21	37.8974108451392	39.4675134342941	16.8974108451392	18.4675134342941
37316	52	42.6077186126038	47.3180263800684	-9.39228138739619	-4.6819736199316
37317	86	70.3414753297508	76.2608695652174	-15.6585246702492	-9.73913043478261
37318	89	70.3414753297508	75.4152418172936	-18.6585246702492	-13.5847581827064
37319	89	54.2745481191988	62.7308255984367	-34.7254518808012	-26.2691744015633
37320	89	52.5832926233512	59.3483146067416	-36.4167073766488	-29.6516853932584
37321	89	63.5764533463605	71.1871030776746	-25.4235466536395	-17.8128969223254
37322	89	65.2677088422081	72.8783585735222	-23.7322911577919	-16.1216414264778
37323	89	55.1201758671226	59.3483146067416	-33.8798241328774	-29.6516853932584
37324	89	72.8783585735222	79.6433805569126	-16.1216414264778	-9.35661944308744
37325	89	51.7376648754275	60.1939423546654	-37.2623351245725	-28.8060576453346
37326	86	68.6502198339033	73.723986321446	-17.3497801660967	-12.276013678554
37327	80	33.9794821690278	39.0532486565706	-46.0205178309722	-40.9467513434294
37328	80	1070.7191011236	1082.55788959453	990.719101123595	1002.55788959453
37330	80	35.6707376648754	39.8988764044944	-44.3292623351246	-40.1011235955056
37331	80	26.3688324377137	31.4425989252565	-53.6311675622863	-48.5574010747435
37332	80	42.4357596482658	52.5832926233512	-37.5642403517342	-27.4167073766488
37337	80	47.5095261358085	50.8920371275037	-32.4904738641915	-29.1079628724963
37339	80	13.6844162188569	18.7581827063996	-66.3155837811431	-61.2418172936004
37340	80	25.5232046897899	55.1201758671226	-54.4767953102101	-24.8798241328774
37342	80	83.0258915486077	89.790913531998	3.02589154860772	9.79091353199804
37343	80	68.6502198339033	73.723986321446	-11.3497801660967	-6.27601367855398
37344	76	165.051783097215	192.957498778701	89.0517830972154	116.957498778701
37347	76	55.9658036150464	65.2677088422081	-20.0341963849536	-10.7322911577919
37348	86	70.3414753297508	75.4152418172936	-15.6585246702492	-10.5847581827064
37349	86	75.4152418172936	80.4890083048363	-10.5847581827064	-5.51099169516365
