36455	47	67.0351734245237	117.064484611627	20.0351734245237	70.0644846116268
36456	47	57.0293111871031	102.965315095261	10.0293111871031	55.9653150952614
36457	47	57.4841231069858	92.0498290180752	10.4841231069858	45.0498290180752
36458	47	46.5686370297997	85.2276502198339	-0.43136297020029	38.2276502198339
36459	47	100.236443575965	152.539814362482	53.2364435759648	105.539814362482
36460	47	169.822667318026	324.458720078163	122.822667318026	277.458720078163
36461	48	18.1011235955056	46.7078651685393	-29.8988764044944	-1.29213483146067
36463	38	29.2022471910112	97.0898876404494	-8.79775280898876	59.0898876404494
36465	38	30.0561797752809	98.3707865168539	-7.9438202247191	60.3707865168539
36466	38	28.7752808988764	98.7977528089888	-9.2247191011236	60.7977528089888
36467	38	41.5842696629214	101.786516853933	3.58426966292135	63.7865168539326
36468	39	36.4606741573034	101.359550561798	-2.53932584269663	62.3595505617977
36469	39	38.5955056179775	104.775280898876	-0.404494382022477	65.7752808988764
36470	39	35.6067415730337	97.5168539325843	-3.3932584269663	58.5168539325843
36471	39	30.0561797752809	86.4157303370787	-8.9438202247191	47.4157303370787
36472	39	40.7303370786517	93.6741573033708	1.73033707865169	54.6741573033708
36473	39	20.6629213483146	88.123595505618	-18.3370786516854	49.123595505618
36474	39	30.9101123595506	92.8202247191011	-8.08988764044944	53.8202247191011
36475	39	43.7191011235955	91.5393258426966	4.71910112359551	52.5393258426966
36476	39	33.8988764044944	80.0112359550562	-5.10112359550562	41.0112359550562
36477	39	25.7865168539326	65.9213483146067	-13.2134831460674	26.9213483146067
36478	18	24.5476306790425	52.1851489985344	6.5476306790425	34.1851489985344
36479	18	28.4958475818271	55.6946751343429	10.4958475818271	37.6946751343429
36480	18	29.8119198827553	56.133365901319	11.8119198827553	38.133365901319
36481	18	26.7410845139228	53.5012212994626	8.74108451392281	35.5012212994626
36482	18	23.2315583781143	48.2369320957499	5.23155837811431	30.2369320957499
36483	18	21.9154860771861	49.5530043966781	3.91548607718612	31.5530043966781
36484	21	22.7928676111382	44.2887151929653	1.79286761113825	23.2887151929653
36485	21	23.6702491450904	45.6047874938935	2.67024914509038	24.6047874938935
36486	21	22.7928676111382	45.6047874938935	1.79286761113825	24.6047874938935
36487	19	29.3732291157792	62.7137274059599	10.3732291157792	43.7137274059599
36488	57	34.7435271128481	112.061553492916	-22.2564728871519	55.0615534929165
36493	29	27.466536394724	88.4113336590132	-1.53346360527601	59.4113336590132
36494	29	39.2916463116756	89.3209574987787	10.2916463116756	60.3209574987787
36496	29	41.1108939912066	134.802149487054	12.1108939912066	105.802149487054
36498	31	39.7464582315584	70.218856863703	8.74645823155838	39.218856863703
36499	29	41.5657059110894	140.71470444553	12.5657059110894	111.71470444553
36501	40	81.1343429408891	131.163654127992	41.1343429408891	91.1636541279922
36502	40	49.752320468979	100.691255495848	9.75232046897899	60.6912554958476
36503	30	28.3761602344895	62.4870542256961	-1.6238397655105	32.4870542256961
36504	30	28.8309721543723	62.4870542256961	-1.16902784562775	32.4870542256961
36505	30	33.8339032730826	65.6707376648754	3.83390327308256	35.6707376648754
36506	30	32.9242794333171	65.6707376648754	2.92427943331705	35.6707376648754
36507	30	38.3820224719101	85.2276502198339	8.38202247191011	55.2276502198339
36508	30	35.1983390327308	71.1284807034685	5.19833903273083	41.1284807034685
36509	30	34.2887151929653	65.6707376648754	4.28871519296531	35.6707376648754
36510	30	33.3790913531998	67.9447972642892	3.3790913531998	37.9447972642892
36511	30	32.0146555935515	66.5803615046409	2.01465559355154	36.5803615046409
36512	30	33.8339032730826	68.399609184172	3.83390327308256	38.399609184172
36513	30	32.9242794333171	65.2159257449927	2.92427943331705	35.2159257449927
36514	30	33.8339032730826	65.6707376648754	3.83390327308256	35.6707376648754
36515	30	24.2828529555447	62.0322423058134	-5.7171470444553	32.0322423058134
36516	30	29.285784074255	64.7611138251099	-0.714215925744991	34.7611138251099
36517	30	37.0175867122618	80.6795310210064	7.01758671226185	50.6795310210064
36518	30	32.0146555935515	66.5803615046409	2.01465559355154	36.5803615046409
36519	30	27.0117244748412	62.9418661455789	-2.98827552515877	32.9418661455789
36520	30	31.5598436736688	64.7611138251099	1.55984367366878	34.7611138251099
36521	22	25.1924767953102	93.4142647777235	3.19247679531021	71.4142647777235
36522	22	35.6531509526136	85.2276502198339	13.6531509526136	63.2276502198339
36523	22	31.5598436736688	82.9535906204201	9.55984367366878	60.9535906204201
36524	22	32.0146555935515	76.5862237420616	10.0146555935515	54.5862237420616
36525	22	33.8339032730826	117.51929653151	11.8339032730826	95.5192965315095
36526	22	28.3761602344895	54.7552515876893	6.3761602344895	32.7552515876893
36527	42	32.0146555935515	79.3150952613581	-9.98534440644846	37.3150952613581
36528	42	36.1079628724963	82.4987787005374	-5.89203712750366	40.4987787005374
36529	42	39.2916463116756	79.7699071812408	-2.70835368832438	37.7699071812408
36530	42	33.8339032730826	69.3092330239375	-8.16609672691744	27.3092330239375
36531	42	32.4694675134343	67.9447972642892	-9.5305324865657	25.9447972642892
36532	42	26.5569125549585	64.3063019052272	-15.4430874450415	22.3063019052272
36533	42	29.7405959941378	82.4987787005374	-12.2594040058622	40.4987787005374
36534	22	28.8309721543723	114.33561309233	6.83097215437225	92.3356130923302
36536	30	32.0053737176356	58.3268197361993	2.00537371763556	28.3268197361993
36537	30	26.7410845139228	45.6047874938935	-3.25891548607719	15.6047874938935
36538	36	49.5530043966781	88.5964826575476	13.5530043966781	52.5964826575476
36539	36	46.9208597948217	74.9970688812897	10.9208597948217	38.9970688812897
36540	36	38.1470444553004	64.0297997068881	2.14704445530044	28.0297997068881
36541	36	51.7464582315584	87.7191011235955	15.7464582315584	51.7191011235955
36542	36	48.6756228627259	84.209574987787	12.6756228627259	48.209574987787
36543	36	50.4303859306302	96.9316072300928	14.4303859306302	60.9316072300928
36544	38	51.1167562286273	88.4113336590132	13.1167562286273	50.4113336590132
36545	39	49.752320468979	95.2335124572545	10.752320468979	56.2335124572545
36546	39	48.8426966292135	86.5920859794822	9.84269662921348	47.5920859794822
36547	39	42.0205178309722	80.2247191011236	3.02051783097215	41.2247191011236
36548	39	40.6560820713239	77.9506595017098	1.65608207132389	38.9506595017098
36549	39	42.9301416707377	80.2247191011236	3.93014167073767	41.2247191011236
36550	39	50.6619443087445	111.606741573034	11.6619443087445	72.6067415730337
36551	39	35.1983390327308	82.0439667806546	-3.80166096726917	43.0439667806546
36552	39	47.933072789448	89.7757694186615	8.93307278944798	50.7757694186615
36553	39	53.390815828041	96.5979482169028	14.390815828041	57.5979482169028
36554	39	37.0175867122618	94.7787005373718	-1.98241328773815	55.7787005373718
36555	39	39.7464582315584	95.2335124572545	0.746458231558378	56.2335124572545
36556	39	48.3878847093307	110.242305813385	9.38788470933073	71.2423058133854
36557	39	32.4694675134343	100.236443575965	-6.5305324865657	61.2364435759648
36558	39	49.2975085490962	101.600879335613	10.2975085490962	62.6008793356131
36559	39	41.5657059110894	89.7757694186615	2.5657059110894	50.7757694186615
36560	38	46.5686370297997	86.1372740595994	8.56863702979971	48.1372740595994
36561	38	52.0263800683928	87.5017098192477	14.0263800683928	49.5017098192477
36562	38	50.2071323888618	88.866145578896	12.2071323888618	50.866145578896
36563	38	43.3849535906204	77.4958475818271	5.38495359062042	39.4958475818271
36564	39	32.4694675134343	89.7757694186615	-6.5305324865657	50.7757694186615
36566	29	57.4841231069858	107.968246213972	28.4841231069858	78.9682462139717
36567	29	39.2916463116756	72.4929164631168	10.2916463116756	43.4929164631168
36568	29	42.0205178309722	85.6824621397167	13.0205178309722	56.6824621397167
36569	29	35.6531509526136	73.857352222765	6.65315095261359	44.857352222765
36570	29	39.7464582315584	72.038104543234	10.7464582315584	43.038104543234
36571	29	38.3820224719101	69.3092330239375	9.38202247191011	40.3092330239375
36572	45	83.3937469467513	195.513922813874	38.3937469467513	150.513922813874
36573	45	95.9360039081583	228.579872984856	50.9360039081583	183.579872984856
36574	34	19.3820224719101	104.775280898876	-14.6179775280899	70.7752808988764
36575	34	44.1460674157303	106.910112359551	10.1460674157303	72.9101123595506
36576	34	28.3483146067416	159.85393258427	-5.65168539325843	125.85393258427
36577	28	22.9184171958964	106.148998534441	-5.08158280410357	78.1489985344407
36578	24	89.3209574987787	190.28920371275	65.3209574987787	166.28920371275
36580	33	15.5393258426966	155.584269662921	-17.4606741573034	122.584269662921
36581	29	36.4606741573034	158.573033707865	7.46067415730337	129.573033707865
36582	28	44.5730337078652	150.460674157303	16.5730337078652	122.460674157303
36583	28	33.0449438202247	116.730337078652	5.04494382022472	88.7303370786517
36584	28	25.7865168539326	61.6516853932584	-2.21348314606742	33.6516853932584
36585	28	62.9325842696629	157.719101123595	34.9325842696629	129.719101123595
36586	29	77.876404494382	292.213483146067	48.876404494382	263.213483146067
36587	29	76.1685393258427	299.898876404494	47.1685393258427	270.898876404494
36588	28	43.7191011235955	123.561797752809	15.7191011235955	95.561797752809
36589	28	26.2134831460674	61.2247191011236	-1.78651685393259	33.2247191011236
36590	28	35.6067415730337	68.9101123595506	7.6067415730337	40.9101123595506
36591	28	33.8988764044944	68.9101123595506	5.89887640449438	40.9101123595506
36592	28	57.8089887640449	129.966292134831	29.8089887640449	101.966292134831
36593	28	51.8314606741573	130.393258426966	23.8314606741573	102.393258426966
36594	28	79.1573033707865	161.561797752809	51.1573033707865	133.561797752809
36595	25	22.7977528089888	59.9438202247191	-2.20224719101124	34.9438202247191
36596	25	32.1910112359551	67.2022471910112	7.19101123595506	42.2022471910112
36597	25	34.3258426966292	69.3370786516854	9.32584269662921	44.3370786516854
36598	25	26.2134831460674	61.6516853932584	1.21348314606741	36.6516853932584
36599	25	81.7191011235955	193.157303370787	56.7191011235955	168.157303370787
36600	25	24.5056179775281	59.0898876404494	-0.49438202247191	34.0898876404494
36601	25	126.550561797753	267.449438202247	101.550561797753	242.449438202247
36602	25	117.584269662921	301.179775280899	92.5842696629213	276.179775280899
36607	48	65.6707376648754	104.32975085491	17.6707376648754	56.3297508549096
36608	48	63.3966780654616	110.242305813385	15.3966780654616	62.2423058133854
36609	48	68.8544211040547	121.157791890572	20.8544211040547	73.1577918905716
36610	48	60.6678065461651	106.148998534441	12.6678065461651	58.1489985344407
36611	48	45.2042012701514	90.685393258427	-2.79579872984856	42.685393258427
36612	43	39.2916463116756	76.1314118221788	-3.70835368832438	33.1314118221788
36613	43	46.113825109917	84.3180263800684	3.11382510991695	41.3180263800684
36614	43	41.5657059110894	82.0439667806546	-1.4342940889106	39.0439667806546
36615	43	47.0234489496825	76.5862237420616	4.02344894968246	33.5862237420616
36616	43	37.0175867122618	67.4899853444064	-5.98241328773815	24.4899853444064
36618	43	38.3820224719101	76.5862237420616	-4.61797752808989	33.5862237420616
36619	43	38.3820224719101	68.399609184172	-4.61797752808989	25.399609184172
36620	43	43.3849535906204	72.038104543234	0.38495359062042	29.038104543234
36621	43	34.2887151929653	67.0351734245237	-8.71128480703469	24.0351734245237
36622	43	35.1983390327308	80.2247191011236	-7.80166096726917	37.2247191011236
36623	36	44.6697606253053	116.242305813385	8.66976062530533	80.2423058133854
36624	36	39.8754274548119	106.99609184172	3.87542745481192	70.9960918417196
36625	36	40.9027845627748	111.105520273571	4.90278456277479	75.1055202735711
36626	36	42.6150464093796	112.817782120176	6.61504640937958	76.8177821201759
36627	36	44.6697606253053	113.160234489497	8.66976062530533	77.1602344894968
36628	36	31.314118221788	104.256472887152	-4.68588177821202	68.2564728871519
36629	35	35.5148998534441	76.7518319491939	0.514899853444064	41.7518319491939
36630	35	39.0244259892526	75.4357596482658	4.02442598925256	40.4357596482658
36631	58	34.7435271128481	71.1284807034685	-23.2564728871519	13.1284807034685
36632	58	46.113825109917	82.4987787005374	-11.886174890083	24.4987787005374
36633	58	79.3150952613581	134.347337567171	21.3150952613581	76.3473375671715
36634	27	29.7405959941378	62.4870542256961	2.74059599413776	35.4870542256961
36635	27	35.1983390327308	68.399609184172	8.19833903273083	41.399609184172
36636	58	83.8632144601856	184.831460674157	25.8632144601856	126.831460674157
36637	58	93.4142647777235	186.195896433806	35.4142647777235	128.195896433806
36638	58	104.784562774792	190.28920371275	46.7845627747924	132.28920371275
36639	58	46.113825109917	92.9594528578407	-11.886174890083	34.9594528578407
36640	43	41.5657059110894	79.3150952613581	-1.4342940889106	36.3150952613581
36641	43	104.32975085491	201.204689789937	61.3297508549096	158.204689789937
36642	43	36.5627747923791	82.9535906204201	-6.43722520762091	39.9535906204201
36643	43	113.425989252565	211.66536394724	70.4259892525647	168.66536394724
36644	43	52.9360039081583	108.423058133854	9.93600390815828	65.4230581338544
36645	43	38.8368343917929	76.5862237420616	-4.16316560820713	33.5862237420616
36648	44	33.0449438202247	105.202247191011	-10.9550561797753	61.2022471910112
36649	43	47.1348314606742	280.685393258427	4.13483146067416	237.685393258427
36650	43	38.1685393258427	112.033707865169	-4.83146067415731	69.0337078651685
36651	26	46.4821690278456	80.2613580850024	20.4821690278456	54.2613580850024
36652	26	41.6565705911089	75.8744504152418	15.6565705911089	49.8744504152418
36653	26	41.6565705911089	83.7708842208109	15.6565705911089	57.7708842208109
36654	26	45.1660967269174	90.7899364924279	19.1660967269174	64.7899364924279
36655	26	54.8172936003908	121.498290180752	28.8172936003908	95.4982901807523
36656	26	42.9726428920371	89.0351734245237	16.9726428920371	63.0351734245237
36657	26	45.6047874938935	92.5446995603322	19.6047874938935	66.5446995603322
36658	26	42.9726428920371	89.9125549584758	16.9726428920371	63.9125549584758
36659	26	53.5012212994626	101.318514899853	27.5012212994626	75.3185148998534
36660	16	16.3932584269663	42.8651685393258	0.393258426966291	26.8651685393258
36661	16	20.6629213483146	63.3595505617978	4.6629213483146	47.3595505617978
36662	16	25.7865168539326	79.1573033707865	9.78651685393258	63.1573033707865
36663	16	16.8202247191011	42.438202247191	0.820224719101123	26.438202247191
36664	16	15.5393258426966	53.9662921348315	-0.460674157303371	37.9662921348315
36665	16	22.3707865168539	54.3932584269663	6.37078651685393	38.3932584269663
36666	16	18.9550561797753	52.685393258427	2.95505617977528	36.685393258427
36667	16	18.5280898876404	52.2584269662921	2.52808988764045	36.2584269662921
36668	16	17.6741573033708	32.1910112359551	1.67415730337078	16.1910112359551
36669	16	16.8202247191011	56.9550561797753	0.820224719101123	40.9550561797753
36670	18	28.3483146067416	58.2359550561798	10.3483146067416	40.2359550561798
36671	18	21.0898876404494	37.314606741573	3.08988764044944	19.314606741573
36672	18	13.8314606741573	44.5730337078652	-4.1685393258427	26.5730337078652
36673	61	70.6736687835857	141.169516365413	9.67366878358574	80.1695163654128
36674	61	67.0351734245237	140.259892525647	6.03517342452369	79.2598925256473
36675	44	51.5188080117245	225.14215925745	7.51880801172447	181.14215925745
36676	27	36.1079628724963	84.3180263800684	9.10796287249634	57.3180263800684
36677	30	44.2945774303859	92.504640937958	14.2945774303859	62.504640937958
36678	27	36.5627747923791	77.0410356619443	9.56277479237909	50.0410356619443
36679	28	11.5481191988276	45.2042012701514	-16.4518808011724	17.2042012701514
36680	28	33.3790913531998	68.8544211040547	5.3790913531998	40.8544211040547
36681	28	27.466536394724	53.390815828041	-0.533463605276012	25.390815828041
36682	27	31.5598436736688	67.9447972642892	4.55984367366878	40.9447972642892
36683	27	34.2887151929653	70.6736687835857	7.28871519296531	43.6736687835857
36684	27	36.1079628724963	77.4958475818271	9.10796287249634	50.4958475818271
36685	27	28.8309721543723	59.3033707865169	1.83097215437225	32.3033707865169
36686	27	33.3790913531998	60.6678065461651	6.3790913531998	33.6678065461651
36687	28	37.4723986321446	67.0351734245237	9.4723986321446	39.0351734245237
36688	28	31.5598436736688	59.3033707865169	3.55984367366878	31.3033707865169
36689	20	21.0991695163654	31.105031753786	1.09916951636541	11.105031753786
36690	20	20.6443575964827	28.8309721543723	0.644357596482656	8.83097215437225
36691	20	20.1895456765999	29.285784074255	0.189545676599902	9.28578407425501
36692	21	22.4636052760137	32.4694675134343	1.46360527601368	11.4694675134343
36693	21	20.1895456765999	31.5598436736688	-0.810454323400098	10.5598436736688
36694	15	27.466536394724	46.5686370297997	12.466536394724	31.5686370297997
36695	15	35.1983390327308	64.3063019052272	20.1983390327308	49.3063019052272
36696	15	27.9213483146067	49.2975085490962	12.9213483146067	34.2975085490962
36697	28	28.8309721543723	84.7728382999511	0.830972154372255	56.7728382999511
36698	28	34.2887151929653	67.9447972642892	6.28871519296531	39.9447972642892
36699	28	30.6502198339033	80.2247191011236	2.65021983390328	52.2247191011236
36700	28	24.7376648754275	70.6736687835857	-3.26233512457254	42.6736687835857
36701	28	30.1954079140205	78.8602833414753	2.19540791402052	50.8602833414753
36702	28	27.9213483146067	83.8632144601856	-0.0786516853932575	55.8632144601856
36704	27	19.2271617000489	174.104543234001	-7.77283829995115	147.104543234001
36705	27	59.5315095261358	169.575964826575	32.5315095261358	142.575964826575
36706	24	53.390815828041	127.52515876893	29.390815828041	103.52515876893
36708	32	36.1079628724963	82.4987787005374	4.10796287249634	50.4987787005374
36709	32	43.3849535906204	100.236443575965	11.3849535906204	68.2364435759648
36710	32	44.7493893502687	96.5979482169028	12.7493893502687	64.5979482169028
36711	32	39.7464582315584	85.6824621397167	7.74645823155838	53.6824621397167
36712	32	40.2012701514411	87.5017098192477	8.20127015144114	55.5017098192477
36713	30	49.752320468979	92.504640937958	19.752320468979	62.504640937958
36714	32	39.2916463116756	92.504640937958	7.29164631167562	60.504640937958
36715	32	47.933072789448	91.1402051783097	15.933072789448	59.1402051783097
36716	32	43.8397655105032	80.6795310210064	11.8397655105032	48.6795310210064
36717	32	38.8368343917929	83.8632144601856	6.83683439179287	51.8632144601856
36718	32	37.0175867122618	100.691255495848	5.01758671226185	68.6912554958476
36719	32	38.8368343917929	96.5979482169028	6.83683439179287	64.5979482169028
36720	32	47.933072789448	86.1372740595994	15.933072789448	54.1372740595994
36721	32	36.1079628724963	97.5075720566683	4.10796287249634	65.5075720566683
36722	32	31.5598436736688	94.323888617489	-0.440156326331216	62.323888617489
36723	32	45.6590131900342	117.974108451392	13.6590131900342	85.9741084513923
36724	63	29.285784074255	88.866145578896	-33.714215925745	25.866145578896
36725	34	50.6619443087445	255.327308255984	16.6619443087445	221.327308255984
36726	34	20.6443575964827	53.390815828041	-13.3556424035173	19.390815828041
36727	34	37.0175867122618	96.5979482169028	3.01758671226185	62.5979482169028
36728	34	32.4694675134343	102.510503175379	-1.5305324865657	68.5105031753786
36729	34	20.1895456765999	55.2100635075721	-13.8104543234001	21.2100635075721
36730	34	62.4870542256961	129.344406448461	28.4870542256961	95.3444064484612
36731	34	63.3966780654616	115.245236932096	29.3966780654616	81.2452369320958
36732	22	22.3707865168539	54.3932584269663	0.370786516853933	32.3932584269663
36733	22	18.1011235955056	61.6516853932584	-3.89887640449438	39.6516853932584
36734	22	15.9662921348315	60.3707865168539	-6.03370786516854	38.3707865168539
36735	22	25.3595505617978	67.6292134831461	3.35955056179775	45.6292134831461
36736	22	25.3595505617978	54.8202247191011	3.35955056179775	32.8202247191011
36737	22	16.3932584269663	55.6741573033708	-5.60674157303371	33.6741573033708
36738	22	16.8202247191011	59.9438202247191	-5.17977528089888	37.9438202247191
36739	22	26.2134831460674	73.1797752808989	4.21348314606741	51.1797752808989
36740	22	21.9438202247191	71.8988764044944	-0.0561797752808992	49.8988764044944
36741	22	19.8089887640449	80.0112359550562	-2.19101123595506	58.0112359550562
36742	22	20.2359550561798	55.247191011236	-1.76404494382022	33.247191011236
36743	22	15.9662921348315	63.7865168539326	-6.03370786516854	41.7865168539326
36744	22	22.3707865168539	59.5168539325843	0.370786516853933	37.5168539325843
36745	31	18.9550561797753	156.438202247191	-12.0449438202247	125.438202247191
36746	31	22.7977528089888	96.2359550561798	-8.20224719101124	65.2359550561798
36747	57	64.7611138251099	112.061553492916	7.76111382510992	55.0615534929165
36748	57	68.8544211040547	106.603810454323	11.8544211040547	49.6038104543234
36749	57	58.3937469467513	123.431851489985	1.39374694675134	66.4318514899853
36750	57	65.6707376648754	102.965315095261	8.67073766487543	45.9653150952614
36751	57	66.5803615046409	99.3268197361993	9.58036150464093	42.3268197361993
36752	57	71.1284807034685	104.784562774792	14.1284807034685	47.7845627747924
36753	43	77.0410356619443	115.700048851979	34.0410356619443	72.7000488519785
36754	62	60.6678065461651	105.694186614558	-1.33219345383488	43.6941866145579
36755	62	47.4782608695652	126.615534929165	-14.5217391304348	64.6155349291646
36756	62	64.7611138251099	102.055691255496	2.76111382510992	40.0556912554958
36757	33	29.2022471910112	91.5393258426966	-3.79775280898876	58.5393258426966
36758	33	24.0786516853933	57.3820224719101	-8.92134831460674	24.3820224719101
36759	33	21.9438202247191	57.3820224719101	-11.0561797752809	24.3820224719101
36760	33	17.6741573033708	53.5393258426966	-15.3258426966292	20.5393258426966
36761	33	32.1910112359551	96.2359550561798	-0.80898876404494	63.2359550561798
36762	33	18.5280898876404	54.3932584269663	-14.4719101123596	21.3932584269663
36766	22	32.4694675134343	66.5803615046409	10.4694675134343	44.5803615046409
36771	22	37.9272105520274	78.8602833414753	15.9272105520274	56.8602833414753
36772	22	26.5569125549585	64.3063019052272	4.55691255495848	42.3063019052272
36773	47	78.4054714215926	150.720566682951	31.4054714215926	103.720566682951
36774	47	82.4987787005374	142.079140205178	35.4987787005374	95.0791402051783
36775	47	75.676599902296	134.802149487054	28.676599902296	87.8021494870542
36776	47	64.7611138251099	113.880801172447	17.7611138251099	66.8808011724475
36777	47	47.933072789448	108.877870053737	0.933072789447976	61.8778700537372
36778	47	92.9594528578407	179.373717635564	45.9594528578407	132.373717635564
36779	47	59.7581827063996	117.974108451392	12.7581827063996	70.9741084513923
36780	47	59.7581827063996	134.347337567171	12.7581827063996	87.3473375671715
36781	47	67.0351734245237	141.169516365413	20.0351734245237	94.1695163654128
36782	47	61.5774303859306	115.700048851979	14.5774303859306	68.7000488519785
36783	47	81.1343429408891	148.90131900342	34.1343429408891	101.90131900342
36784	47	69.3092330239375	123.431851489985	22.3092330239375	76.4318514899853
36785	47	110.697117733268	196.201758671226	63.6971177332682	149.201758671226
36786	47	63.8514899853444	108.877870053737	16.8514899853444	61.8778700537372
36787	47	52.4811919882755	106.603810454323	5.48119198827553	59.6038104543234
36788	47	72.4929164631168	126.615534929165	25.4929164631168	79.6155349291646
36789	47	63.8514899853444	102.965315095261	16.8514899853444	55.9653150952614
36790	47	73.857352222765	120.702979970689	26.857352222765	73.7029799706888
36791	44	78.5065950170982	158.348314606742	34.5065950170982	114.348314606742
36792	44	66.2232535417684	132.90425012213	22.2232535417684	88.90425012213
36793	44	75.8744504152418	129.394723986321	31.8744504152418	85.3947239863214
36794	44	79.3839765510503	132.465559355154	35.3839765510503	88.4655593551539
36795	44	73.2423058133854	132.465559355154	29.2423058133854	88.4655593551539
36796	44	62.7137274059599	112.285784074255	18.7137274059599	68.285784074255
36797	44	64.0297997068881	128.517342452369	20.0297997068881	84.5173424523693
36798	44	59.6428920371275	113.163165608207	15.6428920371275	69.1631656082071
36799	44	64.9071812408403	117.988764044944	20.9071812408403	73.9887640449438
36800	44	51.3077674645823	114.040547142159	7.30776746458231	70.0405471421593
36801	44	67.1006350757206	128.956033219345	23.1006350757206	84.9560332193454
36802	34	57.0107474352711	113.601856375183	23.0107474352711	79.6018563751832
36803	43	64.4684904738642	113.601856375183	21.4684904738642	70.6018563751832
36804	46	65.9213483146067	120.14606741573	19.9213483146067	74.1460674157303
36805	26	57.0107474352711	127.201270151441	31.0107474352711	101.201270151441
36806	26	55.2559843673669	132.026868588178	29.2559843673669	106.026868588178
36807	41	60.9589643380557	113.163165608207	19.9589643380557	72.1631656082071
36808	41	60.5202735710796	108.776257938447	19.5202735710796	67.7762579384465
36809	41	79.3839765510503	139.045920859795	38.3839765510503	98.0459208597948
36810	41	60.5202735710796	115.795310210064	19.5202735710796	74.7953102100635
36811	41	67.1006350757206	116.23400097704	26.1006350757206	75.2340009770396
36812	41	64.4684904738642	117.550073277968	23.4684904738642	76.5500732779678
36813	41	58.7655105031754	106.582804103566	17.7655105031754	65.5828041035662
36814	41	60.0815828041036	108.33756717147	19.0815828041036	67.3375671714704
36815	41	30.2506106497313	58.3268197361993	-10.7493893502687	17.3268197361993
36816	41	59.6428920371275	115.795310210064	18.6428920371275	74.7953102100635
36817	41	62.2750366389839	113.163165608207	21.2750366389839	72.1631656082071
36818	41	60.5202735710796	106.14411333659	19.5202735710796	65.1441133365901
36819	44	55.2559843673669	108.776257938447	11.2559843673669	64.7762579384465
36820	44	55.2559843673669	107.460185637518	11.2559843673669	63.4601856375183
36821	44	26.3023937469468	50.4303859306302	-17.6976062530532	6.43038593063019
36822	44	24.5476306790425	47.7982413287738	-19.4523693209575	3.79824132877381
36823	36	60.9589643380557	129.833414753298	24.9589643380557	93.8334147532975
36824	41	13.1416707376649	39.0244259892526	-27.8583292623351	-1.97557401074744
36825	41	61.8363458720078	114.479237909135	20.8363458720078	73.4792379091353
36826	41	62.7137274059599	119.304836345872	21.7137274059599	78.304836345872
36827	40	54.3004396678066	84.3180263800684	14.3004396678066	44.3180263800684
36828	40	51.1167562286273	97.0527601367855	11.1167562286273	57.0527601367855
36829	40	48.8426966292135	79.3150952613581	8.84269662921348	39.3150952613581
36830	39	42.438202247191	108.61797752809	3.43820224719101	69.6179775280899
36831	17	25.4250122129946	46.0434782608696	8.42501221299463	29.0434782608696
36832	17	36.3922813873962	67.1006350757206	19.3922813873962	50.1006350757206
36833	17	24.1089399120664	42.9726428920371	7.10893991206644	25.9726428920371
36834	47	86.8426966292135	187.606741573034	39.8426966292135	140.606741573034
36835	58	131.247191011236	229.449438202247	73.2471910112359	171.449438202247
36836	58	117.157303370787	238.842696629213	59.1573033707865	180.842696629213
36837	56	119.292134831461	225.179775280899	63.2921348314607	169.179775280899
36838	50	124.842696629213	240.123595505618	74.8426966292135	190.123595505618
36839	56	112.887640449438	245.247191011236	56.8876404494382	189.247191011236
36840	56	125.696629213483	240.977528089888	69.6966292134831	184.977528089888
36841	34	29.2594040058622	60.7650219833903	-4.74059599413776	26.7650219833903
36842	34	28.2320468978994	60.4225696140694	-5.76795310210063	26.4225696140694
36843	35	155.281875915975	337.808988764045	120.281875915975	302.808988764045
36844	47	371.026868588178	371.026868588178	324.026868588178	324.026868588178
36845	47	381.985344406448	381.985344406448	334.985344406448	334.985344406448
36847	36	43.6424035173425	108.365901319003	7.64240351734245	72.3659013190034
36848	38	48.0942843185149	114.18759159746	10.0942843185149	76.1875915974597
36849	120	115.022471910112	208.52808988764	-4.97752808988764	88.5280898876404
36850	72	38.8368343917929	98.4171958964338	-33.1631656082071	26.4171958964338
36851	72	30.1954079140205	96.14313629702	-41.8045920859795	24.14313629702
36852	72	24.2828529555447	107.513434294089	-47.7171470444553	35.5134342940889
36853	72	53.8456277479238	131.618466047875	-18.1543722520762	59.618466047875
36854	72	27.0117244748412	94.323888617489	-44.9882755251588	22.323888617489
36855	72	36.1079628724963	89.7757694186615	-35.8920371275037	17.7757694186615
36856	72	45.2042012701514	104.32975085491	-26.7957987298486	32.3297508549096
36857	72	23.3732291157792	87.5017098192477	-48.6267708842208	15.5017098192477
36858	72	30.1954079140205	83.4084025403029	-41.8045920859795	11.4084025403029
36859	23	17.5285784074255	54.8172936003908	-5.4714215925745	31.8172936003908
36860	17	20.1607230092819	57.0107474352711	3.16072300928187	40.0107474352711
36861	23	13.5803615046409	50.4303859306302	-9.41963849535906	27.4303859306302
36862	23	33.7601367855398	85.9643380556913	10.7601367855398	62.9643380556913
36863	23	27.6184660478749	87.2804103566194	4.61846604787494	64.2804103566194
36864	23	25.4250122129946	59.2042012701514	2.42501221299463	36.2042012701514
36865	23	40.7791890571568	81.5774303859306	17.7791890571568	58.5774303859306
36866	23	31.5666829506595	77.19052271617	8.5666829506595	54.19052271617
36867	23	40.3404982901808	88.5964826575476	17.3404982901808	65.5964826575476
36868	23	41.6565705911089	100.441133365901	18.6565705911089	77.4411333659013
36869	23	25.8637029799707	47.3595505617978	2.86370297997069	24.3595505617978
36870	23	22.3541768441622	43.4113336590132	-0.64582315583781	20.4113336590132
36871	23	22.3541768441622	49.114313629702	-0.64582315583781	26.114313629702
36872	23	21.4767953102101	44.2887151929653	-1.52320468978994	21.2887151929653
36873	23	23.6702491450904	43.4113336590132	0.670249145090377	20.4113336590132
36874	23	23.6702491450904	45.1660967269174	0.670249145090377	22.1660967269174
36875	23	27.1797752808989	44.2887151929653	4.17977528089888	21.2887151929653
36876	18	33.3214460185637	95.1768441621886	15.3214460185637	77.1768441621886
36877	18	27.6184660478749	61.8363458720078	9.61846604787494	43.8363458720078
36878	18	21.9154860771861	72.3649242794333	3.91548607718612	54.3649242794333
36879	18	11.8255984367367	45.1660967269174	-6.17440156326331	27.1660967269174
36880	18	17.9672691744016	49.5530043966781	-0.0327308255984349	31.5530043966781
36881	38	19.8089887640449	97.0898876404494	-18.1910112359551	59.0898876404494
36882	35	91.1402051783097	206.207620908647	56.1402051783097	171.207620908647
36884	53	42.0205178309722	91.1402051783097	-10.9794821690278	38.1402051783097
36885	53	33.3790913531998	95.6883243771373	-19.6209086468002	42.6883243771373
36886	53	74.7669760625305	426.791402051783	21.7669760625305	373.791402051783
36887	53	38.3820224719101	99.3268197361993	-14.6179775280899	46.3268197361993
36889	53	37.9272105520274	91.5950170981925	-15.0727894479726	38.5950170981925
36900	27	28.8309721543723	94.323888617489	1.83097215437225	67.323888617489
36902	38	36.1079628724963	94.323888617489	-1.89203712750366	56.323888617489
36903	38	28.3761602344895	91.5950170981925	-9.6238397655105	53.5950170981925
36904	38	28.8309721543723	81.1343429408891	-9.16902784562775	43.1343429408891
36905	38	28.3761602344895	91.1402051783097	-9.6238397655105	53.1402051783097
36917	24	24.7376648754275	82.4987787005374	0.737664875427456	58.4987787005374
36918	24	24.7376648754275	82.4987787005374	0.737664875427456	58.4987787005374
36920	22	41.5842696629214	406.640449438202	19.5842696629214	384.640449438202
36921	22	21.9438202247191	291.786516853933	-0.0561797752808992	269.786516853933
36922	22	77.876404494382	301.179775280899	55.876404494382	279.179775280899
36924	22	41.1573033707865	407.921348314607	19.1573033707865	385.921348314607
36925	22	29.6292134831461	54.8202247191011	7.62921348314607	32.8202247191011
36928	22	50.123595505618	101.359550561798	28.123595505618	79.3595505617977
36929	22	49.2696629213483	93.6741573033708	27.2696629213483	71.6741573033708
36931	15	27.1797752808989	77.6292134831461	12.1797752808989	62.6292134831461
36932	15	29.8119198827553	72.8036150464094	14.8119198827553	57.8036150464094
36933	54	66.5803615046409	138.440644846116	12.5803615046409	84.4406448461163
36934	54	75.2217879824133	155.268685881778	21.2217879824133	101.268685881778
36935	54	69.7640449438202	152.085002442599	15.7640449438202	98.0850024425989
36936	54	54.3004396678066	120.248168050806	0.30043966780655	66.2481680508061
36937	49	67.9447972642892	148.446507083537	18.9447972642892	99.4465070835369
36938	58	43.8397655105032	107.968246213972	-14.1602344894968	49.9682462139717
36939	58	57.4841231069858	121.612603810454	-0.515876893014166	63.6126038104543
36940	57	64.3063019052272	154.359062042013	7.30630190522717	97.3590620420127
36941	61	26.1021006350757	218.487542745481	-34.8978993649243	157.487542745481
36942	61	39.7464582315584	164.364924279433	-21.2535417684416	103.364924279433
36943	49	40.8720078163166	91.5217391304348	-8.12799218368344	42.5217391304348
36944	65	52.9360039081583	134.347337567171	-12.0639960918417	69.3473375671715
36946	65	47.0234489496825	110.242305813385	-17.9765510503175	45.2423058133854
36947	65	47.4782608695652	110.697117733268	-17.5217391304348	45.6971177332682
36948	65	61.1226184660479	139.350268685882	-3.87738153395212	74.3502686858818
36949	63	72.9477283829995	144.353199804592	9.94772838299951	81.3531998045921
36950	68	112.516365412799	193.018075232047	44.5163654127992	125.018075232047
36951	68	129.344406448461	221.67122618466	61.3444064484612	153.67122618466
36952	68	68.399609184172	117.064484611627	0.399609184171965	49.0644846116268
36953	68	70.6736687835857	119.793356130923	2.67366878358574	51.7933561309233
36954	68	73.4025403028823	119.338544211041	5.40254030288227	51.3385442110406
36955	68	42.9301416707377	98.4171958964338	-25.0698583292623	30.4171958964338
36956	68	51.1167562286273	99.7816316560821	-16.8832437713727	31.7816316560821
36957	68	60.6678065461651	109.33268197362	-7.33219345383488	41.3326819736199
36958	68	61.5774303859306	108.423058133854	-6.42256961406937	40.4230581338544
36959	68	72.9477283829995	122.067415730337	4.94772838299951	54.0674157303371
36960	68	61.5774303859306	111.606741573034	-6.42256961406937	43.6067415730337
36961	68	53.390815828041	103.874938935027	-14.609184171959	35.8749389350269
36962	68	58.8485588666341	108.423058133854	-9.1514411333659	40.4230581338544
36963	68	57.0293111871031	103.420127015144	-10.9706888128969	35.4201270151441
36964	68	50.2071323888618	98.8720078163166	-17.7928676111382	30.8720078163166
36965	68	55.2100635075721	97.0527601367855	-12.7899364924279	29.0527601367855
36966	68	45.2042012701514	98.8720078163166	-22.7957987298486	30.8720078163166
36967	68	90.2305813385442	148.90131900342	22.2305813385442	80.9013190034196
36968	68	57.9389350268686	101.600879335613	-10.0610649731314	33.6008793356131
36969	68	62.4870542256961	101.600879335613	-5.51294577430386	33.6008793356131
36970	68	77.9506595017098	131.618466047875	9.95065950170982	63.618466047875
36971	68	72.9477283829995	123.886663409868	4.94772838299951	55.8866634098681
36972	68	78.4054714215926	131.618466047875	10.4054714215926	63.618466047875
36973	68	77.9506595017098	125.251099169516	9.95065950170982	57.2510991695164
36974	68	51.1167562286273	104.32975085491	-16.8832437713727	36.3297508549096
36975	68	83.8632144601856	154.813873961895	15.8632144601856	86.8138739618955
36976	68	82.4987787005374	143.443575964827	14.4987787005374	75.4435759648266
36977	68	84.7728382999511	146.172447484123	16.7728382999511	78.1724474841231
36978	68	67.4899853444064	107.968246213972	-0.510014655593551	39.9682462139717
36979	68	77.9506595017098	126.160723009282	9.95065950170982	58.1607230092819
36980	68	83.8632144601856	143.898387884709	15.8632144601856	75.8983878847093
36981	68	77.4958475818271	128.434782608696	9.49584758182706	60.4347826086957
36982	68	71.1284807034685	115.700048851979	3.1284807034685	47.7000488519785
36983	68	72.9477283829995	119.793356130923	4.94772838299951	51.7933561309233
36984	68	64.7611138251099	108.877870053737	-3.23888617489008	40.8778700537372
36985	68	78.8602833414753	130.708842208109	10.8602833414753	62.7088422081094
36986	68	65.6707376648754	109.787493893503	-2.32926233512457	41.7874938935027
36987	68	64.7611138251099	124.796287249634	-3.23888617489008	56.7962872496336
36988	68	67.4899853444064	121.157791890572	-0.510014655593551	53.1577918905716
36989	68	48.3878847093307	96.14313629702	-19.6121152906693	28.14313629702
36990	68	92.504640937958	154.359062042013	24.504640937958	86.3590620420127
36991	68	83.4084025403029	133.437713727406	15.4084025403029	65.437713727406
36992	68	65.6707376648754	111.606741573034	-2.32926233512457	43.6067415730337
36993	68	59.3033707865169	105.239374694675	-8.69662921348314	37.2393746946751
36994	68	61.1226184660479	105.694186614558	-6.87738153395212	37.6941866145579
36995	68	72.038104543234	119.793356130923	4.038104543234	51.7933561309233
36996	68	66.5803615046409	130.254030288227	-1.41963849535907	62.2540302882267
36997	68	67.4899853444064	114.790425012213	-0.510014655593551	46.790425012213
36998	68	69.7640449438202	117.51929653151	1.76404494382022	49.5192965315095
36999	71	72.9477283829995	124.796287249634	1.94772838299951	53.7962872496336
37000	71	77.0410356619443	120.702979970689	6.04103566194431	49.7029799706888
37001	71	59.3033707865169	99.3268197361993	-11.6966292134831	28.3268197361993
37002	42	87.2696629213483	169.674157303371	45.2696629213483	127.674157303371
37008	17	19.2833414753297	52.1851489985344	2.28334147532975	35.1851489985344
37011	17	28.9345383488031	65.3458720078163	11.9345383488031	48.3458720078163
37013	17	32.4440644846116	61.8363458720078	15.4440644846116	44.8363458720078
37014	17	17.5285784074255	70.171470444553	0.528578407425499	53.171470444553
37017	17	32.0053737176356	64.0297997068881	15.0053737176356	47.0297997068881
37020	17	19.7220322423058	61.8363458720078	2.72203224230581	44.8363458720078
37021	16	26.3023937469468	72.8036150464094	10.3023937469468	56.8036150464094
37025	17	25.8637029799707	85.0869565217391	8.86370297997069	68.0869565217391
37026	40	39.0224719101124	112.887640449438	-0.977528089887642	72.8876404494382
37028	28	40.9643380556913	109.345872007816	12.9643380556913	81.3458720078163
37029	49	37.0175867122618	72.9477283829995	-11.9824132877382	23.9477283829995
37030	49	56.5744992672203	97.5075720566683	7.57449926722033	48.5075720566683
37031	49	57.0293111871031	126.160723009282	8.02931118710308	77.1607230092819
37032	49	31.5598436736688	94.323888617489	-17.4401563263312	45.323888617489
37035	49	46.113825109917	85.6824621397167	-2.88617489008305	36.6824621397167
37036	49	35.6531509526136	77.0410356619443	-13.3468490473864	28.0410356619443
37037	49	36.1079628724963	76.1314118221788	-12.8920371275037	27.1314118221788
37038	49	43.3849535906204	82.0439667806546	-5.61504640937958	33.0439667806546
37039	49	40.2012701514411	83.8632144601856	-8.79872984855886	34.8632144601856
37041	49	34.2887151929653	92.9594528578407	-14.7112848070347	43.9594528578407
37042	49	44.2945774303859	75.676599902296	-4.70542256961406	26.676599902296
37043	49	41.1108939912066	73.857352222765	-7.88910600879336	24.857352222765
37044	49	37.9272105520274	75.676599902296	-11.0727894479726	26.676599902296
37045	49	32.4694675134343	73.4025403028823	-16.5305324865657	24.4025403028823
37046	49	40.6560820713239	76.1314118221788	-8.34391792867611	27.1314118221788
37047	49	37.0175867122618	70.218856863703	-11.9824132877382	21.218856863703
37048	49	35.1983390327308	68.8544211040547	-13.8016609672692	19.8544211040547
37049	49	36.1079628724963	89.7757694186615	-12.8920371275037	40.7757694186615
37050	56	60.2129946262824	103.420127015144	4.21299462628237	47.4201270151441
37051	29	32.8827552515877	61.3976551050318	3.88275525158769	32.3976551050318
37052	29	33.7601367855398	60.0815828041036	4.76013678553981	31.0815828041036
37053	29	31.5666829506595	74.1196873473376	2.5666829506595	45.1196873473376
37054	32	34.6375183194919	72.8036150464094	2.63751831949194	40.8036150464094
37055	29	32.8827552515877	66.6619443087445	3.88275525158769	37.6619443087445
37056	29	19.7220322423058	34.6375183194919	-9.27796775769419	5.63751831949194
37057	29	31.1279921836834	59.6428920371275	2.12799218368344	30.6428920371275
37058	29	34.6375183194919	68.4167073766488	5.63751831949194	39.4167073766488
37059	29	38.1470444553004	74.1196873473376	9.14704445530044	45.1196873473376
37060	29	41.6565705911089	64.9071812408403	12.6565705911089	35.9071812408403
37061	29	31.5666829506595	73.6809965803615	2.5666829506595	44.6809965803615
37062	29	40.3404982901808	73.6809965803615	11.3404982901808	44.6809965803615
37063	32	43.4113336590132	94.2994626282364	11.4113336590132	62.2994626282364
37064	32	37.2696629213483	71.4875427454812	5.26966292134831	39.4875427454812
37065	32	35.076209086468	60.9589643380557	3.076209086468	28.9589643380557
37066	32	40.7791890571568	82.8935026868588	8.77918905715681	50.8935026868588
37067	32	36.3922813873962	81.5774303859306	4.39228138739619	49.5774303859306
37068	21	39.4631167562286	73.6809965803615	18.4631167562286	52.6809965803615
37069	57	67.9447972642892	108.423058133854	10.9447972642892	51.4230581338544
37070	57	65.6707376648754	96.5979482169028	8.67073766487543	39.5979482169028
37071	57	74.3121641426478	110.697117733268	17.3121641426478	53.6971177332682
37072	57	65.2159257449927	113.425989252565	8.21592574499267	56.4259892525647
37073	57	62.4870542256961	102.510503175379	5.48705422569614	45.5105031753786
37074	57	69.3092330239375	142.988764044944	12.3092330239375	85.9887640449438
37075	57	73.4025403028823	132.982901807523	16.4025403028823	75.9829018075232
37076	57	69.7640449438202	119.793356130923	12.7640449438202	62.7933561309233
37077	57	54.7552515876893	81.1343429408891	-2.2447484123107	24.1343429408891
37078	57	64.7611138251099	108.423058133854	7.76111382510992	51.4230581338544
37079	57	93.8690766976063	159.816805080606	36.8690766976063	102.816805080606
37080	57	74.3121641426478	128.434782608696	17.3121641426478	71.4347826086957
37081	67	67.4899853444064	99.3268197361993	0.489985344406449	32.3268197361993
37082	67	69.3092330239375	122.977039570103	2.30923302393748	55.9770395701026
37083	67	73.4025403028823	132.52808988764	6.40254030288227	65.5280898876404
37084	58	71.5832926233512	117.974108451392	13.5832926233512	59.9741084513923
37085	58	95.2335124572545	164.819736199316	37.2335124572545	106.819736199316
37086	58	70.6736687835857	125.705911089399	12.6736687835857	67.7059110893991
37087	58	67.9447972642892	112.061553492916	9.94479726428921	54.0615534929165
37088	58	64.7611138251099	124.796287249634	6.76111382510992	66.7962872496336
37089	87	79.7699071812408	127.979970688813	-7.23009281875916	40.9799706888129
37090	87	62.0322423058134	100.236443575965	-24.9677576941866	13.2364435759648
37091	87	69.3092330239375	100.691255495848	-17.6907669760625	13.6912554958476
37092	87	82.4987787005374	122.067415730337	-4.50122129946263	35.0674157303371
37093	46	64.6404494382022	155.157303370787	18.6404494382022	109.157303370787
37094	32	44.2887151929653	97.8089887640449	12.2887151929653	65.8089887640449
37095	35	72.752808988764	135.516853932584	37.752808988764	100.516853932584
37096	35	65.4943820224719	135.943820224719	30.4943820224719	100.943820224719
37097	35	61.6516853932584	110.752808988764	26.6516853932584	75.752808988764
37098	24	34.7435271128481	60.2129946262824	10.7435271128481	36.2129946262824
37099	24	32.9242794333171	58.3937469467513	8.92427943331705	34.3937469467513
37100	24	33.3790913531998	58.8485588666341	9.3790913531998	34.8485588666341
37101	24	28.3761602344895	53.390815828041	4.3761602344895	29.390815828041
37102	24	28.8309721543723	53.8456277479238	4.83097215437225	29.8456277479238
37103	24	29.7405959941378	54.3004396678066	5.74059599413776	30.3004396678066
37104	24	36.5627747923791	67.9447972642892	12.5627747923791	43.9447972642892
37105	24	35.6531509526136	66.5803615046409	11.6531509526136	42.5803615046409
37106	24	26.5569125549585	50.2071323888618	2.55691255495848	26.2071323888618
37107	24	28.3761602344895	51.57156814851	4.3761602344895	27.57156814851
37109	38	57.4494382022472	131.588177821202	19.4494382022472	93.5881778212018
37110	37	35.5148998534441	93.8607718612604	-1.48510014655594	56.8607718612604
37111	37	46.4821690278456	94.2994626282364	9.48216902784563	57.2994626282364
37112	37	30.2506106497313	90.3512457254519	-6.74938935026869	53.3512457254519
37113	38	34.6375183194919	86.4030288226673	-3.36248168050806	48.4030288226673
37114	38	40.7791890571568	92.9833903273083	2.77918905715681	54.9833903273083
37115	37	31.5666829506595	83.7708842208109	-5.4333170493405	46.7708842208109
37116	37	66.6619443087445	143.432828529555	29.6619443087445	106.432828529555
37117	36	42.5339521250611	93.4220810942843	6.53395212506106	57.4220810942843
37118	36	33.3214460185637	84.6482657547631	-2.67855398143625	48.6482657547631
37119	36	44.2887151929653	89.9125549584758	8.28871519296531	53.9125549584758
37120	38	33.7601367855398	88.5964826575476	-4.23986321446019	50.5964826575476
37121	36	32.0053737176356	93.8607718612604	-3.99462628236444	57.8607718612604
37122	36	31.5666829506595	88.1577918905716	-4.4333170493405	52.1577918905716
37123	36	42.095261358085	87.7191011235955	6.095261358085	51.7191011235955
37124	36	60.5202735710796	153.522716170005	24.5202735710796	117.522716170005
37125	36	45.1660967269174	94.2994626282364	9.16609672691744	58.2994626282364
37126	38	39.4631167562286	115.356619443087	1.46311675622863	77.3566194430874
37127	36	58.3268197361993	113.601856375183	22.3268197361993	77.6018563751832
37128	36	35.5148998534441	86.8417195896434	-0.485100146555936	50.8417195896434
37129	38	32.8827552515877	89.4738641914998	-5.11724474841231	51.4738641914998
37130	38	31.5666829506595	87.7191011235955	-6.4333170493405	49.7191011235955
37131	38	34.1988275525159	91.228627259404	-3.80117244748412	53.228627259404
37132	38	32.4440644846116	87.7191011235955	-5.55593551538837	49.7191011235955
37133	38	37.2696629213483	87.7191011235955	-0.730337078651687	49.7191011235955
37134	38	39.0244259892526	88.1577918905716	1.02442598925256	50.1577918905716
37135	38	39.9018075232047	92.1060087933561	1.90180752320469	54.1060087933561
37136	36	41.6565705911089	90.3512457254519	5.65657059110894	54.3512457254519
37137	36	42.095261358085	128.956033219345	6.095261358085	92.9560332193454
37138	36	43.4113336590132	90.7899364924279	7.41133365901319	54.7899364924279
37139	38	39.9018075232047	87.7191011235955	1.90180752320469	49.7191011235955
37140	37	53.9399120664387	133.342940889106	16.9399120664387	96.342940889106
37141	36	40.7791890571568	85.5256472887152	4.77918905715681	49.5256472887152
37142	35	39.0244259892526	91.228627259404	4.02442598925256	56.228627259404
37143	38	40.7791890571568	92.1060087933561	2.77918905715681	54.1060087933561
37144	38	35.076209086468	82.8935026868588	-2.923790913532	44.8935026868588
37145	38	30.6893014167074	86.4030288226673	-7.31069858329262	48.4030288226673
37146	38	32.4440644846116	87.7191011235955	-5.55593551538837	49.7191011235955
37147	38	33.7601367855398	89.9125549584758	-4.23986321446019	51.9125549584758
37148	38	49.5530043966781	97.8089887640449	11.5530043966781	59.8089887640449
37149	38	39.4631167562286	92.9833903273083	1.46311675622863	54.9833903273083
37150	38	47.3595505617978	94.7381533952125	9.35955056179775	56.7381533952125
37151	33	87.2804103566194	182.476306790425	54.2804103566194	149.476306790425
37152	33	96.9316072300928	184.231069858329	63.9316072300928	151.231069858329
37153	33	100.441133365901	171.947728383	67.4411333659013	138.947728383
37154	33	122.375671714704	230.732291157792	89.3756717147044	197.732291157792
37155	33	97.3702979970689	180.282852955545	64.3702979970689	147.282852955545
37156	33	55.2559843673669	141.239374694675	22.2559843673669	108.239374694675
37157	33	76.7518319491939	195.198339032731	43.7518319491939	162.198339032731
37158	33	88.1577918905716	188.61797752809	55.1577918905716	155.61797752809
37159	33	93.4220810942843	198.269174401563	60.4220810942843	165.269174401563
37160	27	118.866145578896	220.203712750366	91.8661455788959	193.203712750366
37161	27	85.5256472887152	174.14118221788	58.5256472887152	147.14118221788
37162	27	93.8607718612604	171.070346849047	66.8607718612604	144.070346849047
37163	28	131.149487054226	250.473375671715	103.149487054226	222.473375671715
37164	28	86.4030288226673	158.787005373718	58.4030288226673	130.787005373718
37165	28	67.1006350757206	147.819736199316	39.1006350757206	119.819736199316
37166	28	100.879824132877	191.688812896922	72.8798241328774	163.688812896922
37167	28	94.2994626282364	199.146555935515	66.2994626282364	171.146555935515
37168	28	111.408402540303	221.519785051295	83.4084025403029	193.519785051295
37169	28	107.021494870542	180.282852955545	79.0214948705423	152.282852955545
37170	28	112.724474841231	211.429897410845	84.7244748412311	183.429897410845
37171	28	92.1060087933561	222.397166585247	64.1060087933561	194.397166585247
37172	28	66.6619443087445	118.42745481192	38.6619443087445	90.4274548119199
37173	28	90.7899364924279	189.495359062042	62.7899364924279	161.495359062042
37174	28	91.6673180263801	182.914997557401	63.6673180263801	154.914997557401
37175	28	86.8417195896434	184.669760625305	58.8417195896434	156.669760625305
37176	28	44.2887151929653	106.14411333659	16.2887151929653	78.1441133365901
37177	28	65.3458720078163	146.064973131412	37.3458720078163	118.064973131412
37178	28	43.8500244259893	99.5637518319492	15.8500244259893	71.5637518319492
37179	28	91.228627259404	184.231069858329	63.228627259404	156.231069858329
37180	28	94.7381533952125	201.340009770396	66.7381533952125	173.340009770396
37181	28	165.806057645335	262.756717147044	137.806057645335	234.756717147044
37182	28	91.228627259404	193.882266731803	63.228627259404	165.882266731803
37183	28	88.5964826575476	167.999511480215	60.5964826575476	139.999511480215
37184	28	113.163165608207	200.462628236444	85.1631656082071	172.462628236444
37186	31	19.2799218368344	198.930630190523	-11.7200781631656	167.930630190523
37187	63	64.3063019052272	134.802149487054	1.30630190522717	71.8021494870542
37188	63	62.9418661455789	87.9565217391304	-0.0581338544211008	24.9565217391304
37189	28	46.3986321446019	90.7787005373718	18.3986321446019	62.7787005373718
37190	28	38.7000488519785	99.3829995114802	10.7000488519785	71.3829995114802
37191	28	34.6243282852956	83.532975085491	6.62432828529555	55.532975085491
37192	28	52.285784074255	89.8729848558867	24.285784074255	61.8729848558867
37193	28	46.3986321446019	118.85588666341	18.3986321446019	90.8558866634099
37194	40	44.1343429408891	83.9858329262335	4.13434294088911	43.9858329262335
37195	40	45.4929164631168	85.7972642892037	5.49291646311676	45.7972642892037
37196	26	35.9829018075232	76.7401074743527	9.98290180752321	50.7401074743527
37197	26	46.8514899853444	82.6272594040059	20.8514899853444	56.6272594040059
37198	26	49.1157791890572	92.1372740595994	23.1157791890572	66.1372740595994
37199	26	47.7572056668295	86.7029799706888	21.7572056668295	60.7029799706888
37200	26	48.2100635075721	91.6844162188569	22.2100635075721	65.6844162188569
37201	26	38.7000488519785	78.5515388373229	12.7000488519785	52.5515388373229
37202	26	43.228627259404	79.457254518808	17.228627259404	53.457254518808
37203	26	27.8314606741573	89.4201270151441	1.83146067415731	63.4201270151441
37204	48	44.2887151929653	114.917928676111	-3.71128480703469	66.9179286761114
37205	26	34.6243282852956	75.8343917928676	8.62432828529555	49.8343917928676
37206	26	40.5114802149487	87.1558378114314	14.5114802149487	61.1558378114314
37207	26	35.9829018075232	82.6272594040059	9.98290180752321	56.6272594040059
37208	40	64.0600879335613	109.798729848559	24.0600879335613	69.7987298485589
37209	36	36.1084513922814	88.1612115290669	0.108451392281388	52.1612115290669
37210	36	27.2046897899365	59.0527601367855	-8.7953102100635	23.0527601367855
37211	36	28.9169516365413	59.7376648754275	-7.08304836345872	23.7376648754275
37212	35	27.5471421592575	58.3678553981436	-7.45285784074255	23.3678553981436
37213	36	40.2178798241329	107.338544211041	4.21787982413288	71.3385442110406
37214	23	38.8368343917929	86.1372740595994	15.8368343917929	63.1372740595994
37215	22	33.3214460185637	68.8553981436248	11.3214460185637	46.8553981436248
37216	22	34.1988275525159	67.1006350757206	12.1988275525159	45.1006350757206
37217	20	21.4767953102101	52.1851489985344	1.47679531021006	32.1851489985344
37218	20	18.8446507083537	32.4440644846116	-1.15534929164631	12.4440644846116
37219	20	18.4059599413776	32.0053737176356	-1.59404005862238	12.0053737176356
37220	20	22.3541768441622	52.6238397655105	2.35417684416219	32.6238397655105
37221	20	26.7410845139228	53.0625305324866	6.74108451392281	33.0625305324866
37222	21	24.5476306790425	53.9399120664387	3.5476306790425	32.9399120664387
37223	21	24.5476306790425	55.6946751343429	3.5476306790425	34.6946751343429
37224	51	81.5891548607719	166.184171958964	30.5891548607719	115.184171958964
37225	51	163.843185148999	348.425012212995	112.843185148999	297.425012212995
37226	30	35.6067415730337	115.449438202247	5.6067415730337	85.4494382022472
37227	30	41.5842696629214	98.3707865168539	11.5842696629214	68.3707865168539
37228	30	139.359550561798	314.415730337079	109.359550561798	284.415730337079
37229	30	43.2921348314607	100.078651685393	13.2921348314607	70.0786516853933
37230	30	55.6741573033708	121.426966292135	25.6741573033708	91.4269662921348
37231	18	22.3541768441622	186.42452369321	4.35417684416219	168.42452369321
37232	59	92.9594528578407	204.388373229116	33.9594528578407	145.388373229116
37233	29	61.5774303859306	165.274548119199	32.5774303859306	136.274548119199
37234	37	36.5627747923791	93.8690766976063	-0.437225207620912	56.8690766976063
37235	57	80.6795310210064	267.607230092819	23.6795310210064	210.607230092819
37236	46	112.033707865169	249.943820224719	66.0337078651685	203.943820224719
37237	46	130.820224719101	279.404494382022	84.8202247191011	233.404494382022
37238	60	47.4782608695652	92.0498290180752	-12.5217391304348	32.0498290180752
37240	60	31.5598436736688	43.8397655105032	-28.4401563263312	-16.1602344894968
37241	60	34.2887151929653	46.5686370297997	-25.7112848070347	-13.4313629702003
37246	30	37.7083536883244	76.3131411822179	7.70835368832438	46.3131411822179
37247	30	34.6375183194919	72.3649242794333	4.63751831949194	42.3649242794333
37248	30	38.1470444553004	87.7191011235955	8.14704445530044	57.7191011235955
37249	19	33.3790913531998	63.3966780654616	14.3790913531998	44.3966780654616
37250	30	45.6590131900342	86.1372740595994	15.6590131900342	56.1372740595994
37251	19	32.9242794333171	65.2159257449927	13.9242794333171	46.2159257449927
37252	19	41.5657059110894	76.1314118221788	22.5657059110894	57.1314118221788
37253	19	31.5598436736688	66.1255495847582	12.5598436736688	47.1255495847582
37254	19	41.5657059110894	70.218856863703	22.5657059110894	51.218856863703
37255	19	40.6560820713239	92.0498290180752	21.6560820713239	73.0498290180752
37256	19	31.5598436736688	65.6707376648754	12.5598436736688	46.6707376648754
37257	19	32.9242794333171	56.5744992672203	13.9242794333171	37.5744992672203
37258	17	27.0117244748412	48.8426966292135	10.0117244748412	31.8426966292135
37259	19	29.7405959941378	61.1226184660479	10.7405959941378	42.1226184660479
37260	19	38.8368343917929	85.6824621397167	19.8368343917929	66.6824621397167
37261	19	39.2916463116756	76.5862237420616	20.2916463116756	57.5862237420616
37262	19	45.2042012701514	79.7699071812408	26.2042012701514	60.7699071812408
37263	19	25.647288715193	100.691255495848	6.64728871519297	81.6912554958476
37264	19	24.7376648754275	58.8485588666341	5.73766487542746	39.8485588666341
37265	19	22.9184171958964	59.7581827063996	3.91841719589643	40.7581827063996
37266	19	33.8339032730826	66.5803615046409	14.8339032730826	47.5803615046409
37267	19	36.1079628724963	72.9477283829995	17.1079628724963	53.9477283829995
37268	19	26.1021006350757	56.1196873473376	7.10210063507572	37.1196873473376
37269	19	27.466536394724	65.6707376648754	8.46653639472399	46.6707376648754
37270	19	43.8397655105032	76.1314118221788	24.8397655105032	57.1314118221788
37271	19	25.647288715193	53.390815828041	6.64728871519297	34.390815828041
37272	19	32.0146555935515	64.7611138251099	13.0146555935515	45.7611138251099
37273	19	43.8397655105032	105.239374694675	24.8397655105032	86.2393746946751
37274	19	28.8309721543723	65.2159257449927	9.83097215437225	46.2159257449927
37275	19	29.285784074255	63.3966780654616	10.285784074255	44.3966780654616
37276	19	34.2887151929653	68.399609184172	15.2887151929653	49.399609184172
37277	19	35.6531509526136	66.1255495847582	16.6531509526136	47.1255495847582
37278	19	28.8309721543723	65.6707376648754	9.83097215437225	46.6707376648754
37279	19	39.7464582315584	79.3150952613581	20.7464582315584	60.3150952613581
37280	19	33.8339032730826	65.2159257449927	14.8339032730826	46.2159257449927
37281	19	31.5598436736688	69.3092330239375	12.5598436736688	50.3092330239375
37282	19	20.6443575964827	63.8514899853444	1.64435759648266	44.8514899853444
37283	19	30.6502198339033	60.2129946262824	11.6502198339033	41.2129946262824
37284	19	27.9213483146067	65.6707376648754	8.92134831460674	46.6707376648754
37285	19	32.0146555935515	61.5774303859306	13.0146555935515	42.5774303859306
37286	19	25.1924767953102	62.9418661455789	6.19247679531021	43.9418661455789
37287	19	34.2887151929653	65.6707376648754	15.2887151929653	46.6707376648754
37288	30	35.076209086468	71.0488519785051	5.076209086468	41.0488519785051
37289	30	41.6565705911089	70.6101612115291	11.6565705911089	40.6101612115291
37290	30	37.7083536883244	71.9262335124573	7.70835368832438	41.9262335124573
37291	30	42.5339521250611	69.7327796775769	12.5339521250611	39.7327796775769
37292	25	39.9018075232047	71.9262335124573	14.9018075232047	46.9262335124573
37293	34	42.095261358085	70.6101612115291	8.095261358085	36.6101612115291
37294	34	33.7601367855398	73.6809965803615	-0.239863214460186	39.6809965803615
37295	34	36.3922813873962	74.5583781143136	2.39228138739619	40.5583781143136
37296	34	42.5339521250611	73.6809965803615	8.53395212506106	39.6809965803615
37297	34	38.1470444553004	81.5774303859306	4.14704445530044	47.5774303859306
37298	34	39.9018075232047	72.3649242794333	5.90180752320469	38.3649242794333
37299	34	37.7083536883244	73.2423058133854	3.70835368832438	39.2423058133854
37300	32	29.3732291157792	47.7982413287738	-2.62677088422081	15.7982413287738
37301	32	37.2696629213483	67.1006350757206	5.26966292134831	35.1006350757206
37302	30	32.0053737176356	74.5583781143136	2.00537371763556	44.5583781143136
37304	24	32.0053737176356	57.8881289692233	8.00537371763556	33.8881289692233
37305	24	29.3732291157792	61.8363458720078	5.37322911577919	37.8363458720078
37306	24	30.6893014167074	58.3268197361993	6.68930141670738	34.3268197361993
37307	21	40.7791890571568	74.9970688812897	19.7791890571568	53.9970688812897
37308	21	22.7928676111382	80.7000488519785	1.79286761113825	59.7000488519785
37309	21	34.1988275525159	58.3268197361993	13.1988275525159	37.3268197361993
37310	51	37.314606741573	93.247191011236	-13.685393258427	42.247191011236
37311	27	43.7191011235955	92.3932584269663	16.7191011235955	65.3932584269663
37312	27	37.7415730337079	92.3932584269663	10.7415730337079	65.3932584269663
37313	65	44.1460674157303	80.0112359550562	-20.8539325842697	15.0112359550562
37314	31	33.8988764044944	85.1348314606741	2.89887640449438	54.1348314606741
37315	31	37.7415730337079	90.685393258427	6.74157303370787	59.685393258427
37316	46	37.7415730337079	95.3820224719101	-8.25842696629213	49.3820224719101
37317	43	50.2071323888618	110.697117733268	7.20713238886175	67.6971177332682
37318	44	49.752320468979	86.1372740595994	5.75232046897899	42.1372740595994
37319	44	42.9301416707377	86.5920859794822	-1.06985832926233	42.5920859794822
37320	44	44.2945774303859	86.5920859794822	0.294577430385935	42.5920859794822
37321	44	43.8397655105032	88.866145578896	-0.160234489496823	44.866145578896
37322	44	56.1196873473376	97.0527601367855	12.1196873473376	53.0527601367855
37323	44	49.752320468979	87.0468978993649	5.75232046897899	43.0468978993649
37324	44	37.0175867122618	77.0410356619443	-6.98241328773815	33.0410356619443
37325	44	42.0205178309722	82.9535906204201	-1.97948216902785	38.9535906204201
37326	43	37.0175867122618	72.4929164631168	-5.98241328773815	29.4929164631168
37327	40	47.0234489496825	123.886663409868	7.02344894968246	83.8866634098681
37328	40	76.1314118221788	497.742061553493	36.1314118221788	457.742061553493
37330	40	31.105031753786	73.857352222765	-8.89496824621397	33.857352222765
37331	40	12.9125549584758	67.9447972642892	-27.0874450415242	27.9447972642892
37332	40	24.2828529555447	112.971177332682	-15.7171470444553	72.971177332682
37337	40	28.3761602344895	54.7552515876893	-11.6238397655105	14.7552515876893
37339	40	50.6619443087445	320.365412799218	10.6619443087445	280.365412799218
37340	40	22.9184171958964	241.228138739619	-17.0815828041036	201.228138739619
37342	40	47.933072789448	119.793356130923	7.93307278944798	79.7933561309233
37343	40	54.7552515876893	100.691255495848	14.7552515876893	60.6912554958476
37344	39	27.466536394724	140.259892525647	-11.533463605276	101.259892525647
37347	39	37.9272105520274	70.218856863703	-1.07278944797264	31.218856863703
37348	43	34.2887151929653	72.038104543234	-8.71128480703469	29.038104543234
37349	43	33.3790913531998	74.7669760625305	-9.6209086468002	31.7669760625305
