36455	104	69.1895456765999	157.267708842208	-34.8104543234001	53.2677088422081
36456	104	59.2452369320958	129.565705911089	-44.7547630679042	25.5657059110894
36457	104	60.6658524670249	116.780166096727	-43.3341475329751	12.7801660967269
36458	104	50.0112359550562	109.677088422081	-53.9887640449438	5.6770884220811
36459	104	84.8163165608207	187.100635075721	-19.1836834391793	83.1006350757206
36460	104	18.04738641915	121.752320468979	-85.95261358085	17.752320468979
36461	130	39.3566194430874	104.704934049829	-90.6433805569125	-25.295065950171
36463	104	37.2256961406937	124.593551538837	-66.7743038593063	20.5935515388373
36465	104	41.4875427454812	124.593551538837	-62.5124572545188	20.5935515388373
36466	104	40.7772349780166	119.621397166585	-63.2227650219834	15.6213971665853
36467	104	43.6184660478749	118.200781631656	-60.3815339521251	14.2007816316561
36468	107	48.590620420127	137.3790913532	-58.409379579873	30.3790913531998
36469	107	45.7493893502687	140.220322423058	-61.2506106497313	33.2203224230581
36470	107	45.0390815828041	130.276013678554	-61.9609184171959	23.276013678554
36471	107	43.6184660478749	137.3790913532	-63.3815339521251	30.3790913531998
36472	107	54.9833903273083	152.295554469956	-52.0166096726917	45.295554469956
36473	107	32.2535417684416	135.248168050806	-74.7464582315584	28.2481680508061
36474	107	46.4596971177333	142.351245725452	-60.5403028822667	35.3512457254519
36475	107	59.9555446995603	135.248168050806	-47.0444553004397	28.2481680508061
36476	107	50.0112359550562	120.33170493405	-56.9887640449438	13.3317049340498
36477	107	47.1700048851979	118.200781631656	-59.8299951148021	11.2007816316561
36478	45	50.0112359550562	101.863702979971	5.01123595505618	56.8637029799707
36479	45	47.1700048851979	84.8163165608207	2.17000488519786	39.8163165608207
36480	45	47.8803126526624	85.5266243282853	2.88031265266243	40.5266243282853
36481	45	46.4596971177333	84.1060087933561	1.45969711773327	39.1060087933561
36482	45	42.9081582804104	81.9750854909624	-2.09184171958964	36.9750854909624
36483	45	41.4875427454812	79.1338544211041	-3.51245725451881	34.1338544211041
36484	52	45.0390815828041	85.5266243282853	-6.96091841719589	33.5266243282853
36485	52	46.4596971177333	86.2369320957499	-5.54030288226673	34.2369320957499
36486	52	49.3009281875916	93.3400097703957	-2.6990718124084	41.3400097703957
36487	46	44.3287738153395	84.8163165608207	-1.67122618466048	38.8163165608207
36488	111	38.6463116756229	183.549096238398	-72.3536883243771	72.5490962383977
36493	52	42.9081582804104	117.490473864192	-9.09184171958964	65.4904738641915
36494	52	47.1700048851979	114.649242794333	-4.82999511480214	62.6492427943332
36496	52	27.9916951636541	148.033707865169	-24.0083048363459	96.0337078651685
36498	69	54.2730825598437	100.443087445042	-14.7269174401563	31.4430874450415
36499	69	35.8050806057645	228.298485588666	-33.1949193942355	159.298485588666
36501	60	72.0307767464582	166.501709819248	12.0307767464582	106.501709819248
36502	60	46.4596971177333	100.443087445042	-13.5403028822667	40.4430874450415
36503	48	48.590620420127	105.415241817294	0.590620420127017	57.4152418172936
36504	48	47.1700048851979	106.125549584758	-0.829995114802145	58.1255495847582
36505	48	52.1421592574499	104.704934049829	4.14215925744993	56.704934049829
36506	48	53.5627747923791	106.835857352223	5.56277479237909	58.8358573522228
36507	48	50.0112359550562	115.359550561798	2.01123595505618	67.3595505617978
36508	48	50.0112359550562	107.546165119687	2.01123595505618	59.5461651196874
36509	48	52.1421592574499	104.704934049829	4.14215925744993	56.704934049829
36510	48	52.1421592574499	106.835857352223	4.14215925744993	58.8358573522228
36511	48	51.4318514899853	108.966780654617	3.43185148998535	60.9667806546165
36512	48	52.1421592574499	106.835857352223	4.14215925744993	58.8358573522228
36513	48	50.0112359550562	103.994626282364	2.01123595505618	55.9946262823644
36514	48	51.4318514899853	103.2843185149	3.43185148998535	55.2843185148999
36515	48	41.4875427454812	105.415241817294	-6.51245725451881	57.4152418172936
36516	48	46.4596971177333	104.704934049829	-1.54030288226673	56.704934049829
36517	48	51.4318514899853	123.172936003908	3.43185148998535	75.1729360039082
36518	48	47.1700048851979	102.574010747435	-0.829995114802145	54.5740107474353
36519	48	46.4596971177333	106.125549584758	-1.54030288226673	58.1255495847582
36520	48	50.0112359550562	103.994626282364	2.01123595505618	55.9946262823644
36521	33	37.9360039081583	148.033707865169	4.93600390815828	115.033707865169
36522	33	49.3009281875916	111.808011724475	16.3009281875916	78.8080117244749
36523	33	45.7493893502687	115.359550561798	12.7493893502687	82.3595505617978
36524	33	47.1700048851979	111.808011724475	14.1700048851979	78.8080117244749
36525	33	37.2256961406937	145.902784562775	4.2256961406937	112.902784562775
36526	33	47.1700048851979	100.443087445042	14.1700048851979	67.4430874450415
36527	51	36.5153883732291	103.2843185149	-14.4846116267709	52.2843185148999
36528	51	39.3566194430874	104.704934049829	-11.6433805569126	53.704934049829
36529	51	40.7772349780166	96.181240840254	-10.2227650219834	45.181240840254
36530	51	44.3287738153395	97.6018563751832	-6.67122618466048	46.6018563751832
36531	51	43.6184660478749	96.8915486077186	-7.38153395212506	45.8915486077186
36532	51	40.066927210552	103.2843185149	-10.933072789448	52.2843185148999
36533	51	37.9360039081583	121.752320468979	-13.0639960918417	70.752320468979
36534	33	32.9638495359062	157.978016609673	-0.0361504640937937	124.978016609673
36536	77	60.6658524670249	109.677088422081	-16.3341475329751	32.6770884220811
36537	77	58.5349291646312	96.181240840254	-18.4650708353688	19.181240840254
36538	94	72.0307767464582	164.370786516854	-21.9692232535418	70.3707865168539
36539	94	66.3483146067416	118.200781631656	-27.6516853932584	24.2007816316561
36540	94	64.2173913043478	117.490473864192	-29.7826086956522	23.4904738641915
36541	94	70.6101612115291	138.089399120664	-23.3898387884709	44.0893991206644
36542	94	79.1338544211041	168.632633121641	-14.8661455788959	74.6326331216414
36543	94	72.0307767464582	185.680019540791	-21.9692232535418	91.6800195407914
36544	41	54.3834880312653	113.262335124573	13.3834880312653	72.2623351245725
36545	41	47.418661455789	96.2804103566194	6.41866145578896	55.2804103566194
36546	41	49.04738641915	98.723497801661	8.04738641914997	57.723497801661
36547	41	44.9755740107474	93.8373229115779	3.97557401074744	52.8373229115779
36548	41	44.9755740107474	91.3942354665364	3.97557401074744	50.3942354665364
36549	41	44.9755740107474	88.1367855398144	3.97557401074744	47.1367855398144
36550	41	40.9037616023449	99.5378602833415	-0.0962383976551067	58.5378602833415
36551	41	39.2750366389839	101.166585246702	-1.72496336101612	60.1665852467025
36552	41	48.2330239374695	97.0947728382999	7.23302393746947	56.0947728382999
36553	41	49.04738641915	96.2804103566194	8.04738641914997	55.2804103566194
36554	41	37.6463116756229	100.352222765022	-3.35368832437714	59.352222765022
36555	41	44.9755740107474	126.411822178798	3.97557401074744	85.4118221787982
36556	41	50.676111382511	149.213971665852	9.67611138251099	108.213971665852
36557	41	33.5744992672203	106.052760136786	-7.42550073277967	65.0527601367855
36558	41	46.6042989741085	101.980947728383	5.60429897410845	60.980947728383
36559	41	46.6042989741085	105.238397655105	5.60429897410845	64.238397655105
36560	41	48.1030776746458	100.701514411334	7.10307767464582	59.7015144113337
36561	41	52.028334147533	98.3463605276014	11.028334147533	57.3463605276014
36562	41	51.2432828529555	102.271617000489	10.2432828529555	61.2716170004885
36563	41	51.2432828529555	96.7762579384465	10.2432828529555	55.7762579384465
36564	41	29.5026868588178	100.352222765022	-11.4973131411822	59.352222765022
36566	57	55.6936980947728	122.462628236444	-1.30630190522716	65.4626282364436
36567	57	50.7215437225208	97.6018563751832	-6.27845627747924	40.6018563751832
36568	57	52.1421592574499	110.387396189546	-4.85784074255007	53.3873961895457
36569	57	46.4596971177333	96.8915486077186	-10.5403028822667	39.8915486077186
36570	57	45.0390815828041	97.6018563751832	-11.9609184171959	40.6018563751832
36571	57	49.3009281875916	92.6297020029311	-7.6990718124084	35.6297020029311
36572	106	59.7977528089888	233.932584269663	-46.2022471910112	127.932584269663
36573	106	52.0112359550562	251.629213483146	-53.9887640449438	145.629213483146
36574	92	24.4401563263312	153.005862237421	-67.5598436736688	61.0058622374206
36575	92	45.0390815828041	120.33170493405	-46.9609184171959	28.3317049340498
36576	92	26.571079628725	259.552027357108	-65.428920371275	167.552027357108
36577	51	30.8329262335125	154.42647777235	-20.1670737664875	103.42647777235
36578	27	59.2452369320958	231.139716658525	32.2452369320958	204.139716658525
36580	53	13.2149487054226	135.844650708354	-39.7850512945774	82.8446507083537
36581	71	33.3341475329751	189.171958964338	-37.6658524670249	118.171958964338
36582	70	41.8343917928676	181.38006839277	-28.1656082071324	111.38006839277
36583	70	41.8343917928676	149.504152418173	-28.1656082071324	79.5041524181729
36584	70	54.5847581827064	128.253541768442	-15.4152418172936	58.2535417684416
36585	70	44.6678065461651	186.338544211041	-25.3321934538349	116.338544211041
36586	71	34.7508549096238	366.260381045432	-36.2491450903762	295.260381045432
36587	71	36.875915974597	362.010258915486	-34.124084025403	291.010258915486
36588	70	41.1260381045432	150.212506106497	-28.8739618954568	80.2125061064973
36589	70	54.5847581827064	128.961895456766	-15.4152418172936	58.961895456766
36590	70	63.7933561309233	134.628724963361	-6.20664386907669	64.628724963361
36591	70	62.3766487542745	130.378602833415	-7.62335124572545	60.3786028334148
36592	70	50.3346360527601	148.795798729849	-19.6653639472399	78.7957987298486
36593	70	51.0429897410845	154.462628236444	-18.9570102589155	84.4626282364436
36594	67	56.7098192476795	170.754763067904	-10.2901807523205	103.754763067904
36595	58	50.3346360527601	143.837322911578	-7.66536394723986	85.8373229115779
36596	58	60.2515876893014	143.128969223254	2.25158768930142	85.1289692232536
36597	58	64.5017098192477	141.712261846605	6.50170981924768	83.7122618466048
36598	58	53.876404494382	132.503663898388	-4.12359550561798	74.5036638983879
36599	58	55.2931118710308	230.964826575476	-2.70688812896922	172.964826575476
36600	58	54.5847581827064	139.587200781632	-3.4152418172936	81.5872007816317
36601	58	73.7103077674646	308.883732291158	15.7103077674646	250.883732291158
36602	58	44.6678065461651	292.591597459697	-13.3321934538349	234.591597459697
36607	104	62.0864680019541	117.490473864192	-41.9135319980459	13.4904738641915
36608	104	57.114313629702	120.33170493405	-46.885686370298	16.3317049340498
36609	104	52.8524670249145	113.938935026869	-51.1475329750855	9.93893502686859
36610	104	52.8524670249145	108.256472887152	-51.1475329750855	4.25647288715193
36611	104	56.4040058622374	126.014167073766	-47.5959941377626	22.0141670737665
36612	82	55.6936980947728	113.228627259404	-26.3063019052272	31.228627259404
36613	82	50.0112359550562	89.7884709330728	-31.9887640449438	7.78847093307279
36614	82	47.8803126526624	85.5266243282853	-34.1196873473376	3.52662432828529
36615	82	62.7967757694187	101.863702979971	-19.2032242305813	19.8637029799707
36616	82	50.7215437225208	88.3678553981436	-31.2784562774792	6.36785539814363
36618	82	50.0112359550562	90.4987787005374	-31.9887640449438	8.49877870053737
36619	82	50.7215437225208	85.5266243282853	-31.2784562774792	3.52662432828529
36620	82	53.5627747923791	84.8163165608207	-28.4372252076209	2.81631656082072
36621	82	47.8803126526624	81.9750854909624	-34.1196873473376	-0.0249145090376146
36622	82	45.0390815828041	88.3678553981436	-36.9609184171959	6.36785539814363
36623	67	49.1797752808989	142.61797752809	-17.8202247191011	75.6179775280899
36624	64	42.1011235955056	131.292134831461	-21.8988764044944	67.2921348314607
36625	67	42.8089887640449	134.831460674157	-24.1910112359551	67.8314606741573
36626	67	43.5168539325843	134.831460674157	-23.4831460674157	67.8314606741573
36627	67	44.9325842696629	136.955056179775	-22.0674157303371	69.9550561797753
36628	67	38.561797752809	139.786516853933	-28.438202247191	72.7865168539326
36629	93	57.8246213971666	128.855398143625	-35.1753786028334	35.8553981436248
36630	93	59.9555446995603	118.911089399121	-33.0444553004397	25.9110893991207
36631	141	53.5627747923791	117.490473864192	-87.4372252076209	-23.5095261358085
36632	141	57.8246213971666	113.228627259404	-83.1753786028334	-27.771372740596
36633	141	67.7689301416707	155.136785539814	-73.2310698583293	14.1367855398144
36634	41	53.5627747923791	114.649242794333	12.5627747923791	73.6492427943332
36635	41	56.4040058622374	109.677088422081	15.4040058622374	68.6770884220811
36636	141	63.5070835368832	236.822178798241	-77.4929164631168	95.8221787982413
36637	141	55.6936980947728	188.52125061065	-85.3063019052272	47.5212506106497
36638	141	69.1895456765999	185.680019540791	-71.8104543234001	44.6800195407914
36639	126	50.0112359550562	118.911089399121	-75.9887640449438	-7.08891060087933
36640	86	57.8246213971666	118.200781631656	-28.1753786028334	32.2007816316561
36641	86	47.1700048851979	166.501709819248	-38.8299951148021	80.5017098192477
36642	86	48.590620420127	133.827552515877	-37.409379579873	47.8275525158769
36643	86	69.1895456765999	233.980947728383	-16.8104543234001	147.980947728383
36644	86	61.3761602344895	164.370786516854	-24.6238397655105	78.3707865168539
36645	75	57.114313629702	113.938935026869	-17.885686370298	38.9389350268686
36648	97	43.6184660478749	162.950170981925	-53.3815339521251	65.9501709819248
36649	96	23.0195407914021	394.510503175379	-72.9804592085979	298.510503175379
36650	96	35.8050806057645	141.640937957987	-60.1949193942355	45.6409379579873
36651	69	64.9276990718124	127.434782608696	-4.07230092818759	58.4347826086957
36652	69	69.8998534440645	144.482169027846	0.89985344406449	75.4821690278456
36653	69	64.9276990718124	155.136785539814	-4.07230092818759	86.1367855398144
36654	69	55.6936980947728	137.3790913532	-13.3063019052272	68.3790913531998
36655	69	68.4792379091353	195.624328285296	-0.520762090864679	126.624328285296
36656	69	66.3483146067416	167.922325354177	-2.65168539325842	98.9223253541768
36657	69	59.9555446995603	155.847093307279	-9.04445530043967	86.847093307279
36658	69	56.4040058622374	150.874938935027	-12.5959941377626	81.8749389350269
36659	69	58.5349291646312	132.406936980948	-10.4650708353688	63.4069369809477
36660	39	34.3844650708354	86.2369320957499	-4.61553492916463	47.2369320957499
36661	39	39.3566194430874	108.256472887152	0.356619443087446	69.2564728871519
36662	39	41.4875427454812	111.09770395701	2.48754274548119	72.0977039570103
36663	39	36.5153883732291	86.2369320957499	-2.48461162677089	47.2369320957499
36664	39	32.2535417684416	107.546165119687	-6.74645823155838	68.5461651196874
36665	39	44.3287738153395	105.415241817294	5.32877381533952	66.4152418172936
36666	39	38.6463116756229	106.125549584758	-0.353688324377138	67.1255495847582
36667	39	37.9360039081583	100.443087445042	-1.06399609184172	61.4430874450415
36668	39	42.9081582804104	86.2369320957499	3.90815828041036	47.2369320957499
36669	39	33.6741573033708	111.09770395701	-5.32584269662921	72.0977039570103
36670	45	50.7215437225208	101.863702979971	5.72154372252076	56.8637029799707
36671	45	49.3009281875916	91.209086468002	4.3009281875916	46.209086468002
36672	45	35.8050806057645	104.704934049829	-9.19491939423546	59.704934049829
36673	43	44.7029799706888	97.1465559355154	1.70297997068881	54.1465559355154
36674	43	42.7606253053249	100.060087933561	-0.239374694675135	57.0600879335613
36675	69	17.4680019540791	195.387396189546	-51.5319980459209	126.387396189546
36676	44	47.8803126526624	125.303859306302	3.88031265266243	81.3038593063019
36677	50	52.8524670249145	123.883243771373	2.85246702491451	73.8832437713727
36678	44	50.7215437225208	100.443087445042	6.72154372252076	56.4430874450415
36679	46	26.571079628725	89.0781631656082	-19.428920371275	43.0781631656082
36680	46	44.3287738153395	94.0503175378603	-1.67122618466048	48.0503175378603
36681	46	42.9081582804104	85.5266243282853	-3.09184171958964	39.5266243282853
36682	44	50.7215437225208	108.256472887152	6.72154372252076	64.2564728871519
36683	44	45.7493893502687	92.6297020029311	1.74938935026869	48.6297020029311
36684	44	44.3287738153395	106.835857352223	0.328773815339524	62.8358573522228
36685	47	47.1700048851979	92.6297020029311	0.170004885197855	45.6297020029311
36686	47	50.7215437225208	89.7884709330728	3.72154372252076	42.7884709330728
36687	49	50.7215437225208	91.209086468002	1.72154372252076	42.209086468002
36688	49	49.3009281875916	91.9193942354665	0.300928187591602	42.9193942354665
36689	31	27.2813873961895	38.6463116756229	-3.71861260381045	7.64631167562286
36690	31	28.7020029311187	40.066927210552	-2.29799706888129	9.06692721055203
36691	31	28.7020029311187	40.066927210552	-2.29799706888129	9.06692721055203
36692	33	29.4123106985833	40.7772349780166	-3.58768930141671	7.77723497801661
36693	33	26.571079628725	38.6463116756229	-6.42892037127503	5.64631167562286
36694	25	47.8803126526624	80.5544699560332	22.8803126526624	55.5544699560332
36695	25	47.8803126526624	91.9193942354665	22.8803126526624	66.9193942354665
36696	25	46.4596971177333	83.3957010258916	21.4596971177333	58.3957010258916
36697	48	40.066927210552	129.565705911089	-7.93307278944797	81.5657059110894
36698	48	48.590620420127	91.9193942354665	0.590620420127017	43.9193942354665
36699	48	36.5153883732291	107.546165119687	-11.4846116267709	59.5461651196874
36700	48	37.2256961406937	116.780166096727	-10.7743038593063	68.7801660967269
36701	48	45.0390815828041	117.490473864192	-2.96091841719589	69.4904738641915
36702	48	37.9360039081583	133.827552515877	-10.0639960918417	85.8275525158769
36704	33	18.04738641915	193.493404982902	-14.95261358085	160.493404982902
36705	33	40.066927210552	208.409868099658	7.06692721055203	175.409868099658
36706	26	51.4318514899853	168.632633121641	25.4318514899853	142.632633121641
36708	55	53.5627747923791	121.752320468979	-1.43722520762091	66.752320468979
36709	55	52.1421592574499	138.089399120664	-2.85784074255007	83.0893991206644
36710	55	53.5627747923791	123.172936003908	-1.43722520762091	68.1729360039082
36711	55	54.9833903273083	121.042012701514	-0.0166096726917431	66.0420127015144
36712	55	55.6936980947728	125.303859306302	0.693698094772842	70.3038593063019
36713	54	58.5349291646312	108.256472887152	4.53492916463117	54.2564728871519
36714	55	54.9833903273083	131.696629213483	-0.0166096726917431	76.6966292134832
36715	55	59.2452369320958	126.014167073766	4.24523693209575	71.0141670737665
36716	55	57.8246213971666	119.621397166585	2.82462139716659	64.6213971665853
36717	55	56.4040058622374	132.406936980948	1.40400586223743	77.4069369809477
36718	55	47.1700048851979	145.902784562775	-7.82999511480214	90.9027845627748
36719	55	50.7215437225208	146.613092330239	-4.27845627747924	91.6130923302394
36720	55	56.4040058622374	108.966780654617	1.40400586223743	53.9667806546165
36721	55	49.3009281875916	143.061553492916	-5.6990718124084	88.0615534929165
36722	55	46.4596971177333	150.874938935027	-8.54030288226673	95.8749389350269
36723	55	42.1978505129458	131.696629213483	-12.8021494870542	76.6966292134832
36724	32	41.4875427454812	140.930630190523	9.48754274548119	108.930630190523
36725	64	16.6267708842208	163.660478749389	-47.3732291157792	99.6604787493894
36726	64	42.9081582804104	104.704934049829	-21.0918417195896	40.704934049829
36727	64	40.066927210552	118.911089399121	-23.933072789448	54.9110893991207
36728	64	37.2256961406937	118.911089399121	-26.7743038593063	54.9110893991207
36729	64	40.066927210552	104.704934049829	-23.933072789448	40.704934049829
36730	64	50.0112359550562	122.462628236444	-13.9887640449438	58.4626282364436
36731	64	50.7215437225208	103.994626282364	-13.2784562774792	39.9946262823644
36732	55	45.7493893502687	106.125549584758	-9.25061064973131	51.1255495847582
36733	55	40.7772349780166	108.256472887152	-14.2227650219834	53.2564728871519
36734	55	36.5153883732291	100.443087445042	-18.4846116267709	45.4430874450415
36735	55	43.6184660478749	109.677088422081	-11.3815339521251	54.6770884220811
36736	55	50.0112359550562	103.994626282364	-4.98876404494382	48.9946262823644
36737	55	35.0947728383	92.6297020029311	-19.9052271617	37.6297020029311
36738	55	35.8050806057645	107.546165119687	-19.1949193942355	52.5461651196874
36739	55	45.0390815828041	113.228627259404	-9.96091841719589	58.228627259404
36740	55	38.6463116756229	116.780166096727	-16.3536883243771	61.7801660967269
36741	55	37.2256961406937	116.780166096727	-17.7743038593063	61.7801660967269
36742	55	37.9360039081583	97.6018563751832	-17.0639960918417	42.6018563751832
36743	55	33.6741573033708	99.0224719101124	-21.3258426966292	44.0224719101124
36744	55	43.6184660478749	99.7327796775769	-11.3815339521251	44.7327796775769
36745	45	19.314606741573	137.063507572057	-25.685393258427	92.0635075720567
36746	45	29.9545676599902	133.516853932584	-15.0454323400098	88.5168539325843
36747	28	42.7606253053249	83.5500732779678	14.7606253053249	55.5500732779678
36748	28	44.7029799706888	75.780654616512	16.7029799706888	47.780654616512
36749	28	32.0776746458232	89.3771372740596	4.07767464582315	61.3771372740596
36750	28	34.9912066438691	65.0977039570103	6.99120664386908	37.0977039570103
36751	28	36.933561309233	62.1841719589643	8.93356130923302	34.1841719589643
36752	28	39.8470933072789	67.0400586223742	11.8470933072789	39.0400586223742
36753	17	34.9912066438691	56.3571079628725	17.9912066438691	39.3571079628725
36754	32	48.5876893014167	103.944797264289	16.5876893014167	71.9447972642892
36755	32	29.1641426477772	81.6077186126038	-2.83585735222277	49.6077186126038
36756	32	32.0776746458232	56.3571079628725	0.0776746458231514	24.3571079628725
36757	90	44.3287738153395	155.136785539814	-45.6712261846605	65.1367855398144
36758	90	49.3009281875916	111.808011724475	-40.6990718124084	21.8080117244749
36759	90	45.7493893502687	115.359550561798	-44.2506106497313	25.3595505617978
36760	90	37.9360039081583	111.09770395701	-52.0639960918417	21.0977039570103
36761	90	47.1700048851979	172.894479726429	-42.8299951148021	82.8944797264289
36762	90	37.9360039081583	113.228627259404	-52.0639960918417	23.228627259404
36766	33	45.7493893502687	80.5544699560332	12.7493893502687	47.5544699560332
36771	33	45.0390815828041	77.7132388861749	12.0390815828041	44.7132388861749
36772	33	40.066927210552	77.0029311187103	7.06692721055203	44.0029311187103
36773	35	40.8182706399609	110.743038593063	5.81827063996091	75.743038593063
36774	35	45.6741573033708	93.2618466047875	10.6741573033708	58.2618466047875
36775	35	48.5876893014167	105.887151929653	13.5876893014167	70.8871519296531
36776	35	49.5588666340987	94.2330239374695	14.5588666340987	59.2330239374695
36777	35	40.8182706399609	93.2618466047875	5.81827063996091	58.2618466047875
36778	35	37.904738641915	79.6653639472399	2.904738641915	44.6653639472399
36779	35	36.933561309233	68.0112359550562	1.93356130923302	33.0112359550562
36780	35	32.0776746458232	71.8959452857841	-2.92232535417685	36.8959452857841
36781	35	38.875915974597	93.2618466047875	3.87591597459697	58.2618466047875
36782	35	40.8182706399609	79.6653639472399	5.81827063996091	44.6653639472399
36783	35	41.7894479726429	80.6365412799218	6.78944797264289	45.6365412799218
36784	35	43.7318026380068	81.6077186126038	8.73180263800684	46.6077186126038
36785	35	49.5588666340987	98.1177332681974	14.5588666340987	63.1177332681974
36786	35	48.5876893014167	84.5212506106497	13.5876893014167	49.5212506106497
36787	35	41.7894479726429	98.1177332681974	6.78944797264289	63.1177332681974
36788	35	42.7606253053249	79.6653639472399	7.76062530532487	44.6653639472399
36789	35	43.7318026380068	79.6653639472399	8.73180263800684	44.6653639472399
36790	35	33.0488519785051	59.2706399609184	-1.95114802149487	24.2706399609184
36791	125	101.863702979971	264.52418172936	-23.1362970200293	139.52418172936
36792	125	71.3204689789937	190.652173913043	-53.6795310210063	65.6521739130435
36793	125	60.6658524670249	120.33170493405	-64.3341475329751	-4.66829506595016
36794	125	62.7967757694187	121.042012701514	-62.2032242305813	-3.95798729848558
36795	125	58.5349291646312	129.565705911089	-66.4650708353688	4.5657059110894
36796	125	64.2173913043478	132.406936980948	-60.7826086956522	7.40693698094773
36797	125	54.2730825598437	129.565705911089	-70.7269174401563	4.5657059110894
36798	125	67.7689301416707	159.398632144602	-57.2310698583293	34.3986321446019
36799	125	63.5070835368832	137.3790913532	-61.4929164631168	12.3790913531998
36800	125	52.8524670249145	137.3790913532	-72.1475329750855	12.3790913531998
36801	125	57.8246213971666	136.668783585735	-67.1753786028334	11.6687835857352
36802	96	62.0864680019541	150.164631167562	-33.9135319980459	54.1646311675623
36803	122	51.4318514899853	101.863702979971	-70.5681485100147	-20.1362970200293
36804	130	67.0586223742062	148.033707865169	-62.9413776257938	18.0337078651685
36805	74	57.114313629702	165.081094284319	-16.885686370298	91.0810942843185
36806	74	43.6184660478749	116.069858329262	-30.3815339521251	42.0698583292623
36807	117	60.6658524670249	130.276013678554	-56.3341475329751	13.276013678554
36808	117	61.3761602344895	121.042012701514	-55.6238397655105	4.04201270151442
36809	117	66.3483146067416	142.351245725452	-50.6516853932584	25.3512457254519
36810	117	63.5070835368832	148.744015632633	-53.4929164631168	31.7440156326331
36811	117	65.638006839277	128.855398143625	-51.361993160723	11.8553981436248
36812	117	67.0586223742062	144.482169027846	-49.9413776257938	27.4821690278456
36813	117	65.638006839277	133.827552515877	-51.361993160723	16.8275525158769
36814	117	62.7967757694187	125.303859306302	-54.2032242305813	8.30385930630192
36815	117	46.4596971177333	90.4987787005374	-70.5403028822667	-26.5012212994626
36816	117	60.6658524670249	141.640937957987	-56.3341475329751	24.6409379579873
36817	117	61.3761602344895	123.883243771373	-55.6238397655105	6.88324377137275
36818	117	64.2173913043478	122.462628236444	-52.7826086956522	5.46262823644358
36819	125	63.5070835368832	152.295554469956	-61.4929164631168	27.295554469956
36820	125	63.5070835368832	145.902784562775	-61.4929164631168	20.9027845627748
36821	125	51.4318514899853	97.6018563751832	-73.5681485100147	-27.3981436248168
36822	125	48.590620420127	92.6297020029311	-76.409379579873	-32.3702979970689
36823	102	51.4318514899853	136.668783585735	-50.5681485100147	34.6687835857352
36824	117	25.8607718612604	88.3678553981436	-91.1392281387396	-28.6321446018564
36825	117	57.8246213971666	123.172936003908	-59.1753786028334	6.17293600390816
36826	117	62.0864680019541	138.799706888129	-54.9135319980459	21.799706888129
36827	70	62.7967757694187	101.863702979971	-7.20322423058133	31.8637029799707
36828	70	55.6936980947728	113.228627259404	-14.3063019052272	43.228627259404
36829	70	60.6658524670249	103.2843185149	-9.33414753297508	33.2843185148999
36830	67	44.5891548607719	138.995114802149	-22.4108451392281	71.9951148021495
36831	43	45.7493893502687	74.8720078163166	2.74938935026869	31.8720078163166
36832	43	50.0112359550562	84.8163165608207	7.01123595505618	41.8163165608207
36833	43	45.0390815828041	72.0307767464582	2.03908158280411	29.0307767464582
36834	121	58.1265266243283	204.04738641915	-62.8734733756717	83.04738641915
36835	153	98.5026868588178	295.425012212995	-54.4973131411822	142.425012212995
36836	153	84.3356130923302	319.509037616023	-68.6643869076698	166.509037616023
36837	148	102.04445530044	323.75915974597	-45.9555446995603	175.75915974597
36838	132	88.5857352222765	308.175378602833	-43.4142647777235	176.175378602833
36839	148	85.752320468979	353.510014655594	-62.247679531021	205.510014655594
36840	148	70.8768930141671	289.049829018075	-77.1231069858329	141.049829018075
36841	49	56.9662921348315	115.719101123595	7.96629213483146	66.7191011235955
36842	49	52.7191011235955	116.426966292135	3.7191011235955	67.4269662921348
36843	50	39.2696629213483	236.76404494382	-10.7303370786517	186.76404494382
36844	81	76.7865168539326	161.022471910112	-4.21348314606742	80.0224719101124
36845	81	51.3033707865169	154.651685393258	-29.6966292134831	73.6516853932584
36847	68	49.1797752808989	136.247191011236	-18.8202247191011	68.2471910112359
36848	75	44.2247191011236	148.280898876404	-30.7752808988764	73.2808988764045
36849	319	134.537860283341	347.630190522716	-184.462139716659	28.6301905227162
36850	55	37.2256961406937	138.089399120664	-17.7743038593063	83.0893991206644
36851	55	30.1226184660479	154.42647777235	-24.8773815339521	99.4264777723498
36852	55	24.4401563263312	143.771861260381	-30.5598436736688	88.7718612603811
36853	55	38.6463116756229	161.529555446996	-16.3536883243771	106.529555446996
36854	55	30.1226184660479	151.585246702491	-24.8773815339521	96.5852467024914
36855	55	44.3287738153395	130.986321446019	-10.6712261846605	75.9863214460186
36856	55	44.3287738153395	138.089399120664	-10.6712261846605	83.0893991206644
36857	55	30.1226184660479	138.089399120664	-24.8773815339521	83.0893991206644
36858	55	35.8050806057645	124.593551538837	-19.1949193942355	69.5935515388373
36859	41	36.5153883732291	88.3678553981436	-4.48461162677089	47.3678553981436
36860	30	41.4875427454812	99.7327796775769	11.4875427454812	69.7327796775769
36861	41	32.9638495359062	89.0781631656082	-8.03615046409379	48.0781631656082
36862	41	43.6184660478749	108.256472887152	2.61846604787494	67.2564728871519
36863	41	39.3566194430874	97.6018563751832	-1.64338055691255	56.6018563751832
36864	41	44.3287738153395	94.0503175378603	3.32877381533952	53.0503175378603
36865	41	53.5627747923791	101.863702979971	12.5627747923791	60.8637029799707
36866	41	43.6184660478749	99.0224719101124	2.61846604787494	58.0224719101124
36867	41	52.1421592574499	116.780166096727	11.1421592574499	75.7801660967269
36868	41	45.0390815828041	110.387396189546	4.03908158280411	69.3873961895457
36869	48	44.3287738153395	72.7410845139228	-3.67122618466048	24.7410845139228
36870	48	42.1978505129458	71.3204689789937	-5.80214948705422	23.3204689789937
36871	48	40.7772349780166	78.4235466536395	-7.22276502198339	30.4235466536395
36872	48	40.066927210552	72.7410845139228	-7.93307278944797	24.7410845139228
36873	48	42.1978505129458	69.8998534440645	-5.80214948705422	21.8998534440645
36874	48	41.4875427454812	73.4513922813874	-6.51245725451881	25.4513922813874
36875	48	47.1700048851979	73.4513922813874	-0.829995114802145	25.4513922813874
36876	41	38.6463116756229	94.7606253053249	-2.35368832437714	53.7606253053249
36877	41	47.1700048851979	94.7606253053249	6.17000488519786	53.7606253053249
36878	41	42.9081582804104	113.938935026869	1.90815828041036	72.9389350268686
36879	41	32.2535417684416	77.0029311187103	-8.74645823155838	36.0029311187103
36880	41	39.3566194430874	79.8441621885686	-1.64338055691255	38.8441621885686
36881	82	24.5564240351734	130.882755251588	-57.4435759648266	48.8827552515877
36882	71	51.4318514899853	269.496336101612	-19.5681485100147	198.496336101612
36884	105	55.6936980947728	129.565705911089	-49.3063019052272	24.5657059110894
36885	105	42.1978505129458	144.482169027846	-62.8021494870542	39.4821690278456
36886	105	22.3092330239375	441.390815828041	-82.6907669760625	336.390815828041
36887	105	42.1978505129458	144.482169027846	-62.8021494870542	39.4821690278456
36889	105	47.8803126526624	138.799706888129	-57.1196873473376	33.799706888129
36900	45	37.9360039081583	137.3790913532	-7.06399609184172	92.3790913531998
36902	68	36.5153883732291	153.005862237421	-31.4846116267709	85.0058622374206
36903	68	27.2813873961895	150.164631167562	-40.7186126038105	82.1646311675623
36904	68	37.2256961406937	131.696629213483	-30.7743038593063	63.6966292134832
36905	68	27.2813873961895	150.164631167562	-40.7186126038105	82.1646311675623
36917	39	37.9360039081583	123.172936003908	-1.06399609184172	84.1729360039082
36918	39	38.6463116756229	120.33170493405	-0.353688324377138	81.3317049340498
36920	56	13.0752320468979	282.281875915975	-42.9247679531021	226.281875915975
36921	56	12.3649242794333	250.318026380068	-43.6350757205667	194.318026380068
36922	56	23.0195407914021	377.463116756229	-32.9804592085979	321.463116756229
36924	56	13.0752320468979	282.281875915975	-42.9247679531021	226.281875915975
36925	56	54.2730825598437	99.0224719101124	-1.72691744015632	43.0224719101124
36928	56	69.8998534440645	153.005862237421	13.8998534440645	97.0058622374206
36929	56	69.1895456765999	143.771861260381	13.1895456765999	87.7718612603811
36931	35	42.1978505129458	121.042012701514	7.19785051294578	86.0420127015144
36932	35	45.0390815828041	116.069858329262	10.0390815828041	81.0698583292623
36933	40	43.7318026380068	98.1177332681974	3.73180263800684	58.1177332681974
36934	40	43.7318026380068	97.1465559355154	3.73180263800684	57.1465559355154
36935	40	42.7606253053249	107.829506595017	2.76062530532487	67.8295065950171
36936	40	38.875915974597	92.2906692721055	-1.12408402540303	52.2906692721055
36937	35	41.7894479726429	113.656570591109	6.78944797264289	78.6565705911089
36938	42	40.8182706399609	100.060087933561	-1.18172936003909	58.0600879335613
36939	42	42.7606253053249	108.800683927699	0.760625305324865	66.8006839276991
36940	39	37.904738641915	101.031265266243	-1.095261358085	62.0312652662433
36941	45	11.6829506595017	124.339521250611	-33.3170493404983	79.3395212506106
36942	45	29.1641426477772	121.425989252565	-15.8358573522228	76.4259892525647
36943	28	30.9360039081583	100.402540302882	2.93600390815828	72.4025403028823
36944	52	34.9912066438691	100.060087933561	-17.0087933561309	48.0600879335613
36946	52	34.9912066438691	105.887151929653	-17.0087933561309	53.8871519296531
36947	52	34.9912066438691	107.829506595017	-17.0087933561309	55.8295065950171
36948	52	35.9623839765511	101.031265266243	-16.0376160234489	49.0312652662433
36949	67	44.3287738153395	102.574010747435	-22.6712261846605	35.5740107474353
36950	75	46.4596971177333	96.8915486077186	-28.5403028822667	21.8915486077186
36951	75	46.4596971177333	102.574010747435	-28.5403028822667	27.5740107474353
36952	75	54.2730825598437	95.4709330727894	-20.7269174401563	20.4709330727894
36953	75	53.5627747923791	93.3400097703957	-21.4372252076209	18.3400097703957
36954	75	55.6936980947728	91.9193942354665	-19.3063019052272	16.9193942354665
36955	75	48.590620420127	122.462628236444	-26.409379579873	47.4626282364436
36956	75	54.2730825598437	116.780166096727	-20.7269174401563	41.7801660967269
36957	75	54.2730825598437	118.911089399121	-20.7269174401563	43.9110893991207
36958	75	50.7215437225208	94.0503175378603	-24.2784562774792	19.0503175378603
36959	75	54.2730825598437	102.574010747435	-20.7269174401563	27.5740107474353
36960	75	50.0112359550562	94.0503175378603	-24.9887640449438	19.0503175378603
36961	75	57.114313629702	124.593551538837	-17.885686370298	49.5935515388373
36962	75	51.4318514899853	106.125549584758	-23.5681485100147	31.1255495847582
36963	75	57.8246213971666	118.200781631656	-17.1753786028334	43.2007816316561
36964	75	54.9833903273083	121.042012701514	-20.0166096726917	46.0420127015144
36965	75	57.114313629702	109.677088422081	-17.885686370298	34.6770884220811
36966	75	49.3009281875916	123.172936003908	-25.6990718124084	48.1729360039082
36967	75	52.8524670249145	97.6018563751832	-22.1475329750855	22.6018563751832
36968	75	55.6936980947728	111.808011724475	-19.3063019052272	36.8080117244749
36969	75	56.4040058622374	103.994626282364	-18.5959941377626	28.9946262823644
36970	75	52.1421592574499	97.6018563751832	-22.8578407425501	22.6018563751832
36971	75	50.7215437225208	96.8915486077186	-24.2784562774792	21.8915486077186
36972	75	53.5627747923791	98.3121641426478	-21.4372252076209	23.3121641426478
36973	75	52.1421592574499	91.9193942354665	-22.8578407425501	16.9193942354665
36974	75	55.6936980947728	131.696629213483	-19.3063019052272	56.6966292134832
36975	75	40.066927210552	90.4987787005374	-34.933072789448	15.4987787005374
36976	75	46.4596971177333	90.4987787005374	-28.5403028822667	15.4987787005374
36977	75	49.3009281875916	94.7606253053249	-25.6990718124084	19.7606253053249
36978	75	54.2730825598437	88.3678553981436	-20.7269174401563	13.3678553981436
36979	75	50.7215437225208	91.209086468002	-24.2784562774792	16.209086468002
36980	75	48.590620420127	93.3400097703957	-26.409379579873	18.3400097703957
36981	75	51.4318514899853	94.7606253053249	-23.5681485100147	19.7606253053249
36982	75	50.7215437225208	91.209086468002	-24.2784562774792	16.209086468002
36983	75	54.2730825598437	92.6297020029311	-20.7269174401563	17.6297020029311
36984	75	54.9833903273083	94.0503175378603	-20.0166096726917	19.0503175378603
36985	75	50.7215437225208	93.3400097703957	-24.2784562774792	18.3400097703957
36986	75	56.4040058622374	99.7327796775769	-18.5959941377626	24.7327796775769
36987	75	47.8803126526624	96.8915486077186	-27.1196873473376	21.8915486077186
36988	75	50.7215437225208	97.6018563751832	-24.2784562774792	22.6018563751832
36989	75	54.9833903273083	116.069858329262	-20.0166096726917	41.0698583292623
36990	75	52.1421592574499	99.0224719101124	-22.8578407425501	24.0224719101124
36991	75	54.2730825598437	97.6018563751832	-20.7269174401563	22.6018563751832
36992	75	59.2452369320958	108.256472887152	-15.7547630679042	33.2564728871519
36993	75	57.8246213971666	117.490473864192	-17.1753786028334	42.4904738641915
36994	75	51.4318514899853	92.6297020029311	-23.5681485100147	17.6297020029311
36995	75	50.0112359550562	91.9193942354665	-24.9887640449438	16.9193942354665
36996	75	45.7493893502687	93.3400097703957	-29.2506106497313	18.3400097703957
36997	75	50.0112359550562	88.3678553981436	-24.9887640449438	13.3678553981436
36998	75	52.1421592574499	91.209086468002	-22.8578407425501	16.209086468002
36999	79	55.6936980947728	99.7327796775769	-23.3063019052272	20.7327796775769
37000	79	54.2730825598437	91.209086468002	-24.7269174401563	12.209086468002
37001	79	57.8246213971666	106.835857352223	-21.1753786028334	27.8358573522228
37002	101	81.9750854909624	236.822178798241	-19.0249145090376	135.822178798241
37008	29	37.9360039081583	89.7884709330728	8.93600390815828	60.7884709330728
37011	29	43.6184660478749	106.125549584758	14.6184660478749	77.1255495847582
37013	29	53.5627747923791	104.704934049829	24.5627747923791	75.704934049829
37014	29	32.2535417684416	102.574010747435	3.25354176844162	73.5740107474353
37017	29	52.8524670249145	109.677088422081	23.8524670249145	80.6770884220811
37020	29	36.5153883732291	101.153395212506	7.51538837322911	72.1533952125061
37021	29	41.4875427454812	100.443087445042	12.4875427454812	71.4430874450415
37025	29	35.0947728383	107.546165119687	6.09477283829995	78.5461651196874
37026	91	54.5266243282853	187.972642892037	-36.4733756717147	96.9726428920371
37028	40	49.3009281875916	189.941866145579	9.3009281875916	149.941866145579
37029	63	47.8803126526624	86.9472398632145	-15.1196873473376	23.9472398632145
37030	63	53.5627747923791	96.181240840254	-9.43722520762091	33.181240840254
37031	63	43.6184660478749	95.4709330727894	-19.3815339521251	32.4709330727894
37032	63	35.8050806057645	91.9193942354665	-27.1949193942355	28.9193942354665
37035	63	48.590620420127	87.657547630679	-14.409379579873	24.657547630679
37036	63	44.3287738153395	92.6297020029311	-18.6712261846605	29.6297020029311
37037	63	42.1978505129458	88.3678553981436	-20.8021494870542	25.3678553981436
37038	63	46.4596971177333	82.685393258427	-16.5403028822667	19.685393258427
37039	61	54.2730825598437	114.649242794333	-6.72691744015632	53.6492427943332
37041	61	45.7493893502687	111.09770395701	-15.2506106497313	50.0977039570103
37042	61	50.0112359550562	86.9472398632145	-10.9887640449438	25.9472398632145
37043	63	62.0864680019541	118.200781631656	-0.913531998045919	55.2007816316561
37044	63	45.0390815828041	82.685393258427	-17.9609184171959	19.685393258427
37045	63	39.3566194430874	90.4987787005374	-23.6433805569126	27.4987787005374
37046	63	47.1700048851979	83.3957010258916	-15.8299951148021	20.3957010258916
37047	63	50.7215437225208	92.6297020029311	-12.2784562774792	29.6297020029311
37048	63	47.1700048851979	91.209086468002	-15.8299951148021	28.209086468002
37049	63	46.4596971177333	103.994626282364	-16.5403028822667	40.9946262823644
37050	29	34.0200293111871	60.2418172936004	5.0200293111871	31.2418172936004
37051	71	57.114313629702	103.994626282364	-13.885686370298	32.9946262823644
37052	71	60.6658524670249	106.835857352223	-10.3341475329751	35.8358573522228
37053	71	52.8524670249145	131.696629213483	-18.1475329750855	60.6966292134832
37054	83	54.2730825598437	121.042012701514	-28.7269174401563	38.0420127015144
37055	71	47.8803126526624	89.0781631656082	-23.1196873473376	18.0781631656082
37056	71	49.3009281875916	90.4987787005374	-21.6990718124084	19.4987787005374
37057	71	53.5627747923791	103.994626282364	-17.4372252076209	32.9946262823644
37058	71	59.9555446995603	118.200781631656	-11.0444553004397	47.2007816316561
37059	71	57.8246213971666	127.434782608696	-13.1753786028334	56.4347826086957
37060	71	70.6101612115291	121.042012701514	-0.389838788470925	50.0420127015144
37061	71	50.0112359550562	111.808011724475	-20.9887640449438	40.8080117244749
37062	71	60.6658524670249	110.387396189546	-10.3341475329751	39.3873961895457
37063	83	52.1421592574499	123.172936003908	-30.8578407425501	40.1729360039082
37064	83	59.2452369320958	108.256472887152	-23.7547630679042	25.2564728871519
37065	83	59.2452369320958	103.994626282364	-23.7547630679042	20.9946262823644
37066	83	56.4040058622374	128.855398143625	-26.5959941377626	45.8553981436248
37067	83	52.8524670249145	131.696629213483	-30.1475329750855	48.6966292134832
37068	48	48.590620420127	82.685393258427	0.590620420127017	34.685393258427
37069	49	38.875915974597	68.9824132877382	-10.124084025403	19.9824132877382
37070	49	34.0200293111871	53.4435759648266	-14.9799706888129	4.44357596482657
37071	49	44.7029799706888	78.6941866145579	-4.29702002931119	29.6941866145579
37072	49	38.875915974597	75.780654616512	-10.124084025403	26.780654616512
37073	49	40.8182706399609	69.9535906204201	-8.18172936003909	20.9535906204201
37074	49	47.6165119687347	116.570102589155	-1.38348803126527	67.5701025891549
37075	49	48.5876893014167	99.0889106008793	-0.412310698583291	50.0889106008793
37076	49	42.7606253053249	77.7230092818759	-6.23937469467513	28.7230092818759
37077	49	36.933561309233	64.1265266243283	-12.066438690767	15.1265266243283
37078	49	39.8470933072789	68.0112359550562	-9.15290669272105	19.0112359550562
37079	49	47.6165119687347	96.1753786028334	-1.38348803126527	47.1753786028334
37080	49	53.4435759648266	106.858329262335	4.44357596482657	57.8583292623351
37081	49	44.7029799706888	74.80947728383	-4.29702002931119	25.80947728383
37082	49	43.7318026380068	82.5788959452858	-5.26819736199316	33.5788959452858
37083	49	41.7894479726429	81.6077186126038	-7.21055202735711	32.6077186126038
37084	42	51.5012212994626	98.1177332681974	9.50122129946263	56.1177332681974
37085	42	44.7029799706888	84.5212506106497	2.70297997068881	42.5212506106497
37086	42	39.8470933072789	75.780654616512	-2.15290669272105	33.780654616512
37087	42	43.7318026380068	75.780654616512	1.73180263800684	33.780654616512
37088	42	40.8182706399609	86.4636052760137	-1.18172936003909	44.4636052760137
37089	68	44.7029799706888	73.838299951148	-23.2970200293112	5.83829995114802
37090	68	55.3859306301905	103.944797264289	-12.6140693698095	35.9447972642892
37091	68	56.3571079628725	95.2042012701514	-11.6428920371275	27.2042012701514
37092	68	44.7029799706888	67.0400586223742	-23.2970200293112	-0.959941377625796
37093	113	37.5842696629214	158.004396678065	-75.4157303370787	45.0043966780655
37094	58	52.1421592574499	135.248168050806	-5.85784074255007	77.2481680508061
37095	96	82.685393258427	185.680019540791	-13.314606741573	89.6800195407914
37096	96	69.1895456765999	185.680019540791	-26.8104543234001	89.6800195407914
37097	96	72.0307767464582	144.482169027846	-23.9692232535418	48.4821690278456
37098	39	48.590620420127	80.5544699560332	9.59062042012702	41.5544699560332
37099	39	50.0112359550562	84.1060087933561	11.0112359550562	45.1060087933561
37100	39	47.1700048851979	79.1338544211041	8.17000488519786	40.1338544211041
37101	39	40.7772349780166	65.638006839277	1.77723497801661	26.638006839277
37102	39	41.4875427454812	66.3483146067416	2.48754274548119	27.3483146067416
37103	39	41.4875427454812	66.3483146067416	2.48754274548119	27.3483146067416
37104	39	41.4875427454812	66.3483146067416	2.48754274548119	27.3483146067416
37105	39	40.7772349780166	66.3483146067416	1.77723497801661	27.3483146067416
37106	39	40.066927210552	64.9276990718124	1.06692721055203	25.9276990718124
37107	39	42.1978505129458	66.3483146067416	3.19785051294578	27.3483146067416
37109	104	37.2256961406937	99.7327796775769	-66.7743038593063	-4.26722032242306
37110	100	42.9081582804104	96.8915486077186	-57.0918417195896	-3.10845139228138
37111	100	45.7493893502687	95.4709330727894	-54.2506106497313	-4.52906692721055
37112	100	40.066927210552	97.6018563751832	-59.933072789448	-2.3981436248168
37113	104	39.3566194430874	101.153395212506	-64.6433805569125	-2.84660478749389
37114	104	40.7772349780166	102.574010747435	-63.2227650219834	-1.42598925256472
37115	100	37.2256961406937	100.443087445042	-62.7743038593063	0.443087445041527
37116	100	37.9360039081583	84.1060087933561	-62.0639960918417	-15.8939912066439
37117	98	42.1978505129458	89.0781631656082	-55.8021494870542	-8.92183683439178
37118	98	38.6463116756229	94.7606253053249	-59.3536883243771	-3.23937469467513
37119	98	44.3287738153395	107.546165119687	-53.6712261846605	9.54616511968736
37120	104	40.066927210552	99.0224719101124	-63.933072789448	-4.97752808988764
37121	98	38.6463116756229	96.8915486077186	-59.3536883243771	-1.10845139228138
37122	98	36.5153883732291	103.2843185149	-61.4846116267709	5.28431851489987
37123	98	42.1978505129458	99.7327796775769	-55.8021494870542	1.73277967757694
37124	98	32.2535417684416	107.546165119687	-65.7464582315584	9.54616511968736
37125	98	41.4875427454812	101.153395212506	-56.5124572545188	3.15339521250611
37126	104	29.4123106985833	109.677088422081	-74.5876893014167	5.6770884220811
37127	98	42.9081582804104	111.09770395701	-55.0918417195896	13.0977039570103
37128	98	40.7772349780166	105.415241817294	-57.2227650219834	7.41524181729361
37129	104	36.5153883732291	96.181240840254	-67.4846116267709	-7.81875915974597
37130	104	35.0947728383	96.181240840254	-68.9052271617001	-7.81875915974597
37131	104	37.2256961406937	105.415241817294	-66.7743038593063	1.41524181729361
37132	104	36.5153883732291	92.6297020029311	-67.4846116267709	-11.3702979970689
37133	104	42.9081582804104	101.153395212506	-61.0918417195896	-2.84660478749389
37134	104	41.4875427454812	87.657547630679	-62.5124572545188	-16.342452369321
37135	104	46.4596971177333	114.649242794333	-57.5403028822667	10.6492427943332
37136	98	42.1978505129458	87.657547630679	-55.8021494870542	-10.342452369321
37137	98	25.1504640937958	109.677088422081	-72.8495359062042	11.6770884220811
37138	98	43.6184660478749	89.7884709330728	-54.3815339521251	-8.21152906692721
37139	104	42.9081582804104	97.6018563751832	-61.0918417195896	-6.3981436248168
37140	100	37.2256961406937	81.9750854909624	-62.7743038593063	-18.0249145090376
37141	98	44.3287738153395	103.2843185149	-53.6712261846605	5.28431851489987
37142	97	40.066927210552	96.8915486077186	-56.933072789448	-0.108451392281381
37143	104	39.3566194430874	89.0781631656082	-64.6433805569125	-14.9218368343918
37144	104	39.3566194430874	92.6297020029311	-64.6433805569125	-11.3702979970689
37145	104	36.5153883732291	103.2843185149	-67.4846116267709	-0.715681485100134
37146	104	37.2256961406937	103.994626282364	-66.7743038593063	-0.00537371763556393
37147	104	36.5153883732291	102.574010747435	-67.4846116267709	-1.42598925256472
37148	104	43.6184660478749	96.181240840254	-60.3815339521251	-7.81875915974597
37149	104	40.7772349780166	94.0503175378603	-63.2227650219834	-9.94968246213971
37150	104	45.7493893502687	92.6297020029311	-58.2506106497313	-11.3702979970689
37151	95	42.9081582804104	95.4709330727894	-52.0918417195896	0.47093307278945
37152	95	51.4318514899853	127.434782608696	-43.5681485100147	32.4347826086957
37153	95	50.0112359550562	99.0224719101124	-44.9887640449438	4.02247191011236
37154	95	42.9081582804104	113.228627259404	-52.0918417195896	18.228627259404
37155	95	45.0390815828041	91.9193942354665	-49.9609184171959	-3.08060576453346
37156	95	37.9360039081583	88.3678553981436	-57.0639960918417	-6.63214460185637
37157	95	37.9360039081583	103.994626282364	-57.0639960918417	8.99462628236444
37158	95	42.1978505129458	102.574010747435	-52.8021494870542	7.57401074743528
37159	95	42.1978505129458	101.863702979971	-52.8021494870542	6.8637029799707
37160	78	44.3287738153395	99.0224719101124	-33.6712261846605	21.0224719101124
37161	78	43.6184660478749	98.3121641426478	-34.3815339521251	20.3121641426478
37162	78	42.9081582804104	93.3400097703957	-35.0918417195896	15.3400097703957
37163	78	31.543234000977	81.2647777234978	-46.456765999023	3.2647777234978
37164	78	43.6184660478749	89.7884709330728	-34.3815339521251	11.7884709330728
37165	78	39.3566194430874	93.3400097703957	-38.6433805569126	15.3400097703957
37166	78	42.1978505129458	101.863702979971	-35.8021494870542	23.8637029799707
37167	78	39.3566194430874	91.209086468002	-38.6433805569126	13.209086468002
37168	78	42.1978505129458	105.415241817294	-35.8021494870542	27.4152418172936
37169	78	47.8803126526624	96.181240840254	-30.1196873473376	18.181240840254
37170	78	42.9081582804104	98.3121641426478	-35.0918417195896	20.3121641426478
37171	78	34.3844650708354	103.994626282364	-43.6155349291646	25.9946262823644
37172	78	45.7493893502687	93.3400097703957	-32.2506106497313	15.3400097703957
37173	78	40.066927210552	96.181240840254	-37.933072789448	18.181240840254
37174	78	45.0390815828041	106.835857352223	-32.9609184171959	28.8358573522228
37175	78	33.6741573033708	81.9750854909624	-44.3258426966292	3.97508549096239
37176	78	45.7493893502687	103.994626282364	-32.2506106497313	25.9946262823644
37177	78	39.3566194430874	93.3400097703957	-38.6433805569126	15.3400097703957
37178	78	42.1978505129458	89.7884709330728	-35.8021494870542	11.7884709330728
37179	78	45.0390815828041	107.546165119687	-32.9609184171959	29.5461651196874
37180	78	41.4875427454812	121.042012701514	-36.5124572545188	43.0420127015144
37181	78	48.590620420127	99.7327796775769	-29.409379579873	21.7327796775769
37182	78	42.1978505129458	108.256472887152	-35.8021494870542	30.2564728871519
37183	78	45.7493893502687	92.6297020029311	-32.2506106497313	14.6297020029311
37184	78	45.0390815828041	89.0781631656082	-32.9609184171959	11.0781631656082
37186	50	15.2061553492916	197.755251587689	-34.7938446507084	147.755251587689
37187	90	47.8803126526624	111.09770395701	-42.1196873473376	21.0977039570103
37188	90	70.6101612115291	103.994626282364	-19.3898387884709	13.9946262823644
37189	48	57.114313629702	142.351245725452	9.114313629702	94.3512457254519
37190	48	47.8803126526624	154.42647777235	-0.119687347337567	106.42647777235
37191	48	54.2730825598437	165.791402051783	6.27308255984368	117.791402051783
37192	48	62.7967757694187	133.117244748412	14.7967757694187	85.1172447484123
37193	48	42.9081582804104	138.089399120664	-5.09184171958964	90.0893991206644
37194	81	58.5349291646312	136.668783585735	-22.4650708353688	55.6687835857352
37195	81	59.2452369320958	131.696629213483	-21.7547630679042	50.6966292134832
37196	37	55.6936980947728	154.42647777235	18.6936980947728	117.42647777235
37197	37	67.0586223742062	140.930630190523	30.0586223742062	103.930630190523
37198	37	71.3204689789937	175.025403028823	34.3204689789937	138.025403028823
37199	37	71.3204689789937	162.23986321446	34.3204689789937	125.23986321446
37200	37	67.7689301416707	173.604787493894	30.7689301416707	136.604787493894
37201	37	52.8524670249145	135.958475818271	15.8524670249145	98.9584758182706
37202	37	64.9276990718124	143.771861260381	27.9276990718124	106.771861260381
37203	37	37.2256961406937	133.117244748412	0.225696140693699	96.1172447484123
37204	102	40.7772349780166	132.406936980948	-61.2227650219834	30.4069369809477
37205	37	52.8524670249145	137.3790913532	15.8524670249145	100.3790913532
37206	37	61.3761602344895	160.819247679531	24.3761602344895	123.819247679531
37207	37	58.5349291646312	166.501709819248	21.5349291646312	129.501709819248
37208	81	67.7689301416707	152.295554469956	-13.2310698583293	71.295554469956
37209	62	51.3033707865169	132	-10.6966292134831	70
37210	62	52.7191011235955	119.966292134831	-9.2808988764045	57.9662921348314
37211	62	54.1348314606742	117.134831460674	-7.86516853932584	55.1348314606741
37212	56	52.7191011235955	116.426966292135	-3.2808988764045	60.4269662921348
37213	64	47.0561797752809	137.662921348315	-16.9438202247191	73.6629213483146
37214	36	50.0112359550562	124.593551538837	14.0112359550562	88.5935515388373
37215	54	47.1700048851979	82.685393258427	-6.82999511480214	28.685393258427
37216	54	48.590620420127	82.685393258427	-5.40937957987298	28.685393258427
37217	49	44.3287738153395	108.966780654617	-4.67122618466048	59.9667806546165
37218	49	47.1700048851979	81.9750854909624	-1.82999511480214	32.9750854909624
37219	49	45.7493893502687	84.1060087933561	-3.25061064973131	35.1060087933561
37220	49	45.0390815828041	111.09770395701	-3.96091841719589	62.0977039570103
37221	49	46.4596971177333	80.5544699560332	-2.54030288226673	31.5544699560332
37222	52	50.7215437225208	103.994626282364	-1.27845627747924	51.9946262823644
37223	52	47.1700048851979	101.153395212506	-4.82999511480214	49.1533952125061
37224	115	59.2452369320958	245.345872007816	-55.7547630679042	130.345872007816
37225	133	33.0625305324866	327.940889106009	-99.9374694675134	194.940889106009
37226	68	45.0390815828041	160.819247679531	-22.9609184171959	92.819247679531
37227	68	52.1421592574499	143.771861260381	-15.8578407425501	75.7718612603811
37228	68	35.8050806057645	231.139716658525	-32.1949193942355	163.139716658525
37229	68	48.590620420127	139.510014655594	-19.409379579873	71.5100146555936
37230	68	59.2452369320958	165.791402051783	-8.75476306790425	97.7914020517831
37231	31	13.7855398143625	128.855398143625	-17.2144601856375	97.8553981436248
37232	81	59.2452369320958	153.005862237421	-21.7547630679042	72.0058622374206
37233	39	47.8803126526624	250.318026380068	8.88031265266243	211.318026380068
37234	66	44.3287738153395	143.061553492916	-21.6712261846605	77.0615534929165
37235	166	38.6463116756229	429.315583781143	-127.353688324377	263.315583781143
37236	122	50.3346360527601	272.757694186615	-71.6653639472399	150.757694186615
37237	122	62.3766487542745	311.717147044455	-59.6233512457255	189.717147044455
37238	81	52.1421592574499	111.808011724475	-28.8578407425501	30.8080117244749
37240	81	75.5823155837812	93.3400097703957	-5.41768441621885	12.3400097703957
37241	81	72.0307767464582	88.3678553981436	-8.96922325354177	7.36785539814363
37246	77	58.5349291646312	124.593551538837	-18.4650708353688	47.5935515388373
37247	77	54.9833903273083	113.228627259404	-22.0166096726917	36.228627259404
37248	77	47.8803126526624	141.640937957987	-29.1196873473376	64.6409379579873
37249	44	54.9833903273083	97.6018563751832	10.9833903273083	53.6018563751832
37250	65	60.6658524670249	118.200781631656	-4.33414753297508	53.2007816316561
37251	44	57.8246213971666	108.966780654617	13.8246213971666	64.9667806546165
37252	44	62.0864680019541	111.808011724475	18.0864680019541	67.8080117244749
37253	44	49.3009281875916	101.863702979971	5.3009281875916	57.8637029799707
37254	44	64.2173913043478	108.256472887152	20.2173913043478	64.2564728871519
37255	44	54.2730825598437	116.780166096727	10.2730825598437	72.7801660967269
37256	44	54.2730825598437	112.518319491939	10.2730825598437	68.5183194919394
37257	44	59.9555446995603	101.863702979971	15.9555446995603	57.8637029799707
37258	44	47.8803126526624	94.0503175378603	3.88031265266243	50.0503175378603
37259	44	57.114313629702	116.780166096727	13.114313629702	72.7801660967269
37260	44	50.7215437225208	109.677088422081	6.72154372252076	65.6770884220811
37261	44	54.2730825598437	106.835857352223	10.2730825598437	62.8358573522228
37262	44	61.3761602344895	106.835857352223	17.3761602344895	62.8358573522228
37263	44	37.2256961406937	134.537860283341	-6.7743038593063	90.5378602833415
37264	44	49.3009281875916	109.677088422081	5.3009281875916	65.6770884220811
37265	44	48.590620420127	110.387396189546	4.59062042012702	66.3873961895457
37266	44	53.5627747923791	98.3121641426478	9.56277479237909	54.3121641426478
37267	44	56.4040058622374	117.490473864192	12.4040058622374	73.4904738641915
37268	44	45.7493893502687	86.9472398632145	1.74938935026869	42.9472398632145
37269	44	47.1700048851979	103.2843185149	3.17000488519786	59.2843185148999
37270	44	59.9555446995603	102.574010747435	15.9555446995603	58.5740107474353
37271	44	46.4596971177333	91.209086468002	2.45969711773327	47.209086468002
37272	44	51.4318514899853	103.994626282364	7.43185148998535	59.9946262823644
37273	44	49.3009281875916	118.911089399121	5.3009281875916	74.9110893991207
37274	44	53.5627747923791	107.546165119687	9.56277479237909	63.5461651196874
37275	44	50.0112359550562	98.3121641426478	6.01123595505618	54.3121641426478
37276	44	54.9833903273083	101.863702979971	10.9833903273083	57.8637029799707
37277	44	56.4040058622374	99.7327796775769	12.4040058622374	55.7327796775769
37278	44	51.4318514899853	113.228627259404	7.43185148998535	69.228627259404
37279	44	54.9833903273083	114.649242794333	10.9833903273083	70.6492427943332
37280	44	55.6936980947728	104.704934049829	11.6936980947728	60.704934049829
37281	44	50.7215437225208	111.808011724475	6.72154372252076	67.8080117244749
37282	44	41.4875427454812	108.256472887152	-2.51245725451881	64.2564728871519
37283	44	53.5627747923791	101.863702979971	9.56277479237909	57.8637029799707
37284	44	45.7493893502687	96.181240840254	1.74938935026869	52.181240840254
37285	44	55.6936980947728	101.153395212506	11.6936980947728	57.1533952125061
37286	44	46.4596971177333	89.7884709330728	2.45969711773327	45.7884709330728
37287	44	54.9833903273083	99.7327796775769	10.9833903273083	55.7327796775769
37288	76	54.2730825598437	109.677088422081	-21.7269174401563	33.6770884220811
37289	76	63.5070835368832	118.911089399121	-12.4929164631168	42.9110893991207
37290	76	54.2730825598437	113.938935026869	-21.7269174401563	37.9389350268686
37291	76	63.5070835368832	111.09770395701	-12.4929164631168	35.0977039570103
37292	58	57.8246213971666	103.994626282364	-0.175378602833412	45.9946262823644
37293	92	63.5070835368832	112.518319491939	-28.4929164631168	20.5183194919394
37294	92	54.9833903273083	116.069858329262	-37.0166096726917	24.0698583292623
37295	92	55.6936980947728	113.938935026869	-36.3063019052272	21.9389350268686
37296	92	60.6658524670249	106.125549584758	-31.3341475329751	14.1255495847582
37297	92	50.7215437225208	106.835857352223	-41.2784562774792	14.8358573522228
37298	92	56.4040058622374	101.153395212506	-35.5959941377626	9.15339521250611
37299	92	54.9833903273083	108.256472887152	-37.0166096726917	16.2564728871519
37300	83	56.4040058622374	91.209086468002	-26.5959941377626	8.20908646800196
37301	83	62.0864680019541	112.518319491939	-20.9135319980459	29.5183194919394
37302	76	48.590620420127	116.780166096727	-27.409379579873	40.7801660967269
37304	55	52.8524670249145	98.3121641426478	-2.14753297508549	43.3121641426478
37305	55	49.3009281875916	109.677088422081	-5.6990718124084	54.6770884220811
37306	55	52.8524670249145	108.256472887152	-2.14753297508549	53.2564728871519
37307	51	57.8246213971666	103.2843185149	6.82462139716659	52.2843185148999
37308	51	35.0947728383	124.593551538837	-15.9052271617	73.5935515388373
37309	51	55.6936980947728	96.8915486077186	4.69369809477284	45.8915486077186
37310	133	48.590620420127	170.053248656571	-84.409379579873	37.0532486565706
37311	73	62.7967757694187	152.295554469956	-10.2032242305813	79.295554469956
37312	73	52.8524670249145	155.136785539814	-20.1475329750855	82.1367855398144
37313	165	72.7410845139228	154.42647777235	-92.2589154860772	-10.5735222276502
37314	83	49.3009281875916	148.033707865169	-33.6990718124084	65.0337078651685
37315	83	54.9833903273083	152.295554469956	-28.0166096726917	69.295554469956
37316	120	45.7493893502687	156.557401074744	-74.2506106497313	36.5574010747435
37317	57	36.5153883732291	105.415241817294	-20.4846116267709	48.4152418172936
37318	61	53.5627747923791	94.7606253053249	-7.43722520762091	33.7606253053249
37319	61	43.6184660478749	92.6297020029311	-17.3815339521251	31.6297020029311
37320	61	49.3009281875916	95.4709330727894	-11.6990718124084	34.4709330727894
37321	61	45.0390815828041	89.0781631656082	-15.9609184171959	28.0781631656082
37322	61	50.7215437225208	95.4709330727894	-10.2784562774792	34.4709330727894
37323	61	50.7215437225208	95.4709330727894	-10.2784562774792	34.4709330727894
37324	61	40.7772349780166	88.3678553981436	-20.2227650219834	27.3678553981436
37325	61	47.1700048851979	99.7327796775769	-13.8299951148021	38.7327796775769
37326	57	38.6463116756229	94.0503175378603	-18.3536883243771	37.0503175378603
37327	52	37.2256961406937	107.546165119687	-14.7743038593063	55.5461651196874
37328	52	10.9443087445042	277.309721543723	-41.0556912554958	225.309721543723
37330	52	30.1226184660479	93.3400097703957	-21.8773815339521	41.3400097703957
37331	52	22.3092330239375	98.3121641426478	-29.6907669760625	46.3121641426478
37332	52	8.10307767464582	94.7606253053249	-43.8969223253542	42.7606253053249
37337	52	44.3287738153395	79.1338544211041	-7.67122618466048	27.1338544211041
37339	52	21.5989252564729	327.031265266243	-30.4010747435271	275.031265266243
37340	52	10.2340009770396	121.042012701514	-41.7659990229604	69.0420127015144
37342	52	42.9081582804104	118.911089399121	-9.09184171958964	66.9110893991207
37343	52	50.0112359550562	91.9193942354665	-1.98876404494382	39.9193942354665
37344	49	6.68246213971666	110.387396189546	-42.3175378602833	61.3873961895457
37347	49	47.1700048851979	91.209086468002	-1.82999511480214	42.209086468002
37348	57	45.7493893502687	106.835857352223	-11.2506106497313	49.8358573522228
37349	57	43.6184660478749	100.443087445042	-13.3815339521251	43.4430874450415
