36455	-32	-28.4157303370787	27.0898876404494	3.58426966292132	59.0898876404494
36456	-32	-22.2808988764045	35.2696629213483	9.71910112359552	67.2696629213483
36457	-32	-20.2359550561798	27.3820224719101	11.7640449438202	59.3820224719101
36458	-32	-25.2022471910112	27.3820224719101	6.79775280898878	59.3820224719101
36459	-32	-67.8539325842697	-8.25842696629212	-35.8539325842697	23.7415730337079
36460	-32	-5.04494382022472	86.6853932584269	26.9550561797753	118.685393258427
36461	32	17.7923790913532	80.6648754274548	-14.2076209086468	48.6648754274548
36463	45	3.980947728383	79.2989741084514	-41.019052271617	34.2989741084514
36465	45	-8.00146555935515	33.9369809477284	-53.0014655593552	-11.0630190522716
36466	45	-10.2838299951148	31.9399120664387	-55.2838299951148	-13.0600879335613
36467	45	8.54567659990227	65.3194919394235	-36.4543234000977	20.3194919394235
36468	42	28.3663898387885	86.0947728383	-13.6336101612115	44.0947728383
36469	42	40.6551050317538	98.3834880312653	-1.34489496824619	56.3834880312653
36470	42	16.0776746458232	77.5212506106498	-25.9223253541768	35.5212506106498
36471	42	15.5061064973132	76.9496824621397	-26.4938935026868	34.9496824621397
36472	42	15.2203224230582	70.3766487542746	-26.7796775769418	28.3766487542746
36473	42	-21.9316072300928	28.9379579872985	-63.9316072300928	-13.0620420127015
36474	42	21.5075720566683	80.3790913531998	-20.4924279433317	38.3790913531998
36475	42	21.7933561309233	71.2340009770396	-20.2066438690767	29.2340009770396
36476	42	31.5100146555936	84.6658524670249	-10.4899853444064	42.6658524670249
36477	42	44.6560820713239	94.6682950659502	2.65608207132391	52.6682950659502
36478	68	18.9838788470933	62.5593551538838	-49.0161211529067	-5.44064484611624
36479	68	33.2242305813386	73.0972154372253	-34.7757694186614	5.09721543722526
36480	68	31.800195407914	70.5339521250611	-36.199804592086	2.53395212506109
36481	68	20.4079140205179	61.1353199804593	-47.5920859794821	-6.86468001954074
36482	68	21.2623351245726	65.9770395701026	-46.7376648754274	-2.02296042989741
36483	68	52.3063019052272	92.4640937957988	-15.6936980947728	24.4640937957988
36484	67	40.0835368832438	78.3786028334148	-26.9164631167562	11.3786028334148
36485	67	38.3688324377138	76.9496824621397	-28.6311675622862	9.94968246213972
36486	67	31.2242305813386	70.0908646800196	-35.7757694186614	3.09086468001959
36487	71	27.2232535417685	69.5192965315096	-43.7767464582315	-1.48070346849045
36488	-13	-61.6995603321935	34.0161211529067	-48.6995603321935	47.0161211529067
36493	-7	9.43869076697604	74.4020517830972	16.438690766976	81.4020517830972
36494	-7	0.498778700537343	60.0981924767953	7.49877870053734	67.0981924767953
36496	-7	-16.7850512945774	86.9179286761114	-9.78505129457744	93.9179286761114
36498	103	68.3825109916951	105.1895456766	-34.6174890083049	2.18954567659989
36499	134	47.4631167562286	120.412799218368	-86.5368832437714	-13.5872007816317
36501	-8	-74.5261358085002	-15.1270151441133	-66.5261358085002	-7.12701514411333
36502	-8	-2.39863214460183	57.0004885197851	5.60136785539817	65.0004885197851
36503	-16	-13.1455788959453	45.6697606253053	2.85442110405472	61.6697606253053
36504	-16	-14.6233512457254	43.6008793356131	1.37664875427458	59.6008793356131
36505	-16	-14.3277967757694	38.5764533463606	1.6722032242306	54.5764533463606
36506	-16	-10.1900341963849	43.009770395701	5.80996580361506	59.009770395701
36507	-16	-16.3966780654616	52.4675134342941	-0.396678065461629	68.4675134342941
36508	-16	-11.3722520762091	43.6008793356131	4.62774792379093	59.6008793356131
36509	-16	-15.2144601856375	37.0986809965804	0.785539814362494	53.0986809965804
36510	-16	-10.485588666341	42.123106985833	5.51441133365904	58.123106985833
36511	-16	-11.9633610161212	42.714215925745	4.03663898387885	58.714215925745
36512	-16	-10.1900341963849	44.7830972154372	5.80996580361506	60.7830972154372
36513	-16	-10.1900341963849	44.4875427454812	5.80996580361506	60.4875427454812
36514	-16	-11.076697606253	43.3053248656571	4.92330239374695	59.3053248656571
36515	-16	-14.0322423058134	51.876404494382	1.96775769418662	67.876404494382
36516	-16	-9.00781631656082	50.6941866145579	6.99218368343918	66.6941866145579
36517	-16	-22.0122129946263	44.1919882755252	-6.01221299462628	60.1919882755252
36518	-16	-10.485588666341	45.9653150952614	5.51441133365904	61.9653150952614
36519	-16	-12.5544699560332	49.8075232046898	3.44553004396681	65.8075232046898
36520	-16	-7.53004396678062	49.5119687347338	8.46995603321938	65.5119687347338
36521	7	-5.24621397166584	74.5310210063507	-12.2462139716658	67.5310210063507
36522	7	6.40009770395699	64.3404982901807	-0.599902296043012	57.3404982901807
36523	7	6.6912554958476	70.7459697117733	-0.308744504152401	63.7459697117733
36524	7	5.81778212017588	65.7962872496336	-1.18221787982412	58.7962872496336
36525	7	-18.3483146067416	75.1133365901319	-25.3483146067416	68.1133365901319
36526	7	-10.1958964338056	41.6301905227161	-17.1958964338056	34.6301905227161
36527	-36	-45.1133365901319	31.6038104543234	-9.11333659013189	67.6038104543234
36528	-36	-39.5070835368833	33.6692721055202	-3.50708353688327	69.6692721055202
36529	-36	-19.7376648754275	43.1113825109917	16.2623351245725	79.1113825109917
36530	-36	-21.5080605764534	36.6199316072301	14.4919394235466	72.6199316072301
36531	-36	-26.5241817293601	31.0136785539814	9.47581827063993	67.0136785539814
36532	-36	-25.6389838788471	41.0459208597948	10.3610161211529	77.0459208597948
36533	-36	-39.5070835368833	43.1113825109917	-3.50708353688327	79.1113825109917
36534	7	-30.5769418661456	75.6956521739131	-37.5769418661456	68.6956521739131
36536	28	27.7948216902785	66.3756717147045	-0.205178309721532	38.3756717147045
36537	28	32.6531509526136	66.3756717147045	4.6531509526136	38.3756717147045
36538	18	-45.0801172447484	7.50415241817296	-63.0801172447484	-10.495847581827
36539	18	-21.9316072300928	19.2212994626283	-39.9316072300928	1.22129946262828
36540	18	-14.7870053737176	27.5090376160235	-32.7870053737176	9.50903761602348
36541	18	-26.2183683439179	17.5065950170982	-44.2183683439179	-0.493404982901779
36542	18	-36.2208109428432	12.6482657547631	-54.2208109428432	-5.35173424523691
36543	18	-39.0786516853933	18.0781631656082	-57.0786516853933	0.0781631656082027
36544	-13	-16.0239374694675	34.2369320957499	-3.02393746946751	47.2369320957499
36545	-16	9.6712261846605	65.5793844650708	25.6712261846605	81.5793844650708
36546	-16	-0.77625793844652	54.2848070346849	15.2237420615535	70.2848070346849
36547	-16	-0.211529066927199	55.4142647777235	15.7884709330728	71.4142647777235
36548	-16	7.41231069858327	64.7322911577919	23.4123106985833	80.7322911577919
36549	-16	13.6243282852955	67.5559355153883	29.6243282852955	83.5559355153883
36550	-16	-1.05862237420615	61.9086468001954	14.9413776257938	77.9086468001954
36551	-16	-8.11773326819736	61.3439179286761	7.88226673180264	77.3439179286761
36552	-16	1.48265754763065	53.7200781631656	17.4826575476307	69.7200781631656
36553	-16	10.2359550561798	64.4499267220322	26.2359550561798	80.4499267220322
36554	-16	-6.98827552515877	63.038104543234	9.01172447484123	79.038104543234
36555	-16	-10.0942843185149	66.4264777723498	5.90571568148511	82.4264777723498
36556	-16	-6.70591108939914	68.685393258427	9.29408891060086	84.685393258427
36557	-16	-5.85881778212018	77.7210552027357	10.1411822178798	93.7210552027357
36558	-16	7.69467513434296	70.0972154372252	23.694675134343	86.0972154372252
36559	-16	0.917928676111387	65.5793844650708	16.9179286761114	81.5793844650708
36560	-13	-7.55300439667809	51.4611626770884	5.44699560332191	64.4611626770884
36561	-13	-2.47044455300443	45.2491450903761	10.5295554469956	58.2491450903761
36562	-13	-2.18808011724474	52.3082559843673	10.8119198827553	65.3082559843673
36563	-13	-1.62335124572547	48.0727894479726	11.3766487542745	61.0727894479726
36564	-16	-15.7415730337079	76.8739618954568	0.25842696629212	92.8739618954568
36566	1	-42.9037616023449	15.0346849047386	-43.9037616023449	14.0346849047386
36567	1	-10.4582315583781	38.2100635075721	-11.4582315583781	37.2100635075721
36568	1	-20.3077674645823	36.761602344895	-21.3077674645823	35.761602344895
36569	1	-6.40254030288224	50.0874450415242	-7.40254030288224	49.0874450415242
36570	1	-28.7088422081094	27.781143136297	-29.7088422081094	26.781143136297
36571	1	-1.76746458231554	43.4245236932096	-2.76746458231554	42.4245236932096
36572	-7	-42.4489496824622	31.6389838788471	-35.4489496824622	38.6389838788471
36573	-7	-43.9487054225696	32.8387884709331	-36.9487054225696	39.8387884709331
36574	50	30.5661944308744	130.24084025403	-19.4338055691256	80.2408402540303
36575	50	55.6966292134832	108.498778700537	5.69662921348316	58.4987787005373
36576	50	-18.0004885197851	120.358085002443	-68.0004885197851	70.3580850024426
36577	-21	-33.9125549584758	60.5632633121641	-12.9125549584758	81.5632633121641
36578	-18	-79.5701025891548	3.58817782120178	-61.5701025891548	21.5881778212018
36580	-38	-68.1035661944309	78.3180263800684	-30.1035661944309	116.318026380068
36581	-13	-48.4494382022472	33.1573033707866	-35.4494382022472	46.1573033707866
36582	-12	-22.3595505617977	51.3595505617978	-10.3595505617977	63.3595505617978
36583	-12	-18.1123595505618	30.4269662921349	-6.11235955056179	42.4269662921349
36584	-12	-17.5056179775281	8.88764044943821	-5.50561797752806	20.8876404494382
36585	-12	-21.752808988764	45.8988764044944	-9.752808988764	57.8988764044944
36586	-13	-59.0674157303371	58.3370786516854	-46.0674157303371	71.3370786516854
36587	-13	-48.1460674157303	61.0674157303371	-35.1460674157303	74.0674157303371
36588	-12	-25.3932584269663	20.7191011235955	-13.3932584269663	32.7191011235955
36589	-12	-19.3258426966292	6.15730337078656	-7.32584269662919	18.1573033707866
36590	-12	-17.2022471910112	6.76404494382024	-5.20224719101122	18.7640449438202
36591	-12	-18.4157303370786	6.4606741573034	-6.41573033707863	18.4606741573034
36592	-12	-19.9325842696629	23.7528089887641	-7.93258426966293	35.7528089887641
36593	-12	-21.4494382022472	24.6629213483146	-9.44943820224717	36.6629213483146
36594	-11	-19.3258426966292	38.3146067415731	-8.32584269662919	49.3146067415731
36595	1	-20.8426966292134	8.28089887640454	-21.8426966292134	7.28089887640454
36596	1	-17.8089887640449	9.1910112359551	-18.8089887640449	8.1910112359551
36597	1	-17.5056179775281	9.1910112359551	-18.5056179775281	8.1910112359551
36598	1	-19.629213483146	6.15730337078656	-20.629213483146	5.15730337078656
36599	1	-32.9775280898876	30.123595505618	-33.9775280898876	29.123595505618
36600	1	-26.6067415730337	22.2359550561798	-27.6067415730337	21.2359550561798
36601	1	-34.4943820224719	42.561797752809	-35.4943820224719	41.561797752809
36602	1	-32.3707865168539	63.1910112359551	-33.3707865168539	62.1910112359551
36607	-29	-26.9130434782609	20.3864191499756	2.08695652173913	49.3864191499756
36608	-29	-14.1450903761602	39.828529555447	14.8549096238398	68.828529555447
36609	-29	-12.4040058622375	43.8910600879336	16.5959941377625	72.8910600879336
36610	-29	-14.7254518808012	42.7303370786517	14.2745481191988	71.7303370786517
36611	-29	-4.27894479726427	59.5608207132389	24.7210552027357	88.5608207132389
36612	93	36.0884220810943	83.6536394723987	-56.9115779189057	-9.34636052760135
36613	93	106.100146555936	141.106008793356	13.1001465559356	48.1060087933562
36614	93	103.962383976551	141.373229115779	10.9623839765511	48.3732291157792
36615	93	73.4992672203225	104.229604298974	-19.5007327796775	11.2296042989742
36616	93	97.2818759159746	129.615534929165	4.28187591597464	36.6155349291647
36618	93	95.9457743038593	138.433805569126	2.94577430385931	45.4338055691256
36619	93	106.100146555936	137.364924279433	13.1001465559356	44.3649242794334
36620	93	106.634587200782	134.42550073278	13.6345872007817	41.4255007327797
36621	93	101.557401074744	135.761602344895	8.55740107474355	42.761602344895
36622	93	106.367366878359	146.984855886663	13.3673668783586	53.9848558866635
36623	-71	-46.0224719101124	18.8988764044944	24.9775280898876	89.8988764044944
36624	-71	-31.7640449438202	42.8651685393259	39.2359550561798	113.865168539326
36625	-71	-44.8089887640449	27.3932584269663	26.1910112359551	98.3932584269663
36626	-71	-37.2247191011236	37.7078651685393	33.7752808988764	108.707865168539
36627	-71	-41.1685393258427	24.0561797752809	29.8314606741573	95.0561797752809
36628	-71	-54.2134831460674	28.6067415730337	16.7865168539326	99.6067415730337
36629	18	16.0776746458232	63.5178309721544	-1.92232535417685	45.5178309721544
36630	18	15.2203224230582	59.2310698583293	-2.77967757694182	41.2310698583293
36631	-24	4.10698583292623	51.9091353199805	28.1069858329262	75.9091353199805
36632	-24	28.7151929653151	84.7200781631656	52.7151929653151	108.720078163166
36633	-24	-29.8353688324377	17.9667806546165	-5.83536883243772	41.9667806546165
36634	39	12.5925744992672	66.0517830972154	-26.4074255007328	27.0517830972154
36635	39	50.7777234978017	93.2056668295066	11.7777234978017	54.2056668295066
36636	-24	-51.3321934538349	25.3209574987787	-27.3321934538349	49.3209574987787
36637	-24	-43.695163654128	37.7664875427455	-19.695163654128	61.7664875427455
36638	-24	-38.038104543234	27.866634098681	-14.038104543234	51.866634098681
36639	-16	-15.8334147532975	48.0415241817294	0.166585246702482	64.0415241817294
36640	0	-5.93893502686859	38.3385442110406	-5.93893502686859	38.3385442110406
36641	0	-53.6223742061553	30.1074743527113	-53.6223742061553	30.1074743527113
36642	0	-21.5495847581827	55.3683439179287	-21.5495847581827	55.3683439179287
36643	0	-37.4440644846116	40.609184171959	-37.4440644846116	40.609184171959
36644	0	-48.2296042989741	27.8368343917929	-48.2296042989741	27.8368343917929
36645	10	2.73815339521252	64.361993160723	-7.26184660478748	54.361993160723
36648	-55	-53.6976062530533	29.3996091841719	1.30239374694673	84.3996091841719
36649	-57	-96.1695163654128	62.638495359062	-39.1695163654128	119.638495359062
36650	-57	-41.3869076697607	21.3976551050317	15.6130923302393	78.3976551050317
36651	18	-15.314606741573	30.8016609672692	-33.314606741573	12.8016609672692
36652	18	-17.9086468001954	32.5310210063507	-35.9086468001954	14.5310210063507
36653	18	-35.7787005373718	24.1724474841231	-53.7787005373718	6.1724474841231
36654	18	-35.7787005373718	24.7489008304836	-53.7787005373718	6.74890083048365
36655	18	-37.2198339032731	24.1724474841231	-55.2198339032731	6.1724474841231
36656	18	-39.8138739618955	21.5784074255007	-57.8138739618955	3.5784074255007
36657	18	-34.3375671714704	26.1900341963849	-52.3375671714704	8.19003419638494
36658	18	-35.7787005373718	26.4782608695652	-53.7787005373718	8.47826086956519
36659	18	-16.7557401074744	39.4484611626771	-34.7557401074744	21.4484611626771
36660	22	41.2256961406937	86.3414753297508	19.2256961406937	64.3414753297508
36661	22	51.6370297997069	106.874938935027	29.6370297997069	84.8749389350269
36662	22	44.9853444064485	98.4880312652662	22.9853444064485	76.4880312652662
36663	22	46.1421592574499	90.1011235955056	24.1421592574499	68.1011235955056
36664	22	29.3683439179287	87.2090864680019	7.36834391792866	65.2090864680019
36665	22	33.7063996091842	79.9789936492428	11.7063996091842	57.9789936492428
36666	22	32.8387884709331	81.714215925745	10.8387884709331	59.714215925745
36667	22	39.4904738641915	88.076697606253	17.4904738641915	66.076697606253
36668	22	16.9325842696629	57.4211040547142	-5.06741573033707	35.4211040547142
36669	22	20.9814362481681	79.6897899364924	-1.01856375183195	57.6897899364924
36670	12	20.9814362481681	58.8671226184661	8.98143624816805	46.8671226184661
36671	12	22.4274548119199	58.8671226184661	10.4274548119199	46.8671226184661
36672	12	27.9223253541768	102.536883243771	15.9223253541768	90.5368832437713
36673	38	58.0542256961407	121.452857840743	20.0542256961407	83.4528578407426
36674	38	54.8710307767465	122.513922813874	16.8710307767465	84.513922813874
36675	-86	-107.595017098192	50.2261846604788	-21.5950170981924	136.226184660479
36676	-5	-15.6809965803615	47.0449438202247	-10.6809965803615	52.0449438202247
36677	-11	-1.02540302882267	51.1485100146556	9.97459697117733	62.1485100146556
36678	-5	-0.146067415730329	53.7865168539326	4.85393258426967	58.7865168539326
36679	-8	-1.31851489985343	83.0977039570103	6.68148510014657	91.0977039570103
36680	-8	1.90571568148511	55.2520762090865	9.90571568148511	63.2520762090865
36681	-8	3.0781631656082	49.0967269174402	11.0781631656082	57.0967269174402
36682	-5	9.81973619931608	61.7005373717636	14.8197361993161	66.7005373717636
36683	-5	-3.0771861260381	46.751831949194	1.9228138739619	51.751831949194
36684	-5	-15.9741084513923	39.7171470444553	-10.9741084513923	44.7171470444553
36685	-6	-0.146067415730329	48.5105031753786	5.85393258426967	54.5105031753786
36686	-6	4.2506106497313	45.28627259404	10.2506106497313	51.28627259404
36687	-8	-0.146067415730329	42.3551538837323	7.85393258426967	50.3551538837323
36688	-8	-4.54274548119201	40.3033707865168	3.45725451880799	48.3033707865168
36689	7	-6.31314118221786	21.6849047386419	-13.3131411822179	14.6849047386419
36690	7	0.39472398632148	23.4347826086957	-6.60527601367852	16.4347826086957
36691	7	3.01954079140205	26.0595994137763	-3.98045920859795	19.0595994137763
36692	7	-3.10503175378602	25.1846604787494	-10.105031753786	18.1846604787494
36693	7	-8.35466536394722	24.8930141670738	-15.3546653639472	17.8930141670738
36694	26	4.57303370786514	41.7542745481192	-21.4269662921349	15.7542745481192
36695	26	8.31998045920858	54.1480214948705	-17.6800195407914	28.1480214948705
36696	25	-3.78553981436249	37.7191011235955	-28.7855398143625	12.7191011235955
36697	-8	-5.31558378114312	67.4973131411822	2.68441621885688	75.4973131411822
36698	-8	6.72203224230583	53.9916951636541	14.7220322423058	61.9916951636541
36699	-8	-10.3067904250122	58.9829018075232	-2.3067904250122	66.9829018075232
36700	-8	-29.390815828041	56.0468978993649	-21.390815828041	64.0468978993649
36701	-8	1.43722520762094	61.6253053248657	9.43722520762094	69.6253053248657
36702	-8	-7.0771861260381	66.0293111871031	0.9228138739619	74.0293111871031
36704	-22	-67.9130434782609	61.4347826086957	-45.9130434782609	83.4347826086957
36705	-22	-74.6086956521739	34.0434782608696	-52.6086956521739	56.0434782608696
36706	-16	-40.5217391304348	41.6521739130435	-24.5217391304348	57.6521739130435
36708	19	6.26575476306795	65.0185637518319	-12.7342452369321	46.0185637518319
36709	19	-18.1436248168051	44.0151441133366	-37.1436248168051	25.0151441133366
36710	19	-5.65510503175375	48.8402540302882	-24.6551050317537	29.8402540302882
36711	19	-12.1831949193942	47.1372740595995	-31.1831949193942	28.1372740595995
36712	19	-3.95212506106498	50.8270639960919	-22.952125061065	31.8270639960919
36713	70	52.2222765021983	103.817782120176	-17.7777234978017	33.8177821201759
36714	19	-10.7640449438202	48.5564240351734	-29.7640449438202	29.5564240351734
36715	19	-6.79042501221295	37.2032242305814	-25.7904250122129	18.2032242305814
36716	19	-16.724474841231	27.2691744015633	-35.724474841231	8.2691744015633
36717	19	-19.8466047874939	36.351734245237	-38.8466047874939	17.351734245237
36718	19	-34.6057645334636	36.6355642403518	-53.6057645334636	17.6355642403518
36719	19	-39.1470444553004	30.9589643380557	-58.1470444553004	11.9589643380557
36720	19	7.68490473864193	56.2198339032731	-11.3150952613581	37.2198339032731
36721	19	-30.3483146067416	41.1768441621886	-49.3483146067416	22.1768441621886
36722	19	-34.6057645334636	40.0415241817294	-53.6057645334636	21.0415241817294
36723	19	-36.0249145090376	40.3253541768442	-55.0249145090376	21.3253541768442
36724	-22	-10.1309233023937	89.723497801661	11.8690766976063	111.723497801661
36725	11	16.533952125061	151.19345383488	5.53395212506103	140.19345383488
36726	11	21.6692721055203	88.9990229604299	10.6692721055203	77.9990229604299
36727	11	2.26917440156325	85.0048851978505	-8.73082559843675	74.0048851978505
36728	11	-1.1543722520762	84.1489985344406	-12.1543722520762	73.1489985344406
36729	11	3.69565217391306	82.7225207620909	-7.30434782608694	71.7225207620909
36730	11	15.9633610161212	82.7225207620909	4.96336101612115	71.7225207620909
36731	11	8.26038104543233	62.181240840254	-2.73961895456767	51.181240840254
36732	53	43.4235466536395	93.2056668295066	-9.57645334636049	40.2056668295066
36733	53	50.494870542257	104.519785051295	-2.50512945774301	51.5197850512946
36734	53	59.8290180752321	117.248168050806	6.82901807523206	64.2481680508061
36735	53	52.7576941866146	101.408402540303	-0.242305813385428	48.4084025403029
36736	53	48.5148998534441	92.0742550073278	-4.48510014655591	39.0742550073278
36737	53	67.1831949193943	122.622374206155	14.1831949193943	69.6223742061554
36738	53	54.7376648754275	114.985344406448	1.73766487542747	61.9853444064485
36739	53	43.9892525647289	94.0542256961407	-9.01074743527113	41.0542256961407
36740	53	50.7777234978017	107.631167562286	-2.22227650219833	54.6311675622863
36741	53	39.7464582315584	101.125549584758	-13.2535417684416	48.1255495847582
36742	53	51.3434294088911	106.782608695652	-1.6565705911089	53.7826086956522
36743	53	55.0205178309722	114.136785539814	2.02051783097215	61.1367855398144
36744	53	58.1319003419639	103.105520273571	5.1319003419639	50.1055202735711
36745	-30	-65.3927699071813	61.4074255007328	-35.3927699071813	91.4074255007328
36746	-30	-36.1548607718613	55.5598436736688	-6.15486077186125	85.5598436736688
36747	66	62.457254518808	106.982413287738	-3.54274548119196	40.9824132877382
36748	66	67.4044943820225	103.85784074255	1.40449438202251	37.8578407425501
36749	66	56.9892525647289	116.09574987787	-9.01074743527113	50.0957498778701
36750	66	68.4460185637519	109.065461651197	2.44601856375186	43.0654616511969
36751	66	68.9667806546165	104.378602833415	2.96678065461651	38.3786028334148
36752	66	73.914020517831	109.325842696629	7.91402051783098	43.3258426966293
36753	53	59.4606741573034	92.7977528089888	6.4606741573034	39.7977528089888
36754	64	44.7195896433806	93.4230581338544	-19.2804103566194	29.4230581338544
36755	64	63.0488519785051	124.582804103566	-0.951148021494873	60.5828041035662
36756	64	75.3556424035173	116.465559355154	11.3556424035173	52.4655593551539
36757	53	0.0737664875427413	78.3786028334148	-52.9262335124573	25.3786028334148
36758	53	29.2237420615535	80.9506595017098	-23.7762579384465	27.9506595017098
36759	53	7.50415241817296	68.6619443087445	-45.495847581827	15.6619443087445
36760	53	3.21739130434787	72.9487054225696	-49.7826086956521	19.9487054225696
36761	53	-17.6448461162677	59.8026380068393	-70.6448461162677	6.80263800683929
36762	53	-24.5036638983879	46.656570591109	-77.5036638983879	-6.34342940889104
36766	139	106.678553981436	137.230581338544	-32.3214460185637	-1.7694186614558
36771	139	114.187103077675	146.8104543234	-24.8128969223254	7.81045432340011
36772	139	114.187103077675	151.729848558867	-24.8128969223254	12.7298485588666
36773	68	57.6516853932584	117.606741573034	-10.3483146067416	49.6067415730337
36774	68	57.6516853932584	108.303370786517	-10.3483146067416	40.3033707865169
36775	68	38.7865168539326	98.4831460674158	-29.2134831460674	30.4831460674158
36776	68	51.1910112359551	107.269662921348	-16.8089887640449	39.2696629213484
36777	68	65.9213483146067	119.932584269663	-2.07865168539325	51.9325842696629
36778	68	77.2921348314607	129.494382022472	9.29213483146071	61.4943820224719
36779	68	81.9438202247191	127.685393258427	13.9438202247191	59.685393258427
36780	68	71.3483146067416	134.662921348315	3.34831460674161	66.6629213483146
36781	68	63.5955056179776	130.269662921348	-4.40449438202245	62.2696629213484
36782	68	67.9887640449438	122.516853932584	-0.0112359550561791	54.5168539325843
36783	68	84.2696629213484	132.078651685393	16.2696629213484	64.0786516853933
36784	68	60.4943820224719	116.314606741573	-7.50561797752806	48.3146067415731
36785	68	63.3370786516854	122.775280898876	-4.66292134831457	54.7752808988764
36786	68	51.4494382022472	103.651685393258	-16.5505617977528	35.6516853932584
36787	68	46.5393258426967	107.52808988764	-21.4606741573033	39.5280898876405
36788	68	80.1348314606742	125.61797752809	12.1348314606742	57.6179775280899
36789	68	70.7166585246703	111.728871519297	2.71665852467027	43.7288715192965
36790	68	69.6849047386419	116.113825109917	1.68490473864193	48.1138251099169
36791	71	29.0170981924768	74.6106497313141	-41.9829018075232	3.61064973131414
36792	69	44.304347826087	93.1162677088423	-24.695652173913	24.1162677088423
36793	69	53.4230581338545	92.5798729848559	-15.5769418661455	23.5798729848559
36794	69	54.4958475818271	92.8480703468491	-14.5041524181729	23.8480703468491
36795	69	48.5955056179776	91.2388861748901	-20.4044943820224	22.2388861748901
36796	69	50.4728871519297	90.7024914509038	-18.5271128480703	21.7024914509038
36797	71	54.2276502198339	103.039570102589	-16.7723497801661	32.0395701025892
36798	69	48.0591108939912	90.9706888128969	-20.9408891060088	21.9706888128969
36799	69	53.4230581338545	96.6028334147533	-15.5769418661455	27.6028334147533
36800	69	49.9364924279433	98.2120175867123	-19.0635075720567	29.2120175867123
36801	71	52.8866634098681	97.9438202247191	-18.1133365901319	26.9438202247191
36802	83	48.9745969711773	89.8148510014656	-34.0254030288227	6.81485100146557
36803	71	55.6917440156327	93.5764533463605	-15.3082559843673	22.5764533463605
36804	79	42.5261358085002	81.2169027845628	-36.4738641914998	2.21690278456276
36805	91	49.2432828529555	95.7259404005862	-41.7567171470445	4.72594040058624
36806	91	57.0351734245237	118.832926233512	-33.9648265754763	27.8329262335125
36807	71	59.323400097704	102.503175378603	-11.676599902296	31.5031753786029
36808	71	61.7371763556424	101.966780654617	-9.26282364435758	30.9667806546165
36809	71	36.7948216902785	76.4880312652663	-34.2051783097215	5.48803126526627
36810	71	53.4230581338545	96.6028334147533	-17.5769418661455	25.6028334147533
36811	71	60.9325842696629	99.2848070346849	-10.0674157303371	28.2848070346849
36812	71	60.3961895456766	101.43038593063	-10.6038104543234	30.4303859306302
36813	71	59.0552027357108	97.675622862726	-11.9447972642892	26.675622862726
36814	71	55.3004396678066	94.457254518808	-15.6995603321934	23.457254518808
36815	71	78.9018075232047	110.280898876405	7.9018075232047	39.2808988764045
36816	71	50.4728871519297	94.9936492427943	-20.5271128480703	23.9936492427943
36817	71	52.8866634098681	90.9706888128969	-18.1133365901319	19.9706888128969
36818	71	53.1548607718613	91.2388861748901	-17.8451392281387	20.2388861748901
36819	69	50.2046897899365	92.3116756228628	-18.7953102100635	23.3116756228628
36820	69	45.9135319980459	87.4841231069859	-23.0864680019541	18.4841231069859
36821	69	82.656570591109	113.767464582316	13.656570591109	44.7674645823156
36822	69	83.4611626770885	114.572056668295	14.4611626770885	45.5720566682951
36823	79	47.4162188568637	105.509037616023	-31.5837811431363	26.5090376160234
36824	71	97.9438202247191	142.464582315584	26.9438202247191	71.4645823155838
36825	71	53.6912554958476	95.2618466047875	-17.3087445041524	24.2618466047875
36826	71	53.4230581338545	94.7254518808012	-17.5769418661455	23.7254518808012
36827	106	77.1533952125062	104.741084513923	-28.8466047874938	-1.25891548607717
36828	106	51.6878358573522	89.8861748900831	-54.3121641426478	-16.1138251099169
36829	106	74.2354665363948	104.47581827064	-31.7645334636052	-1.52418172936001
36830	-21	-15.8422081094284	64.1773326819736	5.15779189057156	85.1773326819736
36831	68	44.0151441133366	76.0879335613093	-23.9848558866634	8.08793356130928
36832	68	38.0547142159257	73.8172936003908	-29.9452857840743	5.81729360039083
36833	68	57.9228138739619	88.5764533463606	-10.0771861260381	20.5764533463606
36834	0	-14.6912554958476	53.5920859794821	-14.6912554958476	53.5920859794821
36835	-10	-25.4621397166585	39.266731802638	-15.4621397166585	49.266731802638
36836	-10	-39.5070835368832	27.9697117733268	-29.5070835368832	37.9697117733268
36837	-8	-25.7674645823155	44.7625793844651	-17.7674645823155	52.7625793844651
36838	-1	-33.7059110893991	31.3282852955545	-32.7059110893991	32.3282852955545
36839	-8	-38.591108939912	28.2750366389839	-30.591108939912	36.2750366389839
36840	-8	-33.7059110893991	40.4880312652663	-25.7059110893991	48.4880312652663
36841	-73	-37.0346849047386	16.5305324865657	35.9653150952614	89.5305324865657
36842	-73	-36.1319003419638	21.6463116756228	36.8680996580362	94.6463116756228
36843	-73	24.9389350268686	24.9389350268686	97.9389350268686	97.9389350268686
36844	-97	-43.7498778700538	6.64191499755736	53.2501221299462	103.641914997557
36845	-97	-46.1494870542257	21.3395212506106	50.8505129457743	118.339521250611
36847	-77	-40.1436248168051	25.2638006839277	36.8563751831949	102.263800683928
36848	-83	-44.9662921348315	29.7850512945774	38.0337078651685	112.785051294577
36849	41	26.2134831460674	81.1778212017587	-14.7865168539326	40.1778212017587
36850	7	-44.6936980947728	38.7830972154372	-51.6936980947728	31.7830972154372
36851	7	-43.8832437713727	54.7220322423058	-50.8832437713727	47.7220322423058
36852	7	-38.4802149487054	61.7459697117733	-45.4802149487054	54.7459697117733
36853	7	-39.5608207132389	51.7503663898388	-46.5608207132389	44.7503663898388
36854	7	-39.8309721543722	63.0967269174402	-46.8309721543722	56.0967269174402
36855	7	-24.9726428920371	54.9921836834392	-31.9726428920371	47.9921836834392
36856	7	-30.9159745969712	45.8070346849047	-37.9159745969712	38.8070346849047
36857	7	-28.2144601856375	80.656570591109	-35.2144601856375	73.656570591109
36858	7	-30.6458231558378	58.504152418173	-37.6458231558378	51.504152418173
36859	104	80.3727405959942	136.081582804104	-23.6272594040058	32.0815828041036
36860	117	58.6551050317537	109.085002442599	-58.3448949682463	-7.91499755740108
36861	104	78.1880801172448	141.816316560821	-25.8119198827552	37.8163165608207
36862	104	61.5300439667807	108.227161700049	-42.4699560332193	4.2271617000489
36863	104	82.2843185148999	138.266243282853	-21.7156814851001	34.266243282853
36864	104	76.0034196384954	118.604298974108	-27.9965803615046	14.6042989741085
36865	104	71.0879335613093	109.319491939424	-32.9120664386907	5.31949193942359
36866	104	72.9995114802149	121.062042012702	-31.0004885197851	17.0620420127016
36867	104	51.4259892525648	94.8461162677089	-52.5740107474352	-9.15388373229115
36868	104	63.1685393258427	112.869565217391	-40.8314606741573	8.86956521739131
36869	73	81.4562774792379	111.687835857352	8.45627747923794	38.6878358573522
36870	73	84.2554958475819	116.166585246703	11.2554958475819	43.1665852467025
36871	73	61.5818270639961	106.089399120664	-11.4181729360039	33.0893991206644
36872	73	80.056668295066	115.606741573034	7.056668295066	42.6067415730337
36873	73	79.2169027845628	110.28822667318	6.21690278456282	37.2882266731803
36874	73	75.8578407425501	109.448461162677	2.85784074255008	36.4484611626771
36875	73	80.3365901319004	105.529555446996	7.33659013190038	32.5295554469956
36876	70	43.3932584269663	104.910112359551	-26.6067415730337	34.9101123595506
36877	70	54.6292134831461	102.38202247191	-15.3707865168539	32.3820224719101
36878	70	34.123595505618	90.8651685393259	-35.876404494382	20.8651685393259
36879	70	45.0786516853933	116.14606741573	-24.9213483146067	46.1460674157304
36880	70	38.3370786516854	97.3258426966293	-31.6629213483146	27.3258426966293
36881	-75	-51.1494870542257	46.5676599902296	23.8505129457743	121.56765999023
36882	-11	-83.5339521250611	8.02686858817782	-72.5339521250611	19.0268685881778
36884	-32	-7.40937957987302	50.9022960429897	24.590620420127	82.9022960429897
36885	-32	-34.6980947728383	50.6150464093795	-2.69809477283832	82.6150464093795
36886	-32	-92.1480214948706	43.4338055691255	-60.1480214948706	75.4338055691255
36887	-32	-31.8255984367367	47.742550073278	0.174401563263302	79.742550073278
36889	-32	-10.2818759159746	53.7747923790914	21.7181240840254	85.7747923790914
36900	6	-30.4298974108451	66.7821201758671	-36.4298974108451	60.7821201758671
36902	-6	-54.8045920859795	33.8045920859795	-48.8045920859795	39.8045920859795
36903	-6	-50.2164142647777	49.8632144601856	-44.2164142647777	55.8632144601856
36904	-6	-36.7386419149975	48.142647777235	-30.7386419149975	54.142647777235
36905	-6	-50.2164142647777	49.8632144601856	-44.2164142647777	55.8632144601856
36917	9	-33.2242305813385	64.8944797264289	-42.2242305813385	55.8944797264289
36918	9	-22.8656570591109	69.7860283341475	-31.8656570591109	60.7860283341475
36920	39	-93.8041035661944	117.538837322912	-132.804103566194	78.5388373229116
36921	39	-31.8637029799707	155.391304347826	-70.8637029799707	116.391304347826
36922	39	-66.561797752809	67.9291646311676	-105.561797752809	28.9291646311676
36924	39	-93.2305813385442	117.825598436737	-132.230581338544	78.8255984367367
36925	39	36.0986809965804	72.2305813385443	-2.90131900341959	33.2305813385443
36928	39	-23.8343917928676	25.7752808988764	-62.8343917928676	-13.2247191011236
36929	39	-7.77576941866141	36.6722032242306	-46.7757694186614	-2.3277967757694
36931	71	-11.2882266731802	65.1465559355154	-82.2882266731802	-5.85344406448462
36932	71	5.60185637518316	64.0014655593552	-65.3981436248168	-6.99853444064485
36933	63	152.028334147533	152.028334147533	89.028334147533	89.028334147533
36934	63	69.4875427454812	127.031753786028	6.48754274548122	64.0317537860284
36935	63	152.288715192965	152.288715192965	89.2887151929654	89.2887151929654
36936	63	78.6008793356131	142.654616511969	15.6008793356131	79.6546165119688
36937	67	37.9814362481681	110.888128969223	-29.0185637518319	43.8881289692233
36938	58	41.6956521739131	112.652173913043	-16.3043478260869	54.6521739130434
36939	58	24.2173913043478	82.3913043478261	-33.7826086956522	24.3913043478261
36940	55	56.799706888129	125.541768441622	1.79970688812898	70.5417684416219
36941	54	43	182.565217391304	-11	128.565217391304
36942	54	35.9565217391304	139.260869565217	-18.0434782608696	85.2608695652174
36943	-55	-38.9399120664387	34.6604787493893	16.0600879335613	89.6604787493893
36944	-1	-21.7752808988764	75.1348314606742	-20.7752808988764	76.1348314606742
36946	-1	-13.9101123595506	77.9438202247191	-12.9101123595506	78.9438202247191
36947	-1	-7.44943820224717	84.9662921348315	-6.44943820224717	85.9662921348315
36948	-1	-12.5056179775281	73.7303370786517	-11.5056179775281	74.7303370786517
36949	66	149.164142647777	149.164142647777	83.1641426477773	83.1641426477773
36950	61	93.4425989252565	150.205666829507	32.4425989252565	89.2056668295066
36951	61	92.1406936980948	153.590620420127	31.1406936980948	92.590620420127
36952	61	148.903761602345	148.903761602345	87.9037616023449	87.9037616023449
36953	61	150.726428920371	150.726428920371	89.7264289203713	89.7264289203713
36954	61	150.726428920371	150.726428920371	89.7264289203713	89.7264289203713
36955	61	-16.6985832926233	54.1250610649732	-77.6985832926233	-6.87493893502682
36956	61	11.4225696140694	74.1744015632634	-49.5774303859306	13.1744015632634
36957	61	0	0	-61	-61
36958	61	148.38299951148	148.38299951148	87.3829995114803	87.3829995114803
36959	61	152.028334147533	152.028334147533	91.028334147533	91.028334147533
36960	61	67.6648754274548	122.084513922814	6.66487542745483	61.0845139228139
36961	61	148.903761602345	148.903761602345	87.9037616023449	87.9037616023449
36962	61	30.1700048851979	91.8803126526624	-30.8299951148021	30.8803126526624
36963	61	148.643380556913	148.643380556913	87.6433805569126	87.6433805569126
36964	61	151.247191011236	151.247191011236	90.247191011236	90.247191011236
36965	61	152.028334147533	152.028334147533	91.028334147533	91.028334147533
36966	61	8.03761602344895	80.6839276990718	-52.9623839765511	19.6839276990718
36967	61	151.767953102101	151.767953102101	90.7679531021006	90.7679531021006
36968	61	0	0	-61	-61
36969	61	0	0	-61	-61
36970	61	151.767953102101	151.767953102101	90.7679531021006	90.7679531021006
36971	61	152.80947728383	152.80947728383	91.80947728383	91.80947728383
36972	61	75.7366878358574	125.469467513434	14.7366878358574	64.4694675134343
36973	61	154.371763556424	154.371763556424	93.3717635564241	93.3717635564241
36974	61	0	0	-61	-61
36975	61	78.0801172447485	142.133854421104	17.0801172447485	81.1338544211041
36976	61	77.5593551538838	127.552515876893	16.5593551538838	66.552515876893
36977	61	86.151929653151	132.499755740108	25.151929653151	71.4997557401075
36978	61	152.288715192965	152.288715192965	91.2887151929654	91.2887151929654
36979	61	152.288715192965	152.288715192965	91.2887151929654	91.2887151929654
36980	61	151.507572056668	151.507572056668	90.5075720566683	90.5075720566683
36981	61	88.7557401074744	133.541279921837	27.7557401074744	72.5412799218369
36982	61	76.2574499267221	121.042989741085	15.2574499267221	60.0429897410846
36983	61	149.684904738642	149.945285784074	88.6849047386419	88.9452857840743
36984	61	149.42452369321	149.42452369321	88.4245236932096	88.4245236932096
36985	61	89.7972642892037	134.582804103566	28.7972642892037	73.5828041035662
36986	61	70.7894479726429	118.959941377626	9.7894479726429	57.9599413776258
36987	61	150.466047874939	150.466047874939	89.466047874939	89.466047874939
36988	61	148.122618466048	148.122618466048	87.1226184660479	87.1226184660479
36989	61	8.03761602344895	67.1441133365902	-52.9623839765511	6.14411333659018
36990	61	91.8803126526624	143.696140693698	30.8803126526624	82.6961406936981
36991	61	83.2877381533953	133.020517830972	22.2877381533953	72.0205178309722
36992	61	59.33268197362	111.148510014656	-1.66731802638003	50.1485100146556
36993	61	29.1284807034685	88.2349780166097	-31.8715192965315	27.2349780166097
36994	61	153.590620420127	153.590620420127	92.590620420127	92.590620420127
36995	61	153.069858329262	153.069858329262	92.0698583292624	92.0698583292624
36996	61	150.726428920371	150.726428920371	89.7264289203713	89.7264289203713
36997	61	78.6008793356131	122.344894968246	17.6008793356131	61.3448949682463
36998	61	152.028334147533	152.028334147533	91.028334147533	91.028334147533
36999	57	151.507572056668	151.507572056668	94.5075720566683	94.5075720566683
37000	57	90.5784074255008	135.363947239863	33.5784074255008	78.3639472398633
37001	57	32.2530532486566	86.933072789448	-24.7469467513434	29.933072789448
37002	-55	-28.7684416218857	39.5559355153883	26.2315583781143	94.5559355153883
37008	129	84.5681485100146	138.184171958964	-44.4318514899854	9.18417195896433
37011	129	88.247679531021	133.19052271617	-40.752320468979	4.19052271616999
37013	129	73.666829506595	108.160723009282	-55.333170493405	-20.8392769907181
37014	129	75.6321446018563	148.434294088911	-53.3678553981437	19.4342940889106
37017	129	73.5295554469956	109.799218368344	-55.4704445530044	-19.2007816316561
37020	129	75.3693209574988	141.600879335613	-53.6306790425012	12.6008793356131
37021	130	79.4596971177333	134.491939423547	-50.5403028822667	4.49193942354668
37025	129	77.7347337567172	147.38299951148	-51.2652662432828	18.3829995114802
37026	-54	-41.3869076697607	33.7083536883244	12.6130923302393	87.7083536883244
37028	-32	-52.7743038593063	38.3248656570591	-20.7743038593063	70.3248656570591
37029	125	108.820224719101	141.123595505618	-16.1797752808989	16.123595505618
37030	125	94.3483146067416	133.370786516854	-30.6516853932584	8.37078651685397
37031	125	105.202247191011	155.85393258427	-19.7977528089887	30.8539325842697
37032	125	113.730337078652	167.224719101124	-11.2696629213483	42.2247191011236
37035	125	112.179775280899	147.584269662921	-12.8202247191011	22.5842696629214
37036	125	108.561797752809	143.707865168539	-16.438202247191	18.7078651685393
37037	125	110.887640449438	148.101123595506	-14.1123595505618	23.1011235955057
37038	125	117.089887640449	148.876404494382	-7.91011235955051	23.876404494382
37039	125	74.8319491939424	122.472398632145	-50.1680508060576	-2.52760136785542
37041	125	79.4924279433317	140.855398143625	-45.5075720566683	15.8553981436248
37042	125	108.749877870054	141.114313629702	-16.2501221299462	16.114313629702
37043	125	66.1797752808989	105.202247191011	-58.8202247191011	-19.7977528089887
37044	125	113.730337078652	143.449438202247	-11.2696629213483	18.4494382022472
37045	125	110.370786516854	149.134831460674	-14.629213483146	24.1348314606742
37046	125	113.213483146067	146.033707865169	-11.7865168539325	21.0337078651686
37047	125	100.550561797753	134.921348314607	-24.4494382022472	9.92134831460675
37048	125	104.426966292135	140.606741573034	-20.5730337078651	15.6067415730337
37049	125	82.4606741573034	136.47191011236	-42.5393258426966	11.4719101123596
37050	60	64.4587200781631	109.850024425989	4.45872007816314	49.8500244259893
37051	36	26.2340009770396	64.1783097215437	-9.76599902296044	28.1783097215437
37052	36	27.9457743038593	61.0400586223742	-8.05422569614069	25.0400586223742
37053	36	-19.6985832926234	41.6399609184172	-55.6985832926234	5.63996091841716
37054	27	-14.2779677576942	39.0723009281876	-41.2779677576942	12.0723009281876
37055	36	25.3781143136297	71.0254030288227	-10.6218856863703	35.0254030288227
37056	36	8.54567659990227	46.7752808988764	-27.4543234000977	10.7752808988764
37057	36	19.6722032242306	62.181240840254	-16.3277967757694	26.181240840254
37058	36	12.8251099169516	58.7576941866146	-23.1748900830484	22.7576941866146
37059	36	-11.7103077674646	36.504640937958	-47.7103077674646	0.504640937957959
37060	36	-21.1250610649731	13.1104054714216	-57.1250610649731	-22.8895945285784
37061	36	3.41035661944306	53.3370786516854	-32.5896433805569	17.3370786516854
37062	36	31.3693209574988	71.5959941377625	-4.63067904250124	35.5959941377625
37063	27	-8.00146555935515	47.9164631167562	-35.0014655593552	20.9164631167562
37064	27	13.6809965803615	54.7635564240352	-13.3190034196385	27.7635564240352
37065	27	5.69272105520275	44.4929164631167	-21.3072789447972	17.4929164631167
37066	27	-19.9838788470933	34.2222765021983	-46.9838788470933	7.22227650219833
37067	27	-21.4103566194431	33.9369809477284	-48.4103566194431	6.93698094772839
37068	62	38.7547630679043	77.7210552027357	-23.2452369320957	15.7210552027357
37069	60	69.1968734733757	113.531509526136	9.19687347337572	53.5315095261358
37070	60	84.1499755740108	121.13922813874	24.1499755740108	61.1392281387397
37071	60	59.4904738641915	98.5784074255008	-0.509526135808471	38.5784074255008
37072	60	59.228138739619	109.85881778212	-0.771861260381002	49.8588177821202
37073	60	63.4255007327797	106.973131411822	3.42550073277971	46.9731314118222
37074	60	47.1607230092819	105.399120664387	-12.8392769907181	45.3991206643869
37075	60	51.6204201270152	106.448461162677	-8.37957987298483	46.4484611626771
37076	60	67.6228627259404	111.957498778701	7.62286272594042	51.9574987787005
37077	60	59.228138739619	90.4460185637519	-0.771861260381002	30.4460185637519
37078	60	64.7371763556424	108.284807034685	4.73717635564242	48.2848070346849
37079	60	62.6384953590621	110.121152906693	2.63849535906206	50.1211529066928
37080	60	40.3400097703957	94.1187103077675	-19.6599902296043	34.1187103077675
37081	36	39.7757694186615	80.9286761113825	3.77576941866147	44.9286761113825
37082	36	64.8368343917929	112.320957498779	28.8368343917929	76.3209574987787
37083	36	72.2232535417684	120.498778700537	36.2232535417684	84.4987787005373
37084	43	53.7572056668295	100.977528089888	10.7572056668295	57.9775280898876
37085	43	74.5974596971177	122.081582804104	31.5974596971177	79.0815828041036
37086	43	78.0268685881778	127.357596482658	35.0268685881778	84.3575964826575
37087	43	74.8612603810454	116.541768441622	31.8612603810454	73.5417684416219
37088	43	76.4440644846116	129.995603321935	33.4440644846116	86.9956033219345
37089	19	87.2598925256473	128.148998534441	68.2598925256473	109.148998534441
37090	19	23.6839276990718	71.6956521739131	4.68392769907183	52.6956521739131
37091	19	32.9169516365413	69.5852467024914	13.9169516365413	50.5852467024914
37092	19	83.8304836345872	116.541768441622	64.8304836345872	97.5417684416219
37093	-57	-49.8241328773815	30.733268197362	7.17586712261851	87.733268197362
37094	-28	-26.5549584758182	35.2354665363948	1.44504152418176	63.2354665363948
37095	65	34.5837811431363	82.6463116756228	-30.4162188568637	17.6463116756228
37096	65	35.7015144113337	88.514411333659	-29.2984855886663	23.514411333659
37097	65	43.2462139716658	84.0434782608696	-21.7537860283342	19.0434782608696
37098	143	127.95261358085	152.225207620909	-15.04738641915	9.22520762090863
37099	143	120.274548119199	145.537860283341	-22.7254518808012	2.53786028334144
37100	143	119.779189057157	145.042501221299	-23.2208109428432	2.04250122129946
37101	143	132.410845139228	156.435759648266	-10.5891548607719	13.4357596482657
37102	143	134.639960918417	157.42647777235	-8.36003908158284	14.4264777723498
37103	143	132.410845139228	155.692721055203	-10.5891548607719	12.6927210552028
37104	143	136.621397166585	161.389350268686	-6.37860283341479	18.3893502686859
37105	143	131.420127015144	157.674157303371	-11.5798729848559	14.6741573033707
37106	143	134.639960918417	156.931118710308	-8.36003908158284	13.9311187103078
37107	143	131.172447484123	153.958964338056	-11.8275525158769	10.9589643380557
37109	125	66.8837322911578	132.239374694675	-58.1162677088422	7.23937469467518
37110	132	94.7445041524182	152.549096238398	-37.2554958475818	20.5490962383977
37111	132	102.816316560821	142.654616511969	-29.1836834391793	10.6546165119688
37112	132	83.8085002442599	147.341475329751	-48.1914997557401	15.3414753297509
37113	125	97.8690766976063	143.435759648266	-27.1309233023937	18.4357596482658
37114	125	97.8690766976063	142.133854421104	-27.1309233023937	17.1338544211041
37115	132	98.1294577430386	143.696140693698	-33.8705422569614	11.6961406936981
37116	132	98.1294577430386	148.38299951148	-33.8705422569614	16.3829995114803
37117	118	84.0688812896923	137.967757694187	-33.9311187103077	19.9677576941867
37118	118	105.940889106009	154.111382510992	-12.0591108939912	36.1113825109917
37119	118	88.2349780166097	130.677088422081	-29.7650219833903	12.6770884220811
37120	125	106.201270151441	154.892525647289	-18.7987298485588	29.8925256472887
37121	118	84.0688812896923	148.903761602345	-33.9311187103077	30.9037616023449
37122	118	108.023937469468	159.319003419639	-9.97606253053243	41.3190034196385
37123	118	91.0991695163655	134.843185148999	-26.9008304836345	16.8431851489985
37124	118	109.846604787494	166.088910600879	-8.1533952125061	48.0889106008794
37125	118	93.9633610161212	140.831949193942	-24.0366389838788	22.8319491939424
37126	125	101.514411333659	151.767953102101	-23.485588666341	26.7679531021006
37127	118	82.2462139716659	125.469467513434	-35.7537860283341	7.46946751343432
37128	118	99.952125061065	144.737664875427	-18.047874938935	26.7376648754275
37129	125	105.159745969712	156.715192965315	-19.8402540302882	31.7151929653151
37130	125	107.242794333171	158.537860283342	-17.7572056668295	33.5378602833415
37131	125	103.337078651685	154.632144601856	-21.6629213483146	29.6321446018564
37132	125	104.378602833415	153.851001465559	-20.6213971665852	28.8510014655594
37133	125	99.6917440156327	143.696140693698	-25.3082559843673	18.6961406936981
37134	125	92.6614557889595	141.873473375672	-32.3385442110405	16.8734733756717
37135	125	67.4044943820225	128.594040058622	-57.5955056179775	3.5940400586224
37136	118	84.0688812896923	135.363947239863	-33.9311187103077	17.3639472398633
37137	118	105.420127015144	164.266243282853	-12.5798729848559	46.266243282853
37138	118	78.0801172447485	130.156326331216	-39.9198827552515	12.1563263312165
37139	125	97.3483146067416	138.228138739619	-27.6516853932584	13.228138739619
37140	132	111.929653150953	162.964338055691	-20.0703468490474	30.9643380556913
37141	118	93.7029799706888	136.926233512457	-24.2970200293112	18.9262335124573
37142	130	64.2799218368344	127.292134831461	-65.7200781631656	-2.70786516853929
37143	125	97.6086956521739	147.862237420616	-27.3913043478261	22.8622374206155
37144	125	102.035173424524	148.903761602345	-22.9648265754763	23.9037616023449
37145	125	106.201270151441	158.017098192477	-18.7987298485588	33.0170981924769
37146	125	105.159745969712	155.673668783586	-19.8402540302882	30.6736687835858
37147	125	102.555935515388	152.288715192965	-22.4440644846116	27.2887151929654
37148	125	93.1822178798242	138.228138739619	-31.8177821201758	13.228138739619
37149	125	108.2843185149	155.934049829018	-16.7156814851001	30.9340498290181
37150	125	81.9858329262335	134.322423058134	-43.0141670737665	9.32242305813389
37151	102	98.8847093307279	155.496336101612	-3.1152906692721	53.4963361016121
37152	102	55.0234489496825	113.420127015144	-46.9765510503175	11.4201270151441
37153	102	97.3546653639472	142.23595505618	-4.64533463605278	40.2359550561798
37154	102	97.609672691744	153.456277479238	-4.39032730825602	51.4562774792379
37155	102	104.749877870054	150.90620420127	2.74987787005375	48.9062042012702
37156	102	118.775280898876	168.501709819248	16.7752808988764	66.5017098192477
37157	102	110.870053737176	173.09184171959	8.87005373717636	71.0918417195896
37158	102	103.729848558867	161.616511968735	1.72984855886665	59.6165119687347
37159	102	109.595017098192	167.226673180264	7.59501709819244	65.2266731802638
37160	107	106.872984855887	162.867122618466	-0.127015144113329	55.8671226184661
37161	107	93.8925256472887	150.650219833903	-13.1074743527113	43.6502198339033
37162	107	88.2931118710308	148.614069369809	-18.7068881289692	41.6140693698095
37163	104	94.2554958475818	150.90425012213	-9.74450415241819	46.90425012213
37164	104	113.307767464582	151.920371275037	9.3077674645823	47.9203712750366
37165	104	114.577918905716	160.04934049829	10.5779189057156	56.0493404982902
37166	104	103.492427943332	154.454323400098	-0.507572056668266	50.4543234000977
37167	104	112.545676599902	169.448461162677	8.54567659990227	65.4484611626771
37168	104	85.7445041524182	147.608695652174	-18.2554958475818	43.6086956521739
37169	104	95.1255495847582	137.720566682951	-8.87445041524177	33.7205666829507
37170	104	103.654616511969	154.71470444553	-0.345383488031302	50.7147044455301
37171	104	112.037616023449	180.371763556424	8.03761602344895	76.371763556424
37172	104	103.999511480215	148.115779189057	-0.000488519785051267	44.1157791890572
37173	104	81.5539814362481	139.726917440156	-22.4460185637519	35.7269174401563
37174	104	82.5701025891548	138.202735710796	-21.4298974108452	34.2027357107963
37175	104	99.3361016121153	152.682462139717	-4.66389838788473	48.6824621397166
37176	104	82.3160723009282	136.42452369321	-21.6839276990718	32.4245236932096
37177	104	110.767464582316	155.984855886663	6.7674645823156	51.9848558866634
37178	104	110.767464582316	153.698583292623	6.7674645823156	49.6985832926234
37179	104	81.5539814362481	136.42452369321	-22.4460185637519	32.4245236932096
37180	104	74.4411333659013	136.42452369321	-29.5588666340987	32.4245236932096
37181	104	80.0297997068881	128.295554469956	-23.9702002931119	24.295554469956
37182	104	104.506595017098	162.060576453346	0.506595017098221	58.0605764533464
37183	104	108.816805080606	158.257449926722	4.81680508060577	54.2574499267221
37184	104	110.338055691256	159.271617000489	6.33805569125553	55.2716170004886
37186	-33	-79.5500732779678	76.7957987298486	-46.5500732779678	109.795798729849
37187	109	81.7542745481192	135.071323888618	-27.2457254518808	26.0713238886175
37188	109	82.799706888129	106.844650708354	-26.200293111871	-2.1553492916463
37189	-17	-51.4455300439668	5.24523693209574	-34.4455300439668	22.2452369320957
37190	-17	-28.0493404982902	46.638495359062	-11.0493404982902	63.638495359062
37191	-17	-55.0449438202247	9.74450415241819	-38.0449438202247	26.7445041524182
37192	-17	-39.7474352711285	7.64484611626767	-22.7474352711285	24.6448461162677
37193	-17	-21.4504152418173	50.5378602833414	-4.45041524181732	67.5378602833414
37194	-32	-36.4479726428921	14.2437713727406	-4.44797264289207	46.2437713727406
37195	-32	-28.6492427943332	20.2427943331705	3.35075720566681	52.2427943331705
37196	-15	-61.3439179286761	-1.65363947239865	-46.3439179286761	13.3463605276013
37197	-15	-45.4465070835369	2.8456277479238	-30.4465070835369	17.8456277479238
37198	-15	-52.9452857840743	-3.1533952125061	-37.9452857840743	11.8466047874939
37199	-15	-50.8456277479238	-2.25354176844161	-35.8456277479238	12.7464582315584
37200	-15	-57.7445041524182	-3.75329750854911	-42.7445041524182	11.2467024914509
37201	-15	-55.3448949682462	2.24572545188079	-40.3448949682462	17.2457254518808
37202	-15	-46.3463605276013	1.64582315583777	-31.3463605276013	16.6458231558378
37203	-15	-28.0493404982902	56.8368343917929	-13.0493404982902	71.8368343917929
37204	-40	-34.9482169027846	47.5383488031265	5.05178309721543	87.5383488031265
37205	-15	-52.0454323400098	4.94528578407426	-37.0454323400098	19.9452857840743
37206	-15	-50.2457254518808	5.24523693209574	-35.2457254518808	20.2452369320957
37207	-15	-61.9438202247191	-4.05324865657059	-46.9438202247191	10.9467513434294
37208	-32	-52.6453346360528	-4.05324865657059	-20.6453346360528	27.9467513434294
37209	-73	-48.6321446018564	14.3673668783586	24.3678553981436	87.3673668783586
37210	-73	-42.8773815339521	20.4250122129946	30.1226184660479	93.4250122129946
37211	-73	-42.2716170004885	18.9106008793356	30.7283829995115	91.9106008793356
37212	-73	-45.6033219345384	16.4875427454812	27.3966780654616	89.4875427454812
37213	-71	-48.4494382022472	17.685393258427	22.5505617977528	88.685393258427
37214	-8	-29.1289692232535	36.6453346360527	-21.1289692232535	44.6453346360527
37215	66	54.6585246702492	94.0967269174402	-11.3414753297508	28.0967269174402
37216	66	50.9433317049341	88.0952613580851	-15.0566682950659	22.0952613580851
37217	64	-0.783585735222232	54.6585246702492	-64.7835857352222	-9.34147532975084
37218	64	21.2217879824133	54.3727405959942	-42.7782120175867	-9.62725940400583
37219	64	10.647777234978	47.228138739619	-53.352222765022	-16.771861260381
37220	64	0.0737664875427413	49.800195407914	-63.9262335124573	-14.199804592086
37221	64	34.3678553981437	71.2340009770396	-29.6321446018563	7.23400097703961
37222	62	5.7894479726429	51.2291157791891	-56.2105520273571	-10.7708842208109
37223	62	22.9364924279433	63.2320468978994	-39.0635075720567	1.23204689789941
37224	-31	-80.0869565217391	9.69565217391306	-49.0869565217391	40.6956521739131
37225	-61	-112.124572545188	26.8236443575965	-51.1245725451881	87.8236443575965
37226	-29	-34.1309233023937	51.8148510014656	-5.13092330239374	80.8148510014656
37227	-29	-29.0400586223742	40.4352711284807	-0.0400586223742039	69.4352711284807
37228	-29	-39.8207132388861	63.1944308744505	-10.8207132388861	92.1944308744505
37229	-29	-36.5266243282853	35.6438690766976	-7.52662432828527	64.6438690766976
37230	-29	-32.0346849047386	36.542256961407	-3.03468490473864	65.542256961407
37231	126	48.4069369809477	173.38202247191	-77.5930630190523	47.3820224719101
37232	112	36.1587689301417	110.367366878359	-75.8412310698583	-1.63263312164139
37233	-26	-88	19.1304347826087	-62	45.1304347826087
37234	-21	-24.8847093307279	55.9350268685882	-3.8847093307279	76.9350268685882
37235	-44	-63.4274548119199	56.0302882266732	-19.4274548119199	100.030288226673
37236	-63	-68.9316072300928	30.7850512945774	-5.93160723009282	93.7850512945774
37237	-63	-56.9286761113825	27.7073766487543	6.07132388861748	90.7073766487543
37238	112	67.4044943820225	112.450415241817	-44.5955056179775	0.450415241817325
37240	112	35.1172447484124	73.914020517831	-76.8827552515876	-38.085979482169
37241	112	59.33268197362	89.7972642892037	-52.66731802638	-22.2027357107963
37246	28	-11.3575964826575	36.0825598436737	-39.3575964826575	8.08255984367366
37247	28	1.7884709330728	50.6575476306791	-26.2115290669272	22.6575476306791
37248	28	-17.6448461162677	45.2276502198339	-45.6448461162677	17.2276502198339
37249	87	52.0258915486077	91.5569125549584	-34.9741084513923	4.55691255495844
37250	62	16.447972642892	51.7435271128481	-45.552027357108	-10.2564728871519
37251	87	37.342940889106	81.3917928676111	-49.657059110894	-5.60820713238888
37252	87	27.4601856375183	61.0615534929165	-59.5398143624817	-25.9384465070835
37253	87	30.5661944308744	65.5793844650708	-56.4338055691256	-21.4206155349292
37254	87	45.5315095261358	78.8505129457743	-41.4684904738642	-8.14948705422569
37255	87	30.8485588666341	69.5324865657059	-56.1514411333659	-17.4675134342941
37256	87	31.4132877381534	66.7088422081094	-55.5867122618466	-20.2911577918906
37257	87	25.2012701514411	64.1675622862726	-61.7987298485589	-22.8324377137274
37258	90	15.1382510991696	55.8690766976063	-74.8617489008304	-34.1309233023937
37259	87	6.847581827064	56.8260869565217	-80.152418172936	-30.1739130434783
37260	87	22.942354665364	85.3448949682462	-64.057645334636	-1.65510503175381
37261	87	43.5549584758182	88.4509037616023	-43.4450415241818	1.45090376160232
37262	87	35.6487542745481	67.5559355153883	-51.3512457254519	-19.4440644846117
37263	87	35.6487542745481	108.216414264778	-51.3512457254519	21.2164142647777
37264	87	22.942354665364	79.4152418172936	-64.057645334636	-7.58475818270642
37265	87	11.0830483634587	76.8739618954568	-75.9169516365413	-10.1260381045432
37266	87	48.6375183194919	84.7801660967269	-38.3624816805081	-2.21983390327307
37267	87	9.10649731314118	54.8495359062042	-77.8935026868588	-32.1504640937958
37268	87	42.7078651685393	77.1563263312164	-44.2921348314607	-9.84367366878359
37269	87	28.3072789447972	67.2735710796287	-58.6927210552028	-19.7264289203713
37270	87	29.7191011235955	63.3204689789936	-57.2808988764045	-23.6795310210064
37271	87	38.1900341963849	85.6272594040058	-48.8099658036151	-1.37274059599417
37272	87	37.0605764533464	71.7914020517831	-49.9394235466536	-15.2085979482169
37273	87	-1.34098680996578	73.7679531021006	-88.3409868099658	-13.2320468978994
37274	87	48.3551538837323	87.6038104543234	-38.6448461162677	0.603810454323366
37275	87	50.8964338055691	89.8627259404006	-36.1035661944309	2.86272594040059
37276	87	42.990229604299	83.6507083536883	-44.009770395701	-3.34929164631171
37277	87	47.790425012213	90.9921836834392	-39.209574987787	3.99218368343918
37278	87	34.8016609672692	84.2154372252076	-52.1983390327308	-2.78456277479239
37279	87	5.1533952125061	48.9198827552516	-81.8466047874939	-38.0801172447484
37280	87	30.2838299951148	66.1441133365901	-56.7161700048852	-20.8558866634099
37281	87	21.248168050806	66.1441133365901	-65.751831949194	-20.8558866634099
37282	87	22.3776257938446	97.4865657059111	-64.6223742061554	10.4865657059111
37283	87	33.6722032242306	69.8148510014656	-53.3277967757694	-17.1851489985344
37284	87	28.3072789447972	70.3795798729848	-58.6927210552028	-16.6204201270152
37285	87	38.4723986321446	85.0625305324866	-48.5276013678554	-1.93746946751344
37286	87	63.6028334147533	102.286761113825	-23.3971665852467	15.2867611138251
37287	87	54.2848070346849	93.533463605276	-32.7151929653151	6.53346360527598
37288	29	21.2217879824133	70.6624328285296	-7.77821201758667	41.6624328285296
37289	29	-11.6433805569125	29.7953102100635	-40.6433805569125	0.795310210063519
37290	29	-11.0718124084025	37.5114802149487	-40.0718124084025	8.51148021494873
37291	29	-7.07083536883243	33.2247191011236	-36.0708353688324	4.22471910112364
37292	47	24.0796287249634	63.2320468978994	-22.9203712750366	16.2320468978994
37293	17	1.50268685881781	36.6541279921837	-15.4973131411822	19.6541279921837
37294	17	20.9360039081583	73.5202735710797	3.93600390815828	56.5202735710797
37295	17	18.3639472398633	68.0903761602345	1.36394723986325	51.0903761602345
37296	17	3.21739130434787	41.2266731802638	-13.7826086956521	24.2266731802638
37297	17	14.3629702002931	62.0889106008794	-2.63702979970685	45.0889106008794
37298	17	15.5061064973132	53.8011724474841	-1.49389350268683	36.8011724474841
37299	17	-6.49926722032239	39.5119687347338	-23.4992672203224	22.5119687347338
37300	25	12.3624816805081	48.371275036639	-12.6375183194919	23.371275036639
37301	25	10.933561309233	51.5148998534441	-14.066438690767	26.5148998534441
37302	29	-18.2164142647777	42.6555935515389	-47.2164142647777	13.6555935515389
37304	111	79.3058133854421	109.832926233512	-31.6941866145579	-1.16707376648753
37305	111	62.2862725940401	103.349291646312	-48.7137274059599	-7.65070835368829
37306	111	76.3341475329751	110.643380556913	-34.6658524670249	-0.356619443087425
37307	118	67.808988764045	104.752808988764	-50.191011235955	-13.2471910112359
37308	118	36.5280898876404	99.629213483146	-81.4719101123596	-18.370786516854
37309	118	80.3864191499756	109.832926233512	-37.6135808500244	-8.16707376648753
37310	-29	-27.8939912066439	40.6472887151929	1.10600879335612	69.6472887151929
37311	10	24.0180752320469	67.1817293600391	14.0180752320469	57.1817293600391
37312	10	-7.77137274059595	46.4748412310699	-17.771372740596	36.4748412310699
37313	-46	-26.3913043478261	17.0625305324866	19.6086956521739	63.0625305324866
37314	30	-26.9706888128969	29.808988764045	-56.9706888128969	-0.191011235955045
37315	30	3.44699560332197	54.4328285295555	-26.553004396678	24.4328285295555
37316	-32	-20.8871519296532	52.1152906692722	11.1128480703468	84.1152906692722
37317	19	147.391792867611	147.391792867611	128.391792867611	128.391792867611
37318	18	-4.25744992672202	33.4660478749389	-22.257449926722	15.4660478749389
37319	18	15.3028822667318	71.4689789936492	-2.69711773326821	53.4689789936492
37320	18	-15.4347826086957	27.3185148998534	-33.4347826086957	9.31851489985343
37321	18	23.1270151441133	77.8959452857841	5.12701514411333	59.8959452857841
37322	18	21.7298485588666	68.6746458231559	3.72984855886665	50.6746458231559
37323	18	12.229115779189	58.8944797264289	-5.77088422081096	40.8944797264289
37324	18	11.390815828041	69.2335124572545	-6.60918417195899	51.2335124572545
37325	18	-2.30141670737663	52.7469467513434	-20.3014167073766	34.7469467513434
37326	19	-9.56668295065953	41.8490473864192	-28.5666829506595	22.8490473864192
37327	23	18.6560820713239	92.1470444553004	-4.34391792867609	69.1470444553004
37328	23	-41.980947728383	247.791402051783	-64.980947728383	224.791402051783
37330	23	9.1553492916463	67.2774792379091	-13.8446507083537	44.2774792379091
37331	23	32.6277479237909	118.134342940889	9.62774792379088	95.1343429408891
37332	23	-23.5383488031266	90.7498778700538	-46.5383488031266	67.7498778700538
37337	23	22.0864680019541	65.8041035661944	-0.913531998045926	42.8041035661944
37339	23	-58.3873961895457	93.6497313141182	-81.3873961895457	70.6497313141182
37340	23	-14.9482169027846	193.615534929165	-37.9482169027846	170.615534929165
37342	23	-18.0112359550562	49.6536394723986	-41.0112359550562	26.6536394723986
37343	23	25.4279433317049	72.2085979482169	2.42794333170491	49.2085979482169
37344	28	-84.562286272594	93.371275036639	-112.562286272594	65.371275036639
37347	28	11.2266731802638	61.9057156814851	-16.7733268197362	33.9057156814851
37348	19	149.710307767465	149.710307767465	130.710307767465	130.710307767465
37349	19	0.64533463605278	53.5520273571079	-18.3546653639472	34.5520273571079
