36455	47	45.6590131900342	47.4782608695652	-1.34098680996581	0.478260869565219
36456	47	41.5657059110894	43.8397655105032	-5.4342940889106	-3.16023448949682
36457	47	42.9301416707377	44.7493893502687	-4.06985832926233	-2.25061064973131
36458	47	40.6560820713239	42.9301416707377	-6.34391792867611	-4.06985832926233
36459	47	100.236443575965	102.510503175379	53.2364435759648	55.5105031753786
36460	47	313.088422081094	319.455788959453	266.088422081094	272.455788959453
36461	48	25.7865168539326	27.9213483146067	-22.2134831460674	-20.0786516853933
36463	38	31.3370786516854	34.3258426966292	-6.66292134831461	-3.67415730337079
36465	38	27.4943820224719	28.7752808988764	-10.5056179775281	-9.2247191011236
36466	38	26.6404494382022	28.3483146067416	-11.3595505617978	-9.65168539325843
36467	38	28.3483146067416	31.3370786516854	-9.65168539325843	-6.66292134831461
36468	39	26.6404494382022	28.3483146067416	-12.3595505617978	-10.6516853932584
36469	39	23.2247191011236	25.3595505617978	-15.7752808988764	-13.6404494382022
36470	39	27.4943820224719	29.2022471910112	-11.5056179775281	-9.79775280898876
36471	39	26.6404494382022	29.2022471910112	-12.3595505617978	-9.79775280898876
36472	39	30.0561797752809	32.1910112359551	-8.9438202247191	-6.80898876404494
36473	39	27.4943820224719	29.2022471910112	-11.5056179775281	-9.79775280898876
36474	39	29.2022471910112	31.3370786516854	-9.79775280898876	-7.66292134831461
36475	39	29.2022471910112	30.9101123595506	-9.79775280898876	-8.08988764044944
36476	39	25.7865168539326	27.4943820224719	-13.2134831460674	-11.5056179775281
36477	39	23.2247191011236	24.5056179775281	-15.7752808988764	-14.4943820224719
36478	18	25.8637029799707	26.7410845139228	7.86370297997069	8.74108451392281
36479	18	24.1089399120664	24.9863214460186	6.10893991206644	6.98632144601856
36480	18	24.9863214460186	25.4250122129946	6.98632144601856	7.42501221299463
36481	18	24.5476306790425	24.9863214460186	6.5476306790425	6.98632144601856
36482	18	23.6702491450904	24.1089399120664	5.67024914509038	6.10893991206644
36483	18	20.1607230092819	21.4767953102101	2.16072300928187	3.47679531021006
36484	21	21.9154860771861	22.7928676111382	0.915486077186124	1.79286761113825
36485	21	23.2315583781143	24.1089399120664	2.23155837811431	3.10893991206644
36486	21	24.9863214460186	25.8637029799707	3.98632144601856	4.86370297997069
36487	19	24.5476306790425	25.4250122129946	5.5476306790425	6.42501221299463
36488	57	38.8368343917929	42.9301416707377	-18.1631656082071	-14.0698583292623
36493	29	26.1021006350757	28.3761602344895	-2.89789936492428	-0.623839765510503
36494	29	29.285784074255	31.5598436736688	0.285784074255009	2.55984367366878
36496	29	28.3761602344895	32.0146555935515	-0.623839765510503	3.01465559355154
36498	31	33.3790913531998	36.1079628724963	2.3790913531998	5.10796287249634
36499	29	95.6883243771373	106.148998534441	66.6883243771373	77.1489985344407
36501	40	97.9623839765511	102.055691255496	57.9623839765511	62.0556912554958
36502	40	39.7464582315584	42.9301416707377	-0.253541768441622	2.93014167073767
36503	30	32.9242794333171	35.1983390327308	2.92427943331705	5.19833903273083
36504	30	33.8339032730826	35.6531509526136	3.83390327308256	5.65315095261359
36505	30	35.1983390327308	37.4723986321446	5.19833903273083	7.4723986321446
36506	30	34.7435271128481	36.5627747923791	4.74352711284807	6.56277479237909
36507	30	34.2887151929653	36.5627747923791	4.28871519296531	6.56277479237909
36508	30	35.1983390327308	37.0175867122618	5.19833903273083	7.01758671226185
36509	30	34.7435271128481	36.5627747923791	4.74352711284807	6.56277479237909
36510	30	33.8339032730826	36.1079628724963	3.83390327308256	6.10796287249634
36511	30	34.7435271128481	36.5627747923791	4.74352711284807	6.56277479237909
36512	30	34.7435271128481	36.5627747923791	4.74352711284807	6.56277479237909
36513	30	33.8339032730826	36.1079628724963	3.83390327308256	6.10796287249634
36514	30	34.2887151929653	36.1079628724963	4.28871519296531	6.10796287249634
36515	30	32.0146555935515	34.2887151929653	2.01465559355154	4.28871519296531
36516	30	32.9242794333171	35.1983390327308	2.92427943331705	5.19833903273083
36517	30	34.2887151929653	36.5627747923791	4.28871519296531	6.56277479237909
36518	30	32.9242794333171	35.1983390327308	2.92427943331705	5.19833903273083
36519	30	33.3790913531998	35.6531509526136	3.3790913531998	5.65315095261359
36520	30	33.3790913531998	35.1983390327308	3.3790913531998	5.19833903273083
36521	22	29.285784074255	32.0146555935515	7.28578407425501	10.0146555935515
36522	22	30.1954079140205	32.0146555935515	8.19540791402052	10.0146555935515
36523	22	29.7405959941378	32.0146555935515	7.74059599413776	10.0146555935515
36524	22	29.7405959941378	31.5598436736688	7.74059599413776	9.55984367366878
36525	22	31.105031753786	35.1983390327308	9.10503175378603	13.1983390327308
36526	22	30.1954079140205	32.0146555935515	8.19540791402052	10.0146555935515
36527	42	34.7435271128481	37.0175867122618	-7.25647288715193	-4.98241328773815
36528	42	34.7435271128481	36.5627747923791	-7.25647288715193	-5.43722520762091
36529	42	35.6531509526136	37.4723986321446	-6.34684904738641	-4.5276013678554
36530	42	35.6531509526136	37.9272105520274	-6.34684904738641	-4.07278944797264
36531	42	34.7435271128481	36.5627747923791	-7.25647288715193	-5.43722520762091
36532	42	34.7435271128481	37.4723986321446	-7.25647288715193	-4.5276013678554
36533	42	35.1983390327308	37.9272105520274	-6.80166096726917	-4.07278944797264
36534	22	35.1983390327308	39.2916463116756	13.1983390327308	17.2916463116756
36536	30	32.0053737176356	33.7601367855398	2.00537371763556	3.76013678553981
36537	30	28.057156814851	29.3732291157792	-1.942843185149	-0.626770884220811
36538	36	45.6047874938935	47.7982413287738	9.6047874938935	11.7982413287738
36539	36	42.5339521250611	44.2887151929653	6.53395212506106	8.28871519296531
36540	36	36.8309721543722	38.1470444553004	0.830972154372247	2.14704445530044
36541	36	43.8500244259893	45.6047874938935	7.85002442598925	9.6047874938935
36542	36	47.3595505617978	49.9916951636541	11.3595505617978	13.9916951636541
36543	36	43.8500244259893	47.3595505617978	7.85002442598925	11.3595505617978
36544	38	37.4723986321446	39.2916463116756	-0.527601367855397	1.29164631167562
36545	39	36.1079628724963	38.8368343917929	-2.89203712750366	-0.16316560820713
36546	39	39.2916463116756	41.5657059110894	0.29164631167562	2.5657059110894
36547	39	37.0175867122618	38.8368343917929	-1.98241328773815	-0.16316560820713
36548	39	36.5627747923791	38.8368343917929	-2.43722520762091	-0.16316560820713
36549	39	35.1983390327308	37.4723986321446	-3.80166096726917	-1.5276013678554
36550	39	33.8339032730826	37.0175867122618	-5.16609672691744	-1.98241328773815
36551	39	35.6531509526136	38.8368343917929	-3.34684904738641	-0.16316560820713
36552	39	35.1983390327308	37.0175867122618	-3.80166096726917	-1.98241328773815
36553	39	35.6531509526136	37.4723986321446	-3.34684904738641	-1.5276013678554
36554	39	34.2887151929653	37.4723986321446	-4.71128480703469	-1.5276013678554
36555	39	34.7435271128481	37.4723986321446	-4.25647288715193	-1.5276013678554
36556	39	37.0175867122618	39.7464582315584	-1.98241328773815	0.746458231558378
36557	39	34.7435271128481	38.3820224719101	-4.25647288715193	-0.617977528089888
36558	39	35.1983390327308	37.4723986321446	-3.80166096726917	-1.5276013678554
36559	39	34.2887151929653	37.0175867122618	-4.71128480703469	-1.98241328773815
36560	38	38.3820224719101	40.2012701514411	0.382022471910112	2.20127015144114
36561	38	42.0205178309722	45.6590131900342	4.02051783097215	7.65901319003419
36562	38	41.1108939912066	43.8397655105032	3.11089399120664	5.83976551050318
36563	38	36.1079628724963	37.9272105520274	-1.89203712750366	-0.0727894479726388
36564	39	39.2916463116756	44.2945774303859	0.29164631167562	5.29457743038594
36566	29	43.3849535906204	45.6590131900342	14.3849535906204	16.6590131900342
36567	29	34.2887151929653	35.6531509526136	5.28871519296531	6.65315095261359
36568	29	37.4723986321446	39.7464582315584	8.4723986321446	10.7464582315584
36569	29	34.2887151929653	35.6531509526136	5.28871519296531	6.65315095261359
36570	29	37.4723986321446	39.2916463116756	8.4723986321446	10.2916463116756
36571	29	35.6531509526136	37.4723986321446	6.65315095261359	8.4723986321446
36572	45	37.0254030288227	41.9662921348315	-7.97459697117733	-3.03370786516854
36573	45	173.850024425989	176.890571568149	128.850024425989	131.890571568149
36574	34	21.0898876404494	26.6404494382022	-12.9101123595506	-7.35955056179775
36575	34	21.0898876404494	22.7977528089888	-12.9101123595506	-11.2022471910112
36576	34	30.9101123595506	38.1685393258427	-3.08988764044944	4.16853932584269
36577	28	31.5598436736688	34.7435271128481	3.55984367366878	6.74352711284807
36578	24	45.6590131900342	49.752320468979	21.6590131900342	25.752320468979
36580	33	30.4831460674157	34.752808988764	-2.51685393258427	1.75280898876404
36581	29	35.6067415730337	39.0224719101124	6.6067415730337	10.0224719101124
36582	28	32.1910112359551	34.752808988764	4.19101123595506	6.75280898876404
36583	28	28.3483146067416	30.4831460674157	0.348314606741571	2.48314606741573
36584	28	28.3483146067416	29.6292134831461	0.348314606741571	1.62921348314607
36585	28	31.3370786516854	34.3258426966292	3.33707865168539	6.32584269662921
36586	29	171.808988764045	176.505617977528	142.808988764045	147.505617977528
36587	29	172.23595505618	190.595505617978	143.23595505618	161.595505617978
36588	28	29.6292134831461	31.7640449438202	1.62921348314607	3.76404494382022
36589	28	28.7752808988764	29.6292134831461	0.775280898876403	1.62921348314607
36590	28	30.0561797752809	31.3370786516854	2.0561797752809	3.33707865168539
36591	28	30.4831460674157	31.3370786516854	2.48314606741573	3.33707865168539
36592	28	29.6292134831461	31.3370786516854	1.62921348314607	3.33707865168539
36593	28	30.4831460674157	32.6179775280899	2.48314606741573	4.61797752808989
36594	28	33.8988764044944	36.0337078651685	5.89887640449438	8.03370786516854
36595	25	30.0561797752809	31.3370786516854	5.0561797752809	6.33707865168539
36596	25	30.4831460674157	31.3370786516854	5.48314606741573	6.33707865168539
36597	25	30.9101123595506	31.7640449438202	5.91011235955056	6.76404494382022
36598	25	30.0561797752809	30.9101123595506	5.0561797752809	5.91011235955056
36599	25	37.314606741573	41.1573033707865	12.314606741573	16.1573033707865
36600	25	31.3370786516854	33.4719101123596	6.33707865168539	8.47191011235955
36601	25	207.674157303371	211.943820224719	182.674157303371	186.943820224719
36602	25	188.887640449438	192.730337078652	163.887640449438	167.730337078652
36607	48	41.1108939912066	43.8397655105032	-6.88910600879336	-4.16023448949682
36608	48	38.3820224719101	40.2012701514411	-9.61797752808989	-7.79872984855886
36609	48	38.3820224719101	40.2012701514411	-9.61797752808989	-7.79872984855886
36610	48	37.4723986321446	39.2916463116756	-10.5276013678554	-8.70835368832438
36611	48	38.3820224719101	40.6560820713239	-9.61797752808989	-7.34391792867611
36612	43	33.8339032730826	36.1079628724963	-9.16609672691744	-6.89203712750366
36613	43	28.8309721543723	31.105031753786	-14.1690278456277	-11.894968246214
36614	43	25.647288715193	27.466536394724	-17.352711284807	-15.533463605276
36615	43	34.2887151929653	36.5627747923791	-8.71128480703469	-6.43722520762091
36616	43	24.7376648754275	26.5569125549585	-18.2623351245725	-16.4430874450415
36618	43	26.1021006350757	27.9213483146067	-16.8978993649243	-15.0786516853933
36619	43	24.2828529555447	25.647288715193	-18.7171470444553	-17.352711284807
36620	43	25.647288715193	27.0117244748412	-17.352711284807	-15.9882755251588
36621	43	22.0087933561309	22.9184171958964	-20.9912066438691	-20.0815828041036
36622	43	21.5539814362482	23.3732291157792	-21.4460185637518	-19.6267708842208
36623	36	36.4509037616023	39.19052271617	0.450903761602348	3.19052271617001
36624	36	30.2867611138251	32.6839276990718	-5.71323888617489	-3.31607230092818
36625	36	33.3688324377137	35.7659990229604	-2.63116756228627	-0.234000977039571
36626	36	32.3414753297509	34.7386419149976	-3.65852467024914	-1.26135808500244
36627	36	34.3961895456766	36.7933561309233	-1.60381045432339	0.7933561309233
36628	36	36.4509037616023	39.8754274548119	0.450903761602348	3.87542745481192
36629	35	29.3732291157792	31.1279921836834	-5.62677088422081	-3.87200781631656
36630	35	31.5666829506595	33.3214460185637	-3.4333170493405	-1.67855398143625
36631	58	32.9242794333171	34.7435271128481	-25.0757205666829	-23.2564728871519
36632	58	38.8368343917929	44.2945774303859	-19.1631656082071	-13.7054225696141
36633	58	48.3878847093307	51.57156814851	-9.61211529066927	-6.42843185148998
36634	27	31.5598436736688	33.3790913531998	4.55984367366878	6.3790913531998
36635	27	28.3761602344895	30.1954079140205	1.3761602344895	3.19540791402052
36636	58	48.8426966292135	52.9360039081583	-9.15730337078652	-5.06399609184172
36637	58	106.603810454323	112.516365412799	48.6038104543234	54.5163654127992
36638	58	45.2042012701514	47.933072789448	-12.7957987298486	-10.066927210552
36639	58	36.5627747923791	40.2012701514411	-21.4372252076209	-17.7987298485589
36640	43	35.6531509526136	37.4723986321446	-7.34684904738641	-5.5276013678554
36641	43	105.694186614558	110.242305813385	62.6941866145579	67.2423058133854
36642	43	35.6531509526136	39.7464582315584	-7.34684904738641	-3.25354176844162
36643	43	43.3849535906204	47.0234489496825	0.38495359062042	4.02344894968246
36644	43	50.2071323888618	53.8456277479238	7.20713238886175	10.8456277479238
36645	43	35.1983390327308	38.8368343917929	-7.80166096726917	-4.16316560820713
36648	44	42.438202247191	45.8539325842697	-1.56179775280899	1.85393258426966
36649	43	181.629213483146	188.460674157303	138.629213483146	145.460674157303
36650	43	39.876404494382	43.7191011235955	-3.12359550561798	0.719101123595507
36651	26	37.7083536883244	39.0244259892526	11.7083536883244	13.0244259892526
36652	26	36.8309721543722	38.5857352222765	10.8309721543722	12.5857352222765
36653	26	38.1470444553004	40.7791890571568	12.1470444553004	14.7791890571568
36654	26	39.4631167562286	42.095261358085	13.4631167562286	16.095261358085
36655	26	39.0244259892526	41.6565705911089	13.0244259892526	15.6565705911089
36656	26	39.4631167562286	42.095261358085	13.4631167562286	16.095261358085
36657	26	36.8309721543722	39.4631167562286	10.8309721543722	13.4631167562286
36658	26	38.1470444553004	41.2178798241329	12.1470444553004	15.2178798241329
36659	26	37.2696629213483	39.4631167562286	11.2696629213483	13.4631167562286
36660	16	18.1011235955056	19.3820224719101	2.10112359550562	3.38202247191011
36661	16	19.3820224719101	20.6629213483146	3.38202247191011	4.6629213483146
36662	16	21.9438202247191	23.6516853932584	5.9438202247191	7.65168539325843
36663	16	18.9550561797753	21.9438202247191	2.95505617977528	5.9438202247191
36664	16	23.6516853932584	24.9325842696629	7.65168539325843	8.93258426966292
36665	16	22.7977528089888	24.5056179775281	6.79775280898876	8.50561797752809
36666	16	20.2359550561798	22.7977528089888	4.23595505617978	6.79775280898876
36667	16	18.9550561797753	20.6629213483146	2.95505617977528	4.6629213483146
36668	16	28.3483146067416	29.2022471910112	12.3483146067416	13.2022471910112
36669	16	23.6516853932584	25.3595505617978	7.65168539325843	9.35955056179775
36670	18	27.4943820224719	27.9213483146067	9.49438202247191	9.92134831460674
36671	18	24.9325842696629	25.7865168539326	6.93258426966292	7.78651685393258
36672	18	21.0898876404494	23.6516853932584	3.08988764044944	5.65168539325843
36673	61	44.2945774303859	48.3878847093307	-16.7054225696141	-12.6121152906693
36674	61	42.9301416707377	47.933072789448	-18.0698583292623	-13.066927210552
36675	44	213.841231069858	217.608207132389	169.841231069858	173.608207132389
36676	27	32.4694675134343	34.2887151929653	5.4694675134343	7.28871519296531
36677	30	32.4694675134343	34.2887151929653	2.4694675134343	4.28871519296531
36678	27	32.0146555935515	33.3790913531998	5.01465559355154	6.3790913531998
36679	28	21.0991695163654	26.1021006350757	-6.90083048363459	-1.89789936492428
36680	28	31.105031753786	32.9242794333171	3.10503175378603	4.92427943331705
36681	28	32.4694675134343	34.2887151929653	4.4694675134343	6.28871519296531
36682	27	28.3761602344895	30.1954079140205	1.3761602344895	3.19540791402052
36683	27	30.1954079140205	31.5598436736688	3.19540791402052	4.55984367366878
36684	27	32.4694675134343	34.2887151929653	5.4694675134343	7.28871519296531
36685	27	32.4694675134343	34.2887151929653	5.4694675134343	7.28871519296531
36686	27	32.9242794333171	33.8339032730826	5.92427943331705	6.83390327308256
36687	28	34.2887151929653	35.6531509526136	6.28871519296531	7.65315095261359
36688	28	32.9242794333171	34.2887151929653	4.92427943331705	6.28871519296531
36689	20	28.8309721543723	28.8309721543723	8.83097215437225	8.83097215437225
36690	20	28.3761602344895	28.8309721543723	8.3761602344895	8.83097215437225
36691	20	28.8309721543723	28.8309721543723	8.83097215437225	8.83097215437225
36692	21	29.285784074255	29.7405959941378	8.28578407425501	8.74059599413776
36693	21	28.8309721543723	29.285784074255	7.83097215437225	8.28578407425501
36694	15	31.105031753786	32.9242794333171	16.105031753786	17.9242794333171
36695	15	32.9242794333171	34.2887151929653	17.9242794333171	19.2887151929653
36696	15	32.4694675134343	33.3790913531998	17.4694675134343	18.3790913531998
36697	28	30.6502198339033	33.3790913531998	2.65021983390328	5.3790913531998
36698	28	32.4694675134343	34.2887151929653	4.4694675134343	6.28871519296531
36699	28	31.5598436736688	33.8339032730826	3.55984367366878	5.83390327308256
36700	28	31.5598436736688	34.2887151929653	3.55984367366878	6.28871519296531
36701	28	30.1954079140205	32.4694675134343	2.19540791402052	4.4694675134343
36702	28	31.5598436736688	34.7435271128481	3.55984367366878	6.74352711284807
36704	27	32.3600390815828	35.9829018075232	5.3600390815828	8.98290180752321
36705	27	44.1343429408891	48.6629213483146	17.1343429408891	21.6629213483146
36706	24	38.8368343917929	42.9301416707377	14.8368343917929	18.9301416707377
36708	32	37.9272105520274	41.1108939912066	5.92721055202736	9.11089399120664
36709	32	40.6560820713239	44.7493893502687	8.65608207132389	12.7493893502687
36710	32	35.6531509526136	37.4723986321446	3.65315095261359	5.4723986321446
36711	32	35.6531509526136	37.4723986321446	3.65315095261359	5.4723986321446
36712	32	34.7435271128481	36.5627747923791	2.74352711284807	4.56277479237909
36713	30	38.8368343917929	41.1108939912066	8.83683439179287	11.1108939912066
36714	32	34.7435271128481	37.0175867122618	2.74352711284807	5.01758671226185
36715	32	36.5627747923791	38.3820224719101	4.56277479237909	6.38202247191011
36716	32	36.5627747923791	38.3820224719101	4.56277479237909	6.38202247191011
36717	32	35.6531509526136	38.8368343917929	3.65315095261359	6.83683439179287
36718	32	38.3820224719101	41.1108939912066	6.38202247191011	9.11089399120664
36719	32	39.7464582315584	42.9301416707377	7.74645823155838	10.9301416707377
36720	32	40.2012701514411	42.9301416707377	8.20127015144114	10.9301416707377
36721	32	38.8368343917929	42.4753297508549	6.83683439179287	10.4753297508549
36722	32	40.6560820713239	43.8397655105032	8.65608207132389	11.8397655105032
36723	32	40.2012701514411	43.3849535906204	8.20127015144114	11.3849535906204
36724	63	28.8309721543723	35.1983390327308	-34.1690278456277	-27.8016609672692
36725	34	22.9184171958964	29.7405959941378	-11.0815828041036	-4.25940400586224
36726	34	28.8309721543723	31.105031753786	-5.16902784562775	-2.89496824621397
36727	34	37.0175867122618	40.6560820713239	3.01758671226185	6.65608207132389
36728	34	29.285784074255	32.4694675134343	-4.71421592574499	-1.5305324865657
36729	34	30.6502198339033	32.4694675134343	-3.34978016609672	-1.5305324865657
36730	34	35.6531509526136	38.3820224719101	1.65315095261359	4.38202247191011
36731	34	37.0175867122618	39.2916463116756	3.01758671226185	5.29164631167562
36732	22	23.2247191011236	24.9325842696629	1.22471910112359	2.93258426966292
36733	22	19.3820224719101	21.0898876404494	-2.61797752808989	-0.91011235955056
36734	22	19.3820224719101	21.5168539325843	-2.61797752808989	-0.483146067415731
36735	22	20.6629213483146	22.3707865168539	-1.3370786516854	0.370786516853933
36736	22	23.6516853932584	24.9325842696629	1.65168539325843	2.93258426966292
36737	22	16.8202247191011	18.1011235955056	-5.17977528089888	-3.89887640449438
36738	22	18.1011235955056	19.3820224719101	-3.89887640449438	-2.61797752808989
36739	22	22.7977528089888	24.5056179775281	0.797752808988761	2.50561797752809
36740	22	19.3820224719101	21.0898876404494	-2.61797752808989	-0.91011235955056
36741	22	24.0786516853933	26.6404494382022	2.07865168539326	4.64044943820225
36742	22	21.9438202247191	23.6516853932584	-0.0561797752808992	1.65168539325843
36743	22	18.9550561797753	21.0898876404494	-3.04494382022472	-0.91011235955056
36744	22	20.2359550561798	21.9438202247191	-1.76404494382022	-0.0561797752808992
36745	31	31.3370786516854	34.3258426966292	0.337078651685392	3.32584269662921
36746	31	31.7640449438202	34.752808988764	0.764044943820224	3.75280898876404
36747	57	57.4841231069858	60.2129946262824	0.484123106985834	3.21299462628237
36748	57	58.3937469467513	60.6678065461651	1.39374694675134	3.66780654616512
36749	57	57.0293111871031	61.1226184660479	0.029311187103076	4.12261846604788
36750	57	56.5744992672203	58.8485588666341	-0.425500732779675	1.8485588666341
36751	57	56.5744992672203	57.9389350268686	-0.425500732779675	0.938935026868592
36752	57	58.3937469467513	60.6678065461651	1.39374694675134	3.66780654616512
36753	43	61.5774303859306	63.3966780654616	18.5774303859306	20.3966780654616
36754	62	53.8456277479238	55.6648754274548	-8.15437225207621	-6.33512457254518
36755	62	51.57156814851	55.2100635075721	-10.42843185149	-6.78993649242794
36756	62	57.9389350268686	60.2129946262824	-4.06106497313141	-1.78700537371763
36757	33	27.9213483146067	31.3370786516854	-5.07865168539326	-1.66292134831461
36758	33	24.5056179775281	26.2134831460674	-8.49438202247191	-6.78651685393259
36759	33	28.7752808988764	31.3370786516854	-4.2247191011236	-1.66292134831461
36760	33	26.2134831460674	29.2022471910112	-6.78651685393259	-3.79775280898876
36761	33	37.7415730337079	40.7303370786517	4.74157303370787	7.73033707865169
36762	33	33.4719101123596	35.1797752808989	0.471910112359552	2.17977528089888
36766	22	17.9154860771861	18.8251099169516	-4.08451392281387	-3.17489008304836
36771	22	21.5539814362482	22.9184171958964	-0.446018563751831	0.918417195896435
36772	22	18.8251099169516	20.1895456765999	-3.17489008304836	-1.8104543234001
36773	47	52.9360039081583	56.1196873473376	5.93600390815828	9.11968734733757
36774	47	53.8456277479238	56.1196873473376	6.84562774792379	9.11968734733757
36775	47	55.2100635075721	58.3937469467513	8.21006350757206	11.3937469467513
36776	47	54.3004396678066	56.1196873473376	7.30043966780655	9.11968734733757
36777	47	51.57156814851	54.7552515876893	4.57156814851002	7.7552515876893
36778	47	53.390815828041	56.5744992672203	6.39081582804103	9.57449926722033
36779	47	52.0263800683928	54.3004396678066	5.02638006839277	7.30043966780655
36780	47	53.8456277479238	56.5744992672203	6.84562774792379	9.57449926722033
36781	47	54.7552515876893	57.9389350268686	7.7552515876893	10.9389350268686
36782	47	55.2100635075721	57.4841231069858	8.21006350757206	10.4841231069858
36783	47	53.390815828041	56.1196873473376	6.39081582804103	9.11968734733757
36784	47	53.8456277479238	55.6648754274548	6.84562774792379	8.66487542745482
36785	47	53.8456277479238	57.0293111871031	6.84562774792379	10.0293111871031
36786	47	55.2100635075721	57.4841231069858	8.21006350757206	10.4841231069858
36787	47	52.4811919882755	55.2100635075721	5.48119198827553	8.21006350757206
36788	47	53.390815828041	55.6648754274548	6.39081582804103	8.66487542745482
36789	47	52.4811919882755	54.3004396678066	5.48119198827553	7.30043966780655
36790	47	62.0322423058134	67.0351734245237	15.0322423058134	20.0351734245237
36791	44	110.092330239375	125.885197850513	66.0923302393747	81.8851978505129
36792	44	43.8500244259893	47.7982413287738	-0.149975574010746	3.79824132877381
36793	44	36.3922813873962	41.2178798241329	-7.60771861260381	-2.78212017586712
36794	44	33.3214460185637	35.9535906204201	-10.6785539814363	-8.04640937957987
36795	44	39.9018075232047	44.7274059599414	-4.09819247679531	0.727405959941379
36796	44	42.9726428920371	46.4821690278456	-1.02735710796287	2.48216902784563
36797	44	30.6893014167074	34.6375183194919	-13.3106985832926	-9.36248168050806
36798	44	44.7274059599414	48.6756228627259	0.727405959941379	4.67562286272594
36799	44	44.2887151929653	47.7982413287738	0.288715192965313	3.79824132877381
36800	44	29.3732291157792	33.3214460185637	-14.6267708842208	-10.6785539814363
36801	44	98.6863702979971	100.441133365901	54.6863702979971	56.4411333659013
36802	34	35.9535906204201	48.6756228627259	1.95359062042013	14.6756228627259
36803	43	28.9345383488031	31.5666829506595	-14.0654616511969	-11.4333170493405
36804	46	42.438202247191	46.7078651685393	-3.56179775280899	0.707865168539328
36805	26	46.0434782608696	51.7464582315584	20.0434782608696	25.7464582315584
36806	26	25.4250122129946	28.057156814851	-0.574987787005373	2.057156814851
36807	41	48.2369320957499	52.1851489985344	7.23693209574988	11.1851489985344
36808	41	28.9345383488031	31.1279921836834	-12.0654616511969	-9.87200781631656
36809	41	36.8309721543722	43.4113336590132	-4.16902784562775	2.41133365901319
36810	41	45.6047874938935	49.114313629702	4.6047874938935	8.114313629702
36811	41	31.5666829506595	35.076209086468	-9.4333170493405	-5.923790913532
36812	41	31.5666829506595	35.5148998534441	-9.4333170493405	-5.48510014655594
36813	41	29.8119198827553	32.4440644846116	-11.1880801172447	-8.55593551538837
36814	41	41.6565705911089	46.4821690278456	0.656570591108938	5.48216902784563
36815	41	26.7410845139228	28.057156814851	-14.2589154860772	-12.942843185149
36816	41	47.3595505617978	50.4303859306302	6.35955056179775	9.43038593063019
36817	41	30.2506106497313	32.0053737176356	-10.7493893502687	-8.99462628236444
36818	41	31.5666829506595	33.7601367855398	-9.4333170493405	-7.23986321446019
36819	44	47.3595505617978	51.7464582315584	3.35955056179775	7.74645823155838
36820	44	45.6047874938935	49.114313629702	1.6047874938935	5.114313629702
36821	44	35.5148998534441	36.3922813873962	-8.48510014655594	-7.60771861260381
36822	44	35.5148998534441	36.3922813873962	-8.48510014655594	-7.60771861260381
36823	36	46.4821690278456	51.7464582315584	10.4821690278456	15.7464582315584
36824	41	19.2833414753297	21.4767953102101	-21.7166585246703	-19.5232046897899
36825	41	30.2506106497313	32.4440644846116	-10.7493893502687	-8.55593551538837
36826	41	30.2506106497313	32.8827552515877	-10.7493893502687	-8.11724474841231
36827	40	36.5627747923791	39.7464582315584	-3.43722520762091	-0.253541768441622
36828	40	31.105031753786	32.9242794333171	-8.89496824621397	-7.07572056668295
36829	40	35.1983390327308	46.5686370297997	-4.80166096726917	6.56863702979971
36830	39	30.0561797752809	32.6179775280899	-8.9438202247191	-6.38202247191011
36831	17	23.2315583781143	23.6702491450904	6.23155837811431	6.67024914509038
36832	17	26.7410845139228	27.6184660478749	9.74108451392281	10.6184660478749
36833	17	21.9154860771861	22.7928676111382	4.91548607718612	5.79286761113825
36834	47	37.7415730337079	42.0112359550562	-9.25842696629213	-4.98876404494382
36835	58	185.47191011236	190.168539325843	127.47191011236	132.168539325843
36836	58	149.606741573034	153.449438202247	91.6067415730337	95.4494382022472
36837	56	183.76404494382	191.022471910112	127.76404494382	135.022471910112
36838	50	186.325842696629	191.449438202247	136.325842696629	141.449438202247
36839	56	183.76404494382	192.730337078652	127.76404494382	136.730337078652
36840	56	186.325842696629	191.449438202247	130.325842696629	135.449438202247
36841	34	33.0263800683928	34.3961895456766	-0.973619931607232	0.396189545676606
36842	34	31.9990229604299	33.3688324377137	-2.0009770395701	-0.631167562286272
36843	35	204.937469467513	209.046897899365	169.937469467513	174.046897899365
36844	47	41.2452369320958	43.2999511480215	-5.75476306790425	-3.7000488519785
36845	47	44.3273082559844	48.0942843185149	-2.67269174401563	1.0942843185149
36847	36	35.4235466536395	38.1631656082071	-0.576453346360523	2.16316560820714
36848	38	40.9027845627748	44.6697606253053	2.90278456277479	6.66976062530533
36849	120	161.561797752809	167.539325842697	41.561797752809	47.5393258426966
36850	72	38.3820224719101	42.0205178309722	-33.6179775280899	-29.9794821690278
36851	72	37.9272105520274	43.3849535906204	-34.0727894479726	-28.6150464093796
36852	72	36.5627747923791	40.2012701514411	-35.4372252076209	-31.7987298485589
36853	72	44.2945774303859	49.2975085490962	-27.7054225696141	-22.7024914509038
36854	72	35.6531509526136	40.2012701514411	-36.3468490473864	-31.7987298485589
36855	72	38.8368343917929	42.0205178309722	-33.1631656082071	-29.9794821690278
36856	72	41.5657059110894	44.7493893502687	-30.4342940889106	-27.2506106497313
36857	72	32.4694675134343	36.5627747923791	-39.5305324865657	-35.4372252076209
36858	72	35.1983390327308	38.3820224719101	-36.8016609672692	-33.6179775280899
36859	23	19.2833414753297	21.038104543234	-3.71665852467025	-1.961895456766
36860	17	20.5994137762579	22.3541768441622	3.59941377625794	5.35417684416219
36861	23	17.9672691744016	20.1607230092819	-5.03273082559843	-2.83927699071813
36862	23	23.2315583781143	24.9863214460186	0.231558378114315	1.98632144601856
36863	23	19.2833414753297	21.4767953102101	-3.71665852467025	-1.52320468978994
36864	23	21.038104543234	22.7928676111382	-1.961895456766	-0.207132388861751
36865	23	25.4250122129946	26.7410845139228	2.42501221299463	3.74108451392281
36866	23	21.4767953102101	23.2315583781143	-1.52320468978994	0.231558378114315
36867	23	28.4958475818271	30.2506106497313	5.49584758182706	7.25061064973131
36868	23	26.3023937469468	28.057156814851	3.30239374694675	5.057156814851
36869	23	21.4767953102101	22.3541768441622	-1.52320468978994	-0.64582315583781
36870	23	19.2833414753297	20.1607230092819	-3.71665852467025	-2.83927699071813
36871	23	21.038104543234	22.3541768441622	-1.961895456766	-0.64582315583781
36872	23	18.8446507083537	20.1607230092819	-4.15534929164631	-2.83927699071813
36873	23	20.5994137762579	21.4767953102101	-2.40058622374206	-1.52320468978994
36874	23	20.5994137762579	21.9154860771861	-2.40058622374206	-1.08451392281388
36875	23	21.038104543234	21.9154860771861	-1.961895456766	-1.08451392281388
36876	18	22.7928676111382	24.9863214460186	4.79286761113825	6.98632144601856
36877	18	23.2315583781143	24.5476306790425	5.23155837811431	6.5476306790425
36878	18	24.9863214460186	26.7410845139228	6.98632144601856	8.74108451392281
36879	18	18.4059599413776	19.7220322423058	0.405959941377624	1.72203224230581
36880	18	21.4767953102101	23.2315583781143	3.47679531021006	5.23155837811431
36881	38	32.6179775280899	35.6067415730337	-5.38202247191011	-2.3932584269663
36882	35	99.3268197361993	104.784562774792	64.3268197361993	69.7845627747924
36884	53	38.8368343917929	42.0205178309722	-14.1631656082071	-10.9794821690278
36885	53	39.7464582315584	44.2945774303859	-13.2535417684416	-8.70542256961406
36886	53	354.931118710308	359.934049829018	301.931118710308	306.934049829018
36887	53	39.7464582315584	44.2945774303859	-13.2535417684416	-8.70542256961406
36889	53	37.0175867122618	41.1108939912066	-15.9824132877382	-11.8891060087934
36900	27	34.7435271128481	38.3820224719101	7.74352711284807	11.3820224719101
36902	38	42.0205178309722	46.113825109917	4.02051783097215	8.11382510991695
36903	38	38.3820224719101	43.3849535906204	0.382022471910112	5.38495359062042
36904	38	34.7435271128481	39.2916463116756	-3.25647288715193	1.29164631167562
36905	38	38.8368343917929	43.8397655105032	0.83683439179287	5.83976551050318
36917	24	33.8339032730826	37.0175867122618	9.83390327308256	13.0175867122618
36918	24	29.285784074255	32.4694675134343	5.28578407425501	8.4694675134343
36920	22	35.6067415730337	43.2921348314607	13.6067415730337	21.2921348314607
36921	22	24.0786516853933	32.6179775280899	2.07865168539326	10.6179775280899
36922	22	156.011235955056	164.977528089888	134.011235955056	142.977528089888
36924	22	35.6067415730337	43.2921348314607	13.6067415730337	21.2921348314607
36925	22	27.0674157303371	27.9213483146067	5.06741573033708	5.92134831460674
36928	22	36.8876404494382	38.5955056179775	14.8876404494382	16.5955056179775
36929	22	36.0337078651685	37.7415730337079	14.0337078651685	15.7415730337079
36931	15	31.1279921836834	33.3214460185637	16.1279921836834	18.3214460185637
36932	15	29.3732291157792	31.1279921836834	14.3732291157792	16.1279921836834
36933	54	47.933072789448	52.4811919882755	-6.06692721055202	-1.51880801172447
36934	54	41.5657059110894	47.0234489496825	-12.4342940889106	-6.97655105031754
36935	54	42.9301416707377	47.0234489496825	-11.0698583292623	-6.97655105031754
36936	54	47.933072789448	52.0263800683928	-6.06692721055202	-1.97361993160723
36937	49	47.933072789448	52.0263800683928	-1.06692721055202	3.02638006839277
36938	58	33.3790913531998	37.4723986321446	-24.6209086468002	-20.5276013678554
36939	58	47.4782608695652	52.0263800683928	-10.5217391304348	-5.97361993160723
36940	57	52.0263800683928	56.1196873473376	-4.97361993160723	-0.880312652662433
36941	61	47.933072789448	59.3033707865169	-13.066927210552	-1.69662921348314
36942	61	48.3878847093307	55.6648754274548	-12.6121152906693	-5.33512457254518
36943	49	49.7357107962873	54.1675622862726	0.73571079628725	5.16756228627259
36944	65	43.8397655105032	52.4811919882755	-21.1602344894968	-12.5188080117245
36946	65	45.6590131900342	49.752320468979	-19.3409868099658	-15.247679531021
36947	65	47.4782608695652	52.9360039081583	-17.5217391304348	-12.0639960918417
36948	65	42.0205178309722	46.5686370297997	-22.9794821690278	-18.4313629702003
36949	63	43.3849535906204	50.6619443087445	-19.6150464093796	-12.3380556912555
36950	68	52.4811919882755	57.0293111871031	-15.5188080117245	-10.9706888128969
36951	68	192.563263312164	194.837322911578	124.563263312164	126.837322911578
36952	68	47.0234489496825	52.0263800683928	-20.9765510503175	-15.9736199316072
36953	68	37.0175867122618	42.9301416707377	-30.9824132877382	-25.0698583292623
36954	68	40.2012701514411	48.8426966292135	-27.7987298485589	-19.1573033707865
36955	68	37.4723986321446	40.2012701514411	-30.5276013678554	-27.7987298485589
36956	68	37.4723986321446	40.2012701514411	-30.5276013678554	-27.7987298485589
36957	68	41.1108939912066	43.8397655105032	-26.8891060087934	-24.1602344894968
36958	68	37.9272105520274	41.5657059110894	-30.0727894479726	-26.4342940889106
36959	68	54.3004396678066	57.9389350268686	-13.6995603321934	-10.0610649731314
36960	68	53.8456277479238	56.1196873473376	-14.1543722520762	-11.8803126526624
36961	68	41.5657059110894	46.5686370297997	-26.4342940889106	-21.4313629702003
36962	68	41.1108939912066	43.8397655105032	-26.8891060087934	-24.1602344894968
36963	68	37.9272105520274	40.6560820713239	-30.0727894479726	-27.3439179286761
36964	68	38.8368343917929	41.5657059110894	-29.1631656082071	-26.4342940889106
36965	68	38.8368343917929	41.1108939912066	-29.1631656082071	-26.8891060087934
36966	68	38.8368343917929	42.0205178309722	-29.1631656082071	-25.9794821690278
36967	68	52.0263800683928	56.1196873473376	-15.9736199316072	-11.8803126526624
36968	68	40.2012701514411	42.4753297508549	-27.7987298485589	-25.5246702491451
36969	68	44.2945774303859	47.4782608695652	-23.7054225696141	-20.5217391304348
36970	68	47.4782608695652	52.4811919882755	-20.5217391304348	-15.5188080117245
36971	68	48.8426966292135	53.390815828041	-19.1573033707865	-14.609184171959
36972	68	41.5657059110894	47.0234489496825	-26.4342940889106	-20.9765510503175
36973	68	51.57156814851	53.8456277479238	-16.42843185149	-14.1543722520762
36974	68	37.4723986321446	40.2012701514411	-30.5276013678554	-27.7987298485589
36975	68	55.2100635075721	60.2129946262824	-12.7899364924279	-7.78700537371763
36976	68	54.3004396678066	57.9389350268686	-13.6995603321934	-10.0610649731314
36977	68	46.113825109917	50.6619443087445	-21.886174890083	-17.3380556912555
36978	68	52.0263800683928	53.8456277479238	-15.9736199316072	-14.1543722520762
36979	68	52.4811919882755	55.2100635075721	-15.5188080117245	-12.7899364924279
36980	68	48.8426966292135	53.390815828041	-19.1573033707865	-14.609184171959
36981	68	52.4811919882755	55.6648754274548	-15.5188080117245	-12.3351245725452
36982	68	52.0263800683928	54.7552515876893	-15.9736199316072	-13.2447484123107
36983	68	45.6590131900342	50.6619443087445	-22.3409868099658	-17.3380556912555
36984	68	37.0175867122618	40.6560820713239	-30.9824132877382	-27.3439179286761
36985	68	39.2916463116756	45.2042012701514	-28.7083536883244	-22.7957987298486
36986	68	43.8397655105032	49.2975085490962	-24.1602344894968	-18.7024914509038
36987	68	50.6619443087445	54.7552515876893	-17.3380556912555	-13.2447484123107
36988	68	32.4694675134343	36.5627747923791	-35.5305324865657	-31.4372252076209
36989	68	36.1079628724963	38.3820224719101	-31.8920371275037	-29.6179775280899
36990	68	114.33561309233	117.51929653151	46.3356130923302	49.5192965315095
36991	68	55.2100635075721	58.3937469467513	-12.7899364924279	-9.60625305324866
36992	68	47.0234489496825	51.1167562286273	-20.9765510503175	-16.8832437713727
36993	68	41.1108939912066	44.2945774303859	-26.8891060087934	-23.7054225696141
36994	68	52.0263800683928	54.3004396678066	-15.9736199316072	-13.6995603321934
36995	68	53.8456277479238	56.5744992672203	-14.1543722520762	-11.4255007327797
36996	68	51.1167562286273	55.2100635075721	-16.8832437713727	-12.7899364924279
36997	68	46.5686370297997	52.0263800683928	-21.4313629702003	-15.9736199316072
36998	68	49.2975085490962	53.390815828041	-18.7024914509038	-14.609184171959
36999	71	50.2071323888618	54.3004396678066	-20.7928676111382	-16.6995603321934
37000	71	54.3004396678066	56.5744992672203	-16.6995603321934	-14.4255007327797
37001	71	42.4753297508549	46.113825109917	-28.5246702491451	-24.886174890083
37002	42	172.23595505618	174.370786516854	130.23595505618	132.370786516854
37008	17	19.2833414753297	21.038104543234	2.28334147532975	4.038104543234
37011	17	23.6702491450904	26.3023937469468	6.67024914509038	9.30239374694675
37013	17	25.8637029799707	27.6184660478749	8.86370297997069	10.6184660478749
37014	17	19.7220322423058	22.7928676111382	2.72203224230581	5.79286761113825
37017	17	23.6702491450904	25.4250122129946	6.67024914509038	8.42501221299463
37020	17	21.038104543234	23.6702491450904	4.038104543234	6.67024914509038
37021	16	21.4767953102101	23.6702491450904	5.47679531021006	7.67024914509038
37025	17	22.3541768441622	25.8637029799707	5.35417684416219	8.86370297997069
37026	40	40.7303370786517	43.7191011235955	0.730337078651687	3.71910112359551
37028	28	42.3229115779189	45.9457743038593	14.3229115779189	17.9457743038593
37029	49	25.647288715193	28.3761602344895	-23.352711284807	-20.6238397655105
37030	49	43.8397655105032	48.8426966292135	-5.16023448949682	-0.157303370786515
37031	49	24.7376648754275	27.9213483146067	-24.2623351245725	-21.0786516853933
37032	49	25.1924767953102	28.8309721543723	-23.8075232046898	-20.1690278456277
37035	49	44.7493893502687	49.2975085490962	-4.25061064973131	0.297508549096243
37036	49	47.933072789448	51.57156814851	-1.06692721055202	2.57156814851002
37037	49	23.3732291157792	26.1021006350757	-25.6267708842208	-22.8978993649243
37038	49	26.1021006350757	29.285784074255	-22.8978993649243	-19.714215925745
37039	49	28.8309721543723	31.105031753786	-20.1690278456277	-17.894968246214
37041	49	28.3761602344895	32.4694675134343	-20.6238397655105	-16.5305324865657
37042	49	26.5569125549585	28.3761602344895	-22.4430874450415	-20.6238397655105
37043	49	30.1954079140205	32.4694675134343	-18.8045920859795	-16.5305324865657
37044	49	21.0991695163654	22.9184171958964	-27.9008304836346	-26.0815828041036
37045	49	20.6443575964827	22.4636052760137	-28.3556424035173	-26.5363947239863
37046	49	25.1924767953102	27.466536394724	-23.8075232046898	-21.533463605276
37047	49	24.2828529555447	26.5569125549585	-24.7171470444553	-22.4430874450415
37048	49	24.7376648754275	27.0117244748412	-24.2623351245725	-21.9882755251588
37049	49	29.285784074255	32.0146555935515	-19.714215925745	-16.9853444064485
37050	56	48.3878847093307	50.2071323888618	-7.61211529066927	-5.79286761113825
37051	29	28.057156814851	28.9345383488031	-0.942843185148998	-0.0654616511968733
37052	29	28.4958475818271	29.3732291157792	-0.504152418172936	0.373229115779189
37053	29	33.7601367855398	35.9535906204201	4.76013678553981	6.95359062042013
37054	32	32.0053737176356	33.7601367855398	0.00537371763556393	1.76013678553981
37055	29	28.057156814851	29.8119198827553	-0.942843185148998	0.811919882755252
37056	29	30.2506106497313	30.6893014167074	1.25061064973131	1.68930141670738
37057	29	30.2506106497313	32.4440644846116	1.25061064973131	3.44406448461163
37058	29	30.2506106497313	31.5666829506595	1.25061064973131	2.5666829506595
37059	29	33.7601367855398	35.5148998534441	4.76013678553981	6.51489985344406
37060	29	36.3922813873962	38.1470444553004	7.39228138739619	9.14704445530044
37061	29	31.5666829506595	33.3214460185637	2.5666829506595	4.32144601856375
37062	29	30.6893014167074	32.0053737176356	1.68930141670738	3.00537371763556
37063	32	32.8827552515877	35.076209086468	0.882755251587689	3.076209086468
37064	32	30.6893014167074	32.0053737176356	-1.31069858329262	0.00537371763556393
37065	32	32.0053737176356	33.3214460185637	0.00537371763556393	1.32144601856375
37066	32	34.6375183194919	36.8309721543722	2.63751831949194	4.83097215437225
37067	32	34.1988275525159	35.9535906204201	2.19882755251588	3.95359062042013
37068	21	25.4250122129946	26.3023937469468	4.42501221299463	5.30239374694675
37069	57	54.7552515876893	57.4841231069858	-2.2447484123107	0.484123106985834
37070	57	57.0293111871031	58.8485588666341	0.029311187103076	1.8485588666341
37071	57	57.9389350268686	61.1226184660479	0.938935026868592	4.12261846604788
37072	57	53.8456277479238	57.0293111871031	-3.15437225207621	0.029311187103076
37073	57	55.6648754274548	57.9389350268686	-1.33512457254518	0.938935026868592
37074	57	51.1167562286273	55.2100635075721	-5.88324377137274	-1.78993649242794
37075	57	51.1167562286273	54.3004396678066	-5.88324377137274	-2.69956033219345
37076	57	53.390815828041	56.1196873473376	-3.60918417195897	-0.880312652662433
37077	57	50.6619443087445	52.9360039081583	-6.33805569125549	-4.06399609184172
37078	57	54.7552515876893	57.0293111871031	-2.2447484123107	0.029311187103076
37079	57	54.3004396678066	57.0293111871031	-2.69956033219345	0.029311187103076
37080	57	47.4782608695652	51.1167562286273	-9.52173913043478	-5.88324377137274
37081	67	47.0234489496825	48.3878847093307	-19.9765510503175	-18.6121152906693
37082	67	53.8456277479238	56.5744992672203	-13.1543722520762	-10.4255007327797
37083	67	54.3004396678066	57.0293111871031	-12.6995603321934	-9.97068881289692
37084	58	55.2100635075721	58.8485588666341	-2.78993649242794	0.8485588666341
37085	58	52.0263800683928	55.2100635075721	-5.97361993160723	-2.78993649242794
37086	58	53.390815828041	56.1196873473376	-4.60918417195897	-1.88031265266243
37087	58	52.9360039081583	55.6648754274548	-5.06399609184172	-2.33512457254518
37088	58	48.8426966292135	52.9360039081583	-9.15730337078652	-5.06399609184172
37089	87	52.0263800683928	54.3004396678066	-34.9736199316072	-32.6995603321934
37090	87	44.7493893502687	47.0234489496825	-42.2506106497313	-39.9765510503175
37091	87	47.0234489496825	49.2975085490962	-39.9765510503175	-37.7024914509038
37092	87	56.5744992672203	57.9389350268686	-30.4255007327797	-29.0610649731314
37093	46	44.5730337078652	47.9887640449438	-1.42696629213484	1.98876404494382
37094	32	39.4631167562286	42.5339521250611	7.46311675622863	10.5339521250611
37095	35	39.4494382022472	42.438202247191	4.44943820224719	7.43820224719101
37096	35	102.640449438202	105.202247191011	67.6404494382022	70.2022471910112
37097	35	32.6179775280899	35.1797752808989	-2.38202247191011	0.17977528089888
37098	24	23.3732291157792	24.7376648754275	-0.626770884220811	0.737664875427456
37099	24	23.8280410356619	25.1924767953102	-0.171958964338057	1.19247679531021
37100	24	22.9184171958964	24.2828529555447	-1.08158280410357	0.282852955544701
37101	24	20.1895456765999	21.0991695163654	-3.8104543234001	-2.90083048363459
37102	24	20.1895456765999	21.0991695163654	-3.8104543234001	-2.90083048363459
37103	24	20.1895456765999	21.0991695163654	-3.8104543234001	-2.90083048363459
37104	24	20.6443575964827	21.5539814362482	-3.35564240351734	-2.44601856375183
37105	24	22.0087933561309	22.9184171958964	-1.99120664386908	-1.08158280410357
37106	24	18.8251099169516	19.7347337567171	-5.17489008304836	-4.26526624328285
37107	24	19.7347337567171	20.6443575964827	-4.26526624328285	-3.35564240351734
37109	38	27.1797752808989	29.3732291157792	-10.8202247191011	-8.62677088422081
37110	37	22.3541768441622	24.5476306790425	-14.6458231558378	-12.4523693209575
37111	37	25.4250122129946	27.1797752808989	-11.5749877870054	-9.82022471910112
37112	37	21.038104543234	22.7928676111382	-15.961895456766	-14.2071323888618
37113	38	27.1797752808989	29.8119198827553	-10.8202247191011	-8.18808011724475
37114	38	28.057156814851	31.1279921836834	-9.942843185149	-6.87200781631656
37115	37	23.2315583781143	25.4250122129946	-13.7684416218857	-11.5749877870054
37116	37	21.9154860771861	23.6702491450904	-15.0845139228139	-13.3297508549096
37117	36	28.057156814851	30.2506106497313	-7.942843185149	-5.74938935026869
37118	36	23.6702491450904	25.8637029799707	-12.3297508549096	-10.1362970200293
37119	36	35.076209086468	40.7791890571568	-0.923790913532002	4.77918905715681
37120	38	23.2315583781143	25.4250122129946	-14.7684416218857	-12.5749877870054
37121	36	21.038104543234	23.6702491450904	-14.961895456766	-12.3297508549096
37122	36	24.5476306790425	27.1797752808989	-11.4523693209575	-8.82022471910112
37123	36	30.6893014167074	33.3214460185637	-5.31069858329262	-2.67855398143625
37124	36	27.6184660478749	31.5666829506595	-8.38153395212506	-4.4333170493405
37125	36	33.7601367855398	36.8309721543722	-2.23986321446019	0.830972154372247
37126	38	26.7410845139228	31.1279921836834	-11.2589154860772	-6.87200781631656
37127	36	33.7601367855398	36.8309721543722	-2.23986321446019	0.830972154372247
37128	36	26.3023937469468	29.3732291157792	-9.69760625305325	-6.62677088422081
37129	38	28.057156814851	31.5666829506595	-9.942843185149	-6.4333170493405
37130	38	27.1797752808989	30.2506106497313	-10.8202247191011	-7.74938935026869
37131	38	27.6184660478749	31.1279921836834	-10.3815339521251	-6.87200781631656
37132	38	25.8637029799707	28.9345383488031	-12.1362970200293	-9.06546165119687
37133	38	26.7410845139228	29.8119198827553	-11.2589154860772	-8.18808011724475
37134	38	26.3023937469468	28.057156814851	-11.6976062530532	-9.942843185149
37135	38	29.3732291157792	31.5666829506595	-8.62677088422081	-6.4333170493405
37136	36	28.4958475818271	30.6893014167074	-7.50415241817294	-5.31069858329262
37137	36	28.4958475818271	32.4440644846116	-7.50415241817294	-3.55593551538837
37138	36	28.057156814851	30.2506106497313	-7.942843185149	-5.74938935026869
37139	38	24.1089399120664	26.3023937469468	-13.8910600879336	-11.6976062530532
37140	37	19.7220322423058	21.9154860771861	-17.2779677576942	-15.0845139228139
37141	36	30.2506106497313	32.8827552515877	-5.74938935026869	-3.11724474841231
37142	35	29.8119198827553	32.4440644846116	-5.18808011724475	-2.55593551538837
37143	38	26.7410845139228	28.4958475818271	-11.2589154860772	-9.50415241817294
37144	38	27.1797752808989	28.9345383488031	-10.8202247191011	-9.06546165119687
37145	38	25.8637029799707	28.4958475818271	-12.1362970200293	-9.50415241817294
37146	38	24.9863214460186	27.6184660478749	-13.0136785539814	-10.3815339521251
37147	38	26.7410845139228	29.8119198827553	-11.2589154860772	-8.18808011724475
37148	38	33.7601367855398	36.8309721543722	-4.23986321446019	-1.16902784562775
37149	38	26.3023937469468	28.9345383488031	-11.6976062530532	-9.06546165119687
37150	38	29.3732291157792	31.1279921836834	-8.62677088422081	-6.87200781631656
37151	33	47.3595505617978	51.7464582315584	14.3595505617978	18.7464582315584
37152	33	198.707865168539	201.340009770396	165.707865168539	168.340009770396
37153	33	44.2887151929653	49.114313629702	11.2887151929653	16.114313629702
37154	33	184.669760625305	188.179286761114	151.669760625305	155.179286761114
37155	33	48.6756228627259	52.6238397655105	15.6756228627259	19.6238397655105
37156	33	27.1797752808989	31.1279921836834	-5.82022471910112	-1.87200781631656
37157	33	49.114313629702	53.9399120664387	16.114313629702	20.9399120664387
37158	33	53.0625305324866	57.4494382022472	20.0625305324866	24.4494382022472
37159	33	49.5530043966781	53.9399120664387	16.5530043966781	20.9399120664387
37160	27	183.792379091353	185.985832926234	156.792379091353	158.985832926234
37161	27	47.3595505617978	53.0625305324866	20.3595505617978	26.0625305324866
37162	27	52.1851489985344	56.5720566682951	25.1851489985344	29.5720566682951
37163	28	235.996580361505	239.067415730337	207.996580361505	211.067415730337
37164	28	53.5012212994626	57.0107474352711	25.5012212994626	29.0107474352711
37165	28	49.9916951636541	54.8172936003908	21.9916951636541	26.8172936003908
37166	28	51.7464582315584	56.133365901319	23.7464582315584	28.133365901319
37167	28	178.966780654617	182.037616023449	150.966780654617	154.037616023449
37168	28	222.397166585247	226.784074255007	194.397166585247	198.784074255007
37169	28	108.776257938447	112.285784074255	80.7762579384465	84.285784074255
37170	28	188.61797752809	191.250122129946	160.61797752809	163.250122129946
37171	28	184.231069858329	187.740595994138	156.231069858329	159.740595994138
37172	28	42.9726428920371	46.9208597948217	14.9726428920371	18.9208597948217
37173	28	31.5666829506595	48.6756228627259	3.5666829506595	20.6756228627259
37174	28	39.9018075232047	49.114313629702	11.9018075232047	21.114313629702
37175	28	31.5666829506595	36.8309721543722	3.5666829506595	8.83097215437225
37176	28	28.057156814851	32.8827552515877	0.0571568148510018	4.88275525158769
37177	28	32.0053737176356	49.5530043966781	4.00537371763556	21.5530043966781
37178	28	29.3732291157792	34.1988275525159	1.37322911577919	6.19882755251588
37179	28	121.059599413776	127.639960918417	93.0595994137763	99.6399609184172
37180	28	125.446507083537	130.71079628725	97.4465070835369	102.71079628725
37181	28	193.004885197851	196.514411333659	165.004885197851	168.514411333659
37182	28	196.514411333659	198.707865168539	168.514411333659	170.707865168539
37183	28	40.3404982901808	49.114313629702	12.3404982901808	21.114313629702
37184	28	182.914997557401	186.863214460186	154.914997557401	158.863214460186
37186	31	32.0146555935515	35.1983390327308	1.01465559355154	4.19833903273083
37187	63	45.2042012701514	50.2071323888618	-17.7957987298486	-12.7928676111382
37188	63	52.0263800683928	53.390815828041	-10.9736199316072	-9.60918417195897
37189	28	42.7757694186615	46.3986321446019	14.7757694186615	18.3986321446019
37190	28	37.3414753297509	42.3229115779189	9.34147532975086	14.3229115779189
37191	28	40.9643380556913	44.5872007816317	12.9643380556913	16.5872007816317
37192	28	42.7757694186615	45.0400586223742	14.7757694186615	17.0400586223742
37193	28	35.5300439667807	38.247191011236	7.53004396678065	10.247191011236
37194	40	39.6057645334636	44.5872007816317	-0.394235466536394	4.58720078163166
37195	40	36.4357596482658	40.5114802149487	-3.56424035173424	0.511480214948705
37196	26	45.0400586223742	47.7572056668295	19.0400586223742	21.7572056668295
37197	26	38.247191011236	40.5114802149487	12.247191011236	14.5114802149487
37198	26	46.8514899853444	49.1157791890572	20.8514899853444	23.1157791890572
37199	26	45.4929164631168	47.304347826087	19.4929164631168	21.304347826087
37200	26	46.3986321446019	48.6629213483146	20.3986321446019	22.6629213483146
37201	26	45.4929164631168	47.7572056668295	19.4929164631168	21.7572056668295
37202	26	40.0586223742062	43.228627259404	14.0586223742062	17.228627259404
37203	26	33.2657547630679	36.4357596482658	7.2657547630679	10.4357596482658
37204	48	34.6375183194919	37.2696629213483	-13.3624816805081	-10.7303370786517
37205	26	34.171470444553	36.4357596482658	8.17147044455301	10.4357596482658
37206	26	40.9643380556913	44.5872007816317	14.9643380556913	18.5872007816317
37207	26	44.1343429408891	46.8514899853444	18.1343429408891	20.8514899853444
37208	40	48.2100635075721	50.4743527112848	8.21006350757206	10.4743527112848
37209	36	33.7112848070347	35.4235466536395	-2.28871519296531	-0.576453346360523
37210	36	33.3688324377137	34.7386419149976	-2.63116756228627	-1.26135808500244
37211	36	32.6839276990718	34.3961895456766	-3.31607230092818	-1.60381045432339
37212	35	32.6839276990718	34.3961895456766	-2.31607230092818	-0.603810454323394
37213	36	35.7659990229604	38.1631656082071	-0.234000977039571	2.16316560820714
37214	23	36.1079628724963	37.9272105520274	13.1079628724963	14.9272105520274
37215	22	22.7928676111382	23.6702491450904	0.792867611138249	1.67024914509038
37216	22	22.7928676111382	23.6702491450904	0.792867611138249	1.67024914509038
37217	20	25.8637029799707	26.7410845139228	5.86370297997069	6.74108451392281
37218	20	25.8637029799707	26.7410845139228	5.86370297997069	6.74108451392281
37219	20	25.8637029799707	26.7410845139228	5.86370297997069	6.74108451392281
37220	20	26.3023937469468	27.1797752808989	6.30239374694675	7.17977528089888
37221	20	25.8637029799707	26.3023937469468	5.86370297997069	6.30239374694675
37222	21	26.7410845139228	27.6184660478749	5.74108451392281	6.61846604787494
37223	21	26.3023937469468	27.1797752808989	5.30239374694675	6.17977528089888
37224	51	107.513434294089	121.157791890572	56.5134342940889	70.1577918905716
37225	51	230.963849535906	237.470444553004	179.963849535906	186.470444553004
37226	30	37.314606741573	39.876404494382	7.31460674157303	9.87640449438202
37227	30	36.0337078651685	38.1685393258427	6.03370786516854	8.16853932584269
37228	30	179.494382022472	183.337078651685	149.494382022472	153.337078651685
37229	30	39.4494382022472	42.0112359550562	9.44943820224719	12.0112359550562
37230	30	41.1573033707865	43.7191011235955	11.1573033707865	13.7191011235955
37231	18	18.8446507083537	22.3541768441622	0.84465070835369	4.35417684416219
37232	59	39.7464582315584	45.2042012701514	-19.2535417684416	-13.7957987298486
37233	29	44.7493893502687	49.752320468979	15.7493893502687	20.752320468979
37234	37	36.5627747923791	39.2916463116756	-0.437225207620912	2.29164631167562
37235	57	190.744015632633	204.388373229116	133.744015632633	147.388373229116
37236	46	180.775280898876	183.337078651685	134.775280898876	137.337078651685
37237	46	177.359550561798	180.775280898876	131.359550561798	134.775280898876
37238	60	39.7464582315584	43.8397655105032	-20.2535417684416	-16.1602344894968
37240	60	37.4723986321446	38.8368343917929	-22.5276013678554	-21.1631656082071
37241	60	40.2012701514411	40.6560820713239	-19.7987298485589	-19.3439179286761
37246	30	32.8827552515877	34.1988275525159	2.88275525158769	4.19882755251588
37247	30	32.0053737176356	33.7601367855398	2.00537371763556	3.76013678553981
37248	30	33.3214460185637	35.9535906204201	3.32144601856375	5.95359062042013
37249	19	27.0117244748412	28.3761602344895	8.01172447484123	9.3761602344895
37250	30	31.5598436736688	34.2887151929653	1.55984367366878	4.28871519296531
37251	19	30.1954079140205	35.6531509526136	11.1954079140205	16.6531509526136
37252	19	30.6502198339033	32.9242794333171	11.6502198339033	13.9242794333171
37253	19	25.1924767953102	26.1021006350757	6.19247679531021	7.10210063507572
37254	19	33.3790913531998	35.6531509526136	14.3790913531998	16.6531509526136
37255	19	25.647288715193	26.5569125549585	6.64728871519297	7.55691255495848
37256	19	25.647288715193	27.0117244748412	6.64728871519297	8.01172447484123
37257	19	29.285784074255	30.6502198339033	10.285784074255	11.6502198339033
37258	17	27.0117244748412	27.9213483146067	10.0117244748412	10.9213483146067
37259	19	32.9242794333171	34.7435271128481	13.9242794333171	15.7435271128481
37260	19	30.1954079140205	32.0146555935515	11.1954079140205	13.0146555935515
37261	19	27.466536394724	28.8309721543723	8.46653639472399	9.83097215437225
37262	19	28.8309721543723	30.1954079140205	9.83097215437225	11.1954079140205
37263	19	29.7405959941378	32.9242794333171	10.7405959941378	13.9242794333171
37264	19	28.8309721543723	30.6502198339033	9.83097215437225	11.6502198339033
37265	19	29.285784074255	32.0146555935515	10.285784074255	13.0146555935515
37266	19	27.466536394724	28.3761602344895	8.46653639472399	9.3761602344895
37267	19	30.6502198339033	32.4694675134343	11.6502198339033	13.4694675134343
37268	19	26.1021006350757	27.0117244748412	7.10210063507572	8.01172447484123
37269	19	27.0117244748412	28.3761602344895	8.01172447484123	9.3761602344895
37270	19	31.105031753786	32.4694675134343	12.105031753786	13.4694675134343
37271	19	27.466536394724	28.3761602344895	8.46653639472399	9.3761602344895
37272	19	28.3761602344895	29.285784074255	9.3761602344895	10.285784074255
37273	19	37.4723986321446	40.2012701514411	18.4723986321446	21.2012701514411
37274	19	26.5569125549585	27.9213483146067	7.55691255495848	8.92134831460674
37275	19	27.0117244748412	28.3761602344895	8.01172447484123	9.3761602344895
37276	19	27.466536394724	28.3761602344895	8.46653639472399	9.3761602344895
37277	19	27.0117244748412	28.3761602344895	8.01172447484123	9.3761602344895
37278	19	27.0117244748412	28.3761602344895	8.01172447484123	9.3761602344895
37279	19	27.9213483146067	29.285784074255	8.92134831460674	10.285784074255
37280	19	27.9213483146067	28.8309721543723	8.92134831460674	9.83097215437225
37281	19	29.7405959941378	31.5598436736688	10.7405959941378	12.5598436736688
37282	19	26.1021006350757	27.9213483146067	7.10210063507572	8.92134831460674
37283	19	28.8309721543723	30.1954079140205	9.83097215437225	11.1954079140205
37284	19	25.1924767953102	26.1021006350757	6.19247679531021	7.10210063507572
37285	19	28.3761602344895	29.285784074255	9.3761602344895	10.285784074255
37286	19	24.2828529555447	25.647288715193	5.2828529555447	6.64728871519297
37287	19	26.5569125549585	27.466536394724	7.55691255495848	8.46653639472399
37288	30	32.0053737176356	34.1988275525159	2.00537371763556	4.19882755251588
37289	30	37.2696629213483	39.9018075232047	7.26966292134831	9.90180752320469
37290	30	33.3214460185637	35.5148998534441	3.32144601856375	5.51489985344406
37291	30	35.076209086468	36.8309721543722	5.076209086468	6.83097215437225
37292	25	33.7601367855398	35.5148998534441	8.76013678553981	10.5148998534441
37293	34	32.4440644846116	33.7601367855398	-1.55593551538837	-0.239863214460186
37294	34	30.2506106497313	32.4440644846116	-3.74938935026869	-1.55593551538837
37295	34	29.8119198827553	31.5666829506595	-4.18808011724475	-2.4333170493405
37296	34	34.6375183194919	35.9535906204201	0.637518319491939	1.95359062042013
37297	34	32.0053737176356	33.7601367855398	-1.99462628236444	-0.239863214460186
37298	34	31.5666829506595	32.8827552515877	-2.4333170493405	-1.11724474841231
37299	34	34.1988275525159	35.9535906204201	0.19882755251588	1.95359062042013
37300	32	30.2506106497313	31.1279921836834	-1.74938935026869	-0.872007816316561
37301	32	31.1279921836834	32.4440644846116	-0.872007816316561	0.44406448461163
37302	30	31.5666829506595	33.7601367855398	1.5666829506595	3.76013678553981
37304	24	24.5476306790425	25.8637029799707	0.547630679042502	1.86370297997069
37305	24	26.3023937469468	28.4958475818271	2.30239374694675	4.49584758182706
37306	24	26.7410845139228	29.3732291157792	2.74108451392281	5.37322911577919
37307	21	28.4958475818271	30.2506106497313	7.49584758182706	9.25061064973131
37308	21	27.1797752808989	29.8119198827553	6.17977528089888	8.81191988275525
37309	21	24.1089399120664	25.4250122129946	3.10893991206644	4.42501221299463
37310	51	39.876404494382	43.2921348314607	-11.123595505618	-7.70786516853933
37311	27	35.6067415730337	39.876404494382	8.6067415730337	12.876404494382
37312	27	35.6067415730337	39.4494382022472	8.6067415730337	12.4494382022472
37313	65	42.8651685393258	45.4269662921348	-22.1348314606742	-19.5730337078652
37314	31	38.5955056179775	41.5842696629214	7.59550561797752	10.5842696629214
37315	31	34.752808988764	39.0224719101124	3.75280898876404	8.02247191011236
37316	46	38.5955056179775	41.5842696629214	-7.40449438202248	-4.41573033707865
37317	43	37.4723986321446	42.0205178309722	-5.5276013678554	-0.979482169027847
37318	44	41.1108939912066	42.9301416707377	-2.88910600879336	-1.06985832926233
37319	44	37.9272105520274	40.6560820713239	-6.07278944797264	-3.34391792867611
37320	44	37.9272105520274	40.6560820713239	-6.07278944797264	-3.34391792867611
37321	44	37.0175867122618	39.7464582315584	-6.98241328773815	-4.25354176844162
37322	44	39.7464582315584	42.0205178309722	-4.25354176844162	-1.97948216902785
37323	44	38.3820224719101	40.2012701514411	-5.61797752808989	-3.79872984855886
37324	44	38.8368343917929	41.5657059110894	-5.16316560820713	-2.4342940889106
37325	44	37.9272105520274	40.2012701514411	-6.07278944797264	-3.79872984855886
37326	43	37.0175867122618	39.2916463116756	-5.98241328773815	-3.70835368832438
37327	40	50.2071323888618	53.390815828041	10.2071323888618	13.390815828041
37328	40	181.192965315095	239.408891060088	141.192965315095	199.408891060088
37330	40	47.933072789448	49.2975085490962	7.93307278944798	9.29750854909624
37331	40	21.0991695163654	25.1924767953102	-18.9008304836346	-14.8075232046898
37332	40	22.4636052760137	45.2042012701514	-17.5363947239863	5.20420127015144
37337	40	35.6531509526136	37.0175867122618	-4.34684904738641	-2.98241328773815
37339	40	37.9272105520274	42.9301416707377	-2.07278944797264	2.93014167073767
37340	40	33.8339032730826	43.3849535906204	-6.16609672691744	3.38495359062042
37342	40	41.5657059110894	44.2945774303859	1.5657059110894	4.29457743038594
37343	40	38.3820224719101	40.6560820713239	-1.61797752808989	0.656082071323887
37344	39	66.5803615046409	83.8632144601856	27.5803615046409	44.8632144601856
37347	39	34.7435271128481	36.5627747923791	-4.25647288715193	-2.43722520762091
37348	43	37.0175867122618	39.2916463116756	-5.98241328773815	-3.70835368832438
37349	43	38.3820224719101	40.6560820713239	-4.61797752808989	-2.34391792867611
