36455	73	83.4596971177333	95.2467024914509	10.4596971177333	22.2467024914509
36456	73	111.504640937958	115.772349780166	38.504640937958	42.7723497801661
36457	73	91.3854421104055	97.685393258427	18.3854421104055	24.685393258427
36458	73	106.830483634587	111.504640937958	33.8304836345872	38.504640937958
36459	73	24.7278944797264	29.1988275525159	-48.2721055202736	-43.8011724474841
36460	73	118.211040547142	122.885197850513	45.2110405471421	49.885197850513
36461	121	142.878847093307	148.530532486566	21.8788470933073	27.5305324865657
36463	139	118.797752808989	126.906692721055	-20.2022471910112	-12.0933072789448
36465	139	111.671714704446	115.603321934538	-27.3282852955545	-23.3966780654617
36466	139	112.408891060088	116.0947728383	-26.5911089399121	-22.9052271617001
36467	139	133.541279921837	139.684416218857	-5.4587200781632	0.684416218856882
36468	136	146.073277967758	152.95359062042	10.0732779677577	16.9535906204201
36469	136	147.056179775281	154.919394235467	11.0561797752809	18.9193942354665
36470	136	122.729360039082	129.609672691744	-13.2706399609184	-6.39032730825602
36471	136	142.387396189546	149.021983390327	6.38739618954565	13.0219833903273
36472	136	134.52418172936	142.878847093307	-1.47581827063999	6.87884709330729
36473	136	101.596971177333	108.477283829995	-34.4030288226674	-27.5227161700049
36474	136	144.598925256473	149.513434294089	8.59892525647285	13.5134342940889
36475	136	138.701514411334	144.353199804592	2.70151441133368	8.35319980459207
36476	136	145.581827063996	151.233512457255	9.58182706399606	15.2335124572545
36477	136	150.987787005374	158.605276013679	14.9877870053737	22.6052760136785
36478	170	141.404494382022	147.301905227162	-28.5955056179776	-22.6980947728383
36479	170	146.319003419638	150.496336101612	-23.6809965803615	-19.5036638983879
36480	170	142.141670737665	146.319003419638	-27.8583292623351	-23.6809965803615
36481	170	140.66731802638	144.844650708354	-29.33268197362	-25.1553492916463
36482	170	141.895945285784	148.039081582804	-28.1040547142159	-21.9609184171959
36483	170	161.062530532487	165.731314118222	-8.93746946751344	-4.2686858817782
36484	166	147.301905227162	151.970688812897	-18.6980947728383	-14.0293111871031
36485	166	149.75915974597	155.165119687347	-16.2408402540303	-10.8348803126527
36486	166	137.227161700049	142.633121641426	-28.7728382999512	-23.3668783585736
36487	173	141.650219833903	146.073277967758	-31.3497801660968	-26.9267220322423
36488	101	64.3453834880312	104.924279433317	-36.6546165119688	3.92427943331705
36493	116	115.244748412311	121.665852467025	-0.755251587689315	5.66585246702491
36494	116	117.108939912066	122.494382022472	1.10893991206643	6.49438202247191
36496	116	109.652173913043	119.180263800684	-6.34782608695653	3.18026380068392
36498	199	167.607718612604	170.888128969223	-31.3922813873962	-28.1118710307767
36499	183	133.342940889106	139.940400586224	-49.657059110894	-43.0595994137763
36501	99	44.2022471910112	51.5720566682951	-54.7977528089888	-47.4279433317049
36502	99	114.991206643869	121.003419638495	15.9912066438691	22.0034196384954
36503	103	111.367855398144	116.715192965315	8.36785539814363	13.7151929653151
36504	103	109.722520762091	115.892525647289	6.72252076209085	12.8925256472887
36505	103	114.864191499756	119.183194919394	11.8641914997557	16.1831949193942
36506	103	114.452857840743	118.566194430874	11.4528578407426	15.5661944308744
36507	103	112.396189545677	117.743527112848	9.39618954567661	14.7435271128481
36508	103	115.069858329262	119.800195407914	12.0698583292623	16.800195407914
36509	103	111.57352222765	116.303859306302	8.57352222765022	13.3038593063019
36510	103	113.218856863703	117.743527112848	10.218856863703	14.7435271128481
36511	103	114.864191499756	119.183194919394	11.8641914997557	16.1831949193942
36512	103	114.041524181729	118.360527601368	11.0415241817294	15.3605276013678
36513	103	115.481191988276	119.800195407914	12.4811919882755	16.800195407914
36514	103	114.658524670249	119.183194919394	11.6585246702491	16.1831949193942
36515	103	109.516853932584	116.509526135808	6.51685393258427	13.5095261358085
36516	103	113.42452369321	118.771861260381	10.4245236932096	15.771861260381
36517	103	111.57352222765	117.332193453835	8.57352222765022	14.3321934538349
36518	103	112.601856375183	118.360527601368	9.60185637518319	15.3605276013678
36519	103	112.80752320469	117.949193942355	9.80752320468977	14.9491939423547
36520	103	114.452857840743	118.771861260381	11.4528578407426	15.771861260381
36521	126	123.121641426478	129.361016121153	-2.87835857352223	3.36101612115289
36522	126	120.102589154861	125.33561309233	-5.89741084513923	-0.66438690766978
36523	126	121.310210063508	126.543234000977	-4.68978993649245	0.543234000977037
36524	126	120.706399609184	125.134342940889	-5.29360039081584	-0.865657059110902
36525	126	114.869565217391	122.719101123595	-11.1304347826087	-3.28089887640451
36526	126	114.265754763068	118.291157791891	-11.7342452369321	-7.70884220810944
36527	67	89.0268685881778	103.389350268686	22.0268685881778	36.3893502686859
36528	67	103.799706888129	111.186126038105	36.799706888129	44.1861260381045
36529	67	111.596482657548	116.931118710308	44.5964826575476	49.9311187103078
36530	67	113.443087445042	118.982901807523	46.4430874450415	51.9829018075232
36531	67	104.620420127015	112.006839276991	37.6204201270151	45.0068392769907
36532	67	102.978993649243	114.058622374206	35.9789936492428	47.0586223742062
36533	67	86.5647288715193	106.672203224231	19.5647288715193	39.6722032242306
36534	126	115.272105520274	124.530532486566	-10.7278944797264	-1.4694675134343
36536	120	133.930141670738	138.23888617489	13.9301416707377	18.2388861748901
36537	120	140.608695652174	144.702002931119	20.6086956521739	24.7020029311187
36538	107	43.9169516365413	50.4592085979482	-63.0830483634587	-56.5407914020518
36539	107	80.2159257449927	84.8588177821202	-26.7840742550073	-22.1411822178798
36540	107	79.7938446507083	85.2808988764045	-27.2061553492917	-21.7191011235955
36541	107	74.9399120664387	79.1607230092819	-32.0600879335613	-27.8392769907181
36542	107	73.2515876893014	78.5276013678554	-33.7484123106986	-28.4723986321446
36543	107	69.6638983878847	79.1607230092819	-37.3361016121153	-27.8392769907181
36544	98	112.153395212506	116.215925744993	14.1533952125061	18.2159257449927
36545	95	119.698094772838	124.147532975085	24.6980947728383	29.1475329750855
36546	95	120.278456277479	124.340986809966	25.2784562774792	29.3409868099658
36547	95	119.698094772838	123.954079140205	24.6980947728383	28.9540791402052
36548	95	123.373717635564	128.016609672692	28.3737176355642	33.0166096726917
36549	95	120.47191011236	124.921348314607	25.4719101123596	29.9213483146067
36550	95	118.924279433317	123.760625305325	23.9242794333171	28.7606253053249
36551	95	121.826086956522	127.629702002931	26.8260869565217	32.6297020029311
36552	95	120.66536394724	124.340986809966	25.6653639472399	29.3409868099658
36553	95	118.924279433317	122.793356130923	23.9242794333171	27.7933561309233
36554	95	118.537371763556	125.308255984367	23.5373717635564	30.3082559843673
36555	95	119.504640937958	127.436248168051	24.504640937958	32.4362481680508
36556	95	126.082071323889	131.305324865657	31.0820713238886	36.305324865657
36557	95	124.534440644846	133.23986321446	29.5344406448461	38.2398632144602
36558	95	122.793356130923	127.823155837811	27.7933561309233	32.8231558378114
36559	95	120.66536394724	127.04934049829	25.6653639472399	32.0493404982902
36560	98	109.058133854421	114.087933561309	11.0581338544211	16.0879335613092
36561	98	111.573033707865	115.635564240352	13.5730337078652	17.6355642403517
36562	98	115.055202735711	119.891548607719	17.0552027357108	21.8915486077186
36563	98	111.379579872985	115.635564240352	13.3795798729849	17.6355642403517
36564	95	123.760625305325	133.433317049341	28.7606253053249	38.4333170493405
36566	121	80.4875427454812	87.8983878847093	-40.5124572545188	-33.1016121152907
36567	121	109.32975085491	113.33561309233	-11.6702491450904	-7.66438690766978
36568	121	102.920371275037	107.727405959941	-18.0796287249634	-13.2725940400586
36569	121	104.923302393747	109.530043966781	-16.076697606253	-11.4699560332193
36570	121	91.3033707865168	98.914509037616	-29.6966292134832	-22.085490962384
36571	121	112.334147532975	115.939423546654	-8.66585246702493	-5.06057645334636
36572	75	77.761602344895	84.1504640937958	2.76160234489498	9.15046409379579
36573	75	75.3043478260869	81.9389350268686	0.304347826086939	6.93893502686859
36574	143	155.165119687347	168.434294088911	12.1651196873473	25.4342940889106
36575	143	149.513434294089	156.393746946751	6.51343429408888	13.3937469467513
36576	143	136.489985344406	151.479237909135	-6.51001465559358	8.47923790913529
36577	93	98.0058622374206	109.632633121641	5.00586223742062	16.6326331216414
36578	97	42.0175867122618	49.6150464093796	-54.9824132877382	-47.3849535906204
36580	71	93.28627259404	107.607230092819	22.28627259404	36.6072300928187
36581	77	69.8983878847093	75.3043478260869	-7.10161211529066	-1.69565217391306
36582	78	83.4132877381534	92.0136785539814	5.41328773815337	14.0136785539814
36583	78	93.4880312652662	98.1568148510015	15.4880312652662	20.1568148510015
36584	78	91.7679531021006	96.6824621397167	13.7679531021006	18.6824621397167
36585	78	90.5393258426966	98.1568148510015	12.5393258426966	20.1568148510015
36586	77	69.6526624328285	78.990229604299	-7.34733756717145	1.99022960429897
36587	77	68.4240351734245	78.0073277967758	-8.5759648265755	1.00732779677577
36588	78	88.3277967757694	95.2081094284318	10.3277967757694	17.2081094284318
36589	78	77.761602344895	82.4303859306302	-0.238397655105018	4.43038593063017
36590	78	78.2530532486566	81.6932095749878	0.253053248656556	3.6932095749878
36591	78	77.761602344895	82.1846604787494	-0.238397655105018	4.18466047874938
36592	78	94.9623839765511	99.3854421104054	16.9623839765511	21.3854421104054
36593	78	77.2701514411334	93.9794821690278	-0.729848558866649	15.9794821690278
36594	79	82.1846604787494	91.7679531021006	3.18466047874938	12.7679531021006
36595	92	78.0073277967758	83.6590131900342	-13.9926722032242	-8.34098680996578
36596	92	78.4987787005373	82.9218368343918	-13.5012212994627	-9.0781631656082
36597	92	79.2359550561798	83.4132877381534	-12.7640449438202	-8.58671226184663
36598	92	75.5500732779677	79.2359550561798	-16.4499267220323	-12.7640449438202
36599	92	74.3214460185637	78.990229604299	-17.6785539814363	-13.009770395701
36600	92	81.6932095749878	89.0649731314118	-10.3067904250122	-2.93502686858818
36601	92	76.5329750854909	83.1675622862726	-15.4670249145091	-8.83243771372742
36602	92	94.2252076209086	102.825598436737	2.22520762090863	10.8255984367367
36607	78	108.630190522716	112.454323400098	30.6301905227162	34.4543234000977
36608	78	112.655593551539	116.47972642892	34.6555935515388	38.4797264289204
36609	78	112.253053248657	116.680996580361	34.2530532486566	38.6809965803615
36610	78	112.253053248657	116.278456277479	34.2530532486566	38.2784562774792
36611	78	119.096238397655	123.322911577919	41.0962383976551	45.3229115779189
36612	184	142.09379579873	147.23693209575	-41.9062042012702	-36.7630679042501
36613	184	185.259404005862	187.830972154372	1.25940400586222	3.83097215437226
36614	184	210.056668295066	213.914020517831	26.0566682950659	29.914020517831
36615	184	156.053737176356	158.808988764045	-27.9462628236444	-25.1910112359551
36616	184	204.913531998046	209.505617977528	20.9135319980459	25.5056179775281
36618	184	207.301416707377	212.077186126038	23.3014167073766	28.0771861260381
36619	184	209.505617977528	212.995603321935	25.5056179775281	28.9956033219345
36620	184	209.872984855887	212.995603321935	25.8729848558867	28.9956033219345
36621	184	210.791402051783	214.28138739619	26.7914020517831	30.2813873961895
36622	184	214.465070835369	220.710307767465	30.4650708353688	36.7103077674646
36623	53	74.1309233023937	81.0366389838788	21.1309233023937	28.0366389838788
36624	53	86.3829995114802	97.5212506106497	33.3829995114802	44.5212506106497
36625	53	72.3488031265266	80.1455788959453	19.3488031265266	27.1455788959453
36626	53	83.0415241817294	92.3976551050318	30.0415241817294	39.3976551050318
36627	53	73.2398632144602	80.1455788959453	20.2398632144602	27.1455788959453
36628	53	59.6511968734734	79.7000488519785	6.65119687347337	26.7000488519785
36629	107	137.196873473376	143.106008793356	30.1968734733757	36.1060087933561
36630	107	133.609184171959	138.252076209086	26.6091841719589	31.2520762090865
36631	62	121.197361993161	123.71861260381	59.1973619931607	61.7186126038104
36632	62	134.19149975574	140.591597459697	72.1914997557401	78.5915974596971
36633	62	79.1118710307767	82.0210063507572	17.1118710307767	20.0210063507572
36634	150	130.700537371764	139.62188568637	-19.2994626282365	-10.3781143136297
36635	150	148.931118710308	157.852467024915	-1.06888128969223	7.85246702491452
36636	62	47.305324865657	56.6145578895945	-14.694675134343	-5.38544211040548
36637	62	102.38495359062	114.797264289204	40.3849535906204	52.7972642892037
36638	62	99.6697606253053	106.263800683928	37.6697606253053	44.2638006839277
36639	70	110.605764533464	115.442110405471	40.6057645334636	45.4421104054714
36640	95	119.109916951637	122.236443575965	24.1099169516365	27.2364435759648
36641	95	44.8549096238398	53.257449926722	-50.1450903761602	-41.742550073278
36642	95	121.063996091842	127.512457254519	26.0639960918417	32.5124572545188
36643	95	78.2696629213483	97.028822667318	-16.7303370786517	2.02882266731802
36644	95	46.6135808500244	53.8436736687836	-48.3864191499756	-41.1563263312164
36645	107	121.245725451881	127.24279433317	14.2457254518808	20.2427943331705
36648	52	68.7322911577919	77.7254518808012	16.7322911577919	25.7254518808012
36649	49	44.6042989741084	55.57156814851	-4.39570102589155	6.57156814851001
36650	49	74.4352711284807	81.6736687835857	25.4352711284807	32.6736687835857
36651	112	85.6248168050806	92.0136785539814	-26.3751831949194	-19.9863214460186
36652	112	90.047874938935	100.122618466048	-21.952125061065	-11.8773815339521
36653	112	67.6868588177821	79.9731314118222	-44.3131411822179	-32.0268685881778
36654	112	70.1441133365901	78.7445041524182	-41.8558866634099	-33.2554958475818
36655	112	66.9496824621397	77.0244259892526	-45.0503175378603	-34.9755740107474
36656	112	55.400586223742	66.9496824621397	-56.599413776258	-45.0503175378603
36657	112	77.5158768930141	84.3961895456766	-34.4841231069859	-27.6038104543234
36658	112	76.7787005373718	84.1504640937958	-35.2212994626282	-27.8495359062042
36659	112	104.791402051783	112.654616511969	-7.20859794821689	0.654616511968698
36660	127	156.393746946751	161.308255984367	29.3937469467513	34.3082559843673
36661	127	156.885197850513	163.028334147533	29.885197850513	36.028334147533
36662	127	151.479237909135	158.359550561798	24.4792379091353	31.3595505617977
36663	127	158.359550561798	163.274059599414	31.3595505617977	36.2740595994138
36664	127	151.233512457255	158.359550561798	24.2335124572545	31.3595505617977
36665	127	149.513434294089	154.673668783586	22.5134342940889	27.6736687835857
36666	127	151.479237909135	156.885197850513	24.4792379091353	29.885197850513
36667	127	157.376648754275	163.519785051295	30.3766487542745	36.5197850512945
36668	127	130.101123595506	135.507083536883	3.10112359550561	8.50708353688321
36669	127	150.496336101612	158.359550561798	23.4963361016121	31.3595505617977
36670	112	135.507083536883	138.947239863214	23.5070835368832	26.9472398632145
36671	112	130.346849047386	135.015632633122	18.3468490473864	23.0156326331216
36672	112	150.004885197851	158.359550561798	38.0048851978505	46.3595505617977
36673	134	130.311187103078	135.331216414265	-3.68881289692234	1.33121641426476
36674	134	128.159745969712	133.538348803127	-5.84025403028824	-0.461651196873476
36675	35	85.9291646311676	100.561309233024	50.9291646311676	65.5613092330239
36676	114	113.103077674646	117.992183683439	-0.896922325354183	3.99218368343918
36677	106	114.936492427943	121.455300439668	8.93649242794334	15.4553004396678
36678	114	112.695652173913	116.973619931607	-1.30434782608697	2.97361993160723
36679	112	111.269662921348	118.807034684905	-0.730337078651701	6.80703468490472
36680	112	115.751343429409	119.825598436737	3.75134342940888	7.82559843673667
36681	112	113.510503175379	117.38104543234	1.5105031753786	5.38104543234002
36682	114	121.251587689301	125.733268197362	7.2515876893014	11.733268197362
36683	114	114.732779677577	118.807034684905	0.732779677576929	4.80703468490472
36684	114	111.065950170982	115.343917928676	-2.93404982901808	1.34391792867609
36685	114	111.677088422081	116.362481680508	-2.32291157791892	2.36248168050804
36686	114	115.955056179775	119.418172936004	1.95505617977528	5.41817293600391
36687	110	114.936492427943	118.195896433806	4.93649242794334	8.19589643380556
36688	110	112.491939423547	115.955056179775	2.49193942354665	5.95505617977528
36689	132	125.123595505618	129.775280898876	-6.87640449438203	-2.22471910112361
36690	132	121.685393258427	127.348314606742	-10.314606741573	-4.65168539325845
36691	132	127.752808988764	131.393258426966	-4.24719101123597	-0.606741573033702
36692	131	117.438202247191	121.887640449438	-13.561797752809	-9.11235955056179
36693	131	114.404494382022	118.044943820225	-16.5955056179775	-12.9550561797753
36694	147	118.236443575965	121.616511968735	-28.7635564240352	-25.3834880312653
36695	147	118.435271128481	122.80947728383	-28.5647288715193	-24.19052271617
36696	146	116.844650708354	120.423546653639	-29.1553492916463	-25.5764533463605
36697	112	114.711284807035	121.449926722032	2.71128480703467	9.44992672203225
36698	112	113.281875915975	117.365901319003	1.28187591597458	5.3659013190034
36699	112	113.690278456277	119.612115290669	1.69027845627747	7.61211529066927
36700	112	102.255007327797	110.014655593552	-9.74499267220324	-1.98534440644846
36701	112	117.570102589155	126.350757205667	5.57010258915486	14.3507572056668
36702	112	115.936492427943	123.696140693698	3.93649242794334	11.6961406936981
36704	91	76.9946262823644	92.3253541768441	-14.0053737176356	1.32535417684414
36705	91	27.9794821690278	37.4802149487054	-63.0205178309722	-53.5197850512946
36706	100	77.6424035173424	114.349780166097	-22.3575964826576	14.3497801660967
36708	124	124.581338544211	129.661944308744	0.581338544211036	5.66194430874449
36709	124	119.305324865657	125.167562286273	-4.69467513434296	1.16756228627258
36710	124	111.879824132877	116.76502198339	-12.1201758671226	-7.23497801660969
36711	124	114.420127015144	119.696140693698	-9.57987298485588	-4.30385930630192
36712	124	117.351245725452	122.431851489985	-6.64875427454814	-1.56814851001465
36713	170	136.540302882267	141.364435759648	-33.4596971177333	-28.6355642403518
36714	124	116.178798241329	121.063996091842	-7.82120175867124	-2.93600390815828
36715	124	120.28236443576	122.822667318026	-3.71763556424037	-1.17733268197364
36716	124	109.534929164631	115.397166585247	-14.4650708353688	-8.60283341475329
36717	124	111.098192476795	116.178798241329	-12.9018075232047	-7.82120175867124
36718	124	100.936980947728	108.557889594529	-23.0630190522716	-15.4421104054714
36719	124	92.1436248168051	106.212994626282	-31.8563751831949	-17.7870053737176
36720	124	124.19052271617	128.489496824621	0.190522716169994	4.4894968246214
36721	124	111.879824132877	120.673180263801	-12.1201758671226	-3.32681973619933
36722	124	102.304836345872	117.351245725452	-21.695163654128	-6.64875427454814
36723	124	116.178798241329	124.972154372252	-7.82120175867124	0.972154372252078
36724	76	122.691255495848	133.219833903273	46.6912554958476	57.2198339032731
36725	112	164.654127992184	177.844650708354	52.6541279921837	65.8446507083537
36726	112	121.932584269663	126.657547630679	9.93258426966293	14.657547630679
36727	112	118.191988275525	123.507572056668	6.19198827552515	11.5075720566683
36728	112	113.86077186126	120.948216902785	1.86077186126039	8.94821690278457
36729	112	113.467024914509	118.782608695652	1.46702491450904	6.78260869565216
36730	112	119.570102589155	123.507572056668	7.57010258915486	11.5075720566683
36731	112	117.798241328774	121.341963849536	5.7982413287738	9.34196384953589
36732	153	156.639472398632	161.553981436248	3.63947239863211	8.55398143624814
36733	153	158.359550561798	165.485588666341	5.35955056179773	12.485588666341
36734	153	162.04543234001	168.434294088911	9.04543234000977	15.4342940889106
36735	153	154.427943331705	160.816805080606	1.42794333170491	7.81680508060577
36736	153	154.919394235467	159.342452369321	1.91939423546654	6.34245236932094
36737	153	205.784562774792	212.173424523693	52.7845627747924	59.1734245236932
36738	153	199.641426477772	206.276013678554	46.6414264777723	53.276013678554
36739	153	152.462139716658	157.130923302394	-0.537860283341502	4.13092330239374
36740	153	152.95359062042	159.342452369321	-0.0464093795798703	6.34245236932094
36741	153	154.182217879824	161.553981436248	1.18221787982412	8.55398143624814
36742	153	161.062530532487	165.485588666341	8.06253053248656	12.485588666341
36743	153	161.553981436248	167.451392281387	8.55398143624814	14.4513922813874
36744	153	157.622374206155	163.028334147533	4.62237420615531	10.028334147533
36745	85	87.9985344406448	102.76013678554	2.99853444064485	17.7601367855398
36746	85	98.133365901319	109.369809477284	13.133365901319	24.3698094772838
36747	157	152.422081094284	155.809965803615	-4.57791890571568	-1.19003419638497
36748	157	148.320957498779	151.887151929653	-8.67904250122132	-5.11284807034684
36749	157	155.275036638984	160.267708842208	-1.72496336101614	3.26770884220809
36750	157	182.021494870542	188.084025403029	25.0214948705423	31.0840254030288
36751	157	153.313629702003	159.554469956033	-3.68637029799709	2.55446995603322
36752	157	150.638983878847	154.561797752809	-6.36101612115291	-2.43820224719101
36753	137	143.506595017098	146.716170004885	6.50659501709819	9.71617000488519
36754	160	138.692232535418	142.793356130923	-21.3077674645823	-17.2066438690767
36755	160	185.409379579873	192.898387884709	25.409379579873	32.8983878847093
36756	160	193.255007327797	200.209086468002	33.2550073277968	40.2090864680019
36757	151	133.541279921837	141.158768930142	-17.4587200781632	-9.84123106985834
36758	151	142.387396189546	147.793356130923	-8.61260381045435	-3.20664386907669
36759	151	138.210063507572	144.598925256473	-12.789936492428	-6.40107474352715
36760	151	117.077674645823	127.398143624817	-33.9223253541768	-23.6018563751832
36761	151	106.511480214949	116.831949193942	-44.4885197850513	-34.1680508060576
36762	151	80.7103077674646	88.819247679531	-70.2896922325354	-62.180752320469
36766	218	218.040058622374	220.358085002443	0.0400586223742039	2.35808500244258
36771	218	213.404005862237	217.148510014656	-4.5959941377626	-0.851489985344415
36772	218	218.396678065462	221.962872496336	0.396678065461629	3.9628724963361
36773	164	143.328285295554	149.212506106497	-20.6717147044455	-14.7874938935027
36774	164	141.18856863703	146.537860283341	-22.8114313629702	-17.4621397166585
36775	164	137.800683927699	141.18856863703	-26.1993160723009	-22.8114313629702
36776	164	134.412799218368	139.405471421593	-29.5872007816317	-24.5945285784074
36777	164	196.642892037128	201.992183683439	32.6428920371275	37.9921836834392
36778	164	193.255007327797	198.069369809477	29.2550073277968	34.0693698094773
36779	164	201.992183683439	206.093307278945	37.9921836834392	42.0933072789448
36780	164	199.495847581827	205.914997557401	35.495847581827	41.9149975574011
36781	164	191.47191011236	199.852467024915	27.4719101123595	35.8524670249145
36782	164	189.867122618466	195.929653150953	25.8671226184661	31.9296531509526
36783	164	197.891060087934	202.348803126527	33.8910600879336	38.3488031265266
36784	164	134.234489496825	139.048851978505	-29.7655105031754	-24.9511480214949
36785	164	141.010258915486	155.631656082071	-22.9897410845139	-8.36834391792868
36786	164	136.374206155349	142.080117244748	-27.6257938446507	-21.9198827552516
36787	164	133.342940889106	138.692232535418	-30.657059110894	-25.3077674645823
36788	164	198.960918417196	203.062042012702	34.9609184171959	39.0620420127015
36789	164	159.197850512946	164.903761602345	-4.80214948705424	0.9037616023449
36790	164	150.995603321935	156.52320468979	-13.0043966780655	-7.47679531021006
36791	151	132.873961895457	137.505129457743	-18.1260381045432	-13.494870542257
36792	149	142.90815828041	147.732291157792	-6.09184171958964	-1.26770884220812
36793	149	145.995603321935	149.276013678554	-3.00439667806546	0.276013678553966
36794	149	143.872984855887	147.346360527601	-5.12701514411333	-1.65363947239865
36795	149	145.223742061553	148.697117733268	-3.77625793844652	-0.302882266731814
36796	149	143.872984855887	147.539325842697	-5.12701514411333	-1.46067415730337
36797	151	144.258915486077	149.083048363459	-6.74108451392283	-1.91695163654128
36798	149	143.872984855887	147.539325842697	-5.12701514411333	-1.46067415730337
36799	149	143.101123595506	147.153395212506	-5.89887640449439	-1.8466047874939
36800	149	142.715192965315	147.925256472887	-6.28480703468492	-1.07474352711284
36801	151	144.644846116268	149.083048363459	-6.3551538837323	-1.91695163654128
36802	166	145.609672691744	149.85490962384	-20.390327308256	-16.1450903761603
36803	151	143.872984855887	148.118221787982	-7.12701514411333	-2.88177821201759
36804	159	137.698094772838	141.750366389839	-21.3019052271617	-17.2496336101612
36805	177	146.18856863703	150.24084025403	-30.8114313629702	-26.7591597459697
36806	177	150.24084025403	157.766487542745	-26.7591597459697	-19.2335124572545
36807	152	145.223742061553	149.276013678554	-6.77625793844652	-2.72398632144603
36808	152	147.153395212506	150.819736199316	-4.8466047874939	-1.18026380068395
36809	152	137.119198827553	141.364435759648	-14.8808011724475	-10.6355642403518
36810	152	142.715192965315	145.995603321935	-9.28480703468492	-6.00439667806546
36811	152	146.18856863703	150.433805569126	-5.81143136297021	-1.56619443087445
36812	152	145.416707376649	149.661944308744	-6.58329262335124	-2.33805569125551
36813	152	145.223742061553	150.24084025403	-6.77625793844652	-1.75915974596973
36814	152	144.837811431363	149.276013678554	-7.16218856863705	-2.72398632144603
36815	152	195.394723986321	197.324377137274	43.3947239863214	45.324377137274
36816	152	147.732291157792	152.170493404983	-4.26770884220812	0.170493404982892
36817	152	144.258915486077	148.311187103078	-7.74108451392283	-3.68881289692234
36818	152	144.065950170982	148.118221787982	-7.93404982901808	-3.88177821201759
36819	149	140.978505129458	144.451880801172	-8.02149487054226	-4.54811919882755
36820	149	140.013678553981	144.258915486077	-8.98632144601856	-4.74108451392283
36821	149	179.185637518319	181.694186614558	30.1856375183195	32.6941866145579
36822	149	180.343429408891	183.23790913532	31.343429408891	34.23790913532
36823	161	140.978505129458	146.18856863703	-20.0214948705423	-14.8114313629702
36824	152	196.552515876893	198.675134342941	44.552515876893	46.6751343429409
36825	152	142.90815828041	147.346360527601	-9.09184171958964	-4.65363947239865
36826	152	141.943331704934	146.381533952125	-10.0566682950659	-5.61846604787493
36827	192	162.76209086468	165.272105520274	-29.23790913532	-26.7278944797264
36828	192	141.785539814362	146.446995603322	-50.2144601856375	-45.5530043966781
36829	192	163.120664386908	165.809965803615	-28.8793356130923	-26.190034196385
36830	96	116.374206155349	120.770884220811	20.3742061553493	24.770884220811
36831	172	148.776257938447	151.970688812897	-23.2237420615535	-20.0293111871031
36832	172	142.633121641426	145.827552515877	-29.3668783585736	-26.1724474841231
36833	172	162.536883243771	165.977039570103	-9.46311675622866	-6.02296042989741
36834	84	80.218856863703	104.054225696141	-3.78114313629703	20.0542256961407
36835	69	75.7957987298486	81.6932095749878	6.79579872984857	12.6932095749878
36836	69	62.0351734245237	75.0586223742062	-6.96482657547631	6.05862237420615
36837	72	70.8812896922325	77.5158768930141	-1.11871030776746	5.51587689301414
36838	82	73.3385442110405	78.2530532486566	-8.66145578895947	-3.74694675134344
36839	72	69.8983878847093	76.7787005373718	-2.10161211529066	4.77870053737178
36840	72	73.5842696629213	80.4645823155838	1.58426966292132	8.46458231558375
36841	57	97.6736687835858	104.518808011724	40.6736687835858	47.5188080117244
36842	57	98.7777234978017	104.077186126038	41.7777234978017	47.0771861260381
36843	56	113.623351245725	121.995603321935	57.6233512457254	65.9956033219345
36844	15	73.3043478260869	78.1514411333659	58.3043478260869	63.1514411333659
36845	15	77.9311187103078	83.4391792867611	62.9311187103078	68.4391792867611
36847	48	80.7655105031754	88.7322911577919	32.7655105031754	40.7322911577919
36848	39	78.7738153395212	104.223253541768	39.7738153395212	65.2232535417684
36849	117	130.346849047386	135.015632633122	13.3468490473864	18.0156326331216
36850	97	73.066927210552	84.2418172936004	-23.933072789448	-12.7581827063996
36851	97	108.240351734245	118.316072300928	11.2403517342452	21.3160723009282
36852	97	84.2418172936004	95.599902296043	-12.7581827063996	-1.40009770395702
36853	97	79.1123595505618	88.8216902784563	-17.8876404494382	-8.17830972154374
36854	97	108.606741573034	120.514411333659	11.6067415730337	23.514411333659
36855	97	111.537860283341	119.781631656082	14.5378602833415	22.7816316560821
36856	97	82.7762579384465	92.8519785051295	-14.2237420615535	-4.14802149487053
36857	97	108.973131411822	119.048851978505	11.9731314118222	22.0488519785051
36858	97	108.423546653639	117.94968246214	11.4235466536395	20.9496824621397
36859	200	213.726428920371	217.585735222276	13.7264289203713	17.5857352222765
36860	216	172.045920859795	180.536394723986	-43.9540791402052	-35.4636052760137
36861	200	213.147532975085	218.357596482658	13.1475329750855	18.3575964826575
36862	200	153.135319980459	162.976551050318	-46.8646800195408	-37.0234489496825
36863	200	210.446018563752	215.656082071324	10.4460185637518	15.6560820713239
36864	200	204.850024425989	209.095261358085	4.85002442598926	9.095261358085
36865	200	159.310210063508	164.52027357108	-40.6897899364924	-35.4797264289204
36866	200	209.28822667318	213.533463605276	9.28822667318025	13.533463605276
36867	200	145.802638006839	150.433805569126	-54.1973619931607	-49.5661944308744
36868	200	148.697117733268	156.608695652174	-51.3028822667318	-43.3913043478261
36869	173	205.785051294577	208.106497313141	32.7850512945774	35.1064973131412
36870	173	209.372740595994	212.327308255984	36.3727405959941	39.3273082559843
36871	173	203.252564728872	206.207132388862	30.2525647288715	33.2071323888617
36872	173	205.785051294577	208.528578407425	32.7850512945774	35.5285784074255
36873	173	205.785051294577	207.895456765999	32.7850512945774	34.895456765999
36874	173	204.09672691744	206.418172936004	31.0967269174402	33.4181729360039
36875	173	201.986321446019	203.885686370298	28.9863214460186	30.885686370298
36876	171	152.707865168539	160.325354176844	-18.2921348314607	-10.6746458231559
36877	171	159.833903273083	166.222765021983	-11.1660967269174	-4.77723497801662
36878	171	142.387396189546	152.462139716658	-28.6126038104543	-18.5378602833415
36879	171	195.95554469956	203.818759159746	24.9555446995603	32.818759159746
36880	171	155.90229604299	161.799706888129	-15.0977039570103	-9.20029311187102
36881	34	86.0156326331216	96.1504640937958	52.0156326331216	62.1504640937958
36882	100	28.5246702491451	47.0415241817294	-71.4753297508549	-52.9584758182706
36884	63	111.581827063996	117.517342452369	48.5818270639961	54.5173424523693
36885	63	102.48070346849	111.186126038105	39.4807034684905	48.1861260381045
36886	63	43.9169516365413	63.7020029311187	-19.0830483634587	0.702002931118699
36887	63	101.491450903762	109.801172447484	38.4914509037616	46.8011724474841
36889	63	111.38397655105	117.121641426478	48.3839765510503	54.1216414264778
36900	117	109.207620908647	118.506595017098	-7.79237909135321	1.50659501709819
36902	98	59.3365901319004	70.1914997557401	-38.6634098680996	-27.8085002442599
36903	98	102.756228627259	113.019052271617	4.75622862725939	15.019052271617
36904	98	103.545676599902	111.834880312653	5.54567659990229	13.8348803126526
36905	98	102.361504640938	112.624328285296	4.36150464093797	14.6243282852955
36917	123	114.899853444064	121.246702491451	-8.10014655593551	-1.75329750854911
36918	123	112.321446018564	118.66829506595	-10.6785539814363	-4.33170493404984
36920	137	81.447484123107	111.180263800684	-55.552515876893	-25.8197361993161
36921	137	104.791402051783	142.878847093307	-32.2085979482169	5.87884709330729
36922	137	50.7318026380069	82.9218368343918	-86.2681973619931	-54.0781631656082
36924	137	80.9560332193454	139.192965315095	-56.0439667806546	2.19296531509525
36925	137	132.804103566194	137.964338055691	-4.19589643380556	0.964338055691258
36928	137	78.0073277967758	84.1504640937958	-58.9926722032242	-52.8495359062042
36929	137	85.6248168050806	94.4709330727894	-51.3751831949194	-42.5290669272106
36931	178	109.972642892037	118.203224230581	-68.0273571079629	-59.7967757694187
36932	178	121.790913531998	127.911089399121	-56.2090864680019	-50.0889106008793
36933	158	123.892525647289	131.024914509038	-34.1074743527113	-26.9750854909624
36934	158	198.604298974108	203.95359062042	40.6042989741084	45.9535906204201
36935	158	126.567171470445	132.273082559844	-31.4328285295555	-25.7269174401563
36936	158	202.348803126527	205.38006839277	44.3488031265266	47.3800683927699
36937	165	132.273082559844	139.76209086468	-32.7269174401563	-25.23790913532
36938	150	148.677576941866	157.94968246214	-1.32242305813386	7.94968246213972
36939	150	127.280410356619	142.971665852467	-22.7195896433806	-7.02833414753297
36940	145	160.980947728383	168.113336590132	15.980947728383	23.1133365901319
36941	145	171.679531021006	215.008793356131	26.6795310210063	70.0087933561309
36942	145	162.229115779189	175.245725451881	17.229115779189	30.2457254518808
36943	72	105.318026380068	114.005862237421	33.3180263800684	42.0058622374206
36944	99	105.85881778212	111.840742550073	6.85881778212018	12.8407425500733
36946	99	110.104054714216	117.243771372741	11.1040547142159	18.2437713727406
36947	99	114.928187591597	120.910112359551	15.9281875915975	21.9101123595506
36948	99	107.016609672692	112.80556912555	8.01660967269174	13.8055691255496
36949	158	191.828529555447	203.240351734245	33.828529555447	45.2403517342452
36950	151	211.6209086468	217.505129457743	60.6209086468002	66.505129457743
36951	151	209.302882266732	216.791890571568	58.3028822667318	65.7918905715682
36952	151	197.356130923302	204.488519785051	46.3561309233024	53.4885197850513
36953	151	205.023448949682	209.481191988275	54.0234489496825	58.4811919882755
36954	151	204.666829506595	208.946262823644	53.666829506595	57.9462628236444
36955	151	106.953102100635	113.550561797753	-44.0468978993649	-37.4494382022472
36956	151	117.829995114802	123.00097703957	-33.1700048851979	-27.9990229604299
36957	151	118.364924279433	122.466047874939	-32.6350757205667	-28.5339521250611
36958	151	208.054714215926	211.264289203713	57.0547142159257	60.2642892037127
36959	151	135.126038104543	140.475329750855	-15.8739618954568	-10.5246702491451
36960	151	155.09672691744	204.845139228139	4.09672691744015	53.8451392281387
36961	151	121.217879824133	126.032242305813	-29.7821201758671	-24.9677576941866
36962	151	119.256472887152	123.357596482658	-31.7435271128481	-27.6424035173424
36963	151	118.364924279433	122.822667318026	-32.6350757205667	-28.1773326819736
36964	151	117.295065950171	122.466047874939	-33.704934049829	-28.5339521250611
36965	151	118.543234000977	123.179286761114	-32.456765999023	-27.8207132388862
36966	151	116.76013678554	123.179286761114	-34.2398632144602	-27.8207132388862
36967	151	203.062042012702	210.016121152907	52.0620420127015	59.0161211529067
36968	151	117.829995114802	122.287738153395	-33.1700048851979	-28.7122618466048
36969	151	122.466047874939	126.388861748901	-28.5339521250611	-24.6111382510992
36970	151	203.418661455789	208.411333659013	52.4186614557889	57.4113336590132
36971	151	208.054714215926	213.04738641915	57.0547142159257	62.04738641915
36972	151	204.666829506595	210.016121152907	53.666829506595	59.0161211529067
36973	151	206.271617000489	209.837811431363	55.2716170004885	58.837811431363
36974	151	120.682950659502	125.140693698095	-30.3170493404983	-25.8593063019052
36975	151	184.339521250611	195.038104543234	33.3395212506106	44.038104543234
36976	151	160.446018563752	165.61700048852	9.44601856375184	14.6170004885198
36977	151	206.093307278945	210.016121152907	55.0933072789448	59.0161211529067
36978	151	208.054714215926	211.6209086468	57.0547142159257	60.6209086468002
36979	151	206.271617000489	210.016121152907	55.2716170004885	59.0161211529067
36980	151	206.80654616512	210.551050317538	55.8065461651197	59.5510503175378
36981	151	208.589643380557	212.155837811431	57.5896433805569	61.1558378114314
36982	151	203.062042012702	207.341475329751	52.0620420127015	56.3414753297508
36983	151	206.449926722032	210.372740595994	55.4499267220322	59.3727405959941
36984	151	152.957010258915	159.197850512946	1.95701025891549	8.19785051294576
36985	151	206.628236443576	210.19443087445	55.6282364435759	59.1944308744504
36986	151	159.732779677577	169.718124084025	8.73277967757693	18.7181240840254
36987	151	206.628236443576	211.264289203713	55.6282364435759	60.2642892037127
36988	151	208.589643380557	213.225696140694	57.5896433805569	62.2256961406937
36989	151	112.302393746947	117.651685393258	-38.6976062530533	-33.3483146067416
36990	151	212.869076697606	217.86174890083	61.8690766976063	66.8617489008305
36991	151	194.146555935515	202.348803126527	43.1465559355154	51.3488031265266
36992	151	131.203224230581	135.126038104543	-19.7967757694187	-15.8739618954568
36993	151	121.931118710308	126.032242305813	-29.0688812896922	-24.9677576941866
36994	151	205.914997557401	210.551050317538	54.9149975574011	59.5510503175378
36995	151	204.310210063508	208.411333659013	53.3102100635076	57.4113336590132
36996	151	198.069369809477	205.201758671226	47.0693698094773	54.2017586712262
36997	151	206.093307278945	209.837811431363	55.0933072789448	58.837811431363
36998	151	205.736687835857	210.19443087445	54.7366878358574	59.1944308744504
36999	147	205.914997557401	212.334147532975	58.9149975574011	65.3341475329751
37000	147	210.19443087445	214.652173913043	63.1944308744504	67.6521739130435
37001	147	121.931118710308	126.032242305813	-25.0688812896922	-20.9677576941866
37002	43	72.8470933072789	82.2999511480215	29.8470933072789	39.2999511480215
37008	221	212.512457254519	216.435271128481	-8.48754274548122	-4.56472887151932
37011	221	207.698094772838	212.690766976063	-13.3019052271617	-8.30923302393745
37013	221	167.400097703957	170.966292134831	-53.599902296043	-50.0337078651685
37014	221	214.830483634587	221.071323888617	-6.16951636541279	0.071323888617485
37017	221	202.170493404983	205.558378114314	-18.8295065950171	-15.4416218856864
37020	221	213.760625305325	219.466536394724	-7.23937469467512	-1.53346360527604
37021	224	211.442598925256	216.435271128481	-12.5574010747436	-7.56472887151932
37025	221	207.698094772838	214.117244748412	-13.3019052271617	-6.8827552515877
37026	49	75.9247679531021	82.5197850512946	26.9247679531021	33.5197850512946
37028	83	60.8358573522227	74.2159257449927	-22.1641426477773	-8.78407425500734
37029	210	208.233023937469	212.155837811431	-1.76697606253055	2.15583781143135
37030	210	204.488519785051	207.876404494382	-5.51148021494873	-2.12359550561797
37031	210	211.442598925256	217.683439179287	1.44259892525645	7.68343917928678
37032	210	206.984855886663	212.690766976063	-3.01514411333659	2.69076697606255
37035	210	207.163165608207	210.907669760625	-2.83683439179288	0.907669760625311
37036	210	206.628236443576	210.016121152907	-3.37176355642407	0.0161211529066918
37037	210	210.19443087445	214.295554469956	0.194430874450404	4.29555446995602
37038	210	208.767953102101	212.512457254519	-1.23204689789935	2.51245725451878
37039	209	193.968246213972	199.317537860283	-15.0317537860283	-9.68246213971668
37041	209	201.992183683439	208.767953102101	-7.00781631656082	-0.232046897899352
37042	209	208.054714215926	211.799218368344	-0.945285784074258	2.79921836834393
37043	210	150.995603321935	156.166585246702	-59.0043966780655	-53.8334147532975
37044	210	210.729360039082	214.4738641915	0.729360039081598	4.47386419149973
37045	210	210.729360039082	214.830483634587	0.729360039081598	4.83048363458721
37046	210	212.155837811431	216.078651685393	2.15583781143135	6.07865168539325
37047	210	209.659501709819	213.404005862237	-0.340498290180733	3.4040058622374
37048	210	211.6209086468	215.365412799218	1.62090864680016	5.36541279921835
37049	210	200.030776746458	205.38006839277	-9.96922325354177	-4.61993160723011
37050	154	150.104054714216	153.67024914509	-3.89594528578408	-0.329750854909634
37051	128	136.084513922814	141.685881778212	8.08451392281387	13.685881778212
37052	128	140.608695652174	144.486565705911	12.6086956521739	16.4865657059111
37053	128	84.5950170981925	95.1514411333659	-43.4049829018075	-32.8485588666341
37054	117	89.7655105031754	100.321934538349	-27.2344894968246	-16.6780654616512
37055	128	134.791890571568	142.978505129458	6.79189057156816	14.9785051294577
37056	128	121.865657059111	129.405959941378	-6.1343429408891	1.4059599413776
37057	128	131.991206643869	136.730825598437	3.99120664386908	8.73082559843675
37058	128	128.32877381534	133.71470444553	0.328773815339503	5.71470444553006
37059	128	87.3957010258916	98.1675622862726	-40.6042989741084	-29.8324377137274
37060	128	78.7782120175867	80.9325842696629	-49.2217879824133	-47.0674157303371
37061	128	128.975085490962	136.515388373229	0.975085490962385	8.51538837322909
37062	128	136.084513922814	141.039570102589	8.08451392281387	13.0395701025892
37063	117	108.723986321446	123.589154860772	-8.27601367855399	6.58915486077183
37064	117	124.66634098681	129.405959941378	7.66634098680998	12.4059599413776
37065	117	106.785051294577	118.418661455789	-10.2149487054226	1.41866145578894
37066	117	84.3795798729849	92.9970688812897	-32.6204201270151	-24.0029311187103
37067	117	93.6433805569125	102.04543234001	-23.3566194430875	-14.9545676599902
37068	161	140.516853932584	143.662921348315	-20.4831460674158	-17.3370786516854
37069	154	142.61504640938	147.251099169516	-11.3849535906204	-6.74890083048365
37070	154	162.76404494382	167.756717147044	8.76404494382021	13.7567171470444
37071	154	139.940400586224	145.289692232535	-14.0595994137763	-8.7103077674646
37072	154	154.383488031265	159.197850512946	0.383488031265273	5.19785051294576
37073	154	143.684904738642	149.747435271128	-10.3150952613581	-4.25256472887153
37074	154	141.545188080117	146.716170004885	-12.4548119198828	-7.28382999511481
37075	154	129.063507572057	144.398143624817	-24.9364924279433	-9.60185637518319
37076	154	141.545188080117	146.359550561798	-12.4548119198828	-7.64044943820224
37077	154	154.561797752809	160.446018563752	0.561797752808985	6.44601856375184
37078	154	152.778700537372	160.980947728383	-1.22129946262825	6.980947728383
37079	154	138.157303370787	143.149975574011	-15.8426966292135	-10.8500244259893
37080	154	128.885197850513	133.342940889106	-25.114802149487	-20.657059110894
37081	129	122.822667318026	125.140693698095	-6.17733268197364	-3.85930630190524
37082	129	137.800683927699	142.080117244748	8.80068392769905	13.0801172447484
37083	129	153.135319980459	161.694186614558	24.1353199804592	32.6941866145579
37084	140	132.273082559844	135.126038104543	-7.72691744015634	-4.87396189545677
37085	140	163.477283829995	169.718124084025	23.4772838299951	29.7181240840254
37086	140	179.346849047386	188.797264289204	39.3468490473864	48.7972642892037
37087	140	158.306301905227	165.082071323889	18.3063019052271	25.0820713238886
37088	140	163.120664386908	167.935026868588	23.1206643869077	27.9350268685882
37089	105	201.813873961895	205.201758671226	96.8138739618955	100.201758671226
37090	105	125.85393258427	130.133365901319	20.8539325842697	25.133365901319
37091	105	125.497313141182	128.171958964338	20.4973131411822	23.171958964338
37092	105	182.021494870542	186.479237909135	77.0214948705423	81.4792379091353
37093	43	73.057156814851	81.5036638983879	30.057156814851	38.5036638983879
37094	69	77.6834391792868	85.2808988764045	8.68343917928675	16.2808988764045
37095	153	137.698094772838	142.09770395701	-15.3019052271617	-10.9022960429897
37096	153	140.47679531021	145.802638006839	-12.52320468979	-7.19736199316071
37097	153	142.329262335125	146.265754763068	-10.6707376648754	-6.73424523693211
37098	215	209.837811431363	213.04738641915	-5.16218856863702	-1.95261358085003
37099	215	205.558378114314	208.767953102101	-9.4416218856864	-6.23204689789935
37100	215	208.767953102101	211.977528089888	-6.23204689789935	-3.02247191011236
37101	215	218.040058622374	221.071323888617	3.0400586223742	6.07132388861748
37102	215	219.823155837811	223.032730825598	4.82315583781144	8.03273082559843
37103	215	220.71470444553	223.745969711773	5.71470444553006	8.74596971177334
37104	215	221.784562774792	224.994137762579	6.78456277479239	9.99413776257938
37105	215	219.28822667318	222.319491939424	4.28822667318025	7.31949193942353
37106	215	218.753297508549	221.427943331705	3.75329750854911	6.42794333170491
37107	215	218.040058622374	220.71470444553	3.0400586223742	5.71470444553006
37109	196	155.453346360528	160.802638006839	-40.5466536394724	-35.1973619931607
37110	204	210.729360039082	217.505129457743	6.7293600390816	13.505129457743
37111	204	199.317537860283	203.240351734245	-4.68246213971668	-0.759648265754777
37112	204	212.869076697606	218.574987787005	8.86907669760626	14.5749877870053
37113	196	158.841231069858	164.368832437714	-37.1587689301417	-31.6311675622863
37114	196	154.918417195896	160.089399120664	-41.0815828041036	-35.9106008793356
37115	204	159.554469956033	166.686858817782	-44.4455300439668	-37.3131411822179
37116	204	211.977528089888	217.683439179287	7.97752808988764	13.6834391792868
37117	189	160.267708842208	165.260381045432	-28.7322911577919	-23.7396189545677
37118	189	196.999511480215	201.992183683439	7.99951148021495	12.9921836834392
37119	189	153.491939423547	157.058133854421	-35.5080605764533	-31.9418661455789
37120	196	207.698094772838	215.008793356131	11.6980947728383	19.0087933561309
37121	189	215.008793356131	221.071323888617	26.0087933561309	32.0713238886175
37122	189	161.694186614558	200.209086468002	-27.3058133854421	11.2090864680019
37123	189	155.809965803615	160.267708842208	-33.190034196385	-28.7322911577919
37124	189	157.236443575965	200.565705911089	-31.7635564240352	11.5657059110894
37125	189	155.275036638984	159.37616023449	-33.7249633610161	-29.6238397655105
37126	196	158.127992183683	165.260381045432	-37.8720078163166	-30.7396189545677
37127	189	150.460674157303	154.205178309722	-38.5393258426966	-34.7948216902785
37128	189	159.554469956033	165.260381045432	-29.4455300439668	-23.7396189545677
37129	196	158.662921348315	165.438690766976	-37.3370786516854	-30.5613092330239
37130	196	159.37616023449	166.151929653151	-36.6238397655105	-29.8480703468491
37131	196	154.740107474353	160.802638006839	-41.2598925256473	-35.1973619931607
37132	196	160.089399120664	166.151929653151	-35.9106008793356	-29.8480703468491
37133	196	194.324865657059	199.13922813874	-1.67513434294091	3.13922813873961
37134	196	172.571079628725	176.493893502687	-23.428920371275	-19.5061064973131
37135	196	157.058133854421	161.872496336102	-38.9418661455789	-34.1275036638984
37136	189	164.19052271617	169.004885197851	-24.80947728383	-19.9951148021495
37137	189	156.166585246702	164.012212994626	-32.8334147532975	-24.9877870053737
37138	189	155.453346360528	160.980947728383	-33.5466536394724	-28.019052271617
37139	196	196.821201758671	201.278944797264	0.821201758671236	5.27894479726427
37140	204	222.497801660967	226.420615534929	18.4978016609672	22.4206155349291
37141	189	159.37616023449	163.833903273083	-29.6238397655105	-25.1660967269175
37142	201	156.344894968246	162.76404494382	-44.6551050317538	-38.2359550561798
37143	196	175.067415730337	195.929653150953	-20.9325842696629	-0.0703468490473824
37144	196	162.229115779189	166.865168539326	-33.770884220811	-29.1348314606742
37145	196	160.267708842208	167.400097703957	-35.7322911577919	-28.599902296043
37146	196	159.554469956033	165.973619931607	-36.4455300439668	-30.0263800683928
37147	196	159.554469956033	165.795310210063	-36.4455300439668	-30.2046897899365
37148	196	152.600390815828	156.701514411334	-43.399609184172	-39.2984855886664
37149	196	198.604298974108	203.418661455789	2.60429897410842	7.41866145578894
37150	196	156.701514411334	162.585735222276	-39.2984855886664	-33.4142647777235
37151	158	215.008793356131	222.854421104055	57.0087933561309	64.8544211040547
37152	158	140.475329750855	145.468001954079	-17.5246702491451	-12.5319980459209
37153	158	157.771372740596	167.221787982413	-0.228627259404021	9.22178798241328
37154	158	154.383488031265	159.732779677577	-3.61651196873473	1.73277967757693
37155	158	210.372740595994	214.830483634587	52.3727405959941	56.8304836345872
37156	158	222.854421104055	229.80850024426	64.8544211040547	71.8085002442599
37157	158	217.148510014656	230.700048851979	59.1485100146556	72.7000488519785
37158	158	228.38202247191	235.157791890572	70.3820224719101	77.1577918905716
37159	158	223.389350268686	231.948216902785	65.3893502686859	73.9482169027846
37160	163	210.907669760625	218.753297508549	47.9076697606253	55.7532975085491
37161	163	196.642892037128	207.698094772838	33.6428920371275	44.6980947728383
37162	163	203.240351734245	210.372740595994	40.2403517342452	47.3727405959941
37163	159	198.782608695652	205.914997557401	39.7826086956522	46.9149975574011
37164	159	158.841231069858	162.942354665364	-0.15876893014169	3.94235466536395
37165	159	205.558378114314	210.551050317538	46.5583781143136	51.5510503175378
37166	159	165.438690766976	170.609672691744	6.43869076697607	11.609672691744
37167	159	214.117244748412	219.466536394724	55.1172447484123	60.466536394724
37168	159	146.359550561798	152.957010258915	-12.6404494382022	-6.04298974108451
37169	159	161.694186614558	165.61700048852	2.69418661455788	6.61700048851978
37170	159	211.799218368344	215.008793356131	52.7992183683439	56.0087933561309
37171	159	228.203712750366	234.087933561309	69.2037127503664	75.0879335613092
37172	159	209.659501709819	212.869076697606	50.6595017098193	53.8690766976063
37173	159	206.628236443576	210.907669760625	47.6282364435759	51.9076697606253
37174	159	149.747435271128	154.205178309722	-9.25256472887153	-4.79482169027847
37175	159	195.573033707865	201.278944797264	36.5730337078651	42.2789447972643
37176	159	150.638983878847	156.52320468979	-8.36101612115291	-2.47679531021006
37177	159	203.95359062042	209.302882266732	44.9535906204201	50.3028822667318
37178	159	195.929653150953	202.348803126527	36.9296531509526	43.3488031265266
37179	159	148.85588666341	152.957010258915	-10.1441133365902	-6.04298974108451
37180	159	148.499267220322	152.778700537372	-10.5007327796776	-6.22129946262825
37181	159	145.824621397167	150.28236443576	-13.1753786028334	-8.71763556424037
37182	159	208.054714215926	214.117244748412	49.0547142159257	55.1172447484123
37183	159	216.970200293112	223.032730825598	57.9702002931119	64.0327308255984
37184	159	214.117244748412	220.536394723986	55.1172447484123	61.5363947239863
37186	81	90.0087933561309	102.292134831461	9.00879335613092	21.2921348314607
37187	198	193.43331704934	198.604298974108	-4.56668295065953	0.604298974108417
37188	198	197.534440644846	199.317537860283	-0.465559355153914	1.31753786028332
37189	85	46.4494382022472	52.3585735222277	-38.5505617977528	-32.6414264777723
37190	85	103.641426477772	120.313629702003	18.6414264777723	35.3136297020029
37191	85	49.6150464093796	57.2125061064973	-35.3849535906204	-27.7874938935027
37192	85	60.1670737664875	75.361993160723	-24.8329262335125	-9.63800683927698
37193	85	84.2256961406937	100.686858817782	-0.774303859306315	15.6868588177821
37194	61	72.8295065950171	82.7484123106986	11.8295065950171	21.7484123106986
37195	61	83.1704934049829	96.6770884220811	22.1704934049829	35.6770884220811
37196	91	44.5500732779678	51.7254518808012	-46.4499267220322	-39.2745481191988
37197	91	51.9364924279433	57.2125061064973	-39.0635075720567	-33.7874938935027
37198	91	40.5403028822667	46.0273571079629	-50.4596971177333	-44.9726428920371
37199	91	45.3942354665364	50.6702491450904	-45.6057645334636	-40.3297508549096
37200	91	40.5403028822667	46.238397655105	-50.4596971177333	-44.761602344895
37201	91	50.0371275036639	58.9008304836346	-40.9628724963361	-32.0991695163654
37202	91	55.1021006350757	62.6995603321934	-35.8978993649243	-28.3004396678066
37203	91	104.063507572057	114.826575476307	13.0635075720567	23.8265754763068
37204	50	91.4010747435271	105.32975085491	41.4010747435271	55.3297508549096
37205	91	58.2677088422081	84.4367366878359	-32.7322911577919	-6.56326331216414
37206	91	82.1152906692721	91.6121152906693	-8.8847093307279	0.612115290669266
37207	91	48.3488031265266	54.6800195407914	-42.6511968734734	-36.3199804592086
37208	61	47.2936003908158	53.4137762579385	-13.7063996091842	-7.58622374206155
37209	53	71.6805080605764	77.9179286761114	18.6805080605764	24.9179286761114
37210	53	77.4723986321446	83.9325842696629	24.4723986321446	30.9325842696629
37211	53	77.9179286761114	84.1553492916463	24.9179286761114	31.1553492916463
37212	55	76.3585735222276	82.5959941377626	21.3585735222276	27.5959941377626
37213	53	71.6805080605764	79.4772838299951	18.6805080605764	26.4772838299951
37214	99	87.209574987787	108.802149487054	-11.790425012213	9.80214948705421
37215	164	149.513434294089	152.707865168539	-14.4865657059111	-11.2921348314607
37216	164	155.165119687347	159.342452369321	-8.83488031265267	-4.65754763067906
37217	165	130.101123595506	141.895945285784	-34.8988764044944	-23.1040547142159
37218	165	132.558378114314	139.192965315095	-32.4416218856864	-25.8070346849047
37219	165	116.0947728383	129.118221787982	-48.9052271617001	-35.8817782120176
37220	165	103.317049340498	111.917440156326	-61.6829506595017	-53.0825598436737
37221	165	144.107474352711	148.039081582804	-20.8925256472887	-16.9609184171959
37222	162	133.049829018075	139.684416218857	-28.9501709819248	-22.3155837811431
37223	162	143.124572545188	147.547630679042	-18.8754274548119	-14.4523693209575
37224	73	26.8578407425501	37.1988275525159	-46.1421592574499	-35.8011724474841
37225	34	46.1480214948705	56.2076209086468	12.1480214948705	22.2076209086468
37226	57	90.7850512945774	113.391792867611	33.7850512945774	56.3917928676111
37227	57	108.968734733757	117.814851001466	51.9687347337567	60.8148510014656
37228	57	91.7679531021006	107.494382022472	34.7679531021006	50.4943820224719
37229	57	60.0693698094773	77.0244259892526	3.06936980947728	20.0244259892526
37230	57	74.0757205666829	83.1675622862726	17.0757205666829	26.1675622862726
37231	221	214.255984367367	224.626282364436	-6.74401563263314	3.62628236443572
37232	201	136.730825598437	142.971665852467	-64.2691744015633	-58.028334147533
37233	83	22.9496824621397	31.1177332681974	-60.0503175378603	-51.8822667318026
37234	93	109.722520762091	117.949193942355	16.7225207620909	24.9491939423547
37235	60	47.6751343429409	59.0810942843185	-12.3248656570591	-0.91890571568149
37236	45	86.4064484611627	96.3869076697606	41.4064484611627	51.3869076697606
37237	45	76.2042012701514	83.3014167073766	31.2042012701514	38.3014167073766
37238	201	148.499267220322	154.026868588178	-52.5007327796776	-46.9731314118222
37240	201	136.90913531998	141.901807523205	-64.0908646800195	-59.0981924767953
37241	201	154.740107474353	157.771372740596	-46.2598925256473	-43.228627259404
37246	120	98.3829995114802	104.630679042501	-21.6170004885198	-15.3693209574988
37247	120	127.682462139717	132.422081094284	7.68246213971668	12.4220810942843
37248	120	97.5212506106497	103.122618466048	-22.4787493893503	-16.8773815339521
37249	194	145.246213971666	165.610161211529	-48.7537860283342	-28.389838788471
37250	161	127.791402051783	132.252076209086	-33.2085979482169	-28.7479237909135
37251	194	131.67024914509	138.264289203713	-62.3297508549096	-55.7357107962873
37252	194	126.627747923791	130.894479726429	-67.3722520762091	-63.1055202735711
37253	194	131.476306790425	134.385442110405	-62.523693209575	-59.6145578895945
37254	194	141.367366878359	145.634098680997	-52.6326331216414	-48.3659013190034
37255	194	133.609672691744	136.130923302394	-60.390327308256	-57.8690766976063
37256	194	128.567171470445	133.027845627748	-65.4328285295555	-60.9721543722521
37257	194	135.948216902785	140.204201270151	-58.0517830972154	-53.7957987298486
37258	199	129.388373229116	131.420615534929	-69.6116267708842	-67.5793844650708
37259	194	131.885686370298	136.141670737665	-62.114313629702	-57.8583292623351
37260	194	128.210063507572	136.141670737665	-65.789936492428	-57.8583292623351
37261	194	136.915486077186	141.364924279433	-57.0845139228139	-52.6350757205667
37262	194	133.027845627748	136.130923302394	-60.9721543722521	-57.8690766976063
37263	194	119.698094772838	127.24279433317	-74.3019052271617	-66.7572056668295
37264	194	128.596971177333	137.302393746947	-65.4030288226673	-56.6976062530533
37265	194	121.052271617	127.436248168051	-72.9477283829995	-66.5637518319492
37266	194	161.484123106986	166.707376648754	-32.5158768930142	-27.2926233512457
37267	194	123.760625305325	126.66243282853	-70.2393746946751	-67.3375671714705
37268	194	129.370786516854	132.466047874939	-64.6292134831461	-61.5339521250611
37269	194	125.501709819248	128.210063507572	-68.4982901807523	-65.789936492428
37270	194	128.210063507572	130.724963361016	-65.789936492428	-63.2750366389839
37271	194	148.329262335125	153.939423546654	-45.6707376648754	-40.0605764533464
37272	194	128.596971177333	131.305324865657	-65.4030288226673	-62.694675134343
37273	194	121.439179286761	127.823155837811	-72.5608207132389	-66.1768441621886
37274	194	149.103077674646	154.713238886175	-44.8969223253542	-39.2867611138251
37275	194	152.198339032731	158.582315583781	-41.8016609672692	-35.4176844162189
37276	194	134.980947728383	140.010747435271	-59.019052271617	-53.9892525647289
37277	194	137.689301416707	143.686370297997	-56.3106985832926	-50.3136297020029
37278	194	137.108939912066	143.686370297997	-56.8910600879336	-50.3136297020029
37279	194	129.757694186615	133.04640937958	-64.2423058133855	-60.9535906204201
37280	194	130.531509526136	133.820224719101	-63.4684904738642	-60.1797752808989
37281	194	122.793356130923	125.888617489008	-71.2066438690767	-68.1113825109917
37282	194	125.501709819248	132.8529555447	-68.4982901807523	-61.1470444553005
37283	194	136.335124572545	138.850024425989	-57.6648754274548	-55.1499755740108
37284	194	134.400586223742	137.108939912066	-59.5994137762579	-56.8910600879336
37285	194	145.040547142159	152.004885197851	-48.9594528578407	-41.9951148021495
37286	194	169.802638006839	180.442598925256	-24.1973619931607	-13.5574010747436
37287	194	146.007816316561	152.972154372252	-47.9921836834392	-41.0278456277479
37288	121	134.927210552027	138.672691744016	13.9272105520274	17.6726917440157
37289	121	86.7493893502687	92.1353199804592	-34.2506106497313	-28.8646800195408
37290	121	103.338055691255	109.585735222276	-17.6619443087445	-11.4142647777235
37291	121	114.540791402052	127.682462139717	-6.45920859794825	6.68246213971668
37292	143	135.297508549096	139.729360039082	-7.70249145090378	-3.2706399609184
37293	106	124.020029311187	128.544211040547	18.0200293111871	22.5442110405471
37294	106	136.946262823644	144.055691255496	30.9462628236444	38.0556912554958
37295	106	135.007327796776	142.332193453835	29.0073277967758	36.3321934538349
37296	106	129.405959941378	133.930141670738	23.4059599413776	27.9301416707377
37297	106	137.37713727406	142.116756228627	31.3771372740596	36.1167562286273
37298	106	132.8529555447	138.23888617489	26.8529555446996	32.2388861748901
37299	106	104.630679042501	110.232046897899	-1.36932095749879	4.23204689789935
37300	115	127.036150464094	129.836834391793	12.0361504640938	14.8368343917929
37301	115	127.682462139717	132.206643869077	12.6824621397167	17.2066438690767
37302	121	105.923302393747	114.325354176844	-15.076697606253	-6.67464582315586
37304	208	199.639960918417	201.95554469956	-8.36003908158284	-6.04445530043967
37305	208	152.363458720078	164.52027357108	-55.6365412799219	-43.4797264289204
37306	208	170.309233023937	175.133365901319	-37.6907669760625	-32.866634098681
37307	217	195.587689301417	200.797752808989	-21.4123106985833	-16.2022471910112
37308	217	146.57449926722	154.872007816317	-70.4255007327797	-62.1279921836835
37309	217	200.990718124084	203.692232535418	-16.009281875916	-13.3077674645823
37310	42	103.317049340498	116.0947728383	61.3170493404983	74.0947728382999
37311	101	135.752808988764	140.175867122618	34.7528089887641	39.1758671226185
37312	101	98.4025403028822	104.791402051783	-2.59745969711776	3.79140205178311
37313	19	85.6248168050806	90.5393258426966	66.6248168050806	71.5393258426966
37314	122	86.361993160723	94.7166585246703	-35.638006839277	-27.2833414753297
37315	122	117.323400097704	126.415241817294	-4.67659990229606	4.41524181729358
37316	41	106.020029311187	116.0947728383	65.0200293111871	75.0947728382999
37317	125	117.385442110405	122.148510014656	-7.61455788959452	-2.85148998534441
37318	122	116.550561797753	119.224719101124	-5.44943820224719	-2.77528089887642
37319	122	118.651685393258	123.426966292135	-3.34831460674158	1.42696629213484
37320	122	110.629213483146	114.831460674157	-11.3707865168539	-7.16853932584272
37321	122	121.516853932584	125.719101123595	-0.483146067415731	3.71910112359549
37322	122	122.089887640449	125.52808988764	0.0898876404494331	3.52808988764045
37323	122	119.797752808989	123.808988764045	-2.20224719101125	1.80898876404493
37324	122	118.460674157303	124.38202247191	-3.53932584269663	2.38202247191012
37325	122	118.269662921348	122.85393258427	-3.7303370786517	0.853932584269643
37326	125	114.640449438202	119.797752808989	-10.3595505617978	-5.20224719101125
37327	130	128.011235955056	133.550561797753	-1.98876404494382	3.55056179775281
37328	130	236.505617977528	260	106.505617977528	130
37330	130	123.426966292135	128.011235955056	-6.57303370786516	-1.98876404494382
37331	130	165.640449438202	177.674157303371	35.6404494382023	47.6741573033708
37332	130	105.280898876404	129.539325842697	-24.7191011235955	-0.460674157303373
37337	130	124.434782608696	127.864191499756	-5.56521739130434	-2.13580850024425
37339	130	83.2818759159746	102.715192965315	-46.7181240840254	-27.2848070346849
37340	130	144.630190522716	163.301416707377	14.6301905227162	33.3014167073766
37342	130	117.385442110405	125.006350757206	-12.6145578895945	-4.99364924279433
37343	130	129.197850512946	135.485100146556	-0.802149487054237	5.48510014655594
37344	137	118.338055691255	128.435759648266	-18.6619443087445	-8.56424035173424
37347	137	114.718124084025	120.433805569126	-22.2818759159746	-16.5661944308744
37348	125	115.977528089888	123.61797752809	-9.02247191011236	-1.38202247191012
37349	125	119.100146555936	126.530532486566	-5.89985344406449	1.5305324865657
