36455	139	150.574010747435	154.376160234489	11.5740107474353	15.3761602344895
36456	139	157.470933072789	160.388861748901	18.4709330727894	21.3888617489008
36457	139	154.022471910112	156.763556424035	15.0224719101124	17.7635564240352
36458	139	158.885686370298	161.980459208598	19.885686370298	22.9804592085979
36459	139	144.296042989741	147.213971665852	5.29604298974107	8.21397166585245
36460	139	80.8974108451392	82.4890083048363	-58.1025891548608	-56.5109916951637
36461	153	155.525647288715	160.035173424524	2.52564728871519	7.03517342452369
36463	158	160.565705911089	163.660478749389	2.5657059110894	5.66047874938934
36465	158	160.477283829995	164.102589154861	2.47728382999512	6.10258915486077
36466	158	160.477283829995	164.279433317049	2.47728382999512	6.27943331704932
36467	158	160.123595505618	163.129946262824	2.12359550561797	5.12994626282364
36468	160	150.927699071812	158.974108451392	-9.07230092818759	-1.02589154860772
36469	160	154.376160234489	160.212017586712	-5.62383976551052	0.21201758671225
36470	160	156.056179775281	161.980459208598	-3.9438202247191	1.98045920859795
36471	160	158.531998045921	162.422569614069	-1.46800195407914	2.42256961406937
36472	160	152.430874450415	157.028822667318	-7.56912554958478	-2.97117733268198
36473	160	163.837322911578	167.993160723009	3.83732291157793	7.99316072300928
36474	160	153.315095261358	157.117244748412	-6.68490473864193	-2.8827552515877
36475	160	156.409868099658	159.769907181241	-3.59013190034199	-0.230092818759147
36476	160	158.708842208109	161.361504640938	-1.29115779189056	1.36150464093797
36477	160	152.165608207132	157.559355153884	-7.83439179286762	-2.44064484611627
36478	162	162.953102100635	165.340498290181	0.953102100635078	3.34049829018076
36479	162	157.824621397167	161.096238397655	-4.1753786028334	-0.9037616023449
36480	162	159.239374694675	161.715192965315	-2.76062530532488	-0.284807034684917
36481	162	159.681485100147	162.245725451881	-2.31851489985345	0.245725451880787
36482	162	161.184660478749	163.041524181729	-0.815339521250621	1.04152418172936
36483	162	162.334147532975	164.279433317049	0.334147532975095	2.27943331704932
36484	156	160.654127992184	162.776257938446	4.65412799218367	6.77625793844649
36485	156	160.565705911089	162.599413776258	4.5657059110894	6.59941377625793
36486	156	158.001465559355	160.742550073278	2.00146555935515	4.74255007327795
36487	160	156.586712261847	160.919394235467	-3.4132877381534	0.919394235466541
36488	122	159.062530532487	164.102589154861	37.0625305324866	42.1025891548608
36493	158	162.687835857352	166.047874938935	4.68783585735221	8.04787493893502
36494	158	162.510991695164	165.694186614558	4.51099169516365	7.69418661455788
36496	158	161.449926722032	164.633121641426	3.44992672203225	6.63312164142647
36498	179	155.938446507084	159.082071323889	-23.0615534929165	-19.9179286761114
36499	163	138.981924767953	145.650219833903	-24.0180752320469	-17.3497801660967
36501	162	146.418172936004	150.04347826087	-15.5818270639961	-11.9565217391304
36502	162	169.761602344895	173.740595994138	7.76160234489495	11.7405959941377
36503	155	160.654127992184	164.279433317049	5.65412799218367	9.27943331704932
36504	155	161.803615046409	165.428920371275	6.80361504640936	10.428920371275
36505	155	160.919394235467	163.925744992672	5.91939423546654	8.92574499267221
36506	155	160.830972154372	163.925744992672	5.83097215437226	8.92574499267221
36507	155	162.157303370787	165.163654127992	7.15730337078651	10.1636541279922
36508	155	162.068881289692	166.401563263312	7.06888128969223	11.4015632633122
36509	155	161.096238397655	164.279433317049	6.0962383976551	9.27943331704932
36510	155	162.245725451881	166.489985344406	7.24572545188079	11.4899853444064
36511	155	161.184660478749	165.340498290181	6.18466047874938	10.3404982901808
36512	155	161.273082559844	164.367855398144	6.27308255984366	9.36785539814363
36513	155	161.007816316561	163.925744992672	6.00781631656082	8.92574499267221
36514	155	161.803615046409	164.721543722521	6.80361504640936	9.72154372252075
36515	155	161.803615046409	165.075232046898	6.80361504640936	10.0752320468979
36516	155	161.980459208598	165.428920371275	6.98045920859795	10.428920371275
36517	155	162.157303370787	166.047874938935	7.15730337078651	11.047874938935
36518	155	162.776257938446	166.313141182218	7.77625793844649	11.3131411822179
36519	155	160.123595505618	163.483634587201	5.12359550561797	8.48363458720078
36520	155	161.449926722032	164.102589154861	6.44992672203225	9.10258915486077
36521	148	157.824621397167	162.157303370787	9.8246213971666	14.1573033707865
36522	148	160.300439667807	163.306790425012	12.3004396678065	15.3067904250122
36523	148	160.388861748901	163.660478749389	12.3888617489008	15.6604787493893
36524	148	161.715192965315	164.898387884709	13.7151929653151	16.8983878847093
36525	148	160.123595505618	163.837322911578	12.123595505618	15.8373229115779
36526	148	159.858329262335	163.572056668295	11.8583292623351	15.5720566682951
36527	152	174.801660967269	178.073277967758	22.8016609672692	26.0732779677577
36528	152	174.359550561798	177.719589643381	22.3595505617978	25.7195896433805
36529	152	173.121641426478	176.304836345872	21.1216414264778	24.304836345872
36530	152	159.681485100147	162.510991695164	7.68148510014655	10.5109916951637
36531	152	160.654127992184	163.837322911578	8.65412799218367	11.8373229115779
36532	152	160.035173424524	163.837322911578	8.03517342452369	11.8373229115779
36533	152	159.946751343429	163.748900830484	7.94675134342941	11.7489008304836
36534	148	159.416218856864	163.218368343918	11.4162188568637	15.2183683439179
36536	152	159.327796775769	161.361504640938	7.3277967757694	9.36150464093797
36537	152	157.559355153884	159.681485100147	5.55935515388373	7.68148510014655
36538	146	147.213971665852	151.458231558378	1.21397166585245	5.45823155837812
36539	146	155.702491450904	157.736199316072	9.70249145090378	11.7361993160723
36540	146	156.498290180752	158.620420127015	10.4982901807523	12.6204201270151
36541	146	152.51929653151	156.940400586224	6.51929653150953	10.9404005862237
36542	146	148.009770395701	151.90034196385	2.00977039570103	5.90034196384954
36543	146	158.266731802638	162.776257938446	12.266731802638	16.7762579384465
36544	177	171.883732291158	175.332193453835	-5.1162677088422	-1.66780654616511
36545	179	171.087933561309	176.570102589155	-7.91206643869077	-2.42989741084514
36546	179	168.435271128481	174.359550561798	-10.5647288715193	-4.64044943820224
36547	179	171.176355642404	175.774303859306	-7.82364435759649	-3.22569614069371
36548	179	170.468978993649	174.624816805081	-8.53102100635076	-4.3751831949194
36549	179	174.713238886175	177.719589643381	-4.28676111382512	-1.28041035661946
36550	179	162.068881289692	171.087933561309	-16.9311187103078	-7.91206643869077
36551	179	176.304836345872	180.106985832926	-2.69516365412801	1.10698583292623
36552	179	162.953102100635	166.047874938935	-16.0468978993649	-12.952125061065
36553	179	167.108939912066	173.740595994138	-11.8910600879336	-5.25940400586225
36554	179	168.788959452858	174.978505129458	-10.2110405471422	-4.02149487054226
36555	179	161.361504640938	175.862725940401	-17.638495359062	-3.13727405959941
36556	179	159.239374694675	163.925744992672	-19.7606253053249	-15.0742550073278
36557	179	169.584758182706	175.862725940401	-9.41524181729361	-3.13727405959941
36558	179	161.626770884221	164.367855398144	-17.3732291157792	-14.6321446018564
36559	179	161.538348803127	176.216414264778	-17.4616511968735	-2.78358573522229
36560	177	162.776257938446	173.298485588666	-14.2237420615535	-3.70151441133368
36561	177	170.468978993649	175.243771372741	-6.53102100635076	-1.75622862725942
36562	177	162.422569614069	174.624816805081	-14.5774303859306	-2.3751831949194
36563	177	162.687835857352	166.136297020029	-14.3121641426478	-10.8637029799707
36564	179	173.298485588666	177.189057156815	-5.70151441133368	-1.81094284318516
36566	164	156.056179775281	159.416218856864	-7.9438202247191	-4.58378114313632
36567	164	161.892037127504	164.809965803615	-2.10796287249633	0.809965803615029
36568	164	159.062530532487	161.715192965315	-4.93746946751344	-2.28480703468492
36569	164	160.212017586712	162.334147532975	-3.78798241328775	-1.66585246702491
36570	164	158.178309721544	160.830972154372	-5.82169027845629	-3.16902784562774
36571	164	160.300439667807	162.068881289692	-3.69956033219347	-1.93111871030777
36572	161	158.443575964827	162.422569614069	-2.55642403517342	1.42256961406937
36573	161	158.089887640449	162.687835857352	-2.91011235955057	1.68783585735221
36574	151	149.778212017587	167.816316560821	-1.22178798241328	16.8163165608207
36575	151	160.477283829995	163.395212506107	9.47728382999512	12.3952125061065
36576	151	150.485588666341	157.205666829507	-0.514411333659012	6.20566682950658
36577	175	159.769907181241	163.572056668295	-15.2300928187591	-11.4279433317049
36578	178	148.275036638984	152.342452369321	-29.7249633610161	-25.6575476306791
36580	161	161.715192965315	167.197361993161	0.715192965315083	6.19736199316071
36581	162	159.062530532487	163.837322911578	-2.93746946751344	1.83732291157793
36582	163	160.035173424524	163.572056668295	-2.96482657547631	0.572056668295062
36583	163	159.858329262335	163.395212506107	-3.14167073766487	0.395212506106503
36584	163	161.361504640938	164.633121641426	-1.63849535906203	1.63312164142647
36585	163	157.205666829507	161.449926722032	-5.79433317049342	-1.55007327796775
36586	162	146.771861260381	157.559355153884	-15.2281387396189	-4.44064484611627
36587	162	146.418172936004	154.641426477772	-15.5818270639961	-7.35857352222766
36588	163	161.184660478749	165.782608695652	-1.81533952125062	2.78260869565216
36589	163	161.538348803127	165.163654127992	-1.46165119687348	2.16365412799217
36590	163	161.096238397655	163.572056668295	-1.9037616023449	0.572056668295062
36591	163	159.858329262335	162.157303370787	-3.14167073766487	-0.842696629213492
36592	163	159.858329262335	162.776257938446	-3.14167073766487	-0.223742061553509
36593	163	161.803615046409	164.898387884709	-1.19638495359064	1.89838788470934
36594	163	158.531998045921	161.715192965315	-4.46800195407914	-1.28480703468492
36595	169	158.089887640449	161.538348803127	-10.9101123595506	-7.46165119687348
36596	169	159.681485100147	162.334147532975	-9.31851489985345	-6.66585246702491
36597	169	160.035173424524	162.510991695164	-8.96482657547631	-6.48900830483635
36598	169	162.864680019541	165.959452857841	-6.1353199804592	-3.04054714215926
36599	169	162.334147532975	166.401563263312	-6.66585246702491	-2.59843673668783
36600	169	161.096238397655	164.809965803615	-7.9037616023449	-4.19003419638497
36601	169	158.708842208109	163.218368343918	-10.2911577918906	-5.78163165608208
36602	169	149.866634098681	157.913043478261	-19.133365901319	-11.0869565217391
36607	157	161.184660478749	163.837322911578	4.18466047874938	6.83732291157793
36608	157	158.001465559355	161.007816316561	1.00146555935515	4.00781631656082
36609	157	157.559355153884	160.830972154372	0.559355153883729	3.83097215437226
36610	157	159.593063019052	162.599413776258	2.59306301905227	5.59941377625793
36611	157	156.498290180752	160.035173424524	-0.501709819247679	3.03517342452369
36612	176	149.746458231558	155.747923790914	-26.2535417684416	-20.2520762090865
36613	176	156.891060087934	159.748900830484	-19.1089399120664	-16.2510991695164
36614	176	159.558378114314	161.749389350269	-16.4416218856864	-14.2506106497313
36615	176	155.938446507084	159.463116756229	-20.0615534929165	-16.5368832437714
36616	176	147.650708353688	151.080117244748	-28.3492916463117	-24.9198827552516
36618	176	158.701025891549	162.130434782609	-17.2989741084514	-13.8695652173913
36619	176	159.844162188569	162.702002931119	-16.1558378114314	-13.2979970688813
36620	176	157.272105520274	160.892037127504	-18.7278944797264	-15.1079628724963
36621	176	160.225207620909	162.511480214949	-15.7747923790914	-13.4885197850513
36622	176	158.986809965804	162.130434782609	-17.0131900341964	-13.8695652173913
36623	158	159.396189545677	163.85588666341	1.39618954567658	5.85588666340988
36624	159	162.456765999023	165.692232535418	3.45676599902296	6.69223253541767
36625	158	161.14509037616	164.293111871031	3.14509037616023	6.29311187103076
36626	158	161.844650708354	165.080117244748	3.8446507083537	7.08011724474841
36627	158	160.183194919394	163.156326331216	2.18319491939423	5.15632633121641
36628	158	160.882755251588	168.315583781143	2.8827552515877	10.3155837811431
36629	148	153.315095261358	156.321446018564	5.31509526135807	8.32144601856373
36630	148	155.437225207621	158.620420127015	7.43722520762091	10.6204201270151
36631	150	158.531998045921	161.007816316561	8.53199804592086	11.0078163165608
36632	150	158.266731802638	161.184660478749	8.26673180263799	11.1846604787494
36633	150	149.512945774304	154.022471910112	-0.487054225696141	4.02247191011236
36634	170	161.184660478749	164.014167073766	-8.81533952125062	-5.98583292623351
36635	170	153.403517342452	159.504640937958	-16.5964826575477	-10.495359062042
36636	150	149.512945774304	154.729848558867	-0.487054225696141	4.72984855886665
36637	150	148.451880801172	152.51929653151	-1.54811919882755	2.51929653150953
36638	150	149.336101612115	153.580361504641	-0.663898387884728	3.58036150464093
36639	157	158.620420127015	162.245725451881	1.62042012701514	5.24572545188079
36640	159	152.342452369321	156.940400586224	-6.65754763067906	-2.05959941377625
36641	159	143.500244259893	148.893991206644	-15.4997557401075	-10.1060087933561
36642	159	150.927699071812	155.967757694187	-8.07230092818759	-3.03224230581338
36643	159	147.656082071324	152.342452369321	-11.3439179286761	-6.65754763067906
36644	159	140.936003908158	147.744504152418	-18.0639960918417	-11.2554958475818
36645	165	156.763556424035	159.416218856864	-8.23644357596481	-5.58378114313632
36648	169	154.818270639961	160.565705911089	-14.1817293600391	-8.4342940889106
36649	167	145.003419638495	152.077186126038	-21.9965803615046	-14.9228138739619
36650	167	159.327796775769	161.892037127504	-7.6722032242306	-5.10796287249633
36651	151	160.212017586712	162.599413776258	9.21201758671225	11.5994137762579
36652	151	159.593063019052	162.510991695164	8.59306301905227	11.5109916951637
36653	151	161.096238397655	164.367855398144	10.0962383976551	13.3678553981436
36654	151	159.504640937958	163.395212506107	8.50464093795799	12.3952125061065
36655	151	148.982413287738	162.245725451881	-2.01758671226185	11.2457254518808
36656	151	149.512945774304	153.13825109917	-1.48705422569614	2.13825109916951
36657	151	160.830972154372	163.660478749389	9.83097215437226	12.6604787493893
36658	151	160.300439667807	164.633121641426	9.30043966780653	13.6331216414265
36659	151	160.035173424524	162.864680019541	9.03517342452369	11.8646800195408
36660	173	161.803615046409	163.660478749389	-11.1963849535906	-9.33952125061066
36661	173	161.007816316561	162.953102100635	-11.9921836834392	-10.0468978993649
36662	173	161.538348803127	163.483634587201	-11.4616511968735	-9.51636541279922
36663	173	162.068881289692	164.014167073766	-10.9311187103078	-8.98583292623351
36664	173	162.687835857352	165.517342452369	-10.3121641426478	-7.48265754763068
36665	173	161.715192965315	164.014167073766	-11.2848070346849	-8.98583292623351
36666	173	161.361504640938	164.191011235955	-11.638495359062	-8.80898876404495
36667	173	162.422569614069	164.809965803615	-10.5774303859306	-8.19003419638497
36668	173	166.489985344406	168.612115290669	-6.51001465559355	-4.38788470933073
36669	173	162.245725451881	165.163654127992	-10.7542745481192	-7.83634587200783
36670	169	162.157303370787	164.191011235955	-6.84269662921349	-4.80898876404495
36671	169	156.763556424035	161.980459208598	-12.2364435759648	-7.01954079140205
36672	169	150.839276990718	154.906692721055	-18.1607230092819	-14.0933072789448
36673	173	200.23497801661	201.18759159746	27.2349780166097	28.1875915974597
36674	173	199.47288715193	200.520762090865	26.4728871519297	27.5207620908647
36675	142	148.990229604299	157.647288715193	6.99022960429897	15.647288715193
36676	154	160.123595505618	163.218368343918	6.12359550561797	9.21836834391792
36677	150	158.797264289204	161.538348803127	8.79726428920372	11.5383488031265
36678	154	162.422569614069	164.986809965804	8.42256961406937	10.9868099658036
36679	154	161.184660478749	165.075232046898	7.18466047874938	11.0752320468979
36680	154	161.892037127504	164.898387884709	7.89203712750367	10.8983878847093
36681	154	161.449926722032	163.837322911578	7.44992672203225	9.83732291157793
36682	154	160.830972154372	163.925744992672	6.83097215437226	9.92574499267221
36683	154	161.803615046409	164.898387884709	7.80361504640936	10.8983878847093
36684	154	161.184660478749	164.721543722521	7.18466047874938	10.7215437225207
36685	155	160.565705911089	163.129946262824	5.5657059110894	8.12994626282364
36686	155	160.035173424524	162.510991695164	5.03517342452369	7.51099169516365
36687	153	160.919394235467	163.218368343918	7.91939423546654	10.2183683439179
36688	153	161.007816316561	163.483634587201	8.00781631656082	10.4836345872008
36689	161	161.980459208598	162.157303370787	0.980459208597949	1.15730337078651
36690	161	161.980459208598	162.157303370787	0.980459208597949	1.15730337078651
36691	161	161.980459208598	162.157303370787	0.980459208597949	1.15730337078651
36692	159	161.980459208598	162.245725451881	2.98045920859795	3.24572545188079
36693	159	162.068881289692	162.245725451881	3.06888128969223	3.24572545188079
36694	146	161.449926722032	163.572056668295	15.4499267220322	17.5720566682951
36695	146	161.273082559844	163.837322911578	15.2730825598437	17.8373229115779
36696	145	161.980459208598	164.102589154861	16.9804592085979	19.1025891548608
36697	155	161.096238397655	166.136297020029	6.0962383976551	11.1362970200293
36698	155	162.157303370787	164.721543722521	7.15730337078651	9.72154372252075
36699	155	160.830972154372	165.605764533464	5.83097215437226	10.6057645334636
36700	155	173.033219345383	176.835368832438	18.0332193453835	21.8353688324377
36701	155	161.361504640938	173.386907669761	6.36150464093797	18.3869076697606
36702	155	159.327796775769	163.483634587201	4.3277967757694	8.48363458720078
36704	155	161.096238397655	165.605764533464	6.0962383976551	10.6057645334636
36705	155	148.540302882267	158.620420127015	-6.45969711773327	3.62042012701514
36706	150	156.498290180752	160.565705911089	6.49829018075232	10.5657059110894
36708	162	159.946751343429	162.334147532975	-2.05324865657059	0.334147532975095
36709	162	156.675134342941	160.388861748901	-5.32486565705912	-1.61113825109916
36710	162	159.858329262335	162.422569614069	-2.14167073766487	0.422569614069374
36711	162	160.123595505618	162.599413776258	-1.87640449438203	0.599413776257933
36712	162	158.531998045921	161.803615046409	-3.46800195407914	-0.196384953590638
36713	168	158.001465559355	160.654127992184	-9.99853444064485	-7.34587200781633
36714	162	158.001465559355	161.273082559844	-3.99853444064485	-0.726917440156342
36715	162	158.797264289204	160.742550073278	-3.20273571079628	-1.25744992672205
36716	162	158.797264289204	160.830972154372	-3.20273571079628	-1.16902784562774
36717	162	157.559355153884	160.565705911089	-4.44064484611627	-1.4342940889106
36718	162	158.266731802638	161.273082559844	-3.73326819736201	-0.726917440156342
36719	162	157.913043478261	160.919394235467	-4.08695652173913	-1.08060576453346
36720	162	161.096238397655	163.306790425012	-0.9037616023449	1.3067904250122
36721	162	158.620420127015	162.510991695164	-3.37957987298486	0.510991695163654
36722	162	157.824621397167	162.068881289692	-4.1753786028334	0.0688812896922286
36723	162	160.035173424524	163.129946262824	-1.96482657547631	1.12994626282364
36724	154	140.936003908158	155.348803126527	-13.0639960918417	1.3488031265266
36725	159	160.654127992184	164.898387884709	1.65412799218367	5.89838788470934
36726	159	162.157303370787	165.163654127992	3.15730337078651	6.16365412799217
36727	159	161.184660478749	166.313141182218	2.18466047874938	7.31314118221786
36728	159	161.361504640938	164.809965803615	2.36150464093797	5.80996580361503
36729	159	162.157303370787	165.340498290181	3.15730337078651	6.34049829018076
36730	159	160.123595505618	163.041524181729	1.12359550561797	4.04152418172936
36731	159	160.565705911089	162.864680019541	1.5657059110894	3.8646800195408
36732	155	161.184660478749	162.953102100635	6.18466047874938	7.95310210063508
36733	155	160.919394235467	163.041524181729	5.91939423546654	8.04152418172936
36734	155	161.007816316561	164.279433317049	6.00781631656082	9.27943331704932
36735	155	145.533952125061	161.626770884221	-9.46604787493894	6.6267708842208
36736	155	160.742550073278	162.510991695164	5.74255007327795	7.51099169516365
36737	155	161.361504640938	163.660478749389	6.36150464093797	8.66047874938934
36738	155	160.565705911089	163.041524181729	5.5657059110894	8.04152418172936
36739	155	159.416218856864	161.892037127504	4.41621885686368	6.89203712750367
36740	155	159.681485100147	162.687835857352	4.68148510014655	7.68783585735221
36741	155	158.974108451392	162.245725451881	3.97410845139228	7.24572545188079
36742	155	160.654127992184	162.864680019541	5.65412799218367	7.8646800195408
36743	155	160.477283829995	163.660478749389	5.47728382999512	8.66047874938934
36744	155	160.742550073278	163.306790425012	5.74255007327795	8.3067904250122
36745	152	160.654127992184	166.136297020029	8.65412799218367	14.1362970200293
36746	152	158.443575964827	163.041524181729	6.44357596482658	11.0415241817294
36747	153	159.748900830484	162.606741573034	6.74890083048362	9.6067415730337
36748	153	158.986809965804	160.987298485589	5.98680996580362	7.98729848558867
36749	153	161.177821201759	164.130923302394	8.17782120175866	11.1309233023937
36750	153	159.558378114314	161.749389350269	6.55837811431363	8.74938935026867
36751	153	160.510991695164	162.416218856864	7.51099169516365	9.41621885686371
36752	153	158.415241817294	160.510991695164	5.41524181729361	7.51099169516365
36753	149	158.034196384954	160.510991695164	9.03419638495359	11.5109916951637
36754	162	161.177821201759	164.226184660479	-0.822178798241339	2.22618466047874
36755	162	162.130434782609	164.797752808989	0.130434782608688	2.79775280898875
36756	162	159.653639472399	161.558866634099	-2.34636052760138	-0.441133365901322
36757	164	155.702491450904	159.946751343429	-8.29750854909622	-4.05324865657059
36758	164	152.607718612604	157.913043478261	-11.3922813873962	-6.08695652173913
36759	164	152.607718612604	157.205666829507	-11.3922813873962	-6.79433317049342
36760	164	157.205666829507	161.184660478749	-6.79433317049342	-2.81533952125062
36761	164	155.437225207621	159.769907181241	-8.56277479237909	-4.23009281875915
36762	164	154.287738153395	158.885686370298	-9.7122618466048	-5.114313629702
36766	147	147.936492427943	149.460674157303	0.936492427943335	2.46067415730337
36771	147	148.031753786028	165.940889106009	1.03175378602833	18.9408891060088
36772	147	147.841231069858	150.318026380068	0.841231069858338	3.3180263800684
36773	168	158.986809965804	162.797264289204	-9.01319003419638	-5.2027357107963
36774	168	161.558866634099	164.035661944309	-6.44113336590132	-3.96433805569126
36775	168	157.272105520274	161.082559843674	-10.7278944797264	-6.91744015632634
36776	168	162.225696140694	164.511968734734	-5.77430385930631	-3.48803126526624
36777	168	166.321934538349	170.322911577919	-1.67806546165122	2.32291157791889
36778	168	161.463605276014	163.654616511969	-6.53639472398632	-4.34538348803127
36779	168	163.464093795799	165.940889106009	-4.53590620420127	-2.0591108939912
36780	168	162.130434782609	165.083536883244	-5.86956521739131	-2.91646311675623
36781	168	184.612115290669	188.136785539814	16.6121152906693	20.1367855398144
36782	168	162.225696140694	165.559843673669	-5.77430385930631	-2.44015632633122
36783	168	161.749389350269	164.035661944309	-6.25061064973133	-3.96433805569126
36784	168	200.23497801661	201.18759159746	32.2349780166097	33.1875915974597
36785	168	159.844162188569	162.320957498779	-8.15583781143135	-5.67904250122129
36786	168	161.558866634099	164.321446018564	-6.44113336590132	-3.67855398143627
36787	168	200.330239374695	201.854421104055	32.3302393746947	33.8544211040547
36788	168	163.654616511969	166.036150464094	-4.34538348803127	-1.96384953590621
36789	168	162.320957498779	164.130923302394	-5.67904250122129	-3.86907669760626
36790	168	156.700537371764	159.844162188569	-11.2994626282365	-8.15583781143135
36791	159	145.364435759648	149.079628724963	-13.6355642403518	-9.92037127503664
36792	157	151.746946751343	155.747923790914	-5.25305324865658	-1.25207620908648
36793	157	155.843185148999	159.558378114314	-1.15681485100146	2.55837811431363
36794	157	154.604787493893	158.701025891549	-2.3952125061065	1.7010258915486
36795	157	151.270639960918	155.938446507084	-5.7293600390816	-1.06155349291646
36796	157	156.033707865169	158.891548607719	-0.966292134831463	1.89154860771862
36797	159	156.128969223254	159.939423546654	-2.87103077674647	0.939423546653643
36798	157	154.509526135808	157.653150952614	-2.4904738641915	0.653150952613572
36799	157	155.747923790914	158.701025891549	-1.25207620908648	1.7010258915486
36800	157	156.700537371764	159.844162188569	-0.299462628236455	2.84416218856865
36801	159	153.271128480703	157.938935026869	-5.72887151929655	-1.06106497313141
36802	162	151.365901319003	155.271617000489	-10.6340986809966	-6.7283829995115
36803	157	159.558378114314	161.939912066439	2.55837811431363	4.93991206643869
36804	166	150.889594528578	154.414264777724	-15.1104054714216	-11.5857352222765
36805	164	152.985344406448	161.749389350269	-11.0146555935515	-2.25061064973133
36806	164	159.177332681974	162.702002931119	-4.82266731802639	-1.2979970688813
36807	156	155.462139716659	158.129457743039	-0.537860283341473	2.12945774303859
36808	156	158.319980459209	160.892037127504	2.31998045920861	4.89203712750367
36809	156	152.318514899853	154.509526135808	-3.68148510014655	-1.4904738641915
36810	156	154.509526135808	156.605276013679	-1.4904738641915	0.605276013678548
36811	156	155.462139716659	157.748412310699	-0.537860283341473	1.74841231069857
36812	156	154.795310210063	156.986321446019	-1.20468978993651	0.986321446018565
36813	156	154.890571568149	156.986321446019	-1.10942843185148	0.986321446018565
36814	156	156.128969223254	158.224719101124	0.128969223253534	2.22471910112358
36815	156	155.366878358574	157.462628236444	-0.63312164142647	1.46262823644358
36816	156	155.271617000489	157.367366878359	-0.728382999511496	1.36736687835858
36817	156	154.985832926234	157.081582804104	-1.01416707376649	1.08158280410356
36818	156	155.652662432829	157.748412310699	-0.347337567171479	1.74841231069857
36819	157	153.175867122618	157.653150952614	-3.82413287738154	0.653150952613572
36820	157	153.937957987298	157.462628236444	-3.06204201270151	0.462628236443578
36821	157	151.556424035173	158.986809965804	-5.44357596482658	1.98680996580362
36822	157	150.794333170493	158.605764533464	-6.20566682950661	1.6057645334636
36823	158	156.414753297509	161.749389350269	-1.58524670249145	3.74938935026867
36824	156	145.173913043478	150.127503663898	-10.8260869565217	-5.87249633610162
36825	156	156.128969223254	158.701025891549	0.128969223253534	2.7010258915486
36826	156	154.890571568149	156.891060087934	-1.10942843185148	0.891060087933568
36827	138	158.605764533464	160.892037127504	20.6057645334636	22.8920371275037
36828	138	158.891548607719	161.463605276014	20.8915486077186	23.4636052760137
36829	138	154.700048851978	158.319980459209	16.7000488519785	20.3199804592086
36830	137	161.184660478749	164.191011235955	24.1846604787494	27.191011235955
36831	169	159.239374694675	161.273082559844	-9.76062530532488	-7.72691744015634
36832	169	157.913043478261	160.388861748901	-11.0869565217391	-8.61113825109916
36833	169	160.388861748901	162.157303370787	-8.61113825109916	-6.84269662921349
36834	158	153.13825109917	159.681485100147	-4.86174890083049	1.68148510014655
36835	145	146.860283341475	152.607718612604	1.86028334147534	7.6077186126038
36836	145	145.887640449438	153.403517342452	0.887640449438209	8.40351734245235
36837	145	148.982413287738	152.961406936981	3.98241328773815	7.96140693698095
36838	147	152.165608207132	158.266731802638	5.16560820713238	11.266731802638
36839	145	150.131900341964	157.647777234978	5.13190034196384	12.647777234978
36840	145	149.866634098681	155.260381045432	4.866634098681	10.2603810454323
36841	167	160.270639960918	162.281875915975	-6.7293600390816	-4.71812408402542
36842	167	161.494870542257	163.418661455789	-5.50512945774304	-3.58133854421104
36843	166	157.035173424524	162.893991206644	-8.96482657547631	-3.10600879335612
36844	156	151.613580850024	154.411822178798	-4.38641914997558	-1.58817782120178
36845	156	150.389350268686	153.712261846605	-5.61064973131414	-2.2877381533952
36847	163	159.920859794822	162.981436248168	-3.07914020517831	-0.0185637518319481
36848	161	154.586712261847	160.270639960918	-6.4132877381534	-0.729360039081598
36849	144	140.670737664875	145.09184171959	-3.32926233512458	1.09184171958964
36850	188	159.082071323889	164.607230092819	-28.9179286761114	-23.3927699071812
36851	188	170.894479726429	175.848070346849	-17.1055202735711	-12.1519296531509
36852	188	160.225207620909	165.369320957499	-27.7747923790914	-22.6306790425012
36853	188	198.90131900342	200.711284807035	10.9013190034196	12.7112848070347
36854	188	202.997557401075	204.80752320469	14.9975574010747	16.8075232046898
36855	188	201.282852955545	202.807034684905	13.2828529555447	14.8070346849047
36856	188	157.653150952614	164.130923302394	-30.3468490473864	-23.8690766976063
36857	188	162.035173424524	168.417684416219	-25.9648265754763	-19.5823155837811
36858	188	162.797264289204	174.228627259404	-25.2027357107963	-13.771372740596
36859	139	159.844162188569	163.083048363459	20.8441621885686	24.0830483634587
36860	145	158.034196384954	161.368343917929	13.0341963849536	16.3683439179287
36861	139	145.269174401563	148.412799218368	6.26917440156325	9.41279921836835
36862	139	145.459697117733	148.317537860283	6.45969711773327	9.31753786028335
36863	139	160.034684904739	163.654616511969	21.0346849047386	24.6546165119687
36864	139	145.936003908158	148.031753786028	6.93600390815828	9.03175378602833
36865	139	158.510503175379	160.796775769419	19.5105031753786	21.7967757694186
36866	139	159.177332681974	162.225696140694	20.1773326819736	23.2256961406937
36867	139	156.224230581339	159.463116756229	17.2242305813385	20.4631167562286
36868	139	157.367366878359	160.225207620909	18.3673668783586	21.2252076209086
36869	136	160.830972154372	162.776257938446	24.8309721543723	26.7762579384465
36870	136	159.769907181241	161.626770884221	23.7699071812409	25.6267708842208
36871	136	158.089887640449	160.919394235467	22.0898876404494	24.9193942354665
36872	136	160.123595505618	162.599413776258	24.123595505618	26.5994137762579
36873	136	159.593063019052	161.626770884221	23.5930630190523	25.6267708842208
36874	136	160.388861748901	162.422569614069	24.3888617489008	26.4225696140694
36875	136	158.001465559355	159.946751343429	22.0014655593552	23.9467513434294
36876	157	163.306790425012	166.136297020029	6.3067904250122	9.1362970200293
36877	157	160.830972154372	162.599413776258	3.83097215437226	5.59941377625793
36878	157	159.416218856864	162.599413776258	2.41621885686368	5.59941377625793
36879	157	161.715192965315	164.633121641426	4.71519296531508	7.63312164142647
36880	157	161.096238397655	163.218368343918	4.0962383976551	6.21836834391792
36881	165	161.273082559844	166.136297020029	-3.72691744015634	1.1362970200293
36882	140	147.479237909135	151.988764044944	7.47923790913532	11.9887640449438
36884	129	155.083536883244	159.593063019052	26.0835368832438	30.5930630190523
36885	129	158.531998045921	163.395212506107	29.5319980459209	34.3952125061065
36886	129	149.866634098681	158.531998045921	20.866634098681	29.5319980459209
36887	129	157.913043478261	162.687835857352	28.9130434782609	33.6878358573522
36889	129	155.348803126527	160.123595505618	26.3488031265266	31.123595505618
36900	133	202.389350268686	204.069369809477	69.3893502686859	71.0693698094773
36902	131	204.688324377137	206.368343917929	73.6883243771373	75.3683439179287
36903	131	204.95359062042	206.8104543234	73.9535906204201	75.8104543234001
36904	131	160.654127992184	175.243771372741	29.6541279921837	44.2437713727406
36905	131	204.776746458232	206.722032242306	73.7767464582315	75.7220322423058
36917	135	201.770395701026	203.09672691744	66.7703957010259	68.0967269174402
36918	135	200.444064484612	201.770395701026	65.4440644846116	66.7703957010259
36920	154	151.723497801661	160.830972154372	-2.27650219833902	6.83097215437226
36921	154	147.213971665852	162.687835857352	-6.78602833414755	8.68783585735221
36922	154	141.112848070347	148.540302882267	-12.8871519296532	-5.45969711773327
36924	154	151.811919882755	160.742550073278	-2.18808011724474	6.74255007327795
36925	154	161.273082559844	162.599413776258	7.27308255984366	8.59941377625793
36928	154	160.300439667807	162.068881289692	6.30043966780653	8.06888128969223
36929	154	159.858329262335	161.626770884221	5.85832926233513	7.6267708842208
36931	159	161.715192965315	164.633121641426	2.71519296531508	5.63312164142647
36932	159	160.477283829995	164.014167073766	1.47728382999512	5.01416707376649
36933	172	161.273082559844	164.226184660479	-10.7269174401563	-7.77381533952126
36934	172	183.850024425989	186.803126526624	11.8500244259893	14.8031265266243
36935	172	160.701514411334	164.226184660479	-11.2984855886664	-7.77381533952126
36936	172	197.662921348315	199.09184171959	25.6629213483146	27.0918417195896
36937	172	160.510991695164	163.845139228139	-11.4890083048363	-8.15486077186125
36938	170	198.90131900342	200.99706888129	28.9013190034196	30.9970688812897
36939	170	163.083048363459	169.465559355154	-6.91695163654128	-0.534440644846114
36940	168	163.178309721544	167.750854909624	-4.82169027845629	-0.249145090376174
36941	167	175.943331704934	188.517830972154	8.94333170493405	21.5178309721544
36942	167	180.992183683439	185.659990229604	13.9921836834392	18.6599902296043
36943	161	200.495359062042	201.981924767953	39.495359062042	40.9819247679531
36944	157	174.447972642892	178.161700048852	17.447972642892	21.161700048852
36946	157	173.917440156326	177.719589643381	16.9174401563263	20.7195896433805
36947	157	175.509037616023	179.134342940889	18.5090376160234	22.1343429408891
36948	157	173.829018075232	176.923790913532	16.8290180752321	19.923790913532
36949	191	162.035173424524	165.464582315584	-28.9648265754763	-25.5354176844162
36950	188	164.130923302394	166.988764044944	-23.8690766976063	-21.0112359550562
36951	188	162.416218856864	165.178798241329	-25.5837811431363	-22.8212017586712
36952	188	163.654616511969	165.845627747924	-24.3453834880313	-22.1543722520762
36953	188	162.892525647289	164.988275525159	-25.1074743527113	-23.0117244748412
36954	188	163.273571079629	165.178798241329	-24.7264289203713	-22.8212017586712
36955	188	200.80654616512	202.14020517831	12.8065461651197	14.1402051783097
36956	188	200.61602344895	201.854421104055	12.6160234489497	13.8544211040547
36957	188	160.129946262824	163.083048363459	-27.8700537371764	-24.9169516365413
36958	188	163.178309721544	165.464582315584	-24.8216902784563	-22.5354176844162
36959	188	164.511968734734	168.131900341964	-23.4880312652662	-19.8680996580362
36960	188	164.226184660479	166.512457254519	-23.7738153395213	-21.4875427454812
36961	188	161.463605276014	164.797752808989	-26.5363947239863	-23.2022471910113
36962	188	161.654127992184	164.607230092819	-26.3458720078163	-23.3927699071812
36963	188	200.901807523205	201.854421104055	12.9018075232047	13.8544211040547
36964	188	160.987298485589	164.416707376649	-27.0127015144113	-23.5832926233512
36965	188	162.702002931119	165.655105031754	-25.2979970688813	-22.3448949682462
36966	188	201.663898387885	202.807034684905	13.6638983878847	14.8070346849047
36967	188	163.464093795799	166.512457254519	-24.5359062042013	-21.4875427454812
36968	188	201.092330239375	202.044943820225	13.0923302393747	14.0449438202247
36969	188	162.892525647289	165.845627747924	-25.1074743527113	-22.1543722520762
36970	188	162.797264289204	165.178798241329	-25.2027357107963	-22.8212017586712
36971	188	163.845139228139	166.512457254519	-24.1548607718613	-21.4875427454812
36972	188	163.178309721544	165.559843673669	-24.8216902784563	-22.4401563263312
36973	188	163.940400586224	166.417195896434	-24.0595994137763	-21.5828041035662
36974	188	199.568148510015	200.99706888129	11.5681485100147	12.9970688812897
36975	188	164.416707376649	167.846116267709	-23.5832926233512	-20.1538837322911
36976	188	163.654616511969	166.512457254519	-24.3453834880313	-21.4875427454812
36977	188	162.702002931119	164.988275525159	-25.2979970688813	-23.0117244748412
36978	188	164.130923302394	166.226673180264	-23.8690766976063	-21.7733268197362
36979	188	163.940400586224	166.512457254519	-24.0595994137763	-21.4875427454812
36980	188	162.892525647289	165.559843673669	-25.1074743527113	-22.4401563263312
36981	188	163.273571079629	165.655105031754	-24.7264289203713	-22.3448949682462
36982	188	164.226184660479	166.512457254519	-23.7738153395213	-21.4875427454812
36983	188	162.702002931119	164.607230092819	-25.2979970688813	-23.3927699071812
36984	188	162.797264289204	164.607230092819	-25.2027357107963	-23.3927699071812
36985	188	162.987787005374	165.178798241329	-25.0122129946263	-22.8212017586712
36986	188	162.511480214949	164.702491450904	-25.4885197850513	-23.2975085490962
36987	188	162.987787005374	165.845627747924	-25.0122129946263	-22.1543722520762
36988	188	163.654616511969	166.131411822179	-24.3453834880313	-21.8685881778212
36989	188	201.092330239375	201.94968246214	13.0923302393747	13.9496824621397
36990	188	161.939912066439	164.893014167074	-26.0600879335613	-23.1069858329262
36991	188	164.035661944309	167.369809477284	-23.9643380556913	-20.6301905227162
36992	188	162.035173424524	164.797752808989	-25.9648265754763	-23.2022471910113
36993	188	160.129946262824	163.083048363459	-27.8700537371764	-24.9169516365413
36994	188	196.710307767465	198.425012212995	8.71030776746457	10.4250122129946
36995	188	164.321446018564	166.702979970689	-23.6785539814363	-21.2970200293112
36996	188	163.940400586224	167.179286761114	-24.0595994137763	-20.8207132388862
36997	188	164.130923302394	166.417195896434	-23.8690766976063	-21.5828041035662
36998	188	163.083048363459	165.274059599414	-24.9169516365413	-22.7259404005862
36999	187	163.559355153884	166.321934538349	-23.4406448461163	-20.6780654616512
37000	187	185.659990229604	187.374694675134	-1.34000977039571	0.37469467513435
37001	187	162.035173424524	165.750366389839	-24.9648265754763	-21.2496336101612
37002	160	149.512945774304	152.784562774792	-10.4870542256961	-7.21543722520761
37008	159	148.603321934538	152.223253541768	-10.3966780654617	-6.77674645823157
37011	159	156.128969223254	160.320468978994	-2.87103077674647	1.32046897899366
37013	159	145.745481191988	149.270151441133	-13.2545188080117	-9.72984855886665
37014	159	149.174890083048	156.414753297509	-9.82510991695165	-2.58524670249145
37017	159	147.174401563263	149.841719589643	-11.8255984367367	-9.15828041035661
37020	159	148.317537860283	157.938935026869	-10.6824621397166	-1.06106497313141
37021	160	156.128969223254	160.796775769419	-3.87103077674647	0.796775769418645
37025	159	157.843673668784	161.844650708354	-1.15632633121641	2.8446507083537
37026	154	151.811919882755	155.967757694187	-2.18808011724474	1.96775769418662
37028	147	154.376160234489	160.654127992184	7.37616023448948	13.6541279921837
37029	163	151.937469467513	154.604787493893	-11.0625305324866	-8.3952125061065
37030	163	163.654616511969	167.369809477284	0.654616511968726	4.36980947728384
37031	163	152.223253541768	156.224230581339	-10.7767464582316	-6.77576941866147
37032	163	154.985832926234	162.606741573034	-8.01416707376649	-0.393258426966298
37035	163	161.273082559844	165.083536883244	-1.72691744015634	2.08353688324377
37036	163	153.937957987298	157.176844162189	-9.06204201270151	-5.82315583781144
37037	163	155.938446507084	161.939912066439	-7.06155349291646	-1.06008793356131
37038	163	154.890571568149	159.844162188569	-8.10942843185148	-3.15583781143135
37039	161	154.795310210063	159.272594040059	-6.20468978993651	-1.72740595994139
37041	161	154.319003419639	157.557889594529	-6.68099658036149	-3.44211040547142
37042	161	159.939423546654	162.416218856864	-1.06057645334636	1.41621885686371
37043	163	148.889106008793	152.604298974108	-14.1108939912066	-10.3957010258916
37044	163	149.746458231558	161.654127992184	-13.2535417684416	-1.34587200781633
37045	163	154.795310210063	158.224719101124	-8.20468978993651	-4.77528089887642
37046	163	154.985832926234	158.129457743039	-8.01416707376649	-4.87054225696141
37047	163	150.413287738153	153.556912554958	-12.5867122618466	-9.44308744504153
37048	163	152.699560332193	155.747923790914	-10.3004396678066	-7.25207620908648
37049	163	158.415241817294	161.463605276014	-4.58475818270639	-1.53639472398632
37050	175	156.224230581339	158.510503175379	-18.7757694186615	-16.4894968246214
37051	150	156.763556424035	157.470933072789	6.76355642403519	7.47093307278945
37052	150	156.586712261847	157.205666829507	6.5867122618466	7.20566682950658
37053	150	158.266731802638	161.449926722032	8.26673180263799	11.4499267220322
37054	148	161.096238397655	163.660478749389	13.0962383976551	15.6604787493893
37055	150	157.824621397167	160.654127992184	7.8246213971666	10.6541279921837
37056	150	154.110893991207	165.340498290181	4.11089399120664	15.3404982901808
37057	150	157.382510991695	160.477283829995	7.38251099169514	10.4772838299951
37058	150	157.028822667318	160.300439667807	7.02882266731802	10.3004396678065
37059	150	159.593063019052	162.687835857352	9.59306301905227	12.6878358573522
37060	150	157.824621397167	160.212017586712	7.8246213971666	10.2120175867122
37061	150	162.776257938446	167.462628236444	12.7762579384465	17.4626282364436
37062	150	160.919394235467	162.864680019541	10.9193942354665	12.8646800195408
37063	148	159.681485100147	162.953102100635	11.6814851001465	14.9531021006351
37064	148	157.913043478261	160.388861748901	9.91304347826087	12.3888617489008
37065	148	156.498290180752	156.940400586224	8.49829018075232	8.94040058622375
37066	148	159.858329262335	162.953102100635	11.8583292623351	14.9531021006351
37067	148	160.654127992184	163.483634587201	12.6541279921837	15.4836345872008
37068	150	157.647777234978	159.946751343429	7.64777723497801	9.94675134342941
37069	168	161.368343917929	163.559355153884	-6.63165608207132	-4.44064484611627
37070	168	162.892525647289	164.702491450904	-5.10747435271128	-3.29750854909625
37071	168	160.701514411334	162.797264289204	-7.29848558866635	-5.2027357107963
37072	168	159.939423546654	162.606741573034	-8.06057645334636	-5.3932584269663
37073	168	162.320957498779	164.702491450904	-5.67904250122129	-3.29750854909625
37074	168	159.367855398144	162.702002931119	-8.63214460185637	-5.2979970688813
37075	168	159.558378114314	162.416218856864	-8.44162188568637	-5.58378114313629
37076	168	161.939912066439	164.607230092819	-6.06008793356131	-3.39276990718125
37077	168	162.320957498779	165.274059599414	-5.67904250122129	-2.72594040058624
37078	168	162.035173424524	163.940400586224	-5.96482657547631	-4.05959941377625
37079	168	160.320468978994	162.606741573034	-7.67953102100634	-5.3932584269663
37080	168	160.320468978994	163.464093795799	-7.67953102100634	-4.53590620420127
37081	168	163.464093795799	165.274059599414	-4.53590620420127	-2.72594040058624
37082	168	159.463116756229	161.939912066439	-8.53688324377137	-6.06008793356131
37083	168	158.701025891549	160.987298485589	-9.2989741084514	-7.01270151441133
37084	174	160.129946262824	162.892525647289	-13.8700537371764	-11.1074743527113
37085	174	161.654127992184	164.797752808989	-12.3458720078163	-9.20224719101125
37086	174	161.082559843674	164.130923302394	-12.9174401563263	-9.86907669760626
37087	174	161.654127992184	163.749877870054	-12.3458720078163	-10.2501221299463
37088	174	186.041035661944	188.232046897899	12.0410356619443	14.2320468978994
37089	159	197.281875915975	198.52027357108	38.2818759159746	39.5202735710796
37090	159	160.892037127504	163.940400586224	1.89203712750367	4.94040058622375
37091	159	159.844162188569	161.844650708354	0.844162188568646	2.8446507083537
37092	159	162.416218856864	164.893014167074	3.41621885686371	5.89301416707377
37093	149	151.192965315095	155.260381045432	2.19296531509525	6.26038104543233
37094	169	153.668783585735	158.620420127015	-15.3312164142648	-10.3795798729849
37095	153	144.119198827553	147.037127503664	-8.88080117244749	-5.9628724963361
37096	153	143.058133854421	147.479237909135	-9.9418661455789	-5.52076209086468
37097	153	149.159257449927	152.784562774792	-3.84074255007329	-0.215437225207609
37098	170	154.604787493893	156.224230581339	-15.3952125061065	-13.7757694186615
37099	170	154.890571568149	156.510014655594	-15.1094284318515	-13.4899853444064
37100	170	154.509526135808	156.414753297509	-15.4904738641915	-13.5852467024914
37101	170	146.888617489008	148.698583292623	-23.1113825109917	-21.3014167073767
37102	170	146.983878847093	162.130434782609	-23.0161211529067	-7.86956521739131
37103	170	146.793356130923	148.698583292623	-23.2066438690767	-21.3014167073767
37104	170	159.082071323889	161.654127992184	-10.9179286761114	-8.34587200781633
37105	170	160.129946262824	162.797264289204	-9.87005373717636	-7.2027357107963
37106	170	146.793356130923	148.508060576453	-23.2066438690767	-21.4919394235467
37107	170	146.507572056668	148.412799218368	-23.4924279433317	-21.5872007816317
37109	175	162.702002931119	165.464582315584	-12.2979970688813	-9.53541768441622
37110	176	162.797264289204	166.417195896434	-13.2027357107963	-9.58280410356619
37111	176	162.225696140694	164.607230092819	-13.7743038593063	-11.3927699071812
37112	176	162.320957498779	166.321934538349	-13.6790425012213	-9.67806546165122
37113	175	161.463605276014	164.702491450904	-13.5363947239863	-10.2975085490962
37114	175	159.748900830484	162.797264289204	-15.2510991695164	-12.2027357107963
37115	176	161.082559843674	163.845139228139	-14.9174401563263	-12.1548607718613
37116	176	161.177821201759	165.274059599414	-14.8221787982413	-10.7259404005862
37117	172	160.987298485589	164.130923302394	-11.0127015144113	-7.86907669760626
37118	172	160.606253053249	164.416707376649	-11.3937469467513	-7.58329262335124
37119	172	144.411822178798	147.650708353688	-27.5881778212018	-24.3492916463117
37120	175	160.415730337079	163.464093795799	-14.5842696629213	-11.5359062042013
37121	172	161.844650708354	166.036150464094	-10.1553492916463	-5.96384953590621
37122	172	142.792379091353	165.369320957499	-29.2076209086468	-6.63067904250121
37123	172	144.792867611138	147.841231069858	-27.2071323888617	-24.1587689301417
37124	172	160.510991695164	163.940400586224	-11.4890083048363	-8.05959941377625
37125	172	144.316560820713	162.416218856864	-27.6834391792868	-9.58378114313629
37126	175	144.507083536883	163.749877870054	-30.4929164631168	-11.2501221299463
37127	172	160.415730337079	162.892525647289	-11.5842696629213	-9.10747435271128
37128	172	143.840254030288	146.983878847093	-28.1597459697118	-25.0161211529067
37129	175	143.649731314118	147.555446995603	-31.3502686858818	-27.4445530043967
37130	175	142.792379091353	146.317049340498	-32.2076209086468	-28.6829506595017
37131	175	160.225207620909	164.035661944309	-14.7747923790914	-10.9643380556913
37132	175	159.463116756229	163.368832437714	-15.5368832437714	-11.6311675622863
37133	175	160.892037127504	164.035661944309	-14.1079628724963	-10.9643380556913
37134	175	162.416218856864	165.750366389839	-12.5837811431363	-9.24963361016123
37135	175	162.035173424524	165.750366389839	-12.9648265754763	-9.24963361016123
37136	172	161.654127992184	164.893014167074	-10.3458720078163	-7.10698583292623
37137	172	159.844162188569	164.035661944309	-12.1558378114314	-7.96433805569126
37138	172	161.177821201759	164.511968734734	-10.8221787982413	-7.48803126526624
37139	175	160.796775769419	163.464093795799	-14.2032242305814	-11.5359062042013
37140	176	162.130434782609	166.131411822179	-13.8695652173913	-9.86858817782121
37141	172	161.177821201759	164.130923302394	-10.8221787982413	-7.86907669760626
37142	176	160.987298485589	164.607230092819	-15.0127015144113	-11.3927699071812
37143	175	162.320957498779	165.464582315584	-12.6790425012213	-9.53541768441622
37144	175	161.273082559844	164.416707376649	-13.7269174401563	-10.5832926233512
37145	175	142.220810942843	145.936003908158	-32.7791890571568	-29.0639960918417
37146	175	160.606253053249	163.749877870054	-14.3937469467513	-11.2501221299463
37147	175	159.082071323889	162.606741573034	-15.9179286761114	-12.3932584269663
37148	175	144.792867611138	148.127015144113	-30.2071323888617	-26.8729848558867
37149	175	146.317049340498	163.368832437714	-28.6829506595017	-11.6311675622863
37150	175	161.654127992184	165.083536883244	-13.3458720078163	-9.91646311675623
37151	158	157.843673668784	164.988275525159	-0.156326331216405	6.98827552515877
37152	158	158.701025891549	162.225696140694	0.701025891548596	4.22569614069369
37153	158	160.510991695164	163.273571079629	2.51099169516365	5.27357107962871
37154	158	153.556912554958	160.701514411334	-4.44308744504153	2.70151441133365
37155	158	149.555935515388	160.129946262824	-8.44406448461163	2.12994626282364
37156	158	162.892525647289	167.084025403029	4.89252564728872	9.08402540302882
37157	158	160.129946262824	165.178798241329	2.12994626282364	7.17879824132876
37158	158	160.415730337079	165.274059599414	2.41573033707866	7.27405959941376
37159	158	159.939423546654	164.988275525159	1.93942354665364	6.98827552515877
37160	160	161.177821201759	164.702491450904	1.17782120175866	4.70249145090375
37161	160	161.273082559844	164.797752808989	1.27308255984366	4.79775280898875
37162	160	167.274548119199	170.322911577919	7.27454811919881	10.3229115779189
37163	158	162.035173424524	166.607718612604	4.03517342452369	8.6077186126038
37164	158	144.697606253053	147.174401563263	-13.3023937469467	-10.8255984367367
37165	158	160.987298485589	164.607230092819	2.98729848558867	6.60723009281875
37166	158	158.986809965804	163.368832437714	0.986809965803616	5.36883243771373
37167	158	160.987298485589	167.179286761114	2.98729848558867	9.17928676111381
37168	158	145.745481191988	149.174890083048	-12.2545188080117	-8.82510991695165
37169	158	146.221787982413	149.079628724963	-11.7782120175867	-8.92037127503664
37170	158	145.745481191988	148.603321934538	-12.2545188080117	-9.39667806546166
37171	158	145.936003908158	149.936980947728	-12.0639960918417	-8.06301905227161
37172	158	166.131411822179	168.417684416219	8.13141182217879	10.4176844162189
37173	158	162.892525647289	166.798241328774	4.89252564728872	8.7982413287738
37174	158	161.654127992184	164.988275525159	3.65412799218367	6.98827552515877
37175	158	161.939912066439	164.988275525159	3.93991206643869	6.98827552515877
37176	158	162.606741573034	165.655105031754	4.6067415730337	7.65510503175378
37177	158	162.987787005374	166.417195896434	4.98778700537372	8.41719589643381
37178	158	144.316560820713	147.174401563263	-13.6834391792868	-10.8255984367367
37179	158	162.035173424524	165.274059599414	4.03517342452369	7.27405959941376
37180	158	160.320468978994	163.940400586224	2.32046897899366	5.94040058622375
37181	158	145.840742550073	149.270151441133	-12.1592574499267	-8.72984855886665
37182	158	160.225207620909	163.940400586224	2.22520762090863	5.94040058622375
37183	158	146.698094772838	149.270151441133	-11.3019052271617	-8.72984855886665
37184	158	146.793356130923	164.511968734734	-11.2066438690767	6.51196873473376
37186	144	160.212017586712	165.694186614558	16.2120175867122	21.6941866145579
37187	170	156.986321446019	160.320468978994	-13.0136785539814	-9.67953102100634
37188	170	157.653150952614	160.320468978994	-12.3468490473864	-9.67953102100634
37189	178	157.824621397167	161.715192965315	-20.1753786028334	-16.2848070346849
37190	178	151.192965315095	157.647777234978	-26.8070346849047	-20.352222765022
37191	178	157.294088910601	161.449926722032	-20.7059110893991	-16.5500732779678
37192	178	157.028822667318	160.565705911089	-20.971177332682	-17.4342940889106
37193	178	156.233023937469	161.184660478749	-21.7669760625305	-16.8153395212506
37194	171	155.083536883244	159.769907181241	-15.9164631167562	-11.2300928187591
37195	171	157.028822667318	161.096238397655	-13.971177332682	-9.9037616023449
37196	180	156.056179775281	161.273082559844	-23.9438202247191	-18.7269174401563
37197	180	159.504640937958	161.980459208598	-20.495359062042	-18.0195407914021
37198	180	145.09184171959	149.159257449927	-34.9081582804104	-30.8407425500733
37199	180	147.479237909135	152.430874450415	-32.5207620908647	-27.5691255495848
37200	180	144.561309233024	149.512945774304	-35.4386907669761	-30.4870542256961
37201	180	156.851978505129	161.007816316561	-23.1480214948705	-18.9921836834392
37202	180	159.150952613581	161.538348803127	-20.8490473864192	-18.4616511968735
37203	180	159.327796775769	163.218368343918	-20.6722032242306	-16.7816316560821
37204	166	161.007816316561	164.809965803615	-4.99218368343918	-1.19003419638497
37205	180	159.769907181241	163.306790425012	-20.2300928187591	-16.6932095749878
37206	180	158.531998045921	161.980459208598	-21.4680019540791	-18.0195407914021
37207	180	155.879335613092	160.919394235467	-24.1206643869077	-19.0806057645335
37208	171	150.308744504152	153.668783585735	-20.6912554958476	-17.3312164142648
37209	160	160.358085002443	162.80654616512	0.358085002442579	2.80654616511967
37210	160	161.407425500733	163.418661455789	1.40742550073276	3.41866145578896
37211	160	161.319980459209	163.243771372741	1.31998045920858	3.24377137274058
37212	163	161.057645334636	162.981436248168	-1.94235466536395	-0.0185637518319481
37213	159	160.795310210064	163.943331704934	1.79531021006352	4.94333170493405
37214	178	160.300439667807	162.776257938446	-17.6995603321935	-15.2237420615535
37215	154	160.212017586712	162.068881289692	6.21201758671225	8.06888128969223
37216	154	159.504640937958	161.273082559844	5.50464093795799	7.27308255984366
37217	156	162.510991695164	165.517342452369	6.51099169516365	9.51734245236932
37218	156	166.224719101124	168.081582804104	10.2247191011236	12.0815828041036
37219	156	166.489985344406	168.523693209575	10.4899853444064	12.523693209575
37220	156	162.776257938446	165.871030776746	6.77625793844649	9.87103077674647
37221	156	161.273082559844	163.483634587201	5.27308255984366	7.48363458720078
37222	155	162.334147532975	164.721543722521	7.33414753297509	9.72154372252075
37223	155	159.858329262335	162.422569614069	4.85832926233513	7.42256961406937
37224	140	147.832926233512	153.315095261358	7.83292623351247	13.3150952613581
37225	103	123.806057645335	130.714215925745	20.8060576453346	27.714215925745
37226	162	157.913043478261	162.068881289692	-4.08695652173913	0.0688812896922286
37227	162	158.974108451392	162.068881289692	-3.02589154860772	0.0688812896922286
37228	162	151.90034196385	160.830972154372	-10.0996580361505	-1.16902784562774
37229	162	157.913043478261	161.273082559844	-4.08695652173913	-0.726917440156342
37230	162	155.525647288715	160.212017586712	-6.47435271128481	-1.78798241328775
37231	158	162.225696140694	167.369809477284	4.22569614069369	9.36980947728384
37232	170	157.462628236444	160.987298485589	-12.5373717635564	-9.01270151441133
37233	171	152.784562774792	159.327796775769	-18.2154372252076	-11.6722032242306
37234	161	159.858329262335	172.767953102101	-1.14167073766487	11.7679531021006
37235	162	140.582315583781	148.275036638984	-21.4176844162189	-13.7249633610161
37236	154	149.689789936492	153.845627747924	-4.31021006350755	-0.1543722520762
37237	154	148.80556912555	152.342452369321	-5.1944308744504	-1.65754763067906
37238	175	158.415241817294	161.082559843674	-16.5847581827064	-13.9174401563263
37240	175	149.270151441133	152.413776257938	-25.7298485588666	-22.5862237420615
37241	175	152.699560332193	154.509526135808	-22.3004396678066	-20.4904738641915
37246	152	161.184660478749	163.483634587201	9.18466047874938	11.4836345872008
37247	152	160.388861748901	163.041524181729	8.38886174890084	11.0415241817294
37248	152	159.504640937958	162.157303370787	7.50464093795799	10.1573033707865
37249	151	161.096238397655	163.572056668295	10.0962383976551	12.5720566682951
37250	149	156.498290180752	159.946751343429	7.49829018075232	10.9467513434294
37251	151	158.620420127015	161.361504640938	7.62042012701514	10.361504640938
37252	151	157.470933072789	160.388861748901	6.47093307278945	9.38886174890084
37253	151	160.035173424524	162.157303370787	9.03517342452369	11.1573033707865
37254	151	157.117244748412	160.212017586712	6.1172447484123	9.21201758671225
37255	151	157.736199316072	161.184660478749	6.73619931607232	10.1846604787494
37256	151	158.531998045921	161.449926722032	7.53199804592086	10.4499267220322
37257	151	156.144601856375	160.654127992184	5.14460185637517	9.65412799218367
37258	149	158.708842208109	161.361504640938	9.70884220810944	12.361504640938
37259	151	153.403517342452	156.675134342941	2.40351734245235	5.67513434294088
37260	151	161.096238397655	163.572056668295	10.0962383976551	12.5720566682951
37261	151	159.593063019052	162.334147532975	8.59306301905227	11.3341475329751
37262	151	157.205666829507	159.504640937958	6.20566682950658	8.50464093795799
37263	151	158.531998045921	162.510991695164	7.53199804592086	11.5109916951637
37264	151	158.443575964827	161.449926722032	7.44357596482658	10.4499267220322
37265	151	160.212017586712	162.687835857352	9.21201758671225	11.6878358573522
37266	151	150.308744504152	152.696140693698	-0.691255495847599	1.69614069369811
37267	151	159.593063019052	162.068881289692	8.59306301905227	11.0688812896922
37268	151	152.077186126038	161.007816316561	1.0771861260381	10.0078163165608
37269	151	159.946751343429	162.334147532975	8.94675134342941	11.3341475329751
37270	151	149.512945774304	158.797264289204	-1.48705422569614	7.79726428920372
37271	151	150.04347826087	152.872984855887	-0.956521739130437	1.87298485588667
37272	151	149.336101612115	151.811919882755	-1.66389838788473	0.811919882755262
37273	151	162.068881289692	165.075232046898	11.0688812896922	14.0752320468979
37274	151	150.220322423058	152.961406936981	-0.779677576941879	1.96140693698095
37275	151	149.866634098681	152.342452369321	-1.133365901319	1.34245236932094
37276	151	150.308744504152	154.464582315584	-0.691255495847599	3.46458231558378
37277	151	161.184660478749	162.953102100635	10.1846604787494	11.9531021006351
37278	151	161.273082559844	163.572056668295	10.2730825598437	12.5720566682951
37279	151	158.266731802638	161.715192965315	7.26673180263799	10.7151929653151
37280	151	159.239374694675	161.803615046409	8.23937469467512	10.8036150464094
37281	151	159.239374694675	161.715192965315	8.23937469467512	10.7151929653151
37282	151	162.687835857352	165.428920371275	11.6878358573522	14.428920371275
37283	151	154.729848558867	159.858329262335	3.72984855886665	8.85832926233513
37284	151	159.858329262335	162.599413776258	8.85832926233513	11.5994137762579
37285	151	159.593063019052	162.157303370787	8.59306301905227	11.1573033707865
37286	151	161.626770884221	164.014167073766	10.6267708842208	13.0141670737665
37287	151	160.212017586712	162.245725451881	9.21201758671225	11.2457254518808
37288	151	158.089887640449	160.742550073278	7.08988764044943	9.74255007327795
37289	151	158.001465559355	160.212017586712	7.00146555935515	9.21201758671225
37290	151	158.443575964827	160.830972154372	7.44357596482658	9.83097215437226
37291	151	158.266731802638	160.212017586712	7.26673180263799	9.21201758671225
37292	154	156.233023937469	158.708842208109	2.23302393746945	4.70884220810944
37293	148	159.062530532487	160.919394235467	11.0625305324866	12.9193942354665
37294	148	156.675134342941	159.416218856864	8.67513434294088	11.4162188568637
37295	148	157.117244748412	159.593063019052	9.1172447484123	11.5930630190523
37296	148	159.769907181241	161.715192965315	11.7699071812409	13.7151929653151
37297	148	158.797264289204	161.273082559844	10.7972642892037	13.2730825598437
37298	148	159.327796775769	161.538348803127	11.3277967757694	13.5383488031265
37299	148	160.919394235467	163.218368343918	12.9193942354665	15.2183683439179
37300	149	159.858329262335	161.715192965315	10.8583292623351	12.7151929653151
37301	149	157.824621397167	159.858329262335	8.8246213971666	10.8583292623351
37302	151	159.681485100147	162.599413776258	8.68148510014655	11.5994137762579
37304	144	143.744992672203	146.698094772838	-0.255007327796761	2.69809477283829
37305	144	143.459208597948	148.031753786028	-0.540791402051781	4.03175378602833
37306	144	143.649731314118	146.507572056668	-0.350268685881787	2.50757205666829
37307	149	154.700048851978	158.129457743039	5.70004885197849	9.12945774303859
37308	149	154.033219345383	158.034196384954	5.03321934538349	9.03419638495359
37309	149	147.460185637518	149.936980947728	-1.53981436248168	0.936980947728387
37310	136	158.974108451392	162.687835857352	22.9741084513923	26.6878358573522
37311	179	150.485588666341	159.593063019052	-28.514411333659	-19.4069369809477
37312	179	159.416218856864	164.809965803615	-19.5837811431363	-14.190034196385
37313	128	156.144601856375	160.300439667807	28.1446018563752	32.3004396678065
37314	186	162.599413776258	166.224719101124	-23.4005862237421	-19.7752808988764
37315	186	155.702491450904	160.919394235467	-30.2975085490962	-25.0806057645335
37316	138	156.940400586224	162.687835857352	18.9404005862237	24.6878358573522
37317	162	161.803615046409	168.170004885198	-0.196384953590638	6.17000488519784
37318	161	163.925744992672	177.100635075721	2.92574499267221	16.1006350757206
37319	161	163.925744992672	168.081582804104	2.92574499267221	7.08158280410356
37320	161	164.367855398144	169.319491939424	3.36785539814363	8.31949193942356
37321	161	163.925744992672	168.258426966292	2.92574499267221	7.25842696629212
37322	161	163.129946262824	165.871030776746	2.12994626282364	4.87103077674647
37323	161	163.129946262824	167.197361993161	2.12994626282364	6.19736199316071
37324	161	179.134342940889	183.113336590132	18.1343429408891	22.1133365901319
37325	161	163.572056668295	168.170004885198	2.57205666829506	7.17000488519784
37326	162	158.885686370298	161.980459208598	-3.114313629702	-0.0195407914020507
37327	163	162.334147532975	164.986809965804	-0.665852467024905	1.98680996580362
37328	163	204.423058133854	208.932584269663	41.4230581338544	45.9325842696629
37330	163	163.218368343918	164.898387884709	0.218368343917916	1.89838788470934
37331	163	162.510991695164	166.666829506595	-0.489008304836346	3.66682950659501
37332	163	201.85881778212	203.627259404006	38.8588177821202	40.6272594040059
37337	163	162.422569614069	164.279433317049	-0.577430385930626	1.27943331704932
37339	163	149.689789936492	157.736199316072	-13.3102100635076	-5.26380068392768
37340	163	146.418172936004	169.142647777235	-16.5818270639961	6.14264777723497
37342	163	160.742550073278	166.489985344406	-2.25744992672205	3.48998534440645
37343	163	164.014167073766	166.578407425501	1.01416707376649	3.57840742550073
37344	165	158.885686370298	165.517342452369	-6.114313629702	0.51734245236932
37347	165	163.748900830484	166.313141182218	-1.25109916951638	1.31314118221786
37348	162	157.647777234978	161.538348803127	-4.35222276502199	-0.461651196873476
37349	162	157.913043478261	160.654127992184	-4.08695652173913	-1.34587200781633
