36455	36	39.2535417684416	44.9985344406448	3.25354176844162	8.99853444064485
36456	36	39.8348803126527	46.7767464582316	3.83488031265266	10.7767464582316
36457	36	36.6204201270151	43.3229115779189	0.620420127015144	7.3229115779189
36458	36	39.4587200781632	45.6482657547631	3.45872007816317	9.64826575476307
36459	36	38.1250610649731	43.2545188080117	2.12506106497313	7.25451880801172
36460	36	41.4421104054714	55.1890571568148	5.44211040547142	19.1890571568148
36461	42	37.4411333659013	45.9560332193454	-4.55886663409868	3.95603321934539
36463	42	38.3986321446019	46.6399609184172	-3.60136785539814	4.6399609184172
36465	42	39.8690766976063	46.0928187591597	-2.13092330239375	4.09281875915974
36466	42	39.9032730825598	46.0586223742062	-2.09672691744016	4.05862237420615
36467	42	40.9291646311676	46.4689789936492	-1.07083536883243	4.46897899364924
36468	42	38.5354176844162	46.9477283829995	-3.46458231558378	4.94772838299951
36469	42	39.0483634587201	48.0420127015144	-2.95163654127992	6.04201270151441
36470	42	38.1592574499267	45.9560332193454	-3.84074255007328	3.95603321934539
36471	42	37.304347826087	46.0586223742062	-4.69565217391305	4.05862237420615
36472	42	38.467024914509	47.3580850024426	-3.53297508549096	5.35808500244259
36473	42	38.9457743038593	46.2979970688813	-3.05422569614069	4.29799706888129
36474	42	37.885686370298	46.6057645334636	-4.114313629702	4.6057645334636
36475	42	39.2877381533952	46.3663898387885	-2.71226184660479	4.36638983878847
36476	42	38.5354176844162	46.2296042989741	-3.46458231558378	4.22960429897411
36477	42	39.390327308256	47.2554958475818	-2.60967269174402	5.25549584758183
36478	40	39.2535417684416	42.6389838788471	-0.746458231558378	2.63898387884709
36479	40	39.0141670737665	41.476306790425	-0.985832926233513	1.47630679042501
36480	40	38.9457743038593	41.4421104054714	-1.05422569614069	1.44211040547142
36481	40	39.0825598436737	41.5105031753786	-0.917440156326336	1.5105031753786
36482	40	38.9115779189057	41.476306790425	-1.08842208109429	1.47630679042501
36483	40	39.4245236932096	43.9726428920371	-0.575476306790421	3.97264289203713
36484	40	39.1851489985344	42.6389838788471	-0.814851001465556	2.63898387884709
36485	40	38.8773815339521	42.4680019540791	-1.12261846604788	2.46800195407914
36486	40	39.390327308256	42.6731802638007	-0.609672691744017	2.67318026380069
36487	40	39.0825598436737	42.3312164142648	-0.917440156326336	2.33121641426477
36488	31	36.5105031753786	47.1587689301417	5.5105031753786	16.1587689301417
36493	36	38.1001465559355	47.1529066927211	2.10014655593551	11.1529066927211
36494	36	37.9614069369809	46.9794821690278	1.96140693698095	10.9794821690278
36496	36	37.5451880801172	48.6790425012213	1.54518808011724	12.6790425012213
36498	45	43.4269662921348	48.2134831460674	-1.57303370786516	3.21348314606742
36499	60	46.9193942354665	59.61895456766	-13.0806057645335	-0.381045432340009
36501	40	36.9550561797753	41.876404494382	-3.04494382022472	1.87640449438202
36502	40	41.8089887640449	48.4831460674157	1.80898876404494	8.48314606741573
36503	36	36.1924767953102	45.0024425989253	0.192476795310213	9.00244259892526
36504	36	36.9208597948217	45.3839765510503	0.920859794821695	9.38397655105032
36505	36	36.6086956521739	45.418661455789	0.608695652173914	9.41866145578896
36506	36	37.0249145090376	45.9736199316072	1.02491450903761	9.97361993160723
36507	36	38.1001465559355	47.9506595017098	2.10014655593551	11.9506595017098
36508	36	38.828529555447	47.1875915974597	2.82852955544699	11.1875915974597
36509	36	37.7879824132877	44.829018075232	1.78798241328774	8.82901807523204
36510	36	38.3776257938447	45.9389350268686	2.37762579384465	9.93893502686859
36511	36	37.371763556424	46.2510991695164	1.37176355642404	10.2510991695164
36512	36	37.47581827064	46.9101123595506	1.47581827063996	10.9101123595506
36513	36	36.6433805569126	45.5920859794822	0.643380556912554	9.59208597948216
36514	36	37.6145578895945	47.1529066927211	1.61455788959453	11.1529066927211
36515	36	36.504640937958	47.1182217879824	0.504640937957987	11.1182217879824
36516	36	37.4411333659013	47.4303859306302	1.44113336590132	11.4303859306302
36517	36	38.4816805080606	46.5979482169028	2.48168050806058	10.5979482169028
36518	36	38.0307767464582	46.7366878358574	2.03077674645823	10.7366878358574
36519	36	36.2271617000489	46.9794821690278	0.227161700048853	10.9794821690278
36520	36	37.1636541279922	47.256961406937	1.16365412799218	11.256961406937
36521	35	36.2784562774792	48.4523693209575	1.27845627747924	13.4523693209575
36522	35	39.3219345383488	47.7342452369321	4.3219345383488	12.7342452369321
36523	35	39.3219345383488	48.3497801660967	4.3219345383488	13.3497801660967
36524	35	37.8172936003908	48.1446018563752	2.81729360039081	13.1446018563752
36525	35	38.3302393746947	48.7601367855398	3.33023937469467	13.7601367855398
36526	35	36.1416707376649	44.8959452857841	1.14167073766487	9.89594528578407
36527	38	37.6145578895945	46.1123595505618	-0.385442110405471	8.1123595505618
36528	38	37.6839276990718	46.2510991695164	-0.316072300928184	8.25109916951637
36529	38	37.2330239374695	46.4592085979482	-0.766976062530532	8.45920859794822
36530	38	36.3659013190034	45.3492916463117	-1.63409868099658	7.34929164631167
36531	38	37.4411333659013	44.9677576941866	-0.558866634098678	6.96775769418662
36532	38	35.9149975574011	46.4938935026869	-2.08500244259893	8.49389350268686
36533	38	37.5105031753786	47.1182217879824	-0.489496824621398	9.11822178798241
36534	35	36.5178309721544	53.0688812896922	1.51783097215437	18.0688812896922
36536	41	40.2110405471422	45.6140693698095	-0.788959452857839	4.61406936980948
36537	41	39.390327308256	44.2462139716659	-1.60967269174402	3.24621397166585
36538	41	40.6213971665852	43.2203224230581	-0.378602833414753	2.22032242305814
36539	41	40.6213971665852	43.3571079628725	-0.378602833414753	2.3571079628725
36540	41	40.6555935515388	44.2120175867123	-0.344406448461164	3.21201758671226
36541	41	40.894968246214	43.3571079628725	-0.105031753786029	2.3571079628725
36542	41	40.7923790913532	43.3913043478261	-0.207620908646803	2.39130434782609
36543	41	40.6555935515388	43.4255007327797	-0.344406448461164	2.42550073277968
36544	42	41.3370786516854	45.6179775280899	-0.662921348314612	3.61797752808989
36545	42	42.1460674157303	47.9438202247191	0.146067415730336	5.9438202247191
36546	42	41.2359550561798	47.6067415730337	-0.764044943820224	5.6067415730337
36547	42	41.438202247191	47.7415730337079	-0.561797752808985	5.74157303370787
36548	42	42.2808988764045	48.4494382022472	0.280898876404493	6.44943820224719
36549	42	42.2134831460674	48.4157303370786	0.213483146067418	6.41573033707865
36550	42	40.6292134831461	48.2808988764045	-1.37078651685393	6.28089887640449
36551	42	39.8539325842697	48.3483146067416	-2.14606741573034	6.34831460674157
36552	42	41.2022471910112	47.9775280898876	-0.797752808988761	5.97752808988764
36553	42	41.9101123595506	48.314606741573	-0.0898876404494402	6.31460674157303
36554	42	40.3595505617978	48.1797752808989	-1.64044943820225	6.17977528089888
36555	42	40.2247191011236	49.7977528089888	-1.7752808988764	7.79775280898876
36556	42	40.8988764044944	48.7191011235955	-1.10112359550562	6.71910112359551
36557	42	39.9887640449438	49.6966292134831	-2.01123595505618	7.69662921348314
36558	42	41.5393258426966	48.8876404494382	-0.460674157303373	6.8876404494382
36559	42	41.1348314606742	48.6179775280899	-0.865168539325843	6.61797752808989
36560	42	41.4044943820225	48.1460674157303	-0.59550561797753	6.14606741573034
36561	42	41.6741573033708	47.1685393258427	-0.325842696629209	5.16853932584269
36562	42	41.7078651685393	47.8089887640449	-0.292134831460672	5.80898876404494
36563	42	41.3370786516854	47.438202247191	-0.662921348314612	5.43820224719101
36564	42	39.3483146067416	51.0786516853933	-2.65168539325843	9.07865168539325
36566	38	39.8348803126527	45.8876404494382	1.83488031265266	7.8876404494382
36567	38	40.3478260869565	46.57156814851	2.34782608695652	8.57156814851001
36568	38	39.3219345383488	46.0928187591597	1.3219345383488	8.09281875915974
36569	38	38.9457743038593	46.0586223742062	0.945774303859309	8.05862237420615
36570	38	35.8680996580362	42.3312164142648	-2.13190034196385	4.33121641426477
36571	38	40.0742550073278	46.0928187591597	2.07425500732779	8.09281875915974
36572	45	39.600390815828	46.371275036639	-5.39960918417196	1.37127503663898
36573	45	39.2457254518808	46.6614557889595	-5.7542745481192	1.66145578895945
36574	41	39.247191011236	60.7865168539326	-1.75280898876404	19.7865168539326
36575	41	40.7977528089888	49.4943820224719	-0.202247191011239	8.49438202247191
36576	41	38	61.8988764044944	-3	20.8988764044944
36577	39	36.6433805569126	47.9853444064485	-2.35661944308745	8.98534440644846
36578	39	38.7938446507084	44.7943331704934	-0.206155349291649	5.7943331704934
36580	38	34.2559843673669	49.1358085002443	-3.74401563263312	11.1358085002443
36581	43	38.0205178309722	45.952125061065	-4.97948216902785	2.95212506106498
36582	43	39.5036638983879	46.4035173424524	-3.49633610161212	3.40351734245237
36583	43	40.9545676599902	45.8553981436248	-2.04543234000977	2.85539814362481
36584	43	41.6316560820713	45.371763556424	-1.36834391792868	2.37176355642404
36585	43	37.6013678553981	46.5324865657059	-5.39863214460186	3.53248656570591
36586	43	36.5696140693698	48.5959941377626	-6.43038593063019	5.59599413776258
36587	43	36.9887640449438	48.7894479726429	-6.01123595505618	5.78944797264289
36588	43	40.2452369320958	45.4040058622374	-2.75476306790425	2.40400586223742
36589	43	41.5994137762579	44.95261358085	-1.40058622374207	1.95261358085003
36590	43	41.857352222765	44.7914020517831	-1.14264777723498	1.79140205178309
36591	43	41.6961406936981	44.7914020517831	-1.3038593063019	1.79140205178309
36592	43	40.9868099658036	45.532975085491	-2.01319003419638	2.53297508549096
36593	43	41.019052271617	45.3395212506106	-1.980947728383	2.33952125061064
36594	43	39.4391792867611	46.1133365901319	-3.56082071323888	3.1133365901319
36595	43	41.5280898876404	45.7342452369321	-1.47191011235955	2.7342452369321
36596	43	41.5964826575476	45.4264777723498	-1.40351734245237	2.42647777234978
36597	43	41.9726428920371	45.4606741573034	-1.02735710796287	2.46067415730337
36598	43	41.9384465070835	45.5290669272106	-1.06155349291646	2.52906692721055
36599	43	41.4255007327797	47.2730825598437	-1.57449926722032	4.27308255984367
36600	43	40.6731802638007	46.0420127015144	-2.32681973619931	3.04201270151441
36601	43	40.0918417195896	47.4782608695652	-2.90815828041036	4.47826086956522
36602	43	38.6897899364924	48.6751343429409	-4.31021006350757	5.67513434294089
36607	38	40.6897899364924	45.2721055202736	2.68978993649243	7.27210552027357
36608	38	40.9291646311676	46.7083536883244	2.92916463116757	8.70835368832438
36609	38	40.7923790913532	46.8109428431851	2.7923790913532	8.81094284318515
36610	38	40.7923790913532	46.7083536883244	2.7923790913532	8.70835368832438
36611	38	39.5271128480703	47.494870542257	1.52711284807035	9.49487054225696
36612	46	41.6067415730337	48.5168539325843	-4.39325842696629	2.51685393258427
36613	46	45.1123595505618	55.3932584269663	-0.887640449438202	9.39325842696629
36614	46	45.0786516853933	48.4157303370786	-0.921348314606746	2.41573033707865
36615	46	45.314606741573	48.4157303370786	-0.68539325842697	2.41573033707865
36616	46	44.6741573033708	48.4494382022472	-1.32584269662921	2.44943820224719
36618	46	44.5056179775281	48.247191011236	-1.49438202247191	2.24719101123596
36619	46	44.6067415730337	47.9101123595506	-1.3932584269663	1.91011235955056
36620	46	45.247191011236	48.1460674157303	-0.752808988764045	2.14606741573034
36621	46	44.7415730337079	48.1460674157303	-1.25842696629213	2.14606741573034
36622	46	46.8314606741573	57.8202247191011	0.831460674157299	11.8202247191011
36623	35	38.6331216414265	44.8236443575965	3.63312164142648	9.82364435759648
36624	35	38.4719101123596	45.371763556424	3.47191011235955	10.371763556424
36625	35	38.3106985832926	45.2105520273571	3.31069858329262	10.2105520273571
36626	35	38.6008793356131	45.532975085491	3.60087933561309	10.532975085491
36627	35	38.9877870053737	44.9203712750366	3.98778700537372	9.92037127503664
36628	35	38.0527601367855	45.6297020029311	3.05276013678554	10.6297020029311
36629	41	39.971665852467	47.3922813873962	-1.02833414753297	6.39228138739619
36630	41	39.9374694675134	47.1871030776746	-1.06253053248656	6.18710307767465
36631	42	39.0449438202247	47.5393258426966	-2.95505617977528	5.53932584269663
36632	42	42.8202247191011	48.2134831460674	0.82022471910112	6.21348314606742
36633	42	41.2359550561798	46.1910112359551	-0.764044943820224	4.19101123595506
36634	41	37.8314606741573	44.2359550561798	-3.1685393258427	3.23595505617978
36635	41	39.7865168539326	47.6741573033708	-1.21348314606742	6.67415730337079
36636	42	40.561797752809	45.752808988764	-1.43820224719101	3.75280898876404
36637	42	40.5955056179775	49.0898876404494	-1.40449438202248	7.08988764044944
36638	42	40.8651685393258	45.752808988764	-1.13483146067416	3.75280898876404
36639	44	40.5955056179775	47.5056179775281	-3.40449438202248	3.50561797752809
36640	42	41.4421104054714	47.9394235466536	-0.557889594528575	5.93942354665364
36641	42	40.3136297020029	49.2046897899365	-1.68637029799707	7.2046897899365
36642	42	37.885686370298	46.742550073278	-4.114313629702	4.74255007327797
36643	42	40.7581827063996	49.0337078651685	-1.24181729360039	7.03370786516854
36644	42	39.5955056179775	45.3746946751343	-2.40449438202248	3.37469467513434
36645	43	39.5842696629213	46.8314606741573	-3.41573033707866	3.8314606741573
36648	40	36.6145578895945	47.4709330727894	-3.38544211040547	7.47093307278945
36649	40	35.5393258426966	50.419149975574	-4.46067415730337	10.419149975574
36650	40	35.886174890083	46.4997557401075	-4.11382510991695	6.49975574010747
36651	40	41.1685393258427	44.8275525158769	1.16853932584269	4.82755251587689
36652	40	40.6555935515388	45.0327308255984	0.655593551538836	5.03273082559843
36653	40	40.723986321446	44.8617489008305	0.72398632144602	4.86174890083048
36654	40	40.7923790913532	44.8959452857841	0.792379091353197	4.89594528578407
36655	40	40.9975574010747	45.3404982901807	0.997557401074744	5.34049829018075
36656	40	40.723986321446	44.8275525158769	0.72398632144602	4.82755251587689
36657	40	40.6897899364924	45.5798729848559	0.689789936492431	5.57987298485588
36658	40	40.5872007816317	45.5114802149487	0.587200781631651	5.5114802149487
36659	40	40.4504152418173	45.8876404494382	0.450415241817296	5.8876404494382
36660	41	38.9115779189057	42.6047874938935	-2.08842208109429	1.6047874938935
36661	41	39.7664875427455	47.2554958475818	-1.23351245725452	6.25549584758183
36662	41	39.5271128480703	47.0161211529067	-1.47288715192965	6.01612115290669
36663	41	38.7747923790914	42.5705911089399	-2.22520762090865	1.57059110893991
36664	41	38.9115779189057	42.8783585735222	-2.08842208109429	1.87835857352223
36665	41	38.7405959941378	42.399609184172	-2.25940400586224	1.39960918417196
36666	41	38.638006839277	42.4338055691256	-2.36199316072301	1.43380556912555
36667	41	38.7063996091842	42.4680019540791	-2.29360039081583	1.46800195407914
36668	41	39.4245236932096	44.5539814362482	-1.57547630679042	3.55398143624816
36669	41	38.7747923790914	42.7073766487543	-2.22520762090865	1.70737664875428
36670	41	39.8348803126527	42.8441621885686	-1.16511968734734	1.84416218856863
36671	41	39.2535417684416	42.8441621885686	-1.74645823155838	1.84416218856863
36672	41	38.0908646800195	46.2296042989741	-2.90913531998046	5.22960429897411
36673	46	44.6067415730337	53.438202247191	-1.3932584269663	7.43820224719101
36674	46	44.3033707865169	53.7415730337079	-1.69662921348315	7.74157303370787
36675	36	30.5007327796776	52.9091353199805	-5.49926722032242	16.9091353199805
36676	36	37.6805080605765	45.9218368343918	1.68050806057646	9.9218368343918
36677	36	39.9374694675134	47.0845139228139	3.93746946751344	11.0845139228139
36678	36	39.4245236932096	47.5632633121641	3.42452369320958	11.5632633121641
36679	36	37.9882755251588	49.1362970200293	1.98827552515877	13.1362970200293
36680	36	38.3644357596483	47.4606741573034	2.36443575964827	11.4606741573034
36681	36	39.4587200781632	46.6741573033708	3.45872007816317	10.6741573033708
36682	36	39.1167562286273	47.2896922325354	3.11675622862726	11.2896922325354
36683	36	38.5012212994626	46.0586223742062	2.50122129946263	10.0586223742062
36684	36	38.8773815339521	46.9819247679531	2.87738153395212	10.9819247679531
36685	36	38.3986321446019	45.7166585246703	2.39863214460186	9.71665852467025
36686	36	39.8690766976063	45.5456765999023	3.86907669760625	9.54567659990229
36687	36	40.1768441621886	46.8451392281387	4.17684416218857	10.8451392281387
36688	36	37.885686370298	44.485588666341	1.885686370298	8.48558866634099
36689	36	36.1074743527113	37.8172936003908	0.107474352711286	1.81729360039081
36690	36	35.9022960429897	37.71470444553	-0.0977039570102605	1.71470444553005
36691	36	35.8680996580362	37.6805080605765	-0.131900341963849	1.68050806057646
36692	36	36.0732779677577	37.8514899853444	0.07327796775769	1.8514899853444
36693	36	35.7313141182218	37.6805080605765	-0.268685881778211	1.68050806057646
36694	35	38.1592574499267	44.314606741573	3.15925744992672	9.31460674157303
36695	35	38.8773815339521	47.3922813873962	3.87738153395212	12.3922813873962
36696	35	36.6888128969223	44.3829995114802	1.68881289692233	9.38299951148021
36697	36	37.5798729848559	48.1587689301417	1.57987298485588	12.1587689301417
36698	36	41.4298974108451	47.742550073278	5.42989741084514	11.742550073278
36699	36	36.886174890083	47.5691255495848	0.886174890083048	11.5691255495848
36700	36	36.9208597948217	48.0547142159257	0.920859794821695	12.0547142159257
36701	36	39.2794333170493	48.3321934538349	3.27943331704934	12.3321934538349
36702	36	36.6433805569126	48.228138739619	0.643380556912554	12.228138739619
36704	36	35.8426966292135	46.3947239863214	-0.157303370786522	10.3947239863214
36705	36	36.8627259404006	46.9574987787005	0.862725940400587	10.9574987787005
36706	35	38.8978993649243	45.9736199316072	3.89789936492428	10.9736199316072
36708	41	40.3820224719101	46.8451392281387	-0.617977528089888	5.84513922813873
36709	41	39.8348803126527	46.8451392281387	-1.16511968734734	5.84513922813873
36710	41	40.1768441621886	45.7850512945774	-0.823155837811427	4.78505129457743
36711	41	40.0400586223742	45.9560332193454	-0.959941377625796	4.95603321934539
36712	41	39.971665852467	46.2638006839277	-1.02833414753297	5.2638006839277
36713	43	44.9101123595506	49.6292134831461	1.91011235955056	6.62921348314607
36714	41	39.8006839276991	46.5031753786028	-1.19931607230093	5.50317537860283
36715	41	41.1001465559355	46.8793356130923	0.10014655593551	5.87933561309233
36716	41	39.6980947728383	45.5798729848559	-1.3019052271617	4.57987298485588
36717	41	39.5271128480703	45.3746946751343	-1.47288715192965	4.37469467513434
36718	41	39.1509526135808	46.9819247679531	-1.84904738641915	5.9819247679531
36719	41	39.7322911577919	46.1612115290669	-1.26770884220811	5.16121152906693
36720	41	43.0835368832438	47.2896922325354	2.08353688324377	6.28969223253542
36721	41	39.6638983878847	45.990229604299	-1.33610161211529	4.99022960429897
36722	41	39.8006839276991	45.8876404494382	-1.19931607230093	4.8876404494382
36723	41	39.9032730825598	47.2896922325354	-1.09672691744016	6.28969223253542
36724	39	38.695652173913	47.9565217391304	-0.304347826086953	8.95652173913044
36725	40	36.3468490473864	51.4616511968735	-3.65315095261359	11.4616511968735
36726	40	38.5012212994626	48.3497801660967	-1.49877870053737	8.34978016609673
36727	40	42.5021983390327	50.6067415730337	2.50219833903273	10.6067415730337
36728	40	37.5095261358085	48.6233512457255	-2.4904738641915	8.62335124572545
36729	40	38.6722032242306	49.0337078651685	-1.32779677576941	9.03370786516854
36730	40	42.7073766487543	50.5383488031265	2.70737664875428	10.5383488031265
36731	40	41.9208597948217	47.7684416218857	1.92085979482169	7.76844162188569
36732	40	39.0112359550562	46.6966292134831	-0.988764044943821	6.69662921348315
36733	40	39.5842696629213	47.3033707865169	-0.415730337078656	7.30337078651685
36734	40	39.5505617977528	48.0449438202247	-0.449438202247194	8.04494382022472
36735	40	39.1123595505618	48.2134831460674	-0.887640449438202	8.21348314606742
36736	40	40.1573033707865	47.1348314606742	0.157303370786515	7.13483146067416
36737	40	39.7865168539326	47.9775280898876	-0.213483146067418	7.97752808988764
36738	40	39.5168539325843	48.2134831460674	-0.483146067415731	8.21348314606742
36739	40	39.3483146067416	47.7752808988764	-0.651685393258433	7.7752808988764
36740	40	39.247191011236	48.8202247191011	-0.752808988764045	8.82022471910112
36741	40	38.876404494382	47.7078651685393	-1.12359550561798	7.70786516853933
36742	40	38.5393258426966	47.0337078651685	-1.46067415730337	7.03370786516854
36743	40	39.4494382022472	47.5730337078652	-0.550561797752806	7.57303370786516
36744	40	39.752808988764	47.6404494382022	-0.247191011235955	7.64044943820225
36745	35	34.7415730337079	46.7772349780166	-0.258426966292134	11.7772349780166
36746	35	37.1001465559355	46.742550073278	2.10014655593551	11.742550073278
36747	44	45.4723986321446	50.2227650219834	1.4723986321446	6.22276502198339
36748	44	45.638495359062	49.4587200781632	1.63849535906204	5.45872007816317
36749	44	45.1734245236932	50.7874938935027	1.17342452369321	6.78749389350268
36750	44	45.5720566682951	50.0234489496825	1.57205666829506	6.02344894968246
36751	44	45.5388373229116	49.3590620420127	1.53883732291158	5.3590620420127
36752	44	45.704934049829	49.4587200781632	1.70493404982902	5.45872007816317
36753	45	45.2398632144602	48.9936492427943	0.239863214460186	3.99364924279433
36754	44	44.4425989252565	48.9936492427943	0.442598925256476	4.99364924279433
36755	44	44.1436248168051	52.6145578895945	0.14362481680508	8.61455788959453
36756	44	45.3395212506106	49.857352222765	1.33952125061064	5.85735222276502
36757	42	38.0224719101124	47.8368343917929	-3.97752808988764	5.83683439179286
36758	42	38.5696140693698	45.7508549096238	-3.43038593063019	3.75085490962384
36759	42	38.7747923790914	45.3746946751343	-3.22520762090865	3.37469467513434
36760	42	37.8514899853444	45.1353199804592	-4.1485100146556	3.13531998045921
36761	42	38.3644357596483	47.2212994626282	-3.63556424035173	5.22129946262824
36762	42	37.2359550561798	45.1695163654128	-4.76404494382022	3.1695163654128
36766	46	44.1436248168051	48.0635075720567	-1.85637518319492	2.06350757205666
36771	46	44.7083536883244	54.3751831949194	-1.29164631167562	8.37518319491939
36772	46	44.409379579873	54.6077186126038	-1.59062042012702	8.60771861260381
36773	45	45.0073277967758	52.1162677088422	0.007327796775769	7.11626770884221
36774	45	45.1402051783097	50.0898876404494	0.140205178309721	5.08988764044944
36775	45	44.0107474352711	50.5881778212018	-0.989252564728872	5.58817782120176
36776	45	45.2398632144602	50.2559843673669	0.239863214460186	5.25598436736688
36777	45	44.8744504152418	50.1895456765999	-0.125549584758183	5.1895456765999
36778	45	45.704934049829	51.0200293111871	0.704934049829021	6.0200293111871
36779	45	45.4391792867611	64.8060576453346	0.439179286761117	19.8060576453346
36780	45	45.1402051783097	66.4338055691256	0.140205178309721	21.4338055691256
36781	45	45.9374694675134	67.1314118221788	0.937469467513438	22.1314118221788
36782	45	45.1402051783097	50.1895456765999	0.140205178309721	5.1895456765999
36783	45	45.9706888128969	53.3121641426478	0.970688812896924	8.31216414264777
36784	45	45.0073277967758	50.3224230581339	0.007327796775769	5.32242305813385
36785	45	45.9042501221299	50.2227650219834	0.904250122129945	5.22276502198339
36786	45	45.3395212506106	49.5251587689301	0.339521250610645	4.52515876893014
36787	45	44.5754763067904	50.5549584758183	-0.424523693209579	5.55495847581827
36788	45	45.704934049829	50.0566682950659	0.704934049829021	5.05666829506595
36789	45	45.4723986321446	49.1929653150953	0.472398632144603	4.19296531509526
36790	45	45.771372740596	50.6213971665852	0.771372740595993	5.62139716658525
36791	45	43.123595505618	48.3483146067416	-1.87640449438202	3.34831460674157
36792	45	43.9325842696629	48.5842696629213	-1.06741573033707	3.58426966292134
36793	45	44.8089887640449	48.3483146067416	-0.19101123595506	3.34831460674157
36794	45	44.7752808988764	48.2808988764045	-0.224719101123597	3.28089887640449
36795	45	44.3033707865169	48.2808988764045	-0.696629213483149	3.28089887640449
36796	45	44.3707865168539	48.5168539325843	-0.629213483146067	3.51685393258427
36797	45	44.3033707865169	48.8876404494382	-0.696629213483149	3.8876404494382
36798	45	44.1685393258427	48.5168539325843	-0.831460674157306	3.51685393258427
36799	45	44.7752808988764	48.6179775280899	-0.224719101123597	3.61797752808989
36800	45	43.4606741573034	48.8202247191011	-1.53932584269663	3.82022471910112
36801	45	44.5393258426966	48.6179775280899	-0.460674157303373	3.61797752808989
36802	45	43.8988764044944	48.4494382022472	-1.10112359550562	3.44943820224719
36803	45	44.5730337078652	48.752808988764	-0.426966292134836	3.75280898876404
36804	47	43.6629213483146	48.1123595505618	-3.3370786516854	1.1123595505618
36805	45	43.8651685393258	48.8876404494382	-1.13483146067416	3.8876404494382
36806	45	42.685393258427	48.8876404494382	-2.31460674157303	3.8876404494382
36807	45	44.9438202247191	49.4269662921348	-0.0561797752808957	4.42696629213483
36808	45	44.6404494382022	49.123595505618	-0.359550561797754	4.12359550561798
36809	45	43.4606741573034	48.0786516853933	-1.53932584269663	3.07865168539325
36810	45	44.5056179775281	48.9213483146067	-0.49438202247191	3.92134831460674
36811	45	45.0786516853933	48.9550561797753	0.078651685393254	3.95505617977528
36812	45	45.0786516853933	49.1573033707865	0.078651685393254	4.15730337078652
36813	45	45.0449438202247	48.8539325842697	0.0449438202247165	3.85393258426966
36814	45	44.9101123595506	48.752808988764	-0.0898876404494402	3.75280898876404
36815	45	44.1685393258427	48.5168539325843	-0.831460674157306	3.51685393258427
36816	45	43.9325842696629	48.5842696629213	-1.06741573033707	3.58426966292134
36817	45	44.1348314606742	48.2808988764045	-0.865168539325843	3.28089887640449
36818	45	44.7078651685393	48.685393258427	-0.292134831460672	3.68539325842697
36819	45	44.1348314606742	48.8202247191011	-0.865168539325843	3.82022471910112
36820	45	43.8988764044944	48.4157303370786	-1.10112359550562	3.41573033707865
36821	45	45.3483146067416	48.8202247191011	0.348314606741567	3.82022471910112
36822	45	45.5842696629213	48.9887640449438	0.584269662921344	3.98876404494382
36823	45	44.0674157303371	48.8876404494382	-0.932584269662925	3.8876404494382
36824	45	41	49.0898876404494	-4	4.08988764044944
36825	45	44.6404494382022	49.0898876404494	-0.359550561797754	4.08988764044944
36826	45	44.6067415730337	48.7865168539326	-0.393258426966298	3.78651685393258
36827	41	44.8089887640449	48.4831460674157	3.80898876404494	7.48314606741573
36828	41	41.876404494382	47.7078651685393	0.876404494382022	6.70786516853933
36829	41	44.3033707865169	48.314606741573	3.30337078651685	7.31460674157303
36830	33	39.28529555447	47.9218368343918	6.28529555446995	14.9218368343918
36831	41	39.0825598436737	41.4421104054714	-1.91744015632634	0.442110405471425
36832	41	39.219345383488	41.8524670249145	-1.78065461651197	0.852467024914503
36833	41	39.1509526135808	41.5446995603322	-1.84904738641915	0.544699560332191
36834	44	41.505129457743	47.7137274059599	-2.49487054225696	3.71372740595994
36835	42	41.7826086956522	47.2628236443576	-0.217391304347828	5.2628236443576
36836	42	41.5744992672203	47.0547142159257	-0.425500732779682	5.05471421592574
36837	42	41.4010747435271	47.2975085490962	-0.598925256472889	5.29750854909624
36838	42	41.4357596482658	47.0200293111871	-0.564240351734242	5.0200293111871
36839	42	40.9154860771861	46.8812896922325	-1.08451392281388	4.88128969223254
36840	42	40.4992672203224	47.3321934538349	-1.50073277967758	5.33219345383488
36841	35	36.3370786516854	43.6687835857352	1.33707865168539	8.66878358573522
36842	35	36.9262335124573	44.028822667318	1.92623351245726	9.02882266731802
36843	36	36.1079628724963	48.3165608207132	0.107962872496337	12.3165608207132
36844	37	39.8197361993161	44.3790913531998	2.81973619931607	7.3790913531998
36845	37	39.1641426477772	45.9882755251588	2.16414264777723	8.98827552515877
36847	36	37.8915486077186	45.5007327796776	1.89154860771861	9.50073277967758
36848	36	38.4396678065462	46.371275036639	2.43966780654617	10.371275036639
36849	43	44.2462139716659	56.1465559355154	1.24621397166585	13.1465559355154
36850	49	38.0674157303371	49.2247191011236	-10.9325842696629	0.224719101123597
36851	49	37.4943820224719	51.4157303370786	-11.5056179775281	2.41573033707865
36852	49	36.9550561797753	50	-12.0449438202247	1
36853	49	38.5393258426966	52.4606741573034	-10.4606741573034	3.46067415730337
36854	49	37.0224719101124	51.9887640449438	-11.9775280898876	2.98876404494382
36855	49	38.1011235955056	49.5955056179775	-10.8988764044944	0.59550561797753
36856	49	39.314606741573	48.8202247191011	-9.68539325842697	-0.17977528089888
36857	49	36.6516853932584	50.4044943820225	-12.3483146067416	1.40449438202247
36858	49	37.7640449438202	49.4269662921348	-11.2359550561798	0.426966292134829
36859	39	39.3483146067416	48.685393258427	0.348314606741567	9.68539325842697
36860	39	39.1797752808989	47.4719101123596	0.17977528089888	8.47191011235955
36861	39	38.7078651685393	48.9887640449438	-0.292134831460672	9.98876404494382
36862	39	40.4606741573034	48.247191011236	1.46067415730337	9.24719101123596
36863	39	42.8876404494382	50.0674157303371	3.8876404494382	11.0674157303371
36864	39	41.5730337078652	48.4831460674157	2.57303370786516	9.48314606741573
36865	39	43.123595505618	48.1123595505618	4.12359550561798	9.1123595505618
36866	39	42.752808988764	48.4494382022472	3.75280898876404	9.44943820224719
36867	39	39.4831460674157	47.3033707865169	0.483146067415731	8.30337078651685
36868	39	40.4943820224719	48.2808988764045	1.49438202247191	9.28089887640449
36869	37	41.1685393258427	44.9775280898876	4.1685393258427	7.97752808988764
36870	37	40.3595505617978	44.6404494382022	3.35955056179775	7.64044943820225
36871	37	39.0449438202247	44.4719101123596	2.04494382022472	7.47191011235955
36872	37	39.4494382022472	44.5730337078652	2.44943820224719	7.57303370786516
36873	37	40.2584269662921	44.8089887640449	3.25842696629213	7.80898876404494
36874	37	39.4157303370786	44.5730337078652	2.41573033707865	7.57303370786516
36875	37	41	45.2134831460674	4	8.21348314606742
36876	40	40.5955056179775	48.5168539325843	0.595505617977523	8.51685393258427
36877	40	40.7303370786517	47.5393258426966	0.730337078651687	7.53932584269663
36878	40	40.1910112359551	47.8426966292135	0.19101123595506	7.84269662921348
36879	40	38.2696629213483	43.7640449438202	-1.73033707865169	3.76404494382022
36880	40	39.314606741573	43.9662921348315	-0.68539325842697	3.96629213483146
36881	39	35.6086956521739	46.256961406937	-3.39130434782609	7.25696140693698
36882	35	34.2266731802638	51.3248656570591	-0.773326819736198	16.3248656570591
36884	36	40.6555935515388	47.7684416218857	4.65559355153884	11.7684416218857
36885	36	40.2110405471422	48.2129946262824	4.21104054714216	12.2129946262824
36886	36	31.8329262335125	51.9404005862237	-4.16707376648754	15.9404005862237
36887	36	40.2452369320958	48.0078163165608	4.24523693209575	12.0078163165608
36889	36	39.9032730825598	47.6658524670249	3.90327308255984	11.6658524670249
36900	34	37.0649731314118	50.1963849535906	3.06497313141182	16.1963849535906
36902	35	37.0307767464582	48.8969223253542	2.03077674645823	13.8969223253542
36903	35	35.8339032730826	50.162188568637	0.833903273082555	15.162188568637
36904	35	36.2442598925256	46.8109428431851	1.24425989252565	11.8109428431851
36905	35	35.8339032730826	50.0595994137763	0.833903273082555	15.0595994137763
36917	34	35.5261358085002	47.2554958475818	1.52613580850024	13.2554958475818
36918	34	36.5862237420615	47.8026380068393	2.58622374206155	13.8026380068393
36920	40	31.6961406936981	57.0698583292623	-8.30385930630191	17.0698583292623
36921	40	34.1924767953102	59.2242305813385	-5.80752320468979	19.2242305813385
36922	40	37.4753297508549	53.4108451392281	-2.52467024914509	13.4108451392281
36924	40	31.7303370786517	57.1040547142159	-8.26966292134831	17.1040547142159
36925	40	40.0058622374206	46.6741573033708	0.0058622374206152	6.67415730337079
36928	40	41.2027357107963	44.6223742061553	1.20273571079629	4.62237420615535
36929	40	41.3053248656571	44.7933561309233	1.30532486565706	4.7933561309233
36931	39	37.4411333659013	46.6057645334636	-1.55886663409868	7.6057645334636
36932	39	38.2276502198339	47.3580850024426	-0.772349780166095	8.35808500244259
36933	46	44.47581827064	51.285784074255	-1.52418172936004	5.28578407425501
36934	46	44.7415730337079	55.4049829018075	-1.25842696629213	9.40498290180752
36935	46	43.4460185637518	50.8539325842697	-2.55398143624816	4.85393258426966
36936	46	45.9706888128969	50.7542745481192	-0.029311187103076	4.7542745481192
36937	45	44.276502198339	51.0864680019541	-0.723497801660969	6.08646800195408
36938	46	44.1104054714216	51.7176355642404	-1.88959452857841	5.71763556424035
36939	46	44.342940889106	48.9604298974108	-1.657059110894	2.96042989741085
36940	46	43.9443087445042	52.1494870542257	-2.05569125549584	6.14948705422569
36941	46	41.9179286761114	67.5300439667807	-4.08207132388862	21.5300439667807
36942	46	42.5490962383977	53.2457254518808	-3.45090376160235	7.2457254518808
36943	35	35.5378602833415	47.4675134342941	0.537860283341473	12.4675134342941
36944	41	40.6292134831461	49.2921348314607	-0.370786516853933	8.29213483146067
36946	41	41.4044943820225	49.3595505617978	0.40449438202247	8.35955056179775
36947	41	41.7415730337079	49.6966292134831	0.741573033707866	8.69662921348314
36948	41	41.2359550561798	49.3595505617978	0.235955056179776	8.35955056179775
36949	50	46.1700048851978	54.5080605764533	-3.82999511480215	4.50806057645335
36950	50	46.8676111382511	61.5505617977528	-3.1323888617489	11.5505617977528
36951	50	47.3991206643869	64.6067415730337	-2.60087933561309	14.6067415730337
36952	50	45.9706888128969	49.857352222765	-4.02931118710308	-0.142647777234984
36953	50	45.837811431363	49.857352222765	-4.16218856863703	-0.142647777234984
36954	50	46.1035661944309	49.6912554958476	-3.89643380556913	-0.308744504152415
36955	50	39.9579872984856	49.7576941866146	-10.0420127015144	-0.242305813385443
36956	50	43.5788959452858	50.5881778212018	-6.42110405471422	0.588177821201761
36957	50	43.5788959452858	50.2559843673669	-6.42110405471422	0.255984367366878
36958	50	45.4391792867611	49.9570102589155	-4.56082071323888	-0.0429897410845115
36959	50	46.2364435759648	52.2823644357596	-3.76355642403517	2.28236443575965
36960	50	45.5720566682951	49.5915974596971	-4.42794333170494	-0.408402540302887
36961	50	44.409379579873	51.352222765022	-5.59062042012702	1.35222276502198
36962	50	45.0073277967758	51.418661455789	-4.99267220322423	1.41866145578896
36963	50	44.7083536883244	51.1196873473376	-5.29164631167562	1.11968734733757
36964	50	42.3165608207132	51.0864680019541	-7.68343917928676	1.08646800195408
36965	50	43.9443087445042	49.4255007327797	-6.05569125549584	-0.574499267220318
36966	50	42.2501221299463	51.8837322911578	-7.74987787005374	1.88373229115779
36967	50	46.6682950659502	53.9101123595506	-3.33170493404983	3.91011235955056
36968	50	44.276502198339	50.2559843673669	-5.72349780166097	0.255984367366878
36969	50	44.9741084513923	50.1231069858329	-5.02589154860772	0.123106985832926
36970	50	45.9706888128969	50.6213971665852	-4.02931118710308	0.621397166585247
36971	50	46.3028822667318	54.209086468002	-3.6971177332682	4.20908646800196
36972	50	46.2364435759648	51.8837322911578	-3.76355642403517	1.88373229115779
36973	50	46.2364435759648	51.6179775280899	-3.76355642403517	1.61797752808989
36974	50	43.5788959452858	50.0234489496825	-6.42110405471422	0.0234489496824608
36975	50	46.2364435759648	60.6868588177821	-3.76355642403517	10.6868588177821
36976	50	45.9374694675134	52.3820224719101	-4.06253053248656	2.38202247191011
36977	50	46.0039081582804	57.8964338055691	-3.99609184171959	7.89643380556912
36978	50	46.1035661944309	49.6248168050806	-3.89643380556913	-0.375183194919394
36979	50	46.1035661944309	50.9203712750366	-3.89643380556913	0.920371275036636
36980	50	46.0371275036639	51.3190034196385	-3.9628724963361	1.31900341963849
36981	50	46.2032242305813	50.3556424035173	-3.79677576941866	0.355642403517344
36982	50	45.9042501221299	50.0234489496825	-4.09574987787006	0.0234489496824608
36983	50	46.1367855398144	49.790913531998	-3.86321446018564	-0.209086468001956
36984	50	46.0371275036639	49.6580361504641	-3.9628724963361	-0.341963849535908
36985	50	46.4357596482658	51.0200293111871	-3.56424035173424	1.0200293111871
36986	50	46.2364435759648	50.0566682950659	-3.76355642403517	0.0566682950659469
36987	50	45.4723986321446	51.5515388373229	-4.5276013678554	1.55153883732291
36988	50	45.9042501221299	50.8539325842697	-4.09574987787006	0.853932584269664
36989	50	43.0806057645335	49.1929653150953	-6.91939423546654	-0.807034684904735
36990	50	46.6682950659502	54.8734733756717	-3.33170493404983	4.87347337567171
36991	50	46.5021983390327	52.9799706888129	-3.49780166096727	2.9799706888129
36992	50	45.6717147044455	50.3556424035173	-4.32828529555447	0.355642403517344
36993	50	45.2398632144602	52.0498290180752	-4.76013678553981	2.04982901807523
36994	50	45.7381533952125	49.4587200781632	-4.26184660478749	-0.541279921836832
36995	50	45.9706888128969	50.6878358573522	-4.02931118710308	0.687835857352219
36996	50	45.5720566682951	53.1460674157303	-4.42794333170494	3.14606741573034
36997	50	46.0039081582804	49.990229604299	-3.99609184171959	-0.00977039570102534
36998	50	46.0371275036639	49.990229604299	-3.9628724963361	-0.00977039570102534
36999	50	46.2696629213483	50.8539325842697	-3.73033707865169	0.853932584269664
37000	50	46.6682950659502	50.7210552027357	-3.33170493404983	0.721055202735712
37001	50	45.3063019052272	50.7210552027357	-4.69369809477284	0.721055202735712
37002	39	39.7708842208109	46.6731802638007	0.770884220810942	7.67318026380068
37008	44	40.4562774792379	48.7943331704934	-3.54372252076209	4.7943331704934
37011	44	42.4162188568637	48.6614557889595	-1.5837811431363	4.66145578895945
37013	44	41.8847093307279	47.6980947728383	-2.11529066927211	3.6980947728383
37014	44	41.4528578407426	49.990229604299	-2.54714215925745	5.99022960429897
37017	44	41.0874450415242	47.3991206643869	-2.91255495847582	3.39912066438691
37020	44	41.8847093307279	49.1265266243283	-2.11529066927211	5.12652662432829
37021	44	41.8182706399609	48.8607718612604	-2.18172936003909	4.86077186126038
37025	44	41.7850512945774	49.7576941866146	-2.21494870542257	5.75769418661456
37026	37	38.4528578407426	47.0547142159257	1.45285784074255	10.0547142159257
37028	35	38.5915974596971	45.9794821690278	3.59159745969711	10.9794821690278
37029	47	44.3097215437225	48.561797752809	-2.69027845627748	1.56179775280899
37030	47	45.1734245236932	49.6248168050806	-1.82657547630679	2.62481680508061
37031	47	44.6086956521739	54.9731314118222	-2.39130434782609	7.97313141182218
37032	47	45.1069858329262	58.8597948216903	-1.89301416707377	11.8597948216903
37035	47	45.2398632144602	50.8539325842697	-1.76013678553981	3.85393258426966
37036	47	43.6121152906693	48.6614557889595	-3.38788470933073	1.66145578895945
37037	47	43.8778700537372	49.7244748412311	-3.12212994626282	2.72447484123107
37038	47	44.7415730337079	49.9570102589155	-2.25842696629213	2.95701025891549
37039	46	44.5090376160234	48.4621397166585	-1.49096238397655	2.46213971665853
37041	46	43.3463605276014	49.1597459697118	-2.65363947239864	3.15974596971177
37042	46	45.0073277967758	48.561797752809	-0.992672203224231	2.56179775280899
37043	47	44.6751343429409	48.3624816805081	-2.32486565705911	1.36248168050806
37044	47	43.9775280898876	48.7278944797264	-3.02247191011236	1.72789447972643
37045	47	43.5124572545188	49.923790913532	-3.48754274548119	2.923790913532
37046	47	44.9076697606253	49.3258426966292	-2.0923302393747	2.32584269662921
37047	47	44.0771861260381	48.0967269174402	-2.9228138739619	1.09672691744015
37048	47	44.0107474352711	48.2628236443576	-2.98925256472887	1.2628236443576
37049	47	43.7117733268197	48.4621397166585	-3.28822667318026	1.46213971665853
37050	47	45.771372740596	49.3922813873962	-1.22862725940401	2.39228138739619
37051	41	38.7747923790914	42.1602344894968	-2.22520762090865	1.16023448949682
37052	41	39.2535417684416	42.057645334636	-1.74645823155838	1.05764533463605
37053	41	39.2535417684416	44.7249633610161	-1.74645823155838	3.72496336101612
37054	41	40.0058622374206	44.1436248168051	-0.994137762579385	3.14362481680508
37055	41	38.1250610649731	41.4079140205178	-2.87493893502687	0.407914020517829
37056	41	39.7664875427455	43.9384465070835	-1.23351245725452	2.93844650708354
37057	41	39.8348803126527	45.6140693698095	-1.16511968734734	4.61406936980948
37058	41	38.7747923790914	44.3488031265266	-2.22520762090865	3.34880312652662
37059	41	40.3478260869565	44.485588666341	-0.652173913043484	3.48558866634099
37060	41	41.0659501709819	43.0835368832438	0.065950170981921	2.08353688324377
37061	41	39.3219345383488	44.3829995114802	-1.6780654616512	3.38299951148021
37062	41	39.6980947728383	46.2638006839277	-1.3019052271617	5.2638006839277
37063	41	40.7923790913532	45.8876404494382	-0.207620908646803	4.8876404494382
37064	41	39.390327308256	44.1778212017587	-1.60967269174402	3.17782120175868
37065	41	40.1084513922814	42.2628236443576	-0.891548607718612	1.2628236443576
37066	41	39.9032730825598	44.0410356619443	-1.09672691744016	3.04103566194431
37067	41	40.1768441621886	44.314606741573	-0.823155837811427	3.31460674157303
37068	39	39.3820224719101	42.247191011236	0.382022471910112	3.24719101123596
37069	46	46.0039081582804	50.6546165119687	0.00390815828041013	4.65461651196873
37070	46	46.0371275036639	50.0566682950659	0.0371275036638963	4.05666829506595
37071	46	45.6052760136785	49.1597459697118	-0.394723986321452	3.15974596971177
37072	46	46.1700048851978	52.1827063996092	0.170004885197848	6.18270639960918
37073	46	45.5056179775281	49.4587200781632	-0.49438202247191	3.45872007816317
37074	46	44.1104054714216	52.0830483634587	-1.88959452857841	6.08304836345872
37075	46	45.1069858329262	51.7508549096238	-0.893014167073765	5.75085490962384
37076	46	45.5720566682951	49.7576941866146	-0.427943331704938	3.75769418661456
37077	46	45.6052760136785	50.0566682950659	-0.394723986321452	4.05666829506595
37078	46	45.5720566682951	49.5251587689301	-0.427943331704938	3.52515876893014
37079	46	45.5388373229116	49.8241328773815	-0.461162677088424	3.82413287738153
37080	46	45.1069858329262	49.5251587689301	-0.893014167073765	3.52515876893014
37081	46	44.6419149975574	49.5251587689301	-1.3580850024426	3.52515876893014
37082	46	45.837811431363	50.7210552027357	-0.162188568637035	4.72105520273571
37083	46	45.7381533952125	51.1196873473376	-0.261846604787493	5.11968734733757
37084	46	45.2066438690767	49.3922813873962	-0.7933561309233	3.39228138739619
37085	46	46.2032242305813	65.9355153883732	0.203224230581341	19.9355153883732
37086	46	46.0371275036639	58.361504640938	0.0371275036638963	12.361504640938
37087	46	46.0371275036639	50.0234489496825	0.0371275036638963	4.02344894968246
37088	46	46.0371275036639	50.9868099658036	0.0371275036638963	4.98680996580362
37089	46	46.1367855398144	50.6878358573522	0.136785539814362	4.68783585735222
37090	46	44.6751343429409	49.5583781143136	-1.32486565705911	3.55837811431363
37091	46	45.1402051783097	49.2261846604788	-0.859794821690279	3.22618466047875
37092	46	46.0703468490474	49.4255007327797	0.0703468490473824	3.42550073277968
37093	38	38.9384465070835	46.8119198827552	0.93844650708354	8.81191988275525
37094	41	39.695652173913	44.6555935515388	-1.30434782608695	3.65559355153884
37095	42	41.7415730337079	47.6741573033708	-0.258426966292134	5.67415730337079
37096	42	42.1797752808989	48.8876404494382	0.17977528089888	6.8876404494382
37097	42	42.6179775280899	48.247191011236	0.617977528089888	6.24719101123596
37098	53	55.5276013678554	58.2115290669272	2.5276013678554	5.21152906692721
37099	53	46.6248168050806	57.7205666829507	-6.37518319491939	4.72056668295066
37100	53	46.8866634098681	57.1314118221788	-6.1133365901319	4.1314118221788
37101	53	55.723986321446	57.9824132877382	2.72398632144602	4.98241328773815
37102	53	55.6257938446507	58.0806057645335	2.62579384465071	5.08060576453346
37103	53	55.3639472398632	57.9824132877382	2.36394723986322	4.98241328773815
37104	53	53.5637518319492	57.7860283341475	0.56375183194919	4.78602833414753
37105	53	47.2467024914509	57.295065950171	-5.7532975085491	4.29506595017098
37106	53	53.4655593551539	57.3277967757694	0.465559355153886	4.32779677576941
37107	53	53.4982901807523	57.7860283341475	0.498290180752321	4.78602833414753
37109	52	42.1504640937958	55.7039570102589	-9.8495359062042	3.70395701025891
37110	52	46.4689789936492	58.0625305324866	-5.53102100635076	6.06253053248656
37111	52	48.5285784074255	58.1954079140205	-3.4714215925745	6.19540791402051
37112	52	44.9408891060088	57.7967757694187	-7.0591108939912	5.79677576941866
37113	52	45.5388373229116	56.800195407914	-6.46116267708842	4.80019540791402
37114	52	45.638495359062	56.6673180263801	-6.36150464093796	4.66731802638007
37115	52	45.4059599413776	56.5676599902296	-6.59404005862238	4.5676599902296
37116	52	45.8045920859795	59.6902784562775	-6.19540791402052	7.69027845627748
37117	51	44.7083536883244	55.5378602833415	-6.29164631167562	4.53786028334147
37118	51	46.5021983390327	56.5012212994626	-4.49780166096727	5.50122129946263
37119	51	45.2730825598437	54.9066927210552	-5.72691744015633	3.9066927210552
37120	52	47.3991206643869	57.8299951148021	-4.60087933561309	5.82999511480214
37121	51	45.4059599413776	57.8299951148021	-5.59404005862238	6.82999511480214
37122	51	47.066927210552	57.8964338055691	-3.93307278944798	6.89643380556912
37123	51	45.1069858329262	54.9066927210552	-5.89301416707377	3.9066927210552
37124	51	48.9272105520274	60.7865168539326	-2.07278944797264	9.78651685393258
37125	51	46.0371275036639	55.4049829018075	-4.9628724963361	4.40498290180752
37126	52	45.8045920859795	60.1553492916463	-6.19540791402052	8.15534929164631
37127	51	44.7415730337079	49.790913531998	-6.25842696629213	-1.20908646800196
37128	51	45.837811431363	57.4978016609673	-5.16218856863703	6.49780166096727
37129	52	46.2032242305813	57.3317049340498	-5.79677576941866	5.33170493404982
37130	52	46.4689789936492	57.4313629702003	-5.53102100635076	5.43136297020029
37131	52	46.2364435759648	57.9628724963361	-5.76355642403517	5.9628724963361
37132	52	46.2032242305813	56.6340986809966	-5.79677576941866	4.63409868099658
37133	52	46.0371275036639	56.9662921348315	-5.9628724963361	4.96629213483146
37134	52	43.9110893991207	55.7039570102589	-8.08891060087934	3.70395701025891
37135	52	42.1836834391793	54.8734733756717	-9.81631656082071	2.87347337567171
37136	51	43.4792379091353	52.4816805080606	-7.52076209086468	1.48168050806058
37137	51	46.3693209574988	60.6536394723986	-4.63067904250122	9.65363947239863
37138	51	43.6121152906693	53.9101123595506	-7.38788470933073	2.91011235955056
37139	52	45.9706888128969	56.9662921348315	-6.02931118710308	4.96629213483146
37140	52	47.6648754274548	59.2252076209086	-4.33512457254519	7.22520762090865
37141	51	45.3063019052272	55.6042989741085	-5.69369809477284	4.60429897410845
37142	52	42.8812896922325	53.9101123595506	-9.11871030776746	1.91011235955056
37143	52	45.0405471421593	55.9697117733268	-6.95945285784074	3.96971177332682
37144	52	45.4723986321446	55.7039570102589	-6.5276013678554	3.70395701025891
37145	52	46.8343917928676	57.6638983878847	-5.16560820713239	5.66389838788471
37146	52	47.066927210552	56.9662921348315	-4.93307278944798	4.96629213483146
37147	52	45.9706888128969	56.5676599902296	-6.02931118710308	4.5676599902296
37148	52	45.837811431363	55.438202247191	-6.16218856863703	3.43820224719101
37149	52	48.495359062042	57.1656082071324	-3.50464093795799	5.16560820713239
37150	52	45.5056179775281	55.571079628725	-6.49438202247191	3.57107962872496
37151	54	49.3922813873962	59.6902784562775	-4.60771861260381	5.69027845627748
37152	54	44.1768441621886	52.4816805080606	-9.82315583781143	-1.51831949193942
37153	54	48.628236443576	59.590620420127	-5.37176355642404	5.59062042012702
37154	54	51.8172936003908	63.0786516853933	-2.18270639960919	9.07865168539325
37155	54	53.0464093795799	58.8597948216903	-0.95359062042013	4.85979482169028
37156	54	53.5779189057157	59.723497801661	-0.422081094284323	5.72349780166097
37157	54	52.4484611626771	60.3878847093307	-1.55153883732292	6.38788470933073
37158	54	52.2823644357596	60.5872007816317	-1.71763556424035	6.58720078163166
37159	54	52.9135319980459	60.4543234000977	-1.08646800195408	6.4543234000977
37160	54	53.0464093795799	66.1016121152907	-0.95359062042013	12.1016121152907
37161	54	47.1665852467025	59.9228138739619	-6.83341475329751	5.92281387396189
37162	54	52.6145578895945	64.1084513922814	-1.38544211040547	10.1084513922814
37163	54	48.7611138251099	67.1978505129458	-5.23888617489008	13.1978505129458
37164	54	53.6443575964827	58.9594528578407	-0.355642403517344	4.95945285784074
37165	54	53.4118221787982	60.8197361993161	-0.588177821201761	6.81973619931607
37166	54	51.6511968734734	61.3512457254519	-2.34880312652663	7.35124572545188
37167	54	52.9135319980459	60.5872007816317	-1.08646800195408	6.58720078163166
37168	54	51.8172936003908	62.4807034684905	-2.18270639960919	8.48070346849047
37169	54	51.6179775280899	59.0258915486077	-2.38202247191011	5.02589154860772
37170	54	53.2457254518808	59.9892525647289	-0.754274548119199	5.98925256472887
37171	54	52.1827063996092	60.5872007816317	-1.81729360039082	6.58720078163166
37172	54	53.4782608695652	58.6272594040059	-0.521739130434781	4.62725940400586
37173	54	46.3361016121153	61.6834391792868	-7.66389838788471	7.68343917928676
37174	54	46.7015144113337	60.4875427454812	-7.29848558866634	6.48754274548119
37175	54	47.266243282853	60.4875427454812	-6.73375671714705	6.48754274548119
37176	54	44.9741084513923	59.657059110894	-9.02589154860772	5.65705911089399
37177	54	52.1827063996092	60.5539814362482	-1.81729360039082	6.55398143624816
37178	54	47.199804592086	59.8563751831949	-6.80019540791402	5.85637518319492
37179	54	46.6018563751832	60.7865168539326	-7.39814362481681	6.78651685393258
37180	54	45.9706888128969	61.3180263800684	-8.02931118710308	7.31802638006839
37181	54	50.6878358573522	64.8724963361016	-3.31216414264778	10.8724963361016
37182	54	49.0933072789448	60.2882266731803	-4.90669272105521	6.28822667318026
37183	54	52.8138739618955	59.52418172936	-1.18612603810455	5.52418172936004
37184	54	53.2789447972643	60.4211040547142	-0.721055202735712	6.42110405471421
37186	34	32.6604787493893	48.4074255007328	-1.33952125061065	14.4074255007328
37187	47	44.3761602344895	54.0429897410845	-2.6238397655105	7.04298974108451
37188	47	45.9374694675134	48.2960429897411	-1.06253053248656	1.29604298974108
37189	41	40.2506106497313	43.4069369809477	-0.749389350268686	2.40693698094773
37190	41	39.5569125549585	46.7020029311187	-1.44308744504153	5.70200293111871
37191	41	38.3082559843674	43.3722520762091	-2.69174401563264	2.37225207620909
37192	41	40.4587200781632	43.1988275525159	-0.541279921836832	2.19882755251588
37193	41	40.181240840254	46.9101123595506	-0.818759159745966	5.91011235955056
37194	42	40.4934049829018	43.3722520762091	-1.50659501709819	1.37225207620909
37195	42	40.5627747923791	43.3722520762091	-1.43722520762091	1.37225207620909
37196	41	39.6262823644358	43.0947728382999	-1.37371763556424	2.09477283829995
37197	41	40.4240351734245	43.1294577430386	-0.575964826575472	2.12945774303859
37198	41	40.8055691255496	43.3375671714704	-0.194430874450418	2.33756717147044
37199	41	40.7708842208109	43.2681973619932	-0.229115779189058	2.26819736199316
37200	41	40.6321446018564	43.3028822667318	-0.367855398143625	2.3028822667318
37201	41	39.9384465070835	43.1641426477772	-1.06155349291646	2.16414264777723
37202	41	40.6321446018564	43.3028822667318	-0.367855398143625	2.3028822667318
37203	41	37.9267220322423	46.1817293600391	-3.07327796775769	5.18172936003909
37204	42	38.5163654127992	44.829018075232	-3.48363458720078	2.82901807523204
37205	41	38.9325842696629	43.0600879335613	-2.06741573033707	2.06008793356131
37206	41	40.3546653639472	43.3028822667318	-0.645334636052766	2.3028822667318
37207	41	40.0425012212995	43.1988275525159	-0.95749877870054	2.19882755251588
37208	42	40.5280898876404	43.3722520762091	-1.47191011235955	1.37225207620909
37209	35	38.0527601367855	44.6624328285296	3.05276013678554	9.66243282852955
37210	35	37.6980947728383	44.4044943820225	2.6980947728383	9.40449438202247
37211	35	37.5368832437714	44.3400097703957	2.53688324377137	9.3400097703957
37212	35	37.4079140205178	44.0175867122618	2.40791402051783	9.01758671226185
37213	35	38.5363947239863	44.6624328285296	3.53639472398632	9.66243282852955
37214	41	39.1406936980948	45.4533463605276	-1.85930630190523	4.4533463605276
37215	40	39.4587200781632	42.1944308744504	-0.541279921836832	2.19443087445042
37216	40	39.4245236932096	42.1260381045432	-0.575476306790421	2.12603810454323
37217	40	38.8773815339521	42.6731802638007	-1.12261846604788	2.67318026380069
37218	40	39.4587200781632	42.399609184172	-0.541279921836832	2.39960918417196
37219	40	39.5271128480703	42.5363947239863	-0.472887151929655	2.53639472398632
37220	40	39.1851489985344	42.7415730337079	-0.814851001465556	2.74157303370787
37221	40	39.2877381533952	41.647288715193	-0.71226184660479	1.64728871519296
37222	40	39.3561309233024	42.6389838788471	-0.643869076697605	2.63898387884709
37223	40	38.9457743038593	42.4680019540791	-1.05422569614069	2.46800195407914
37224	35	38.8978993649243	46.9447972642892	3.89789936492428	11.9447972642892
37225	32	28.9960918417196	44.714215925745	-3.00390815828041	12.714215925745
37226	43	37.8514899853444	47.5290669272106	-5.1485100146556	4.52906692721055
37227	43	39.7322911577919	46.4689789936492	-3.26770884220811	3.46897899364924
37228	43	38.9115779189057	50.162188568637	-4.08842208109429	7.16218856863703
37229	43	39.5955056179775	46.7083536883244	-3.40449438202248	3.70835368832438
37230	43	40.2794333170493	46.8451392281387	-2.72056668295066	3.84513922813873
37231	43	39.8583292623351	65.9022960429897	-3.14167073766487	22.9022960429897
37232	47	43.7782120175867	55.3053248656571	-3.22178798241329	8.30532486565706
37233	39	36.2271617000489	46.3898387884709	-2.77283829995115	7.38983878847093
37234	37	38.5510503175379	48.6790425012213	1.55105031753786	11.6790425012213
37235	40	38.2794333170493	49.7948216902785	-1.72056668295066	9.79482169027845
37236	38	34.533463605276	47.7484123106986	-3.46653639472399	9.74841231069858
37237	38	37.3082559843674	47.7484123106986	-0.691744015632636	9.74841231069858
37238	47	44.9408891060088	50.2559843673669	-2.0591108939912	3.25598436736688
37240	47	40.323400097704	42.5158768930142	-6.67659990229605	-4.48412310698583
37241	47	41.3199804592086	43.5124572545188	-5.68001954079141	-3.48754274548119
37246	41	40.4504152418173	44.5197850512946	-0.549584758182704	3.51978505129458
37247	41	39.4929164631168	44.9301416707377	-1.50708353688324	3.93014167073767
37248	41	39.6638983878847	45.990229604299	-1.33610161211529	4.99022960429897
37249	38	42.0112359550562	48.247191011236	4.01123595505618	10.247191011236
37250	40	38.5056179775281	43.561797752809	-1.49438202247191	3.56179775280899
37251	38	39.4831460674157	47.5393258426966	1.48314606741573	9.53932584269663
37252	38	38.3370786516854	43.5280898876404	0.337078651685388	5.52808988764045
37253	38	37.9662921348315	43.6966292134831	-0.0337078651685374	5.69662921348315
37254	38	42.1123595505618	47.438202247191	4.1123595505618	9.43820224719101
37255	38	37.0898876404494	43.6966292134831	-0.910112359550567	5.69662921348315
37256	38	37.7303370786517	43.9325842696629	-0.269662921348313	5.93258426966293
37257	38	39.3820224719101	44.438202247191	1.38202247191011	6.43820224719101
37258	38	37.2584269662921	43.2247191011236	-0.741573033707866	5.2247191011236
37259	38	39.6179775280899	45.0112359550562	1.61797752808989	7.01123595505618
37260	38	39.1797752808989	47.3707865168539	1.17977528089888	9.37078651685393
37261	38	39.1123595505618	48.2808988764045	1.1123595505618	10.2808988764045
37262	38	39.7865168539326	44.1011235955056	1.78651685393258	6.10112359550561
37263	38	38.1348314606742	48.4831460674157	0.134831460674157	10.4831460674157
37264	38	38.3707865168539	45.9887640449438	0.370786516853933	7.98876404494382
37265	38	38.8426966292135	46.5955056179775	0.842696629213478	8.59550561797752
37266	38	39.8202247191011	47.0674157303371	1.82022471910112	9.06741573033707
37267	38	38.1011235955056	46.9325842696629	0.101123595505612	8.93258426966293
37268	38	40.3595505617978	47.3033707865169	2.35955056179775	9.30337078651685
37269	38	38.2359550561798	47.6067415730337	0.235955056179776	9.6067415730337
37270	38	39.3483146067416	46.8988764044944	1.34831460674157	8.89887640449438
37271	38	39.0449438202247	46.123595505618	1.04494382022472	8.12359550561798
37272	38	38.1348314606742	46.7977528089888	0.134831460674157	8.79775280898876
37273	38	39.5505617977528	48.8202247191011	1.55056179775281	10.8202247191011
37274	38	39.0112359550562	47.1685393258427	1.01123595505618	9.16853932584269
37275	38	38.5393258426966	47.1685393258427	0.539325842696627	9.16853932584269
37276	38	38.3707865168539	47.3033707865169	0.370786516853933	9.30337078651685
37277	38	40.9325842696629	47.5730337078652	2.93258426966293	9.57303370786516
37278	38	38.9775280898876	47.3033707865169	0.977528089887642	9.30337078651685
37279	38	37.8651685393258	43.6966292134831	-0.134831460674157	5.69662921348315
37280	38	38.438202247191	44.6067415730337	0.438202247191015	6.6067415730337
37281	38	38.2696629213483	45.9887640449438	0.269662921348313	7.98876404494382
37282	38	38.2022471910112	47.876404494382	0.202247191011239	9.87640449438202
37283	38	39.0449438202247	44.1011235955056	1.04494382022472	6.10112359550561
37284	38	37.6629213483146	44.3707865168539	-0.337078651685395	6.37078651685393
37285	38	39.0786516853933	46.7977528089888	1.07865168539325	8.79775280898876
37286	38	42.8202247191011	48.4494382022472	4.82022471910112	10.4494382022472
37287	38	39.752808988764	48.1797752808989	1.75280898876404	10.1797752808989
37288	41	39.5613092330239	47.0161211529067	-1.43869076697607	6.01612115290669
37289	41	40.4846116267709	43.1861260381045	-0.515388373229115	2.18612603810455
37290	41	39.8006839276991	44.0068392769907	-1.19931607230093	3.00683927699072
37291	41	40.4504152418173	43.1861260381045	-0.549584758182704	2.18612603810455
37292	40	40.4162188568637	46.9135319980459	0.416218856863701	6.91353199804592
37293	41	40.723986321446	43.4596971177333	-0.27601367855398	2.45969711773327
37294	41	38.3644357596483	47.1187103077675	-2.63556424035173	6.11871030776746
37295	41	38.5354176844162	46.8451392281387	-2.46458231558378	5.84513922813873
37296	41	40.4162188568637	44.2804103566194	-0.583781143136299	3.28041035661944
37297	41	39.8006839276991	46.2638006839277	-1.19931607230093	5.2638006839277
37298	41	39.7664875427455	45.1695163654128	-1.23351245725452	4.1695163654128
37299	41	40.2794333170493	44.8617489008305	-0.720566682950661	3.86174890083048
37300	41	39.7664875427455	43.8700537371764	-1.23351245725452	2.87005373717636
37301	41	39.7322911577919	44.3488031265266	-1.26770884220811	3.34880312652662
37302	41	39.0483634587201	44.3829995114802	-1.95163654127992	3.38299951148021
37304	40	40.5955056179775	47.1011235955056	0.595505617977523	7.10112359550561
37305	40	38.6741573033708	46.7977528089888	-1.32584269662921	6.79775280898876
37306	40	40.4606741573034	47.5730337078652	0.460674157303373	7.57303370786516
37307	40	43.1910112359551	47.5730337078652	3.19101123595506	7.57303370786516
37308	40	37.6292134831461	47.6404494382022	-2.37078651685393	7.64044943820225
37309	40	41.6404494382022	47.0337078651685	1.64044943820225	7.03370786516854
37310	43	40.5872007816317	47.1187103077675	-2.41279921836835	4.11871030776746
37311	45	41.1685393258427	47.323888617489	-3.83146067415731	2.323888617489
37312	45	41.0659501709819	46.57156814851	-3.93404982901808	1.57156814851001
37313	42	40.7581827063996	43.2545188080117	-1.24181729360039	1.25451880801172
37314	46	40.894968246214	45.7850512945774	-5.10503175378603	-0.214948705422572
37315	46	40.0058622374206	46.2979970688813	-5.99413776257938	0.297997068881287
37316	42	40.1768441621886	47.3580850024426	-1.82315583781143	5.35808500244259
37317	41	38.7078651685393	48.247191011236	-2.29213483146067	7.24719101123596
37318	41	43.3258426966292	48.314606741573	2.32584269662921	7.31460674157303
37319	41	42.1460674157303	48.1460674157303	1.14606741573034	7.14606741573034
37320	41	41.6741573033708	47.9101123595506	0.674157303370791	6.91011235955056
37321	41	43.3595505617978	48.4831460674157	2.35955056179775	7.48314606741573
37322	41	43.4943820224719	48.4494382022472	2.49438202247191	7.44943820224719
37323	41	43.3595505617978	47.876404494382	2.35955056179775	6.87640449438202
37324	41	42.3820224719101	48.247191011236	1.38202247191011	7.24719101123596
37325	41	41.5056179775281	47.4719101123596	0.50561797752809	6.47191011235955
37326	41	38.1348314606742	46.8314606741573	-2.86516853932584	5.8314606741573
37327	40	40.1910112359551	49.4606741573034	0.19101123595506	9.46067415730337
37328	40	32.7078651685393	81.5168539325843	-7.29213483146067	41.5168539325843
37330	40	38.7752808988764	46.5280898876404	-1.2247191011236	6.52808988764045
37331	40	39.0449438202247	48.9213483146067	-0.955056179775283	8.92134831460674
37332	40	35.7078651685393	54.6516853932584	-4.29213483146067	14.6516853932584
37337	40	40.7977528089888	46.4606741573034	0.797752808988761	6.46067415730337
37339	40	34.9325842696629	54.9550561797753	-5.06741573033707	14.9550561797753
37340	40	37.123595505618	68.6741573033708	-2.87640449438202	28.6741573033708
37342	40	40.4943820224719	47.9775280898876	0.49438202247191	7.97752808988764
37343	40	42.9213483146067	48.5505617977528	2.92134831460675	8.55056179775281
37344	40	30.685393258427	48.3483146067416	-9.31460674157303	8.34831460674157
37347	40	41.3370786516854	47.9438202247191	1.33707865168539	7.9438202247191
37348	41	38.7078651685393	48.1460674157303	-2.29213483146067	7.14606741573034
37349	41	39.8539325842697	48.4157303370786	-1.14606741573034	7.41573033707865
