36455	36	38.5354176844162	42.6731802638007	2.53541768441622	6.67318026380069
36456	36	38.5012212994626	42.9467513434294	2.50122129946263	6.94675134342941
36457	36	37.4753297508549	42.1602344894968	1.47532975085491	6.16023448949682
36458	36	38.9115779189057	42.7415730337079	2.91157791890571	6.74157303370787
36459	36	37.5095261358085	42.0234489496825	1.5095261358085	6.02344894968246
36460	36	37.7830972154372	45.7850512945774	1.78309721543722	9.78505129457743
36461	42	38.2960429897411	44.1436248168051	-3.70395701025892	2.14362481680508
36463	42	38.3302393746947	44.2120175867123	-3.66976062530533	2.21201758671226
36465	42	39.8006839276991	44.314606741573	-2.19931607230093	2.31460674157303
36466	42	39.9374694675134	44.5539814362482	-2.06253053248656	2.55398143624816
36467	42	40.2452369320958	44.8275525158769	-1.75476306790425	2.82755251587689
36468	42	38.9457743038593	44.2462139716659	-3.05422569614069	2.24621397166585
36469	42	39.219345383488	44.485588666341	-2.78065461651197	2.48558866634099
36470	42	38.6722032242306	43.8358573522228	-3.32779677576941	1.83585735222276
36471	42	38.4328285295555	43.6648754274548	-3.56717147044455	1.66487542745481
36472	42	38.9799706888129	44.0068392769907	-3.0200293111871	2.00683927699072
36473	42	39.1851489985344	44.9301416707377	-2.81485100146556	2.93014167073767
36474	42	38.638006839277	44.0068392769907	-3.36199316072301	2.00683927699072
36475	42	39.5955056179775	43.5280898876404	-2.40449438202248	1.52808988764045
36476	42	39.0141670737665	43.4938935026869	-2.98583292623351	1.49389350268686
36477	42	39.390327308256	44.1778212017587	-2.60967269174402	2.17782120175868
36478	40	39.5613092330239	42.5021983390327	-0.438690766976066	2.50219833903273
36479	40	39.5271128480703	41.5788959452858	-0.472887151929655	1.57889594528578
36480	40	39.4929164631168	41.5446995603322	-0.507083536883243	1.54469956033219
36481	40	39.5613092330239	41.5788959452858	-0.438690766976066	1.57889594528578
36482	40	39.3219345383488	41.5446995603322	-0.678065461651201	1.54469956033219
36483	40	39.7322911577919	43.2203224230581	-0.267708842208108	3.22032242305814
36484	40	39.7322911577919	42.5021983390327	-0.267708842208108	2.50219833903273
36485	40	39.390327308256	42.3654127992184	-0.609672691744017	2.36541279921837
36486	40	39.9374694675134	42.4338055691256	-0.0625305324865622	2.43380556912555
36487	40	39.6980947728383	42.2628236443576	-0.301905227161697	2.2628236443576
36488	31	36.4411333659013	44.9389350268686	5.44113336590132	13.9389350268686
36493	36	38.4816805080606	43.6150464093796	2.48168050806058	7.61504640937958
36494	36	38.3082559843674	43.0254030288227	2.30825598436736	7.02540302882267
36496	36	37.5105031753786	44.3087445041524	1.5105031753786	8.30874450415241
36498	45	41.2359550561798	46.4606741573034	-3.76404494382022	1.46067415730337
36499	60	44.4973131411822	58.6697606253053	-15.5026868588178	-1.33023937469468
36501	40	37.0561797752809	41.3370786516854	-2.9438202247191	1.33707865168539
36502	40	40.0224719101124	44.9438202247191	0.0224719101123583	4.9438202247191
36503	36	37.6492427943332	43.1294577430386	1.64924279433317	7.12945774303859
36504	36	38.0654616511969	43.0600879335613	2.06546165119687	7.06008793356131
36505	36	37.7186126038105	43.0254030288227	1.71861260381046	7.02540302882267
36506	36	38.4469956033219	42.990718124084	2.44699560332194	6.99071812408403
36507	36	37.7186126038105	43.0947728382999	1.71861260381046	7.09477283829995
36508	36	38.828529555447	43.3375671714704	2.82852955544699	7.33756717147044
36509	36	38.9672691744016	42.990718124084	2.96726917440157	6.99071812408403
36510	36	39.0713238886175	42.9560332193454	3.07132388861748	6.95603321934539
36511	36	38.4816805080606	43.1294577430386	2.48168050806058	7.12945774303859
36512	36	38.3776257938447	43.1988275525159	2.37762579384465	7.19882755251588
36513	36	37.7532975085491	43.0254030288227	1.7532975085491	7.02540302882267
36514	36	38.3082559843674	43.3375671714704	2.30825598436736	7.33756717147044
36515	36	37.3023937469467	43.5803615046409	1.30239374694675	7.58036150464093
36516	36	38.1695163654128	43.4416218856864	2.1695163654128	7.44162188568637
36517	36	38.4123106985833	42.9213483146067	2.41231069858329	6.92134831460675
36518	36	38.6204201270151	43.1641426477772	2.62042012701514	7.16414264777723
36519	36	37.7186126038105	44.0659501709819	1.71861260381046	8.06595017098192
36520	36	37.857352222765	43.2681973619932	1.85735222276502	7.26819736199316
36521	35	36.38104543234	45.5456765999023	1.38104543234001	10.5456765999023
36522	35	38.2276502198339	43.6990718124084	3.2276502198339	8.69907181240841
36523	35	37.885686370298	44.9643380556913	2.885686370298	9.96433805569126
36524	35	37.2701514411334	43.8700537371764	2.27015144113336	8.87005373717636
36525	35	37.4069369809477	44.485588666341	2.40693698094773	9.48558866634099
36526	35	37.0649731314118	43.1861260381045	2.06497313141182	8.18612603810455
36527	38	37.6492427943332	43.2681973619932	-0.350757205666831	5.26819736199316
36528	38	37.5105031753786	42.8519785051295	-0.489496824621398	4.85197850512945
36529	38	37.371763556424	42.990718124084	-0.628236443575965	4.99071812408403
36530	38	36.990229604299	42.9560332193454	-1.00977039570103	4.95603321934539
36531	38	37.7186126038105	42.8172936003908	-0.281387396189544	4.81729360039081
36532	38	36.8168050806058	43.8925256472887	-1.18319491939424	5.89252564728871
36533	38	37.6145578895945	43.8578407425501	-0.385442110405471	5.85784074255007
36534	35	35.9364924279433	45.1011235955056	0.936492427943335	10.1011235955056
36536	41	40.0400586223742	43.562286272594	-0.959941377625796	2.56228627259404
36537	41	39.8690766976063	42.5363947239863	-1.13092330239375	1.53639472398632
36538	41	40.5872007816317	42.8783585735222	-0.412799218368349	1.87835857352223
36539	41	40.5188080117245	42.7073766487543	-0.481191988275526	1.70737664875428
36540	41	40.4846116267709	42.980947728383	-0.515388373229115	1.980947728383
36541	41	40.7581827063996	42.8441621885686	-0.241817293600391	1.84416218856863
36542	41	40.7581827063996	43.1177332681974	-0.241817293600391	2.11773326819736
36543	41	40.6213971665852	43.1861260381045	-0.378602833414753	2.18612603810455
36544	42	40.4606741573034	44	-1.53932584269663	2
36545	42	39.8539325842697	44.3033707865169	-2.14606741573034	2.30337078651685
36546	42	39.4831460674157	43.5955056179775	-2.51685393258427	1.59550561797752
36547	42	39.3820224719101	43.7977528089888	-2.61797752808989	1.79775280898876
36548	42	39.4157303370786	44.4719101123596	-2.58426966292135	2.47191011235955
36549	42	39.8876404494382	44.1348314606742	-2.1123595505618	2.13483146067416
36550	42	39.5168539325843	43.7977528089888	-2.48314606741573	1.79775280898876
36551	42	38.6404494382022	45.0786516853933	-3.35955056179775	3.07865168539325
36552	42	39.1123595505618	43.3932584269663	-2.8876404494382	1.39325842696629
36553	42	39.8202247191011	43.6629213483146	-2.17977528089888	1.6629213483146
36554	42	38.9775280898876	45.1797752808989	-3.02247191011236	3.17977528089888
36555	42	38.3033707865169	44.6067415730337	-3.69662921348315	2.6067415730337
36556	42	38.4044943820225	44.8426966292135	-3.59550561797753	2.84269662921348
36557	42	38.6404494382022	45.6179775280899	-3.35955056179775	3.61797752808989
36558	42	38.3370786516854	43.6292134831461	-3.66292134831461	1.62921348314607
36559	42	38.876404494382	44.9775280898876	-3.12359550561798	2.97752808988764
36560	42	40.1910112359551	44.0337078651685	-1.80898876404494	2.03370786516854
36561	42	40.4606741573034	43.7977528089888	-1.53932584269663	1.79775280898876
36562	42	40.3932584269663	44	-1.60674157303371	2
36563	42	40.0898876404494	43.5955056179775	-1.91011235955057	1.59550561797752
36564	42	38.0674157303371	46.1573033707865	-3.93258426966293	4.15730337078652
36566	38	38.7405959941378	43.0493404982902	0.740595994137763	5.04934049829018
36567	38	39.6638983878847	42.9467513434294	1.66389838788471	4.94675134342941
36568	38	38.7405959941378	42.8441621885686	0.740595994137763	4.84416218856863
36569	38	38.8431851489985	42.980947728383	0.843185148998529	4.980947728383
36570	38	36.7914020517831	42.228627259404	-1.20859794821691	4.22862725940401
36571	38	39.5271128480703	42.8783585735222	1.52711284807035	4.87835857352223
36572	45	39.4069369809477	44.4689789936492	-5.59306301905227	-0.531021006350755
36573	45	38.923302393747	44.6301905227162	-6.07669760625305	-0.36980947728383
36574	41	38.2359550561798	46.8988764044944	-2.76404494382022	5.89887640449438
36575	41	40.1910112359551	44.6404494382022	-0.80898876404494	3.64044943820225
36576	41	37.1573033707865	48.314606741573	-3.84269662921348	7.31460674157303
36577	39	36.886174890083	44.0659501709819	-2.11382510991695	5.06595017098192
36578	39	38.5163654127992	43.4416218856864	-0.483634587200783	4.44162188568637
36580	38	35.1924767953102	44.6267708842208	-2.80752320468979	6.62677088422081
36581	43	37.9560332193454	44.6624328285296	-5.04396678065461	1.66243282852955
36582	43	39.4391792867611	44.5012212994626	-3.56082071323888	1.50122129946263
36583	43	40.8900830483635	44.3077674645823	-2.10991695163654	1.30776746458231
36584	43	41.438202247191	43.8563751831949	-1.56179775280899	0.856375183194913
36585	43	37.504640937958	44.6301905227162	-5.49535906204201	1.63019052271617
36586	43	36.247191011236	46.1133365901319	-6.75280898876404	3.1133365901319
36587	43	36.6018563751832	46.1778212017587	-6.39814362481681	3.17782120175867
36588	43	40.3097215437225	44.2110405471422	-2.69027845627748	1.21104054714216
36589	43	41.438202247191	43.9208597948217	-1.56179775280899	0.920859794821688
36590	43	41.5671714704445	43.695163654128	-1.43282852955545	0.695163654127995
36591	43	41.3737176355642	43.5984367366878	-1.62628236443576	0.59843673668783
36592	43	40.4709330727894	43.8886174890083	-2.52906692721055	0.888617489008304
36593	43	40.7288715192965	43.8886174890083	-2.27112848070347	0.888617489008304
36594	43	37.923790913532	44.0820713238886	-5.076209086468	1.08207132388861
36595	43	41.2203224230581	44.1612115290669	-1.77967757694186	1.16121152906693
36596	43	41.2203224230581	43.8534440644846	-1.77967757694186	0.853444064484606
36597	43	41.5964826575476	43.819247679531	-1.40351734245237	0.819247679531017
36598	43	41.6990718124084	44.0244259892526	-1.30092818759159	1.02442598925256
36599	43	40.9467513434294	44.8451392281387	-2.05324865657059	1.84513922813873
36600	43	40.4338055691256	44.4005862237421	-2.56619443087445	1.40058622374206
36601	43	38.3820224719101	44.6057645334636	-4.61797752808989	1.6057645334636
36602	43	36.8089887640449	45.4264777723498	-6.19101123595506	2.42647777234978
36607	38	39.8348803126527	43.0151441133366	1.83488031265266	5.01514411333659
36608	38	39.219345383488	43.1177332681974	1.21934538348803	5.11773326819736
36609	38	39.0141670737665	43.1177332681974	1.01416707376649	5.11773326819736
36610	38	39.0141670737665	43.1861260381045	1.01416707376649	5.18612603810455
36611	38	37.8514899853444	43.1861260381045	-0.148510014655599	5.18612603810455
36612	46	40.123595505618	45.9887640449438	-5.87640449438202	-0.0112359550561791
36613	46	43.7303370786517	47.3707865168539	-2.26966292134831	1.37078651685393
36614	46	43.8314606741573	47.1011235955056	-2.1685393258427	1.10112359550561
36615	46	43.0561797752809	47	-2.9438202247191	1
36616	46	42.685393258427	46.9325842696629	-3.31460674157303	0.932584269662925
36618	46	42.2808988764045	46.6966292134831	-3.71910112359551	0.696629213483149
36619	46	43.0898876404494	46.4606741573034	-2.91011235955057	0.460674157303373
36620	46	44.0337078651685	46.8988764044944	-1.96629213483146	0.898876404494381
36621	46	42.8876404494382	46.6966292134831	-3.1123595505618	0.696629213483149
36622	46	42.4157303370786	47.2359550561798	-3.58426966292135	1.23595505617978
36623	35	38.6008793356131	43.0825598436737	3.60087933561309	8.08255984367366
36624	35	38.6008793356131	43.0503175378603	3.60087933561309	8.05031753786028
36625	35	38.3751831949194	43.1470444553004	3.37518319491939	8.14704445530044
36626	35	38.5686370297997	43.1470444553004	3.5686370297997	8.14704445530044
36627	35	38.8910600879336	43.2115290669272	3.89106008793356	8.21152906692721
36628	35	38.3751831949194	43.5339521250611	3.37518319491939	8.53395212506106
36629	41	39.9374694675134	44.0068392769907	-1.06253053248656	3.00683927699072
36630	41	39.971665852467	43.3571079628725	-1.02833414753297	2.3571079628725
36631	42	38.1348314606742	45.4494382022472	-3.86516853932584	3.44943820224719
36632	42	40.2584269662921	46.2921348314607	-1.74157303370787	4.29213483146067
36633	42	40.7977528089888	43.6629213483146	-1.20224719101124	1.6629213483146
36634	41	38.438202247191	42.9550561797753	-2.56179775280899	1.95505617977528
36635	41	39.5168539325843	44.7078651685393	-1.48314606741573	3.70786516853933
36636	42	40.2921348314607	44.5393258426966	-1.70786516853933	2.53932584269663
36637	42	39.4494382022472	44.1685393258427	-2.55056179775281	2.16853932584269
36638	42	40.2584269662921	43.7303370786517	-1.74157303370787	1.73033707865169
36639	44	39.314606741573	44.2359550561798	-4.68539325842697	0.235955056179776
36640	42	40.1084513922814	45.0327308255984	-1.89154860771861	3.03273082559843
36641	42	39.2877381533952	44.314606741573	-2.71226184660479	2.31460674157303
36642	42	37.8172936003908	43.562286272594	-4.18270639960919	1.56228627259404
36643	42	39.7664875427455	44.1436248168051	-2.23351245725452	2.14362481680508
36644	42	39.1509526135808	43.6990718124084	-2.84904738641915	1.69907181240841
36645	43	39.314606741573	43.7977528089888	-3.68539325842697	0.797752808988761
36648	40	36.9614069369809	44.1411822178798	-3.03859306301905	4.14118221787982
36649	40	35.4699560332193	46.742550073278	-4.53004396678065	6.74255007327797
36650	40	36.0249145090376	43.7249633610161	-3.97508549096239	3.72496336101612
36651	40	40.7923790913532	43.2887151929653	0.792379091353197	3.28871519296531
36652	40	40.4504152418173	43.3913043478261	0.450415241817296	3.39130434782609
36653	40	40.5872007816317	43.5280898876404	0.587200781631651	3.52808988764045
36654	40	40.6555935515388	43.6306790425012	0.655593551538836	3.63067904250122
36655	40	40.7923790913532	43.9726428920371	0.792379091353197	3.97264289203713
36656	40	40.6555935515388	43.6648754274548	0.655593551538836	3.66487542745481
36657	40	40.4162188568637	43.6648754274548	0.416218856863701	3.66487542745481
36658	40	40.4504152418173	43.8016609672692	0.450415241817296	3.80166096726917
36659	40	40.2110405471422	43.3913043478261	0.211040547142161	3.39130434782609
36660	41	39.390327308256	42.5363947239863	-1.60967269174402	1.53639472398632
36661	41	39.6638983878847	44.3488031265266	-1.33610161211529	3.34880312652662
36662	41	39.7664875427455	43.4938935026869	-1.23351245725452	2.49389350268686
36663	41	39.219345383488	42.5021983390327	-1.78065461651197	1.50219833903273
36664	41	39.3561309233024	42.7757694186615	-1.64386907669761	1.77576941866145
36665	41	39.3219345383488	42.399609184172	-1.6780654616512	1.39960918417196
36666	41	39.1509526135808	42.399609184172	-1.84904738641915	1.39960918417196
36667	41	39.2535417684416	42.4680019540791	-1.74645823155838	1.46800195407914
36668	41	39.5271128480703	42.9125549584758	-1.47288715192965	1.91255495847582
36669	41	39.3219345383488	42.6389838788471	-1.6780654616512	1.63898387884709
36670	41	40.0400586223742	42.5705911089399	-0.959941377625796	1.57059110893991
36671	41	39.6297020029311	42.7073766487543	-1.37029799706888	1.70737664875428
36672	41	38.7405959941378	44.6565705911089	-2.25940400586224	3.65657059110894
36673	46	41.2696629213483	46.4269662921348	-4.73033707865169	0.426966292134836
36674	46	40.8988764044944	46.4269662921348	-5.10112359550562	0.426966292134836
36675	36	32.5158768930142	44.1231069858329	-3.48412310698583	8.12310698583293
36676	36	38.0908646800195	42.9467513434294	2.09086468001954	6.94675134342941
36677	36	39.5271128480703	43.5280898876404	3.52711284807035	7.52808988764045
36678	36	39.1167562286273	43.5280898876404	3.11675622862726	7.52808988764045
36679	36	37.885686370298	44.7249633610161	1.885686370298	8.72496336101612
36680	36	38.4328285295555	43.6306790425012	2.43282852955545	7.63067904250122
36681	36	39.0483634587201	43.2203224230581	3.04836345872008	7.22032242305814
36682	36	39.4245236932096	43.8358573522228	3.42452369320958	7.83585735222276
36683	36	38.7747923790914	43.1177332681974	2.77479237909135	7.11773326819736
36684	36	38.7405959941378	43.5964826575476	2.74059599413776	7.59648265754763
36685	36	39.1851489985344	43.0835368832438	3.18514899853444	7.08353688324377
36686	36	39.9374694675134	43.0493404982902	3.93746946751344	7.04934049829018
36687	36	39.5955056179775	43.3913043478261	3.59550561797752	7.39130434782609
36688	36	38.9115779189057	42.7757694186615	2.91157791890571	6.77576941866145
36689	36	36.3126526624328	37.885686370298	0.312652662432825	1.885686370298
36690	36	36.1416707376649	37.8172936003908	0.141670737664874	1.81729360039081
36691	36	36.1416707376649	37.8172936003908	0.141670737664874	1.81729360039081
36692	36	36.38104543234	37.9882755251588	0.381045432340009	1.98827552515877
36693	36	35.9022960429897	37.8172936003908	-0.0977039570102605	1.81729360039081
36694	35	38.9457743038593	43.151929653151	3.94577430385931	8.15192965315095
36695	35	38.4328285295555	43.4596971177333	3.43282852955545	8.45969711773327
36696	35	37.6463116756229	43.0151441133366	2.64631167562286	8.01514411333659
36697	36	37.9614069369809	45.314606741573	1.96140693698095	9.31460674157303
36698	36	39.7650219833903	44.3434294088911	3.76502198339033	8.34342940889105
36699	36	37.5105031753786	44.447484123107	1.5105031753786	8.44748412310699
36700	36	37.5798729848559	45.4880312652662	1.57987298485588	9.48803126526624
36701	36	39.1753786028334	44.829018075232	3.17537860283342	8.82901807523204
36702	36	36.990229604299	45.6614557889595	0.990229604298975	9.66145578895945
36704	36	36.1944308744504	44.6360527601368	0.194430874450418	8.63605276013678
36705	36	37.2496336101612	44.3546653639472	1.24963361016121	8.35466536394723
36706	35	38.5163654127992	43.8925256472887	3.51636541279922	8.89252564728871
36708	41	40.0058622374206	43.6648754274548	-0.994137762579385	2.66487542745481
36709	41	39.4587200781632	44.0068392769907	-1.54127992183683	3.00683927699072
36710	41	39.9032730825598	43.0835368832438	-1.09672691744016	2.08353688324377
36711	41	39.8690766976063	43.2203224230581	-1.13092330239375	2.22032242305814
36712	41	39.5955056179775	43.4255007327797	-1.40449438202248	2.42550073277968
36713	43	40.5280898876404	46.7640449438202	-2.47191011235955	3.76404494382022
36714	41	39.3561309233024	43.6306790425012	-1.64386907669761	2.63067904250122
36715	41	39.971665852467	43.6306790425012	-1.02833414753297	2.63067904250122
36716	41	39.3561309233024	43.0835368832438	-1.64386907669761	2.08353688324377
36717	41	39.6297020029311	42.980947728383	-1.37029799706888	1.980947728383
36718	41	38.8773815339521	43.9384465070835	-2.12261846604788	2.93844650708354
36719	41	39.7322911577919	43.733268197362	-1.26770884220811	2.73326819736199
36720	41	41.6130923302394	44.7249633610161	0.613092330239375	3.72496336101612
36721	41	39.4587200781632	43.4938935026869	-1.54127992183683	2.49389350268686
36722	41	39.5955056179775	43.733268197362	-1.40449438202248	2.73326819736199
36723	41	38.8431851489985	44.0410356619443	-2.15681485100147	3.04103566194431
36724	39	38.4875427454812	46.1875915974597	-0.512457254518807	7.18759159745969
36725	40	35.8339032730826	45.6140693698095	-4.16609672691744	5.61406936980948
36726	40	38.1250610649731	43.8358573522228	-1.87493893502687	3.83585735222276
36727	40	38.7063996091842	46.8451392281387	-1.29360039081583	6.84513922813873
36728	40	37.5437225207621	44.1436248168051	-2.45627747923791	4.14362481680508
36729	40	37.9882755251588	43.8358573522228	-2.01172447484123	3.83585735222276
36730	40	38.5696140693698	44.2462139716659	-1.43038593063019	4.24621397166585
36731	40	39.7322911577919	43.3229115779189	-0.267708842208108	3.3229115779189
36732	40	39.2134831460674	44.5056179775281	-0.786516853932582	4.50561797752809
36733	40	39.5168539325843	45.0786516853933	-0.483146067415731	5.07865168539325
36734	40	39.5505617977528	45.8202247191011	-0.449438202247194	5.82022471910112
36735	40	39.0786516853933	45.6516853932584	-0.921348314606746	5.65168539325843
36736	40	39.6179775280899	44.7078651685393	-0.382022471910112	4.70786516853933
36737	40	39.5505617977528	45.4157303370786	-0.449438202247194	5.41573033707865
36738	40	39.314606741573	46.2247191011236	-0.68539325842697	6.2247191011236
36739	40	39.1123595505618	45.3820224719101	-0.887640449438202	5.38202247191011
36740	40	39.0449438202247	46.6292134831461	-0.955056179775283	6.62921348314607
36741	40	39.0449438202247	45.9887640449438	-0.955056179775283	5.98876404494382
36742	40	38.9438202247191	44.9438202247191	-1.0561797752809	4.9438202247191
36743	40	39.4831460674157	45.5505617977528	-0.516853932584269	5.55056179775281
36744	40	39.6516853932584	45.1797752808989	-0.348314606741575	5.17977528089888
36745	35	35.5393258426966	44.2105520273571	0.539325842696627	9.21055202735711
36746	35	37.2735710796287	44.0718124084025	2.27357107962872	9.07181240840254
36747	44	42.2501221299463	47.9306301905227	-1.74987787005374	3.93063019052272
36748	44	43.6121152906693	47.266243282853	-0.387884709330727	3.26624328285295
36749	44	44.0771861260381	49.2261846604788	0.0771861260381002	5.22618466047875
36750	44	43.1802638006839	47.4655593551539	-0.819736199316068	3.46555935515389
36751	44	42.914509037616	47.0004885197851	-1.08549096238398	3.00048851978505
36752	44	43.2799218368344	47.0337078651685	-0.72007816316561	3.03370786516854
36753	45	44.3761602344895	47.1001465559355	-0.623839765510503	2.10014655593551
36754	44	42.3497801660967	46.5354176844162	-1.65021983390328	2.53541768441622
36755	44	42.2833414753297	48.9272105520274	-1.71665852467025	4.92721055202736
36756	44	44.47581827064	47.266243282853	0.475818270639962	3.26624328285295
36757	42	38.3644357596483	44.6223742061553	-3.63556424035173	2.62237420615535
36758	42	39.3561309233024	43.8358573522228	-2.64386907669761	1.83585735222276
36759	42	39.390327308256	43.9726428920371	-2.60967269174402	1.97264289203713
36760	42	38.638006839277	43.9384465070835	-3.36199316072301	1.93844650708354
36761	42	38.467024914509	44.3829995114802	-3.53297508549096	2.38299951148021
36762	42	38.0566682950659	43.9384465070835	-3.94333170493405	1.93844650708354
36766	46	42.2501221299463	46.4689789936492	-3.74987787005374	0.468978993649245
36771	46	43.3131411822179	46.9340498290181	-2.68685881778212	0.934049829018079
36772	46	41.61895456766	47.4323400097704	-4.38104543234001	1.4323400097704
36773	45	42.5823155837811	47.4987787005374	-2.41768441621886	2.49877870053737
36774	45	43.0806057645335	46.9672691744016	-1.91939423546654	1.96726917440157
36775	45	41.2867611138251	46.0371275036639	-3.71323888617489	1.0371275036639
36776	45	41.5857352222765	46.6682950659502	-3.4142647777235	1.66829506595017
36777	45	43.5456765999023	48.1299462628236	-1.45432340009771	3.12994626282364
36778	45	42.7151929653151	48.0635075720567	-2.2848070346849	3.06350757205666
36779	45	43.8778700537372	47.7645334636053	-1.12212994626282	2.76453346360528
36780	45	42.914509037616	48.2628236443576	-2.08549096238398	3.2628236443576
36781	45	42.2833414753297	48.495359062042	-2.71665852467025	3.49535906204201
36782	45	43.5124572545188	47.8974108451392	-1.48754274548119	2.89741084513923
36783	45	43.5456765999023	47.8974108451392	-1.45432340009771	2.89741084513923
36784	45	42.1836834391793	46.8343917928676	-2.81631656082071	1.83439179286761
36785	45	43.7449926722032	47.8309721543722	-1.25500732779678	2.83097215437225
36786	45	43.8114313629702	47.133365901319	-1.1885686370298	2.133365901319
36787	45	41.9179286761114	47.7645334636053	-3.08207132388862	2.76453346360528
36788	45	44.2100635075721	47.6648754274548	-0.789936492427941	2.66487542745481
36789	45	43.0806057645335	47.133365901319	-1.91939423546654	2.133365901319
36790	45	44.47581827064	48.1963849535906	-0.524181729360038	3.19638495359062
36791	45	41.9775280898876	46.123595505618	-3.02247191011236	1.12359550561798
36792	45	41.8089887640449	46.9325842696629	-3.19101123595506	1.93258426966293
36793	45	41.9775280898876	45.9887640449438	-3.02247191011236	0.988764044943821
36794	45	41.7415730337079	45.5505617977528	-3.25842696629213	0.550561797752806
36795	45	41.9775280898876	46.561797752809	-3.02247191011236	1.56179775280899
36796	45	41.7415730337079	46.4269662921348	-3.25842696629213	1.42696629213484
36797	45	41.5730337078652	47	-3.42696629213484	2
36798	45	41.8426966292135	46.9662921348315	-3.15730337078652	1.96629213483146
36799	45	41.9101123595506	46.8314606741573	-3.08988764044944	1.8314606741573
36800	45	41.5730337078652	47.1685393258427	-3.42696629213484	2.16853932584269
36801	45	42.1123595505618	47.2022471910112	-2.8876404494382	2.20224719101124
36802	45	41.4719101123596	47	-3.52808988764045	2
36803	45	41.5056179775281	45.8539325842697	-3.49438202247191	0.853932584269657
36804	47	41.438202247191	46.0224719101124	-5.56179775280899	-0.977528089887642
36805	45	41.7752808988764	47.6404494382022	-3.2247191011236	2.64044943820225
36806	45	40.3595505617978	46.4606741573034	-4.64044943820225	1.46067415730337
36807	45	42.0112359550562	47.3370786516854	-2.98876404494382	2.33707865168539
36808	45	41.7415730337079	46.2921348314607	-3.25842696629213	1.29213483146067
36809	45	41.8426966292135	44.7078651685393	-3.15730337078652	-0.292134831460672
36810	45	41.876404494382	47.3370786516854	-3.12359550561798	2.33707865168539
36811	45	42.0786516853933	46.6292134831461	-2.92134831460675	1.62921348314607
36812	45	42.1460674157303	47.3033707865169	-2.85393258426966	2.30337078651685
36813	45	42.1123595505618	47.1685393258427	-2.8876404494382	2.16853932584269
36814	45	41.7752808988764	46.6629213483146	-3.2247191011236	1.6629213483146
36815	45	41.438202247191	45.3820224719101	-3.56179775280899	0.382022471910112
36816	45	42.0112359550562	47.2359550561798	-2.98876404494382	2.23595505617978
36817	45	41.5393258426966	45.5505617977528	-3.46067415730337	0.550561797752806
36818	45	41.5056179775281	45.7191011235955	-3.49438202247191	0.719101123595507
36819	45	41.8089887640449	47.7415730337079	-3.19101123595506	2.74157303370787
36820	45	41.5056179775281	47.0337078651685	-3.49438202247191	2.03370786516854
36821	45	41.8089887640449	46.3258426966292	-3.19101123595506	1.32584269662921
36822	45	41.9438202247191	46.8651685393258	-3.0561797752809	1.86516853932584
36823	45	42.2134831460674	47.5730337078652	-2.78651685393258	2.57303370786516
36824	45	40.3932584269663	47.3707865168539	-4.60674157303371	2.37078651685393
36825	45	41.4719101123596	46.4943820224719	-3.52808988764045	1.49438202247191
36826	45	41.6741573033708	46.561797752809	-3.32584269662921	1.56179775280899
36827	41	42.1460674157303	45.6516853932584	1.14606741573034	4.65168539325843
36828	41	40.3258426966292	44.4719101123596	-0.674157303370791	3.47191011235955
36829	41	41.9101123595506	45.752808988764	0.91011235955056	4.75280898876404
36830	33	38.5915974596971	43.829018075232	5.59159745969711	10.829018075232
36831	41	39.5613092330239	41.647288715193	-1.43869076697607	0.647288715192964
36832	41	39.5955056179775	41.8524670249145	-1.40449438202248	0.852467024914503
36833	41	39.5955056179775	41.7498778700537	-1.40449438202248	0.749877870053737
36834	44	40.7767464582316	45.0776746458232	-3.22325354176844	1.07767464582315
36835	42	41.0542256961407	44.9389350268686	-0.945774303859309	2.93893502686859
36836	42	41.0542256961407	45.0776746458232	-0.945774303859309	3.07767464582315
36837	42	40.8114313629702	45.1123595505618	-1.1885686370298	3.1123595505618
36838	42	40.4992672203224	44.8348803126527	-1.50073277967758	2.83488031265266
36839	42	40.1177332681974	45.0429897410845	-1.88226673180264	3.04298974108451
36840	42	39.666829506595	45.0083048363459	-2.33317049340499	3.00830483634587
36841	35	36.6971177332682	42.7195896433806	1.6971177332682	7.71958964338056
36842	35	37.2208109428432	42.8177821201759	2.22081094284319	7.81778212017586
36843	36	36.1406936980948	44.1924767953102	0.140693698094772	8.19247679531021
36844	37	38.419149975574	42.7103077674646	1.41914997557402	5.71030776746458
36845	37	37.733756717147	43.3361016121153	0.733756717147045	6.33610161211529
36847	36	37.7948216902785	43.0503175378603	1.79482169027845	7.05031753786028
36848	36	38.1494870542257	43.5661944308744	2.14948705422569	7.56619443087445
36849	43	42.228627259404	47.8026380068393	-0.771372740595993	4.80263800683927
36850	49	37.8651685393258	43.7640449438202	-11.1348314606742	-5.23595505617978
36851	49	37.1910112359551	47	-11.8089887640449	-2
36852	49	36.9213483146067	43.8314606741573	-12.0786516853933	-5.1685393258427
36853	49	37.7640449438202	44.6067415730337	-11.2359550561798	-4.3932584269663
36854	49	36.7191011235955	47	-12.2808988764045	-2
36855	49	37.561797752809	43.6292134831461	-11.438202247191	-5.37078651685393
36856	49	38.6741573033708	44.3033707865169	-10.3258426966292	-4.69662921348315
36857	49	36.4831460674157	45.5505617977528	-12.5168539325843	-3.44943820224719
36858	49	37.4269662921348	45.2134831460674	-11.5730337078652	-3.78651685393258
36859	39	39.3820224719101	45.5505617977528	0.382022471910112	6.55056179775281
36860	39	39.1797752808989	45.4157303370786	0.17977528089888	6.41573033707865
36861	39	38.8426966292135	47.1348314606742	-0.157303370786522	8.13483146067416
36862	39	39.2134831460674	45.0449438202247	0.213483146067418	6.04494382022472
36863	39	40.0561797752809	47.4044943820225	1.0561797752809	8.40449438202247
36864	39	39.5168539325843	44.7415730337079	0.516853932584269	5.74157303370787
36865	39	40.0224719101124	44.2359550561798	1.02247191011236	5.23595505617978
36866	39	39.2808988764045	45.8202247191011	0.280898876404493	6.82022471910112
36867	39	39.2808988764045	43.6292134831461	0.280898876404493	4.62921348314607
36868	39	39.0112359550562	44.5393258426966	0.0112359550561791	5.53932584269663
36869	37	40.6966292134831	43.8651685393258	3.69662921348315	6.86516853932584
36870	37	40.3258426966292	43.6292134831461	3.32584269662921	6.62921348314607
36871	37	39.3483146067416	43.6292134831461	2.34831460674157	6.62921348314607
36872	37	39.9550561797753	43.8651685393258	2.95505617977528	6.86516853932584
36873	37	40.3595505617978	43.8651685393258	3.35955056179775	6.86516853932584
36874	37	39.9887640449438	43.6629213483146	2.98876404494382	6.6629213483146
36875	37	40.4269662921348	43.7303370786517	3.42696629213484	6.73033707865169
36876	40	39.8539325842697	44.438202247191	-0.146067415730343	4.43820224719101
36877	40	39.8876404494382	44.0337078651685	-0.112359550561798	4.03370786516854
36878	40	39.7191011235955	44.7078651685393	-0.280898876404493	4.70786516853933
36879	40	38.9101123595506	43.0898876404494	-1.08988764044944	3.08988764044943
36880	40	39.5505617977528	43.0561797752809	-0.449438202247194	3.0561797752809
36881	39	36.0942843185149	43.4821690278456	-2.90571568148511	4.48216902784563
36882	35	35.4235466536395	43.562286272594	0.423546653639477	8.56228627259404
36884	36	39.7664875427455	44.6223742061553	3.76648754274548	8.62237420615535
36885	36	39.1851489985344	45.6482657547631	3.18514899853444	9.64826575476307
36886	36	32.1748900830484	47.5290669272106	-3.82510991695163	11.5290669272106
36887	36	39.1509526135808	45.6140693698095	3.15095261358085	9.61406936980948
36889	36	39.1167562286273	45.2037127503664	3.11675622862726	9.20371275036639
36900	34	36.8939912066439	45.3746946751343	2.89399120664387	11.3746946751343
36902	35	37.0991695163654	45.5456765999023	2.09916951636541	10.5456765999023
36903	35	35.8680996580362	47.2212994626282	0.868099658036151	12.2212994626282
36904	35	36.6546165119687	44.4171958964338	1.65461651196873	9.4171958964338
36905	35	35.8680996580362	47.2212994626282	0.868099658036151	12.2212994626282
36917	34	36.1416707376649	43.7674645823156	2.14167073766487	9.76746458231558
36918	34	37.133365901319	44.2120175867123	3.133365901319	10.2120175867123
36920	40	32.0039081582804	48.5891548607719	-7.99609184171959	8.58915486077186
36921	40	34.2608695652174	50.2305813385442	-5.73913043478261	10.2305813385442
36922	40	37.2017586712262	48.247191011236	-2.79824132877381	8.24719101123596
36924	40	32.0039081582804	48.5891548607719	-7.99609184171959	8.58915486077186
36925	40	39.971665852467	43.2545188080117	-0.0283341475329735	3.25451880801172
36928	40	40.9633610161212	43.4938935026869	0.963361016121155	3.49389350268686
36929	40	41.1343429408891	43.4938935026869	1.13434294088911	3.49389350268686
36931	39	37.9540791402052	43.9726428920371	-1.04592085979482	4.97264289203713
36932	39	38.6038104543234	44.3488031265266	-0.396189545676606	5.34880312652662
36933	46	40.2901807523205	46.4689789936492	-5.70981924767953	0.468978993649245
36934	46	39.6257938446507	46.4357596482658	-6.37420615534929	0.435759648265758
36935	46	39.3600390815828	45.6717147044455	-6.6399609184172	-0.328285295554466
36936	46	45.2730825598437	48.628236443576	-0.726917440156328	2.62823644357596
36937	45	40.0908646800195	46.8011724474841	-4.90913531998046	1.80117244748412
36938	46	41.1206643869077	47.2994626282364	-4.87933561309233	1.29946262823644
36939	46	43.2799218368344	47.1665852467025	-2.72007816316561	1.16658524670249
36940	46	41.2203224230581	47.066927210552	-4.77967757694186	1.06692721055202
36941	46	39.2271617000489	63.0786516853933	-6.77283829995115	17.0786516853933
36942	46	40.4894968246214	49.9570102589155	-5.5105031753786	3.95701025891549
36943	35	36.3761602344895	42.9858329262335	1.3761602344895	7.98583292623351
36944	41	39.8876404494382	45.9887640449438	-1.1123595505618	4.98876404494382
36946	41	40.3258426966292	46.8314606741573	-0.674157303370791	5.8314606741573
36947	41	40.6292134831461	47.1348314606742	-0.370786516853933	6.13483146067416
36948	41	40.1573033707865	45.7191011235955	-0.842696629213485	4.71910112359551
36949	50	40.323400097704	47.8309721543722	-9.67659990229605	-2.16902784562775
36950	50	43.0806057645335	48.2960429897411	-6.91939423546654	-1.70395701025892
36951	50	41.4528578407426	47.9970688812897	-8.54714215925745	-2.00293111871031
36952	50	42.1836834391793	47.4323400097704	-7.81631656082071	-2.5676599902296
36953	50	42.3165608207132	46.9008304836346	-7.68343917928676	-3.09916951636541
36954	50	42.3829995114802	46.9672691744016	-7.61700048851979	-3.03273082559843
36955	50	37.9648265754763	44.276502198339	-12.0351734245237	-5.72349780166097
36956	50	39.2603810454323	45.1069858329262	-10.7396189545677	-4.89301416707377
36957	50	39.5925744992672	44.47581827064	-10.4074255007328	-5.52418172936004
36958	50	42.914509037616	47.133365901319	-7.08549096238398	-2.866634098681
36959	50	42.5490962383977	47.8641914997557	-7.45090376160235	-2.13580850024426
36960	50	43.7449926722032	47.6980947728383	-6.25500732779678	-2.3019052271617
36961	50	38.76209086468	45.4059599413776	-11.23790913532	-4.59404005862238
36962	50	39.1607230092819	44.7747923790914	-10.8392769907181	-5.22520762090865
36963	50	39.4929164631168	45.0073277967758	-10.5070835368832	-4.99267220322423
36964	50	37.7987298485589	44.276502198339	-12.2012701514411	-5.72349780166097
36965	50	39.8915486077186	44.8080117244748	-10.1084513922814	-5.19198827552516
36966	50	38.76209086468	45.2730825598437	-11.23790913532	-4.72691744015633
36967	50	42.6819736199316	47.9306301905227	-7.31802638006839	-2.06936980947728
36968	50	40.0908646800195	45.0737664875427	-9.90913531998046	-4.92623351245726
36969	50	40.8549096238398	45.6717147044455	-9.14509037616023	-4.32828529555447
36970	50	42.6155349291646	47.5984367366878	-7.38446507083537	-2.40156326331217
36971	50	42.980947728383	47.6980947728383	-7.019052271617	-2.3019052271617
36972	50	41.9179286761114	47.199804592086	-8.08207132388862	-2.80019540791402
36973	50	43.8114313629702	47.5319980459209	-6.1885686370298	-2.46800195407914
36974	50	39.3932584269663	44.9076697606253	-10.6067415730337	-5.0923302393747
36975	50	43.5456765999023	49.1929653150953	-6.45432340009771	-0.807034684904735
36976	50	43.5788959452858	47.8974108451392	-6.42110405471422	-2.10258915486077
36977	50	42.8812896922325	47.3326819736199	-7.11871030776746	-2.66731802638007
36978	50	44.342940889106	47.6316560820713	-5.657059110894	-2.36834391792868
36979	50	43.1802638006839	47.4655593551539	-6.81973619931607	-2.53444064484611
36980	50	42.3165608207132	47.3659013190034	-7.68343917928676	-2.63409868099658
36981	50	43.8114313629702	47.7645334636053	-6.1885686370298	-2.23546653639472
36982	50	42.9477283829995	47.3659013190034	-7.05227161700049	-2.63409868099658
36983	50	42.7484123106986	47.266243282853	-7.25158768930142	-2.73375671714705
36984	50	41.9179286761114	46.9008304836346	-8.08207132388862	-3.09916951636541
36985	50	42.8148510014656	47.4323400097704	-7.18514899853444	-2.5676599902296
36986	50	41.8514899853444	47.3326819736199	-8.1485100146556	-2.66731802638007
36987	50	42.0840254030288	47.5984367366878	-7.91597459697118	-2.40156326331217
36988	50	42.4162188568637	47.4655593551539	-7.5837811431363	-2.53444064484611
36989	50	40.7884709330728	45.2066438690767	-9.21152906692721	-4.7933561309233
36990	50	42.9477283829995	48.1631656082071	-7.05227161700049	-1.83683439179287
36991	50	43.6453346360528	48.1299462628236	-6.35466536394724	-1.87005373717636
36992	50	41.3199804592086	46.4357596482658	-8.68001954079141	-3.56424035173424
36993	50	38.7953102100635	44.5754763067904	-11.2046897899365	-5.42452369320958
36994	50	43.8778700537372	47.6316560820713	-6.12212994626282	-2.36834391792868
36995	50	43.3463605276014	47.5984367366878	-6.65363947239864	-2.40156326331217
36996	50	42.0840254030288	47.7977528089888	-7.91597459697118	-2.20224719101124
36997	50	43.0806057645335	47.5652173913043	-6.91939423546654	-2.43478260869566
36998	50	42.8148510014656	47.4655593551539	-7.18514899853444	-2.53444064484611
36999	50	41.9179286761114	47.6648754274548	-8.08207132388862	-2.33512457254519
37000	50	44.47581827064	48.0302882266732	-5.52418172936004	-1.96971177332682
37001	50	40.4894968246214	45.5388373229116	-9.5105031753786	-4.46116267708842
37002	39	39.2159257449927	43.829018075232	0.215925744992674	4.82901807523204
37008	44	39.7254518808012	45.9374694675134	-4.27454811919883	1.93746946751344
37011	44	41.2535417684416	47.199804592086	-2.74645823155838	3.19980459208598
37013	44	40.0908646800195	45.4723986321446	-3.90913531998046	1.4723986321446
37014	44	39.4929164631168	48.4621397166585	-4.50708353688324	4.46213971665853
37017	44	40.124084025403	44.9741084513923	-3.87591597459697	0.974108451392283
37020	44	40.124084025403	47.7977528089888	-3.87591597459697	3.79775280898876
37021	44	40.19052271617	46.8343917928676	-3.80947728382999	2.83439179286761
37025	44	39.5593551538837	47.6980947728383	-4.44064484611627	3.6980947728383
37026	37	38.1060087933561	44.2799218368344	1.10600879335613	7.27992183683439
37028	35	38.1753786028334	44.3492916463117	3.17537860283342	9.34929164631167
37029	47	43.3131411822179	47.5319980459209	-3.68685881778212	0.531998045920858
37030	47	43.5788959452858	47.4655593551539	-3.42110405471422	0.465559355153886
37031	47	43.1802638006839	47.8974108451392	-3.81973619931607	0.897410845139227
37032	47	42.2833414753297	48.3292623351246	-4.71665852467025	1.32926233512457
37035	47	43.5788959452858	47.6316560820713	-3.42110405471422	0.631656082071324
37036	47	42.7484123106986	47.5652173913043	-4.25158768930142	0.565217391304344
37037	47	42.3497801660967	47.2994626282364	-4.65021983390328	0.299462628236441
37038	47	43.4127992183683	47.3991206643869	-3.58720078163166	0.399120664386906
37039	46	42.7151929653151	47.2330239374695	-3.2848070346849	1.23302393746947
37041	46	42.0508060576453	47.9970688812897	-3.94919394235467	1.99706888128969
37042	46	43.6121152906693	47.133365901319	-2.38788470933073	1.133365901319
37043	47	42.1172447484123	47.4655593551539	-4.88275525158769	0.465559355153886
37044	47	42.6819736199316	46.9340498290181	-4.31802638006839	-0.065950170981921
37045	47	42.4826575476307	47.5984367366878	-4.51734245236932	0.59843673668783
37046	47	43.4127992183683	47.7645334636053	-3.58720078163166	0.764533463605275
37047	47	42.848070346849	47.1001465559355	-4.15192965315096	0.10014655593551
37048	47	43.0806057645335	47.4655593551539	-3.91939423546654	0.465559355153886
37049	47	42.2833414753297	47.1001465559355	-4.71665852467025	0.10014655593551
37050	47	44.8412310698583	47.3659013190034	-2.15876893014168	0.36590131900342
37051	41	40.0058622374206	42.0918417195896	-0.994137762579385	1.09184171958964
37052	41	40.0742550073278	42.0234489496825	-0.925744992672207	1.02344894968246
37053	41	39.5271128480703	43.0835368832438	-1.47288715192965	2.08353688324377
37054	41	40.0058622374206	42.980947728383	-0.994137762579385	1.980947728383
37055	41	39.0825598436737	41.5105031753786	-1.91744015632634	0.510503175378602
37056	41	39.9032730825598	42.6047874938935	-1.09672691744016	1.6047874938935
37057	41	39.971665852467	42.9125549584758	-1.02833414753297	1.91255495847582
37058	41	39.3561309233024	42.7757694186615	-1.64386907669761	1.77576941866145
37059	41	40.3478260869565	43.1861260381045	-0.652173913043484	2.18612603810455
37060	41	40.9633610161212	42.6731802638007	-0.036638983878845	1.67318026380069
37061	41	39.5613092330239	42.9467513434294	-1.43869076697607	1.94675134342941
37062	41	39.8690766976063	43.0151441133366	-1.13092330239375	2.01514411333659
37063	41	40.5188080117245	43.8016609672692	-0.481191988275526	2.80166096726917
37064	41	39.6980947728383	42.6731802638007	-1.3019052271617	1.67318026380069
37065	41	40.2452369320958	42.1602344894968	-0.75476306790425	1.16023448949682
37066	41	40.0058622374206	42.8783585735222	-0.994137762579385	1.87835857352223
37067	41	40.2110405471422	42.9467513434294	-0.788959452857839	1.94675134342941
37068	39	39.685393258427	42.0786516853933	0.68539325842697	3.07865168539325
37069	46	44.0771861260381	47.8641914997557	-1.9228138739619	1.86419149975574
37070	46	44.9741084513923	47.9306301905227	-1.02589154860772	1.93063019052272
37071	46	44.6086956521739	47.5652173913043	-1.39130434782609	1.56521739130434
37072	46	43.04738641915	48.428920371275	-2.95261358085003	2.42892037127504
37073	46	44.47581827064	47.5652173913043	-1.52418172936004	1.56521739130434
37074	46	39.3268197361993	46.6350757205667	-6.67318026380069	0.635075720566682
37075	46	39.5925744992672	46.1035661944309	-6.40742550073278	0.103566194430869
37076	46	43.3795798729849	47.4323400097704	-2.62042012701514	1.4323400097704
37077	46	43.7117733268197	47.6648754274548	-2.28822667318026	1.66487542745481
37078	46	43.04738641915	47.133365901319	-2.95261358085003	1.133365901319
37079	46	44.1436248168051	47.4655593551539	-1.85637518319492	1.46555935515389
37080	46	43.8778700537372	47.4323400097704	-2.12212994626282	1.4323400097704
37081	46	41.3864191499756	45.4391792867611	-4.61358085002443	-0.560820713238883
37082	46	43.9110893991207	47.8309721543722	-2.08891060087934	1.83097215437225
37083	46	44.276502198339	48.1299462628236	-1.72349780166097	2.12994626282364
37084	46	42.980947728383	46.7679531021006	-3.019052271617	0.767953102100634
37085	46	43.3463605276014	47.8974108451392	-2.65363947239864	1.89741084513923
37086	46	43.8114313629702	48.2296042989741	-2.1885686370298	2.22960429897411
37087	46	43.6453346360528	47.3991206643869	-2.35466536394724	1.39912066438691
37088	46	43.1802638006839	48.2960429897411	-2.81973619931607	2.29604298974108
37089	46	44.1768441621886	47.4655593551539	-1.82315583781143	1.46555935515389
37090	46	41.3531998045921	45.704934049829	-4.64680019540792	-0.295065950170979
37091	46	42.6487542745481	46.1367855398144	-3.35124572545188	0.136785539814362
37092	46	44.6751343429409	47.3326819736199	-1.32486565705911	1.33268197361993
37093	38	38.3488031265266	44.0371275036639	0.348803126526619	6.0371275036639
37094	41	39.6609672691744	42.9213483146067	-1.3390327308256	1.92134831460675
37095	42	41.1685393258427	44.6404494382022	-0.831460674157299	2.64044943820225
37096	42	40.8651685393258	46.5955056179775	-1.13483146067416	4.59550561797752
37097	42	41	44.7078651685393	-1	2.70786516853933
37098	53	45.9374694675134	48.3595505617978	-7.06253053248656	-4.64044943820225
37099	53	45.7410845139228	48.0977039570103	-7.25891548607719	-4.90229604298975
37100	53	45.9374694675134	48.228627259404	-7.06253053248656	-4.77137274059599
37101	53	45.904738641915	48.228627259404	-7.095261358085	-4.77137274059599
37102	53	46.1338544211041	48.5232046897899	-6.86614557889595	-4.47679531021006
37103	53	45.904738641915	48.1958964338056	-7.095261358085	-4.80410356619443
37104	53	46.1011235955056	48.6868588177821	-6.89887640449439	-4.31314118221788
37105	53	45.3155837811431	47.9995114802149	-7.68441621885687	-5.00048851978505
37106	53	46.3629702002931	49.2105520273571	-6.63702979970689	-3.78944797264289
37107	53	46.1338544211041	48.5886663409868	-6.86614557889595	-4.4113336590132
37109	52	39.7586712261847	45.9042501221299	-12.2413287738153	-6.09574987787006
37110	52	41.685393258427	47.9970688812897	-10.314606741573	-4.00293111871031
37111	52	44.1104054714216	47.4655593551539	-7.88959452857841	-4.53444064484611
37112	52	40.4230581338544	47.9306301905227	-11.5769418661456	-4.06936980947728
37113	52	43.8114313629702	47.6316560820713	-8.1885686370298	-4.36834391792868
37114	52	43.4792379091353	47.199804592086	-8.52076209086468	-4.80019540791402
37115	52	43.6785539814363	47.5984367366878	-8.32144601856375	-4.40156326331217
37116	52	41.5857352222765	46.9672691744016	-10.4142647777235	-5.03273082559843
37117	51	40.8216902784563	47.4323400097704	-10.1783097215437	-3.5676599902296
37118	51	44.4425989252565	49.0933072789448	-6.55740107474352	-1.90669272105521
37119	51	43.4792379091353	47.2330239374695	-7.52076209086468	-3.76697606253053
37120	52	43.6121152906693	47.6648754274548	-8.38788470933073	-4.33512457254519
37121	51	40.2901807523205	48.1631656082071	-10.7098192476795	-2.83683439179287
37122	51	44.3097215437225	49.1929653150953	-6.69027845627748	-1.80703468490474
37123	51	43.3795798729849	47.1665852467025	-7.62042012701514	-3.83341475329751
37124	51	44.0771861260381	48.9936492427943	-6.9228138739619	-2.00635075720567
37125	51	43.9775280898876	47.9638495359062	-7.02247191011236	-3.03615046409379
37126	52	43.7449926722032	47.8974108451392	-8.25500732779678	-4.10258915486077
37127	51	42.9477283829995	46.4689789936492	-8.05227161700049	-4.53102100635076
37128	51	43.7782120175867	47.5652173913043	-7.22178798241329	-3.43478260869566
37129	52	44.0771861260381	48.3624816805081	-7.9228138739619	-3.63751831949194
37130	52	44.2100635075721	48.7943331704934	-7.78993649242794	-3.2056668295066
37131	52	43.8446507083537	48.0967269174402	-8.15534929164632	-3.90327308255985
37132	52	44.1436248168051	48.5285784074255	-7.85637518319492	-3.4714215925745
37133	52	43.8114313629702	47.5319980459209	-8.1885686370298	-4.46800195407914
37134	52	40.7552515876893	46.8343917928676	-11.2447484123107	-5.16560820713239
37135	52	39.9912066438691	45.9042501221299	-12.0087933561309	-6.09574987787006
37136	51	40.6888128969223	46.7347337567171	-10.3111871030777	-4.26526624328285
37137	51	43.8446507083537	48.9936492427943	-7.15534929164632	-2.00635075720567
37138	51	40.7220322423058	46.4357596482658	-10.2779677576942	-4.56424035173424
37139	52	43.7782120175867	47.266243282853	-8.22178798241329	-4.73375671714705
37140	52	43.2467024914509	48.7278944797264	-8.7532975085491	-3.27210552027357
37141	51	43.5788959452858	47.266243282853	-7.42110405471422	-3.73375671714705
37142	52	39.5261358085002	47.0337078651685	-12.4738641914998	-4.96629213483146
37143	52	40.7552515876893	47.2330239374695	-11.2447484123107	-4.76697606253053
37144	52	43.8446507083537	47.9306301905227	-8.15534929164632	-4.06936980947728
37145	52	44.2100635075721	48.9272105520274	-7.78993649242794	-3.07278944797264
37146	52	44.0439667806546	48.5950170981925	-7.95603321934539	-3.40498290180753
37147	52	44.0107474352711	48.2960429897411	-7.98925256472887	-3.70395701025892
37148	52	43.6121152906693	47.266243282853	-8.38788470933073	-4.73375671714705
37149	52	44.0107474352711	48.0967269174402	-7.98925256472887	-3.90327308255985
37150	52	41.8514899853444	47.4655593551539	-10.1485100146556	-4.53444064484611
37151	54	42.1504640937958	47.7313141182218	-11.8495359062042	-6.26868588177821
37152	54	41.4528578407426	46.0039081582804	-12.5471421592574	-7.99609184171959
37153	54	43.04738641915	47.2994626282364	-10.95261358085	-6.70053737176356
37154	54	42.5490962383977	48.5950170981925	-11.4509037616023	-5.40498290180753
37155	54	43.9443087445042	48.6946751343429	-10.0556912554958	-5.30532486565706
37156	54	44.6419149975574	49.2261846604788	-9.3580850024426	-4.77381533952125
37157	54	42.6819736199316	51.0200293111871	-11.3180263800684	-2.9799706888129
37158	54	43.8114313629702	49.9570102589155	-10.1885686370298	-4.04298974108451
37159	54	43.0141670737665	48.9936492427943	-10.9858329262335	-5.00635075720567
37160	54	42.3165608207132	48.1963849535906	-11.6834391792868	-5.80361504640938
37161	54	41.9179286761114	48.2960429897411	-12.0820713238886	-5.70395701025892
37162	54	40.7884709330728	45.9042501221299	-13.2115290669272	-8.09574987787006
37163	54	43.2467024914509	48.628236443576	-10.7532975085491	-5.37176355642404
37164	54	44.7747923790914	48.6614557889595	-9.22520762090865	-5.33854421104055
37165	54	44.276502198339	48.7278944797264	-9.72349780166097	-5.27210552027357
37166	54	43.9443087445042	49.3590620420127	-10.0556912554958	-4.6409379579873
37167	54	44.342940889106	50.2227650219834	-9.657059110894	-3.77723497801661
37168	54	42.5823155837811	48.428920371275	-11.4176844162189	-5.57107962872496
37169	54	44.3761602344895	48.8939912066439	-9.6238397655105	-5.10600879335613
37170	54	43.4127992183683	48.9604298974108	-10.5872007816317	-5.03957010258915
37171	54	42.6819736199316	50.4220810942843	-11.3180263800684	-3.57791890571568
37172	54	43.7449926722032	46.4689789936492	-10.2550073277968	-7.53102100635076
37173	54	41.7850512945774	48.0635075720567	-12.2149487054226	-5.93649242794334
37174	54	42.2169027845628	47.8309721543722	-11.7830972154372	-6.16902784562775
37175	54	42.914509037616	47.7313141182218	-11.085490962384	-6.26868588177821
37176	54	41.61895456766	47.199804592086	-12.38104543234	-6.80019540791402
37177	54	44.0107474352711	48.2960429897411	-9.98925256472887	-5.70395701025892
37178	54	44.1104054714216	47.8974108451392	-9.88959452857841	-6.10258915486077
37179	54	42.3165608207132	47.6980947728383	-11.6834391792868	-6.3019052271617
37180	54	41.7518319491939	47.5652173913043	-12.2481680508061	-6.43478260869566
37181	54	43.0141670737665	47.5319980459209	-10.9858329262335	-6.46800195407914
37182	54	41.9511480214949	48.2296042989741	-12.0488519785051	-5.77039570102589
37183	54	43.4792379091353	48.495359062042	-10.5207620908647	-5.50464093795799
37184	54	43.4792379091353	48.5285784074255	-10.5207620908647	-5.4714215925745
37186	34	34.3947239863214	44.8695652173913	0.394723986321445	10.8695652173913
37187	47	42.2501221299463	47.6980947728383	-4.74987787005374	0.698094772838303
37188	47	44.2432828529555	46.9008304836346	-2.75671714704445	-0.0991695163654143
37189	41	40.181240840254	43.0600879335613	-0.818759159745966	2.06008793356131
37190	41	39.2100635075721	43.8925256472887	-1.78993649242794	2.89252564728871
37191	41	38.7938446507084	43.1641426477772	-2.20615534929165	2.16414264777723
37192	41	40.2159257449927	42.609184171959	-0.784074255007326	1.60918417195897
37193	41	39.7650219833903	44.3434294088911	-1.23497801660967	3.34342940889105
37194	42	40.4587200781632	43.0600879335613	-1.54127992183683	1.06008793356131
37195	42	40.5280898876404	43.0254030288227	-1.47191011235955	1.02540302882267
37196	41	39.799706888129	42.9213483146067	-1.20029311187103	1.92134831460675
37197	41	40.28529555447	42.609184171959	-0.714704445530046	1.60918417195897
37198	41	40.7708842208109	43.0947728382999	-0.229115779189058	2.09477283829995
37199	41	40.7361993160723	42.9560332193454	-0.263800683927698	1.95603321934539
37200	41	40.6321446018564	43.0947728382999	-0.367855398143625	2.09477283829995
37201	41	39.9384465070835	42.9213483146067	-1.06155349291646	1.92134831460675
37202	41	40.5280898876404	42.9213483146067	-0.471910112359552	1.92134831460675
37203	41	38.4469956033219	43.6844162188569	-2.55300439667806	2.68441621885687
37204	42	38.3082559843674	43.0600879335613	-3.69174401563264	1.06008793356131
37205	41	39.4528578407426	42.7479237909135	-1.54714215925745	1.74792379091353
37206	41	40.28529555447	42.9560332193454	-0.714704445530046	1.95603321934539
37207	41	40.2159257449927	42.9560332193454	-0.784074255007326	1.95603321934539
37208	42	40.2159257449927	42.8519785051295	-1.78407425500733	0.851978505129452
37209	35	37.7625793844651	43.0503175378603	2.76257938446507	8.05031753786028
37210	35	37.6658524670249	43.0825598436737	2.66585246702491	8.08255984367366
37211	35	37.6013678553981	42.9858329262335	2.60136785539814	7.98583292623351
37212	35	37.6980947728383	43.0180752320469	2.6980947728383	8.0180752320469
37213	35	38.5041524181729	43.0503175378603	3.50415241817294	8.05031753786028
37214	41	39.0366389838788	43.3722520762091	-1.96336101612115	2.37225207620909
37215	40	39.8006839276991	42.0918417195896	-0.199316072300931	2.09184171958964
37216	40	39.8348803126527	42.0918417195896	-0.165119687347342	2.09184171958964
37217	40	39.2535417684416	42.6389838788471	-0.746458231558378	2.63898387884709
37218	40	39.7322911577919	42.3654127992184	-0.267708842208108	2.36541279921837
37219	40	39.8006839276991	42.4338055691256	-0.199316072300931	2.43380556912555
37220	40	39.5955056179775	42.6047874938935	-0.404494382022477	2.6047874938935
37221	40	39.6980947728383	41.7156814851001	-0.301905227161697	1.71568148510015
37222	40	39.6638983878847	42.5021983390327	-0.336101612115293	2.50219833903273
37223	40	39.4587200781632	42.4338055691256	-0.541279921836832	2.43380556912555
37224	35	38.2735710796287	43.8231558378114	3.27357107962872	8.82315583781143
37225	32	31.3605276013679	43.1827063996092	-0.639472398632144	11.1827063996092
37226	43	37.7489008304836	43.6990718124084	-5.25109916951637	0.699071812408405
37227	43	39.0825598436737	43.6648754274548	-3.91744015632634	0.66487542745481
37228	43	37.8172936003908	44.4171958964338	-5.18270639960919	1.4171958964338
37229	43	39.4245236932096	43.8358573522228	-3.57547630679042	0.83585735222276
37230	43	39.6297020029311	43.733268197362	-3.37029799706888	0.733268197361994
37231	43	36.8685881778212	50.1563263312164	-6.1314118221788	7.15632633121641
37232	47	41.1538837322912	47.4987787005374	-5.84611626770884	0.498778700537372
37233	39	36.7127503663898	44.1700048851978	-2.28724963361016	5.17000488519785
37234	37	37.5451880801172	45.0371275036639	0.545188080117242	8.0371275036639
37235	40	38.0713238886175	47.5749877870054	-1.92867611138252	7.57498778700537
37236	38	34.3600390815828	43.9677576941866	-3.6399609184172	5.96775769418662
37237	38	36.4064484611627	44.2452369320958	-1.59355153883732	6.24523693209575
37238	47	41.3531998045921	47.4323400097704	-5.64680019540792	0.4323400097704
37240	47	40.3566194430874	42.4494382022472	-6.64338055691255	-4.55056179775281
37241	47	41.2535417684416	43.2134831460674	-5.74645823155838	-3.78651685393258
37246	41	40.4162188568637	43.2887151929653	-0.583781143136299	2.28871519296531
37247	41	39.6638983878847	43.0151441133366	-1.33610161211529	2.01514411333659
37248	41	39.8006839276991	43.5280898876404	-1.19931607230093	2.52808988764045
37249	38	39.9213483146067	44.8426966292135	1.92134831460675	6.84269662921348
37250	40	39.7191011235955	43.0898876404494	-0.280898876404493	3.08988764044943
37251	38	39.3483146067416	44.7415730337079	1.34831460674157	6.74157303370787
37252	38	39.5842696629213	43.0898876404494	1.58426966292134	5.08988764044943
37253	38	38.7752808988764	43.0898876404494	0.775280898876403	5.08988764044943
37254	38	40.2247191011236	44.1685393258427	2.2247191011236	6.16853932584269
37255	38	38.0674157303371	43.3932584269663	0.0674157303370748	5.39325842696629
37256	38	38.4044943820225	43.4269662921348	0.40449438202247	5.42696629213484
37257	38	39.7865168539326	42.752808988764	1.78651685393258	4.75280898876404
37258	38	38.0674157303371	42.9550561797753	0.0674157303370748	4.95505617977528
37259	38	39.7865168539326	43.0561797752809	1.78651685393258	5.0561797752809
37260	38	38.9775280898876	43.561797752809	0.977528089887642	5.56179775280899
37261	38	38.5730337078652	43.3932584269663	0.573033707865164	5.39325842696629
37262	38	40.2921348314607	43.3258426966292	2.29213483146067	5.32584269662921
37263	38	38.3370786516854	45.1797752808989	0.337078651685388	7.17977528089888
37264	38	38.8089887640449	43.0898876404494	0.80898876404494	5.08988764044943
37265	38	38.8089887640449	43.6292134831461	0.80898876404494	5.62921348314607
37266	38	39.4494382022472	44.1685393258427	1.44943820224719	6.16853932584269
37267	38	38.2696629213483	44.0674157303371	0.269662921348313	6.06741573033707
37268	38	39.5168539325843	45.4494382022472	1.51685393258427	7.44943820224719
37269	38	38.4719101123596	43.7303370786517	0.471910112359552	5.73033707865169
37270	38	39.4157303370786	43.3595505617978	1.41573033707865	5.35955056179775
37271	38	39.0786516853933	44	1.07865168539325	6
37272	38	38.4719101123596	43.2921348314607	0.471910112359552	5.29213483146067
37273	38	38.8089887640449	44.5730337078652	0.80898876404494	6.57303370786516
37274	38	39.247191011236	44.4719101123596	1.24719101123596	6.47191011235955
37275	38	38.6741573033708	44.3033707865169	0.674157303370791	6.30337078651685
37276	38	38.6741573033708	43.4269662921348	0.674157303370791	5.42696629213484
37277	38	39.5168539325843	43.6966292134831	1.51685393258427	5.69662921348315
37278	38	39.1123595505618	43.7303370786517	1.1123595505618	5.73033707865169
37279	38	38.2696629213483	43.0561797752809	0.269662921348313	5.0561797752809
37280	38	38.6404494382022	43.561797752809	0.640449438202246	5.56179775280899
37281	38	38.7078651685393	43.3932584269663	0.707865168539328	5.39325842696629
37282	38	38.5056179775281	44.4719101123596	0.50561797752809	6.47191011235955
37283	38	39.5842696629213	43.3595505617978	1.58426966292134	5.35955056179775
37284	38	38	43.4943820224719	0	5.49438202247191
37285	38	39.1460674157303	43.7303370786517	1.14606741573034	5.73033707865169
37286	38	39.9550561797753	46.2247191011236	1.95505617977528	8.2247191011236
37287	38	39.2134831460674	43.8651685393258	1.21348314606742	5.86516853932584
37288	41	39.5955056179775	43.4255007327797	-1.40449438202248	2.42550073277968
37289	41	40.5530043966781	42.7757694186615	-0.446995603321938	1.77576941866145
37290	41	39.8690766976063	42.7757694186615	-1.13092330239375	1.77576941866145
37291	41	40.4846116267709	42.6389838788471	-0.515388373229115	1.63898387884709
37292	40	40.1768441621886	43.6306790425012	0.176844162188573	3.63067904250122
37293	41	40.723986321446	42.9125549584758	-0.27601367855398	1.91255495847582
37294	41	38.9457743038593	43.5280898876404	-2.05422569614069	2.52808988764045
37295	41	39.1509526135808	43.2203224230581	-1.84904738641915	2.22032242305814
37296	41	40.4162188568637	42.7757694186615	-0.583781143136299	1.77576941866145
37297	41	40.0058622374206	42.9467513434294	-0.994137762579385	1.94675134342941
37298	41	39.971665852467	42.8783585735222	-1.02833414753297	1.87835857352223
37299	41	40.2110405471422	43.0151441133366	-0.788959452857839	2.01514411333659
37300	41	40.0058622374206	42.7073766487543	-0.994137762579385	1.70737664875428
37301	41	39.971665852467	42.809965803615	-1.02833414753297	1.80996580361504
37302	41	39.219345383488	43.0493404982902	-1.78065461651197	2.04934049829018
37304	40	40.3258426966292	45.0112359550562	0.325842696629209	5.01123595505618
37305	40	39.4494382022472	43.9662921348315	-0.550561797752806	3.96629213483146
37306	40	40.5280898876404	46.6629213483146	0.528089887640448	6.6629213483146
37307	40	40.561797752809	44.9438202247191	0.561797752808985	4.9438202247191
37308	40	38.0337078651685	44.9101123595506	-1.96629213483146	4.91011235955056
37309	40	40.7977528089888	44.6404494382022	0.797752808988761	4.64044943820225
37310	43	40.4504152418173	44.9643380556913	-2.5495847581827	1.96433805569126
37311	45	40.5872007816317	45.0327308255984	-4.41279921836835	0.0327308255984349
37312	45	40.7923790913532	44.9643380556913	-4.2076209086468	-0.0356619443087425
37313	42	40.7581827063996	42.980947728383	-1.24181729360039	0.980947728383001
37314	46	40.6555935515388	44.5881778212018	-5.34440644846116	-1.41182217879825
37315	46	40.142647777235	44.2804103566194	-5.85735222276502	-1.71958964338056
37316	42	39.8690766976063	45.3404982901807	-2.13092330239375	3.34049829018075
37317	41	37.4606741573034	44.0674157303371	-3.53932584269663	3.06741573033707
37318	41	41.1348314606742	45.1123595505618	0.134831460674157	4.1123595505618
37319	41	40.4269662921348	44.9101123595506	-0.573033707865164	3.91011235955056
37320	41	40.2584269662921	44.4719101123596	-0.741573033707866	3.47191011235955
37321	41	40.6629213483146	45.8539325842697	-0.337078651685395	4.85393258426966
37322	41	40.4269662921348	44.7078651685393	-0.573033707865164	3.70786516853933
37323	41	40.7640449438202	44.7752808988764	-0.235955056179776	3.7752808988764
37324	41	41.0674157303371	45.9887640449438	0.0674157303370748	4.98876404494382
37325	41	40.2921348314607	44	-0.707865168539328	3
37326	41	38.1685393258427	43.7977528089888	-2.8314606741573	2.79775280898876
37327	40	38.9101123595506	44.9775280898876	-1.08988764044944	4.97752808988764
37328	40	29.2359550561798	67.6292134831461	-10.7640449438202	27.6292134831461
37330	40	38.6741573033708	43.0561797752809	-1.32584269662921	3.0561797752809
37331	40	38.5393258426966	47.0337078651685	-1.46067415730337	7.03370786516854
37332	40	35.2359550561798	46.9325842696629	-4.76404494382022	6.93258426966293
37337	40	39.5168539325843	43.8651685393258	-0.483146067415731	3.86516853932584
37339	40	35.1685393258427	45.8539325842697	-4.8314606741573	5.85393258426966
37340	40	35.7415730337079	54.2134831460674	-4.25842696629213	14.2134831460674
37342	40	39.685393258427	44.4719101123596	-0.31460674157303	4.47191011235955
37343	40	40.9662921348315	45.247191011236	0.966292134831463	5.24719101123596
37344	40	31.3258426966292	45.2808988764045	-8.67415730337079	5.28089887640449
37347	40	40.1573033707865	44.1011235955056	0.157303370786515	4.10112359550561
37348	41	38.3033707865169	44.3033707865169	-2.69662921348315	3.30337078651685
37349	41	39.1797752808989	44.876404494382	-1.82022471910112	3.87640449438202
