36455	36	40.2794333170493	41.0317537860283	4.27943331704934	5.03175378602833
36456	36	40.5872007816317	41.3737176355642	4.58720078163165	5.37371763556424
36457	36	40.0058622374206	40.6213971665852	4.00586223742062	4.62139716658525
36458	36	40.3478260869565	41.0317537860283	4.34782608695652	5.03175378602833
36459	36	38.0908646800195	38.9457743038593	2.09086468001954	2.94577430385931
36460	36	41.647288715193	43.3913043478261	5.64728871519296	7.39130434782609
36461	42	41.476306790425	42.4338055691256	-0.523693209574986	0.433805569125553
36463	42	40.8607718612604	42.0234489496825	-1.13922813873962	0.0234489496824608
36465	42	42.4338055691256	43.0835368832438	0.433805569125553	1.08353688324377
36466	42	42.4680019540791	43.1177332681974	0.468001954079142	1.11773326819736
36467	42	42.2970200293112	43.0151441133366	0.297020029311184	1.01514411333659
36468	42	41.7498778700537	42.6389838788471	-0.250122129946263	0.638983878847093
36469	42	42.228627259404	43.151929653151	0.228627259404007	1.15192965315095
36470	42	41.2027357107963	42.0918417195896	-0.79726428920371	0.0918417195896382
36471	42	41.1001465559355	41.9892525647289	-0.89985344406449	-0.0107474352711279
36472	42	41.476306790425	42.3654127992184	-0.523693209574986	0.365412799218369
36473	42	42.1260381045432	42.8783585735222	0.126038104543234	0.878358573522227
36474	42	41.3053248656571	42.228627259404	-0.694675134342944	0.228627259404007
36475	42	41.7840742550073	42.4680019540791	-0.215925744992674	0.468001954079142
36476	42	41.7156814851001	42.4680019540791	-0.284318514899851	0.468001954079142
36477	42	42.057645334636	42.8441621885686	0.0576453346360495	0.844162188568632
36478	40	40.894968246214	41.3053248656571	0.894968246213971	1.30532486565706
36479	40	41.1685393258427	41.5446995603322	1.16853932584269	1.54469956033219
36480	40	41.1685393258427	41.5446995603322	1.16853932584269	1.54469956033219
36481	40	40.8607718612604	41.2711284807035	0.860771861260382	1.27112848070347
36482	40	40.8265754763068	41.2369320957499	0.826575476306786	1.23693209574988
36483	40	42.3654127992184	42.980947728383	2.36541279921837	2.980947728383
36484	40	41.2027357107963	41.5788959452858	1.20273571079629	1.57889594528578
36485	40	41.1001465559355	41.476306790425	1.10014655593551	1.47630679042501
36486	40	41.3395212506106	41.6814851001466	1.33952125061064	1.68148510014656
36487	40	41.7840742550073	42.3654127992184	1.78407425500733	2.36541279921837
36488	31	39.8749389350269	41.1582804103566	8.87493893502687	10.1582804103566
36493	36	41.2217879824133	42.1582804103566	5.22178798241329	6.15828041035662
36494	36	40.7015144113337	41.5686370297997	4.70151441133366	5.5686370297997
36496	36	41.5339521250611	42.8866634098681	5.53395212506106	6.8866634098681
36498	45	43.8314606741573	44.5056179775281	-1.1685393258427	-0.49438202247191
36499	60	50.6179775280899	52.5818270639961	-9.38202247191011	-7.41817293600391
36501	40	38.5730337078652	39.4831460674157	-1.42696629213484	-0.516853932584269
36502	40	42.7191011235955	43.5955056179775	2.71910112359551	3.59550561797752
36503	36	40.3893502686859	41.2564728871519	4.38935026868588	5.25647288715193
36504	36	40.3546653639472	41.1871030776746	4.35466536394723	5.18710307767465
36505	36	40.3546653639472	41.152418172936	4.35466536394723	5.152418172936
36506	36	40.6321446018564	41.3952125061065	4.63214460185637	5.3952125061065
36507	36	40.9443087445042	41.9501709819248	4.94430874450416	5.95017098192477
36508	36	41.0136785539814	41.8808011724475	5.01367855398144	5.88080117244748
36509	36	40.4587200781632	41.1871030776746	4.45872007816317	5.18710307767465
36510	36	40.7361993160723	41.4645823155838	4.7361993160723	5.46458231558378
36511	36	40.5974596971177	41.4298974108451	4.59745969711773	5.42989741084514
36512	36	41.0483634587201	41.9154860771861	5.04836345872008	5.91548607718612
36513	36	40.28529555447	41.1177332681974	4.28529555446995	5.11773326819736
36514	36	40.9789936492428	41.8461162677088	4.9789936492428	5.84611626770884
36515	36	40.5280898876404	41.6726917440156	4.52808988764045	5.67269174401564
36516	36	41.0483634587201	42.0542256961407	5.04836345872008	6.05422569614069
36517	36	40.7361993160723	41.5339521250611	4.7361993160723	5.53395212506106
36518	36	40.9096238397655	41.7767464582316	4.90962383976551	5.77674645823156
36519	36	40.9096238397655	42.0195407914021	4.90962383976551	6.01954079140205
36520	36	40.9443087445042	41.8808011724475	4.94430874450416	5.88080117244748
36521	35	40.5872007816317	41.9550561797753	5.58720078163165	6.95505617977528
36522	35	41.1343429408891	41.9892525647289	6.13434294088911	6.98925256472887
36523	35	41.3737176355642	42.399609184172	6.37371763556424	7.39960918417196
36524	35	40.9975574010747	41.9208597948217	5.99755740107474	6.92085979482169
36525	35	40.9975574010747	42.2970200293112	5.99755740107474	7.29702002931118
36526	35	40.1768441621886	40.894968246214	5.17684416218857	5.89496824621397
36527	38	40.181240840254	41.1871030776746	2.18124084025403	3.18710307767465
36528	38	40.0425012212995	41.0136785539814	2.04250122129946	3.01367855398144
36529	38	40.2506106497313	41.0830483634587	2.25061064973131	3.08304836345872
36530	38	40.0425012212995	40.9096238397655	2.04250122129946	2.90962383976551
36531	38	39.9384465070835	40.7708842208109	1.93844650708354	2.77088422081094
36532	38	40.2506106497313	41.2911577918906	2.25061064973131	3.29115779189057
36533	38	40.666829506595	41.7420615534929	2.66682950659501	3.74206155349292
36534	35	40.3136297020029	42.0234489496825	5.31362970200293	7.02344894968246
36536	41	42.0234489496825	42.6047874938935	1.02344894968246	1.6047874938935
36537	41	41.7498778700537	42.228627259404	0.749877870053737	1.22862725940401
36538	41	40.9975574010747	41.5446995603322	-0.00244259892525633	0.544699560332191
36539	41	41.0317537860283	41.476306790425	0.0317537860283323	0.476306790425014
36540	41	41.2027357107963	41.6814851001466	0.20273571079629	0.68148510014656
36541	41	41.2711284807035	41.7498778700537	0.271128480703467	0.749877870053737
36542	41	41.5788959452858	42.0918417195896	0.57889594528578	1.09184171958964
36543	41	41.7498778700537	42.399609184172	0.749877870053737	1.39960918417196
36544	42	42.1123595505618	42.685393258427	0.112359550561798	0.68539325842697
36545	42	42.1123595505618	42.9213483146067	0.112359550561798	0.921348314606746
36546	42	41.5730337078652	42.3820224719101	-0.426966292134836	0.382022471910112
36547	42	41.5056179775281	42.2808988764045	-0.49438202247191	0.280898876404493
36548	42	42.247191011236	43.123595505618	0.247191011235955	1.12359550561798
36549	42	42.0786516853933	42.8539325842697	0.078651685393254	0.853932584269657
36550	42	41.5730337078652	42.5168539325843	-0.426966292134836	0.516853932584269
36551	42	41.6741573033708	42.7191011235955	-0.325842696629209	0.719101123595507
36552	42	41.5393258426966	42.314606741573	-0.460674157303373	0.31460674157303
36553	42	41.7415730337079	42.5842696629213	-0.258426966292134	0.584269662921344
36554	42	41.5393258426966	42.5842696629213	-0.460674157303373	0.584269662921344
36555	42	41.6067415730337	42.752808988764	-0.393258426966291	0.752808988764045
36556	42	41.6067415730337	42.7191011235955	-0.393258426966291	0.719101123595507
36557	42	42.0112359550562	43.3258426966292	0.0112359550561791	1.32584269662921
36558	42	41.9101123595506	42.8539325842697	-0.0898876404494402	0.853932584269657
36559	42	42.3820224719101	43.3258426966292	0.382022471910112	1.32584269662921
36560	42	42.0112359550562	42.8202247191011	0.0112359550561791	0.82022471910112
36561	42	42.0449438202247	42.752808988764	0.0449438202247165	0.752808988764045
36562	42	42.1123595505618	42.8539325842697	0.112359550561798	0.853932584269657
36563	42	41.876404494382	42.5168539325843	-0.123595505617978	0.516853932584269
36564	42	42.4157303370786	43.7303370786517	0.415730337078649	1.73033707865169
36566	38	40.2452369320958	41.0659501709819	2.24523693209575	3.06595017098192
36567	38	40.9975574010747	41.647288715193	2.99755740107474	3.64728871519296
36568	38	40.3478260869565	41.0659501709819	2.34782608695652	3.06595017098192
36569	38	40.723986321446	41.4421104054714	2.72398632144602	3.44211040547142
36570	38	39.5955056179775	40.3136297020029	1.59550561797752	2.31362970200293
36571	38	40.5872007816317	41.2027357107963	2.58720078163165	3.20273571079629
36572	45	41.0835368832438	41.9540791402052	-3.91646311675623	-3.04592085979482
36573	45	40.9223253541768	41.857352222765	-4.07767464582315	-3.14264777723498
36574	41	43.3595505617978	45.2134831460674	2.35955056179775	4.21348314606742
36575	41	43.4269662921348	44.3370786516854	2.42696629213484	3.33707865168539
36576	41	42.6179775280899	45.0112359550562	1.61797752808989	4.01123595505618
36577	39	40.3199804592086	41.638006839277	1.31998045920859	2.63800683927699
36578	39	39.7650219833903	40.7361993160723	0.765021983390326	1.7361993160723
36580	38	39.1118710307767	40.8461162677088	1.11187103077675	2.84611626770884
36581	43	40.7933561309233	41.8251099169516	-2.2066438690767	-1.17489008304837
36582	43	41.5349291646312	42.4699560332193	-1.46507083536883	-0.530043966780653
36583	43	42.1797752808989	42.7923790913532	-0.82022471910112	-0.207620908646803
36584	43	42.1475329750855	42.695652173913	-0.85246702491451	-0.304347826086953
36585	43	40.8900830483635	41.857352222765	-2.10991695163654	-1.14264777723498
36586	43	41.5026868588178	42.9858329262335	-1.49731314118222	-0.0141670737664867
36587	43	41.438202247191	42.9213483146067	-1.56179775280899	-0.078651685393254
36588	43	41.6638983878847	42.276502198339	-1.33610161211529	-0.723497801660969
36589	43	41.8895945285784	42.4054714215926	-1.11040547142159	-0.594528578407427
36590	43	41.7283829995115	42.1797752808989	-1.27161700048852	-0.82022471910112
36591	43	41.438202247191	41.9218368343918	-1.56179775280899	-1.0781631656082
36592	43	41.6638983878847	42.2442598925256	-1.33610161211529	-0.755740107474352
36593	43	41.7283829995115	42.3087445041524	-1.27161700048852	-0.691255495847585
36594	43	40.599902296043	41.4704445530044	-2.40009770395702	-1.5295554469956
36595	43	41.4596971177333	42.2120175867123	-1.54030288226673	-0.787982413287736
36596	43	41.1861260381045	41.8358573522228	-1.81387396189545	-1.16414264777724
36597	43	42.0752320468979	42.5881778212018	-0.924767953102105	-0.411822178798246
36598	43	42.5881778212018	43.066927210552	-0.411822178798246	0.0669272105520236
36599	43	42.5881778212018	43.3404982901807	-0.411822178798246	0.340498290180747
36600	43	41.6990718124084	42.4513922813874	-1.30092818759159	-0.548607718612601
36601	43	41.3913043478261	42.4513922813874	-1.60869565217391	-0.548607718612601
36602	43	41.4255007327797	42.7591597459697	-1.57449926722032	-0.240840254030289
36607	38	41.2369320957499	41.7498778700537	3.23693209574988	3.74987787005374
36608	38	40.7581827063996	41.5105031753786	2.75818270639961	3.5105031753786
36609	38	40.8607718612604	41.647288715193	2.86077186126038	3.64728871519296
36610	38	40.723986321446	41.5788959452858	2.72398632144602	3.57889594528578
36611	38	41.0659501709819	42.0234489496825	3.06595017098192	4.02344894968246
36612	46	43.0898876404494	43.8651685393258	-2.91011235955057	-2.13483146067416
36613	46	47.3033707865169	48.1123595505618	1.30337078651685	2.1123595505618
36614	46	45.9550561797753	46.6966292134831	-0.0449438202247165	0.696629213483149
36615	46	44.6741573033708	45.247191011236	-1.32584269662921	-0.752808988764045
36616	46	45.3483146067416	46.0224719101124	-0.651685393258433	0.0224719101123583
36618	46	44.9775280898876	45.752808988764	-1.02247191011236	-0.247191011235955
36619	46	45.5168539325843	46.123595505618	-0.483146067415731	0.123595505617978
36620	46	46.0898876404494	46.6292134831461	0.0898876404494331	0.629213483146067
36621	46	45.2808988764045	45.9213483146067	-0.719101123595507	-0.078651685393254
36622	46	46.5280898876404	47.4044943820225	0.528089887640448	1.40449438202247
36623	35	40.2129946262824	41.0512945774304	5.21299462628237	6.05129457743038
36624	35	40.4386907669761	41.3092330239375	5.43869076697607	6.30923302393747
36625	35	40.2452369320958	41.1157791890572	5.24523693209575	6.11577918905716
36626	35	40.5031753786028	41.3737176355642	5.50317537860283	6.37371763556424
36627	35	40.3097215437225	41.1157791890572	5.30972154372252	6.11577918905716
36628	35	40.4064484611627	41.4059599413776	5.40644846116268	6.40595994137762
36629	41	42.057645334636	42.809965803615	1.05764533463605	1.80996580361504
36630	41	41.8524670249145	42.5363947239863	0.852467024914503	1.53639472398632
36631	42	41.7752808988764	42.6179775280899	-0.224719101123597	0.617977528089888
36632	42	43.123595505618	43.9325842696629	1.12359550561798	1.93258426966293
36633	42	42.1123595505618	42.7865168539326	0.112359550561798	0.786516853932582
36634	41	40.6629213483146	41.3033707865169	-0.337078651685395	0.303370786516851
36635	41	42.3483146067416	43.0561797752809	1.34831460674157	2.0561797752809
36636	42	41.876404494382	42.9213483146067	-0.123595505617978	0.921348314606746
36637	42	41.5730337078652	42.7865168539326	-0.426966292134836	0.786516853932582
36638	42	41.5393258426966	42.4494382022472	-0.460674157303373	0.449438202247194
36639	44	41.438202247191	42.314606741573	-2.56179775280899	-1.68539325842697
36640	42	41.9892525647289	42.7073766487543	-0.0107474352711279	0.707376648754277
36641	42	41.1343429408891	42.399609184172	-0.865657059110895	0.399609184171958
36642	42	40.5530043966781	41.3737176355642	-1.44699560332194	-0.62628236443576
36643	42	41.9208597948217	43.0493404982902	-0.0791402051783052	1.04934049829018
36644	42	40.7581827063996	41.6814851001466	-1.24181729360039	-0.31851489985344
36645	43	41.4044943820225	42.1797752808989	-1.59550561797753	-0.82022471910112
36648	40	40.3952125061065	41.5744992672203	0.395212506106496	1.57449926722032
36649	40	40.3605276013679	42.3722520762091	0.360527601367856	2.37225207620909
36650	40	38.799706888129	39.7708842208109	-1.20029311187103	-0.229115779189058
36651	40	41.8182706399609	42.3312164142648	1.81827063996091	2.33121641426477
36652	40	41.476306790425	42.057645334636	1.47630679042501	2.05764533463605
36653	40	41.6130923302394	42.2628236443576	1.61309233023938	2.2628236443576
36654	40	41.7156814851001	42.3654127992184	1.71568148510015	2.36541279921837
36655	40	41.7498778700537	42.399609184172	1.74987787005374	2.39960918417196
36656	40	41.6130923302394	42.2628236443576	1.61309233023938	2.2628236443576
36657	40	41.4079140205178	42.057645334636	1.40791402051783	2.05764533463605
36658	40	41.5105031753786	42.1944308744504	1.5105031753786	2.19443087445042
36659	40	41.7498778700537	42.4680019540791	1.74987787005374	2.46800195407914
36660	41	40.9633610161212	41.4079140205178	-0.036638983878845	0.407914020517829
36661	41	42.3654127992184	43.1861260381045	1.36541279921837	2.18612603810455
36662	41	42.0918417195896	42.8783585735222	1.09184171958964	1.87835857352223
36663	41	41.0659501709819	41.5105031753786	0.065950170981921	0.510503175378602
36664	41	40.894968246214	41.4079140205178	-0.105031753786029	0.407914020517829
36665	41	40.9291646311676	41.3737176355642	-0.0708353688324337	0.37371763556424
36666	41	40.7923790913532	41.2711284807035	-0.207620908646803	0.271128480703467
36667	41	40.894968246214	41.3737176355642	-0.105031753786029	0.37371763556424
36668	41	41.2369320957499	41.8182706399609	0.236932095749879	0.818270639960915
36669	41	40.723986321446	41.2027357107963	-0.27601367855398	0.20273571079629
36670	41	40.894968246214	41.3053248656571	-0.105031753786029	0.305324865657056
36671	41	41.2027357107963	41.6130923302394	0.20273571079629	0.613092330239375
36672	41	41.8524670249145	43.0151441133366	0.852467024914503	2.01514411333659
36673	46	45.7191011235955	46.9662921348315	-0.280898876404493	0.966292134831463
36674	46	45.8876404494382	47.2696629213483	-0.112359550561798	1.26966292134831
36675	36	37.2716170004885	39.4748412310699	1.27161700048852	3.47484123106986
36676	36	40.2794333170493	41.0659501709819	4.27943331704934	5.06595017098192
36677	36	41.476306790425	42.2628236443576	5.47630679042501	6.2628236443576
36678	36	41.5446995603322	42.3312164142648	5.54469956033219	6.33121641426477
36679	36	41.1685393258427	42.399609184172	5.16853932584269	6.39960918417196
36680	36	41.0659501709819	41.8524670249145	5.06595017098192	5.8524670249145
36681	36	40.9633610161212	41.6130923302394	4.96336101612115	5.61309233023938
36682	36	41.5446995603322	42.2970200293112	5.54469956033219	6.29702002931118
36683	36	40.8265754763068	41.5788959452858	4.82657547630679	5.57889594528578
36684	36	40.6897899364924	41.5446995603322	4.68978993649243	5.54469956033219
36685	36	40.723986321446	41.4421104054714	4.72398632144602	5.44211040547142
36686	36	41.0317537860283	41.647288715193	5.03175378602833	5.64728871519296
36687	36	40.8607718612604	41.5788959452858	4.86077186126038	5.57889594528578
36688	36	40.4504152418173	41.1001465559355	4.4504152418173	5.10014655593551
36689	36	37.1675622862726	37.4069369809477	1.1675622862726	1.40693698094773
36690	36	37.2017586712262	37.4411333659013	1.20175867122619	1.44113336590132
36691	36	37.2701514411334	37.4753297508549	1.27015144113336	1.47532975085491
36692	36	37.4069369809477	37.6463116756229	1.40693698094773	1.64631167562286
36693	36	37.0649731314118	37.304347826087	1.06497313141182	1.30434782608695
36694	35	40.4162188568637	40.9291646311676	5.4162188568637	5.92916463116757
36695	35	40.9291646311676	41.6130923302394	5.92916463116757	6.61309233023938
36696	35	39.9374694675134	40.5188080117245	4.93746946751344	5.51880801172447
36697	36	41.3952125061065	42.5744992672203	5.3952125061065	6.57449926722032
36698	36	41.5686370297997	42.2970200293112	5.5686370297997	6.29702002931118
36699	36	40.8749389350269	41.9848558866634	4.87493893502687	5.98485588666341
36700	36	41.1177332681974	42.4010747435271	5.11773326819736	6.40107474352711
36701	36	41.6726917440156	42.609184171959	5.67269174401564	6.60918417195897
36702	36	41.0483634587201	42.2970200293112	5.04836345872008	6.29702002931118
36704	36	39.9579872984856	41.3649242794333	3.95798729848559	5.36492427943332
36705	36	40.1690278456277	41.5759648265755	4.16902784562775	5.57596482657547
36706	35	40.7015144113337	41.7420615534929	5.70151441133366	6.74206155349292
36708	41	41.4421104054714	42.1944308744504	0.442110405471425	1.19443087445042
36709	41	40.8607718612604	41.7498778700537	-0.139228138739618	0.749877870053737
36710	41	40.8265754763068	41.476306790425	-0.173424523693214	0.476306790425014
36711	41	40.9975574010747	41.6814851001466	-0.00244259892525633	0.68148510014656
36712	41	40.9291646311676	41.647288715193	-0.0708353688324337	0.647288715192964
36713	43	44.0674157303371	44.9101123595506	1.06741573033707	1.91011235955056
36714	41	41.0317537860283	41.8524670249145	0.0317537860283323	0.852467024914503
36715	41	41.1685393258427	41.8866634098681	0.168539325842694	0.886663409868099
36716	41	40.3478260869565	41.0317537860283	-0.652173913043484	0.0317537860283323
36717	41	40.5872007816317	41.3053248656571	-0.412799218368349	0.305324865657056
36718	41	40.9291646311676	41.9208597948217	-0.0708353688324337	0.920859794821695
36719	41	41.0317537860283	41.9208597948217	0.0317537860283323	0.920859794821695
36720	41	42.4680019540791	43.1177332681974	1.46800195407914	2.11773326819736
36721	41	40.723986321446	41.5446995603322	-0.27601367855398	0.544699560332191
36722	41	40.6555935515388	41.5446995603322	-0.344406448461164	0.544699560332191
36723	41	40.5872007816317	41.647288715193	-0.412799218368349	0.647288715192964
36724	39	42.0600879335613	43.2046897899365	3.06008793356131	4.2046897899365
36725	40	41.6130923302394	43.6648754274548	1.61309233023938	3.66487542745481
36726	40	41.3395212506106	42.3654127992184	1.33952125061064	2.36541279921837
36727	40	43.0835368832438	44.5197850512946	3.08353688324377	4.51978505129458
36728	40	41.3395212506106	42.5021983390327	1.33952125061064	2.50219833903273
36729	40	41.2711284807035	42.399609184172	1.27112848070347	2.39960918417196
36730	40	41.8182706399609	42.8783585735222	1.81827063996091	2.87835857352223
36731	40	41.4079140205178	42.1944308744504	1.40791402051783	2.19443087445042
36732	40	41.7752808988764	42.5168539325843	1.7752808988764	2.51685393258427
36733	40	42.3483146067416	43.1910112359551	2.34831460674157	3.19101123595506
36734	40	43.0561797752809	44.1685393258427	3.0561797752809	4.16853932584269
36735	40	42.7865168539326	43.6629213483146	2.78651685393258	3.6629213483146
36736	40	42.2808988764045	42.9550561797753	2.28089887640449	2.95505617977528
36737	40	43.1910112359551	44.1348314606742	3.19101123595506	4.13483146067416
36738	40	42.8539325842697	43.8651685393258	2.85393258426966	3.86516853932584
36739	40	42.4157303370786	43.2921348314607	2.41573033707865	3.29213483146067
36740	40	43.0898876404494	44.2022471910112	3.08988764044943	4.20224719101124
36741	40	42.1460674157303	43.1910112359551	2.14606741573034	3.19101123595506
36742	40	41.9438202247191	42.7865168539326	1.9438202247191	2.78651685393258
36743	40	42.5842696629213	43.5955056179775	2.58426966292134	3.59550561797752
36744	40	42.7865168539326	43.5955056179775	2.78651685393258	3.59550561797752
36745	35	39.1465559355154	40.6033219345383	4.14655593551539	5.60332193453834
36746	35	40.4298974108451	41.609184171959	5.42989741084514	6.60918417195897
36747	44	45.5720566682951	46.5021983390327	1.57205666829506	2.50219833903273
36748	44	45.6052760136785	46.3028822667318	1.60527601367855	2.3028822667318
36749	44	47.0337078651685	48.1963849535906	3.03370786516854	4.19638495359062
36750	44	45.8710307767465	46.6682950659502	1.87103077674646	2.66829506595017
36751	44	45.8045920859795	46.4689789936492	1.80459208597948	2.46897899364924
36752	44	45.9042501221299	46.5686370297997	1.90425012212994	2.5686370297997
36753	45	46.1367855398144	46.5686370297997	1.13678553981436	1.5686370297997
36754	44	44.0107474352711	44.7747923790914	0.0107474352711279	0.774792379091352
36755	44	46.4689789936492	47.7645334636053	2.46897899364924	3.76453346360528
36756	44	46.4025403028823	47.1665852467025	2.40254030288227	3.16658524670249
36757	42	41.7156814851001	42.809965803615	-0.284318514899851	0.809965803615043
36758	42	41.9550561797753	42.7073766487543	-0.0449438202247165	0.707376648754277
36759	42	41.5105031753786	42.3312164142648	-0.489496824621398	0.331216414264773
36760	42	40.894968246214	41.8182706399609	-1.10503175378603	-0.181729360039085
36761	42	41.1001465559355	42.1602344894968	-0.89985344406449	0.160234489496823
36762	42	40.4162188568637	41.3053248656571	-1.5837811431363	-0.694675134342944
36766	46	45.3063019052272	45.9706888128969	-0.693698094772842	-0.029311187103076
36771	46	46.8011724474841	47.5984367366878	0.80117244748412	1.59843673668783
36772	46	46.1367855398144	47.1001465559355	0.136785539814362	1.10014655593551
36773	45	45.1402051783097	46.3028822667318	0.140205178309721	1.3028822667318
36774	45	45.638495359062	46.5686370297997	0.638495359062041	1.5686370297997
36775	45	44.3097215437225	45.5720566682951	-0.690278456277483	0.572056668295062
36776	45	45.2398632144602	46.3028822667318	0.239863214460186	1.3028822667318
36777	45	46.7347337567171	47.8309721543722	1.73473375671715	2.83097215437225
36778	45	46.6350757205667	47.8309721543722	1.63507572056668	2.83097215437225
36779	45	47.6648754274548	48.7278944797264	2.66487542745481	3.72789447972643
36780	45	47.6980947728383	49.1929653150953	2.6980947728383	4.19296531509526
36781	45	47.7313141182218	49.1597459697118	2.73131411822179	4.15974596971177
36782	45	47.266243282853	48.3957010258915	2.26624328285295	3.39570102589155
36783	45	47.1665852467025	48.2296042989741	2.16658524670249	3.22960429897411
36784	45	45.8710307767465	46.9340498290181	0.871030776746458	1.93404982901808
36785	45	46.0703468490474	47.1001465559355	1.07034684904738	2.10014655593551
36786	45	45.4059599413776	46.2032242305813	0.405959941377624	1.20322423058134
36787	45	44.8744504152418	45.9706888128969	-0.125549584758183	0.970688812896924
36788	45	46.7015144113337	47.5984367366878	1.70151441133366	2.59843673668783
36789	45	45.8045920859795	46.5686370297997	0.804592085979479	1.5686370297997
36790	45	46.5354176844162	47.4323400097704	1.53541768441622	2.4323400097704
36791	45	44.4044943820225	45.0449438202247	-0.59550561797753	0.0449438202247165
36792	45	44.7752808988764	45.685393258427	-0.224719101123597	0.68539325842697
36793	45	44.6741573033708	45.3483146067416	-0.325842696629209	0.348314606741567
36794	45	44.4719101123596	45.1460674157303	-0.528089887640448	0.146067415730336
36795	45	44.5393258426966	45.314606741573	-0.460674157303373	0.31460674157303
36796	45	44.7415730337079	45.4831460674157	-0.258426966292134	0.483146067415731
36797	45	45.5505617977528	46.5280898876404	0.550561797752806	1.52808988764045
36798	45	44.9438202247191	45.7865168539326	-0.0561797752808957	0.786516853932582
36799	45	45.1797752808989	45.9550561797753	0.17977528089888	0.955056179775283
36800	45	45.0112359550562	45.9887640449438	0.0112359550561791	0.988764044943821
36801	45	45.1797752808989	46.0561797752809	0.17977528089888	1.0561797752809
36802	45	44.9438202247191	45.752808988764	-0.0561797752808957	0.752808988764045
36803	45	44.8089887640449	45.5168539325843	-0.19101123595506	0.516853932584269
36804	47	44.3033707865169	44.9775280898876	-2.69662921348315	-2.02247191011236
36805	45	45.7865168539326	46.7303370786517	0.786516853932582	1.73033707865169
36806	45	44.4044943820225	45.5842696629213	-0.59550561797753	0.584269662921344
36807	45	45.7191011235955	46.561797752809	0.719101123595507	1.56179775280899
36808	45	45.2808988764045	46.0224719101124	0.280898876404493	1.02247191011236
36809	45	43.8651685393258	44.438202247191	-1.13483146067416	-0.561797752808985
36810	45	45.4157303370786	46.2921348314607	0.415730337078649	1.29213483146067
36811	45	45.5505617977528	46.2921348314607	0.550561797752806	1.29213483146067
36812	45	45.9550561797753	46.7977528089888	0.955056179775283	1.79775280898876
36813	45	45.2808988764045	46.0224719101124	0.280898876404493	1.02247191011236
36814	45	45.0112359550562	45.7865168539326	0.0112359550561791	0.786516853932582
36815	45	44.1011235955056	44.8089887640449	-0.898876404494388	-0.19101123595506
36816	45	45.1460674157303	46.0224719101124	0.146067415730336	1.02247191011236
36817	45	44.0337078651685	44.7078651685393	-0.966292134831463	-0.292134831460672
36818	45	44.3707865168539	45.0449438202247	-0.629213483146067	0.0449438202247165
36819	45	45.4831460674157	46.3595505617978	0.483146067415731	1.35955056179775
36820	45	44.6067415730337	45.4157303370786	-0.393258426966298	0.415730337078649
36821	45	45.752808988764	46.4606741573034	0.752808988764045	1.46067415730337
36822	45	45.8539325842697	46.5955056179775	0.853932584269657	1.59550561797752
36823	45	45.9213483146067	46.7640449438202	0.921348314606746	1.76404494382022
36824	45	44.8426966292135	46.3595505617978	-0.157303370786522	1.35955056179775
36825	45	44.6741573033708	45.4831460674157	-0.325842696629209	0.483146067415731
36826	45	44.7752808988764	45.6179775280899	-0.224719101123597	0.617977528089888
36827	41	44.5056179775281	45.0112359550562	3.50561797752809	4.01123595505618
36828	41	42.752808988764	43.3932584269663	1.75280898876404	2.39325842696629
36829	41	44.0337078651685	44.6067415730337	3.03370786516854	3.6067415730337
36830	33	40.638006839277	41.7132388861749	7.63800683927699	8.71323888617489
36831	41	41.3053248656571	41.7498778700537	0.305324865657056	0.749877870053737
36832	41	41.5105031753786	42.0234489496825	0.510503175378602	1.02344894968246
36833	41	41.8524670249145	42.3312164142648	0.852467024914503	1.33121641426477
36834	44	41.8172936003908	42.8231558378114	-2.18270639960919	-1.17684416218857
36835	42	42.1294577430386	42.961895456766	0.129457743038593	0.961895456766001
36836	42	42.1294577430386	42.961895456766	0.129457743038593	0.961895456766001
36837	42	42.0254030288227	42.961895456766	0.0254030288226659	0.961895456766001
36838	42	41.505129457743	42.3722520762091	-0.494870542256962	0.372252076209087
36839	42	41.3317049340498	42.2681973619932	-0.668295065950176	0.26819736199316
36840	42	41.7132388861749	42.6497313141182	-0.286761113825108	0.64973131411822
36841	35	39.7083536883244	40.3629702002931	4.70835368832438	5.36297020029311
36842	35	39.7410845139228	40.4611626770884	4.74108451392281	5.46116267708842
36843	36	39.8392769907181	41.3448949682462	3.83927699071812	5.34489496824621
36844	37	39.9985344406448	40.6243282852956	2.99853444064485	3.62432828529555
36845	37	40.1475329750855	41.0117244748412	3.14753297508549	4.01172447484123
36847	36	40.0840254030288	40.8578407425501	4.08402540302882	4.85784074255007
36848	36	40.5676599902296	41.5671714704445	4.5676599902296	5.56717147044455
36849	43	45.4772838299951	46.57156814851	2.47728382999512	3.57156814851001
36850	49	40.8314606741573	41.9775280898876	-8.1685393258427	-7.02247191011236
36851	49	41.6404494382022	43.1910112359551	-7.35955056179775	-5.80898876404494
36852	49	40.3595505617978	41.6741573033708	-8.64044943820225	-7.32584269662921
36853	49	41.9438202247191	43.3595505617978	-7.0561797752809	-5.64044943820225
36854	49	41.5730337078652	43.2247191011236	-7.42696629213484	-5.7752808988764
36855	49	41.1348314606742	42.3483146067416	-7.86516853932584	-6.65168539325843
36856	49	41.5393258426966	42.6179775280899	-7.46067415730337	-6.38202247191011
36857	49	41.2359550561798	42.8539325842697	-7.76404494382022	-6.14606741573034
36858	49	41.5730337078652	42.8876404494382	-7.42696629213484	-6.1123595505618
36859	39	43.8314606741573	44.8089887640449	4.8314606741573	5.80898876404494
36860	39	42.752808988764	43.5955056179775	3.75280898876404	4.59550561797752
36861	39	43.5955056179775	44.7415730337079	4.59550561797752	5.74157303370787
36862	39	43.3258426966292	44.2359550561798	4.32584269662921	5.23595505617978
36863	39	45.3483146067416	46.4943820224719	6.34831460674157	7.49438202247191
36864	39	43.5955056179775	44.4044943820225	4.59550561797752	5.40449438202247
36865	39	43.5280898876404	44.2022471910112	4.52808988764045	5.20224719101124
36866	39	43.6292134831461	44.5056179775281	4.62921348314607	5.50561797752809
36867	39	42.2808988764045	43.0561797752809	3.28089887640449	4.0561797752809
36868	39	42.9550561797753	43.8651685393258	3.95505617977528	4.86516853932584
36869	37	43.4269662921348	43.9662921348315	6.42696629213484	6.96629213483146
36870	37	43.0898876404494	43.6292134831461	6.08988764044943	6.62921348314607
36871	37	42.8539325842697	43.5955056179775	5.85393258426966	6.59550561797752
36872	37	43.0561797752809	43.6966292134831	6.0561797752809	6.69662921348315
36873	37	43.0561797752809	43.561797752809	6.0561797752809	6.56179775280899
36874	37	42.9550561797753	43.5280898876404	5.95505617977528	6.52808988764045
36875	37	43.123595505618	43.5280898876404	6.12359550561798	6.52808988764045
36876	40	42.685393258427	43.6966292134831	2.68539325842697	3.69662921348315
36877	40	42.5842696629213	43.2921348314607	2.58426966292134	3.29213483146067
36878	40	42.5842696629213	43.4606741573034	2.58426966292134	3.46067415730337
36879	40	41.6741573033708	42.685393258427	1.67415730337079	2.68539325842697
36880	40	41.876404494382	42.6179775280899	1.87640449438202	2.61797752808989
36881	39	39.4934049829018	40.7767464582316	0.493404982901808	1.77674645823156
36882	35	38.8773815339521	40.4162188568637	3.87738153395212	5.4162188568637
36884	36	41.8524670249145	42.7415730337079	5.8524670249145	6.74157303370787
36885	36	41.7156814851001	42.9125549584758	5.71568148510015	6.91255495847582
36886	36	39.0825598436737	41.5105031753786	3.08255984367366	5.5105031753786
36887	36	41.647288715193	42.809965803615	5.64728871519296	6.80996580361504
36889	36	41.476306790425	42.4680019540791	5.47630679042501	6.46800195407914
36900	34	41.4421104054714	42.9467513434294	7.44211040547142	8.94675134342941
36902	35	40.9633610161212	42.3312164142648	5.96336101612115	7.33121641426477
36903	35	40.9633610161212	42.5705911089399	5.96336101612115	7.57059110893991
36904	35	40.1768441621886	41.2369320957499	5.17684416218857	6.23693209574988
36905	35	40.9633610161212	42.5705911089399	5.96336101612115	7.57059110893991
36917	34	40.3136297020029	41.6814851001466	6.31362970200293	7.68148510014656
36918	34	40.7581827063996	42.057645334636	6.75818270639961	8.05764533463605
36920	40	39.3561309233024	42.1260381045432	-0.643869076697605	2.12603810454323
36921	40	41.1001465559355	43.9042501221299	1.10014655593551	3.90425012212994
36922	40	42.0234489496825	43.8016609672692	2.02344894968246	3.80166096726917
36924	40	39.3561309233024	42.1260381045432	-0.643869076697605	2.12603810454323
36925	40	42.1944308744504	42.6731802638007	2.19443087445042	2.67318026380069
36928	40	41.5788959452858	42.1260381045432	1.57889594528578	2.12603810454323
36929	40	42.1260381045432	42.6047874938935	2.12603810454323	2.6047874938935
36931	39	41.0659501709819	42.057645334636	2.06595017098192	3.05764533463605
36932	39	41.5788959452858	42.4680019540791	2.57889594528578	3.46800195407914
36933	46	45.1734245236932	46.2696629213483	-0.826575476306786	0.269662921348313
36934	46	44.8744504152418	46.1035661944309	-1.12554958475818	0.103566194430869
36935	46	43.8114313629702	44.9076697606253	-2.1885686370298	-1.0923302393747
36936	46	47.5319980459209	48.2628236443576	1.53199804592086	2.2628236443576
36937	45	44.6086956521739	45.8045920859795	-0.391304347826086	0.804592085979479
36938	46	44.9741084513923	46.1700048851978	-1.02589154860772	0.170004885197848
36939	46	45.6717147044455	46.2696629213483	-0.328285295554466	0.269662921348313
36940	46	45.1402051783097	46.4689789936492	-0.859794821690279	0.468978993649245
36941	46	46.6018563751832	50.3224230581339	0.601856375183189	4.32242305813385
36942	46	45.1734245236932	46.9340498290181	-0.826575476306786	0.934049829018079
36943	35	39.6326331216414	40.7288715192965	4.63263312164143	5.72887151929653
36944	41	42.1797752808989	43.5955056179775	1.17977528089888	2.59550561797752
36946	41	43.4943820224719	44.9438202247191	2.49438202247191	3.9438202247191
36947	41	43.8651685393258	45.4157303370786	2.86516853932584	4.41573033707865
36948	41	42.685393258427	43.9325842696629	1.68539325842697	2.93258426966293
36949	50	45.9374694675134	47.266243282853	-4.06253053248656	-2.73375671714705
36950	50	47.1665852467025	48.3292623351246	-2.83341475329751	-1.67073766487543
36951	50	46.9008304836346	48.1631656082071	-3.09916951636541	-1.83683439179287
36952	50	45.6052760136785	46.3693209574988	-4.39472398632145	-3.63067904250122
36953	50	45.4723986321446	46.2364435759648	-4.5276013678554	-3.76355642403517
36954	50	45.638495359062	46.3361016121153	-4.36150464093796	-3.66389838788471
36955	50	41.9179286761114	43.113825109917	-8.08207132388862	-6.88617489008305
36956	50	42.980947728383	44.0107474352711	-7.019052271617	-5.98925256472887
36957	50	42.7816316560821	43.8114313629702	-7.21836834391793	-6.1885686370298
36958	50	46.2364435759648	47.1001465559355	-3.76355642403517	-2.89985344406449
36959	50	46.3693209574988	47.2994626282364	-3.63067904250122	-2.70053737176356
36960	50	45.704934049829	46.5354176844162	-4.29506595017098	-3.46458231558378
36961	50	43.5788959452858	44.6419149975574	-6.42110405471422	-5.3580850024426
36962	50	43.1802638006839	44.2432828529555	-6.81973619931607	-5.75671714704445
36963	50	43.6121152906693	44.5422569614069	-6.38788470933073	-5.45774303859307
36964	50	42.6155349291646	43.6785539814363	-7.38446507083537	-6.32144601856375
36965	50	43.4127992183683	44.276502198339	-6.58720078163166	-5.72349780166097
36966	50	42.7816316560821	43.9443087445042	-7.21836834391793	-6.05569125549584
36967	50	46.9008304836346	47.7977528089888	-3.09916951636541	-2.20224719101124
36968	50	43.5124572545188	44.409379579873	-6.48754274548119	-5.59062042012702
36969	50	44.1436248168051	44.9741084513923	-5.85637518319492	-5.02589154860772
36970	50	46.3361016121153	47.1665852467025	-3.66389838788471	-2.83341475329751
36971	50	47.3659013190034	48.3292623351246	-2.63409868099658	-1.67073766487543
36972	50	46.1035661944309	46.9340498290181	-3.89643380556913	-3.06595017098192
36973	50	47.2994626282364	48.1299462628236	-2.70053737176356	-1.87005373717636
36974	50	43.0806057645335	44.0771861260381	-6.91939423546654	-5.9228138739619
36975	50	47.7977528089888	49.1265266243283	-2.20224719101124	-0.873473375671715
36976	50	46.8011724474841	47.8309721543722	-3.19882755251588	-2.16902784562775
36977	50	46.7015144113337	47.6316560820713	-3.29848558866634	-2.36834391792868
36978	50	46.5686370297997	47.199804592086	-3.4313629702003	-2.80019540791402
36979	50	46.3693209574988	47.199804592086	-3.63067904250122	-2.80019540791402
36980	50	46.0371275036639	46.9672691744016	-3.9628724963361	-3.03273082559843
36981	50	46.8343917928676	47.6980947728383	-3.16560820713239	-2.3019052271617
36982	50	45.9042501221299	46.7347337567171	-4.09574987787006	-3.26526624328285
36983	50	45.7381533952125	46.4357596482658	-4.26184660478749	-3.56424035173424
36984	50	45.1069858329262	45.8045920859795	-4.89301416707377	-4.19540791402052
36985	50	46.7015144113337	47.5652173913043	-3.29848558866634	-2.43478260869566
36986	50	45.3395212506106	46.1035661944309	-4.66047874938936	-3.89643380556913
36987	50	45.9706888128969	47.0337078651685	-4.02931118710308	-2.96629213483146
36988	50	46.1035661944309	47.0337078651685	-3.89643380556913	-2.96629213483146
36989	50	42.980947728383	43.8778700537372	-7.019052271617	-6.12212994626282
36990	50	47.6316560820713	48.5950170981925	-2.36834391792868	-1.40498290180753
36991	50	47.133365901319	47.9970688812897	-2.866634098681	-2.00293111871031
36992	50	45.0073277967758	45.837811431363	-4.99267220322423	-4.16218856863703
36993	50	43.3795798729849	44.409379579873	-6.62042012701514	-5.59062042012702
36994	50	46.3693209574988	47.133365901319	-3.63067904250122	-2.866634098681
36995	50	46.5686370297997	47.4655593551539	-3.4313629702003	-2.53444064484611
36996	50	46.0703468490474	47.199804592086	-3.92965315095262	-2.80019540791402
36997	50	46.0039081582804	46.7679531021006	-3.99609184171959	-3.23204689789937
36998	50	45.9706888128969	46.7347337567171	-4.02931118710308	-3.26526624328285
36999	50	46.0371275036639	46.9008304836346	-3.9628724963361	-3.09916951636541
37000	50	47.3659013190034	48.0967269174402	-2.63409868099658	-1.90327308255985
37001	50	44.2432828529555	45.1069858329262	-5.75671714704445	-4.89301416707377
37002	39	40.9501709819248	41.9213483146067	1.95017098192477	2.92134831460675
37008	44	43.7117733268197	44.6086956521739	-0.288226673180262	0.608695652173914
37011	44	44.276502198339	45.1734245236932	0.276502198339031	1.17342452369321
37013	44	42.8812896922325	43.5456765999023	-1.11871030776746	-0.454323400097707
37014	44	44.3097215437225	45.6052760136785	0.309721543722517	1.60527601367855
37017	44	42.7484123106986	43.3795798729849	-1.25158768930142	-0.620420127015144
37020	44	43.9110893991207	44.9741084513923	-0.0889106008793377	0.974108451392283
37021	44	44.0439667806546	45.0405471421593	0.043966780654614	1.04054714215926
37025	44	44.47581827064	45.6717147044455	0.475818270639962	1.67171470444553
37026	37	40.7073766487543	41.6438690766976	3.70737664875428	4.64386907669761
37028	35	40.6726917440156	41.7479237909135	5.67269174401564	6.74792379091353
37029	47	45.9042501221299	46.6350757205667	-1.09574987787006	-0.364924279433318
37030	47	46.0371275036639	46.7679531021006	-0.962872496336104	-0.232046897899366
37031	47	46.7347337567171	47.7313141182218	-0.265266243282852	0.731314118221789
37032	47	47.3991206643869	48.7278944797264	0.399120664386906	1.72789447972643
37035	47	47.066927210552	47.8641914997557	0.0669272105520236	0.864191499755741
37036	47	45.704934049829	46.6018563751832	-1.29506595017098	-0.398143624816811
37037	47	46.0703468490474	47.0337078651685	-0.929653150952618	0.0337078651685374
37038	47	47.199804592086	47.9970688812897	0.199804592085982	0.997068881289692
37039	46	44.8744504152418	45.6717147044455	-1.12554958475818	-0.328285295554466
37041	46	45.1402051783097	46.2032242305813	-0.859794821690279	0.203224230581341
37042	46	46.7347337567171	47.3991206643869	0.734733756717148	1.39912066438691
37043	47	44.47581827064	45.2398632144602	-2.52418172936004	-1.76013678553981
37044	47	45.8710307767465	46.6350757205667	-1.12896922325354	-0.364924279433318
37045	47	46.0703468490474	47.066927210552	-0.929653150952618	0.0669272105520236
37046	47	46.2696629213483	47.0337078651685	-0.730337078651687	0.0337078651685374
37047	47	45.5388373229116	46.2032242305813	-1.46116267708842	-0.796775769418659
37048	47	45.638495359062	46.4025403028823	-1.36150464093796	-0.597459697117735
37049	47	45.5388373229116	46.5021983390327	-1.46116267708842	-0.497801660967269
37050	47	46.0703468490474	46.6350757205667	-0.929653150952618	-0.364924279433318
37051	41	41.1343429408891	41.5446995603322	0.134342940889105	0.544699560332191
37052	41	41.1001465559355	41.476306790425	0.10014655593551	0.476306790425014
37053	41	40.7923790913532	41.476306790425	-0.207620908646803	0.476306790425014
37054	41	40.9975574010747	41.5788959452858	-0.00244259892525633	0.57889594528578
37055	41	41.1685393258427	41.8182706399609	0.168539325842694	0.818270639960915
37056	41	41.1001465559355	41.5788959452858	0.10014655593551	0.57889594528578
37057	41	41.4421104054714	41.9892525647289	0.442110405471425	0.989252564728872
37058	41	41.0659501709819	41.6130923302394	0.065950170981921	0.613092330239375
37059	41	41.3737176355642	41.9208597948217	0.37371763556424	0.920859794821695
37060	41	41.4421104054714	41.8182706399609	0.442110405471425	0.818270639960915
37061	41	40.8607718612604	41.476306790425	-0.139228138739618	0.476306790425014
37062	41	41.647288715193	42.1944308744504	0.647288715192964	1.19443087445042
37063	41	42.0234489496825	42.6731802638007	1.02344894968246	1.67318026380069
37064	41	41.2369320957499	41.7498778700537	0.236932095749879	0.749877870053737
37065	41	40.9291646311676	41.2711284807035	-0.0708353688324337	0.271128480703467
37066	41	41.0659501709819	41.647288715193	0.065950170981921	0.647288715192964
37067	41	41.0317537860283	41.6130923302394	0.0317537860283323	0.613092330239375
37068	39	41.6741573033708	42.247191011236	2.67415730337079	3.24719101123596
37069	46	47.2994626282364	48.1631656082071	1.29946262823644	2.16316560820713
37070	46	48.2296042989741	49.0268685881778	2.22960429897411	3.02686858817782
37071	46	46.4357596482658	46.9672691744016	0.435759648265758	0.967269174401565
37072	46	46.5354176844162	47.6316560820713	0.535417684416217	1.63165608207132
37073	46	46.7347337567171	47.4987787005374	0.734733756717148	1.49877870053737
37074	46	44.276502198339	45.6052760136785	-1.72349780166097	-0.394723986321452
37075	46	45.5720566682951	46.7679531021006	-0.427943331704938	0.767953102100634
37076	46	46.4025403028823	47.2994626282364	0.402540302882265	1.29946262823644
37077	46	46.8011724474841	47.5652173913043	0.80117244748412	1.56521739130434
37078	46	46.0371275036639	46.9008304836346	0.0371275036638963	0.900830483634586
37079	46	46.4357596482658	47.0337078651685	0.435759648265758	1.03370786516854
37080	46	45.9374694675134	46.5354176844162	-0.0625305324865622	0.535417684416217
37081	46	43.6453346360528	44.3761602344895	-2.35466536394724	-1.6238397655105
37082	46	46.5021983390327	47.4655593551539	0.502198339032731	1.46555935515389
37083	46	47.3991206643869	48.4621397166585	1.39912066438691	2.46213971665853
37084	46	44.7415730337079	45.6052760136785	-1.25842696629213	-0.394723986321452
37085	46	47.266243282853	48.2960429897411	1.26624328285295	2.29604298974108
37086	46	47.4987787005374	48.628236443576	1.49877870053737	2.62823644357596
37087	46	46.5686370297997	47.3991206643869	0.568637029799703	1.39912066438691
37088	46	46.5021983390327	47.5984367366878	0.502198339032731	1.59843673668783
37089	46	47.5984367366878	48.428920371275	1.59843673668783	2.42892037127504
37090	46	43.6785539814363	44.5090376160234	-2.32144601856375	-1.49096238397655
37091	46	44.5754763067904	45.1069858329262	-1.42452369320958	-0.893014167073765
37092	46	47.133365901319	47.7645334636053	1.133365901319	1.76453346360528
37093	38	40.7420615534929	41.8172936003908	2.74206155349292	3.81729360039081
37094	41	40.7361993160723	41.4298974108451	-0.263800683927698	0.429897410845143
37095	42	43.2584269662921	44.0337078651685	1.25842696629213	2.03370786516854
37096	42	43.6292134831461	44.6404494382022	1.62921348314607	2.64044943820225
37097	42	43.2584269662921	43.9325842696629	1.25842696629213	1.93258426966293
37098	53	49.6360527601368	50.2579384465071	-3.36394723986322	-2.74206155349292
37099	53	48.0649731314118	48.6213971665852	-4.93502686858818	-4.37860283341475
37100	53	48.3595505617978	48.9159745969712	-4.64044943820225	-4.08402540302882
37101	53	48.6213971665852	49.1778212017587	-4.37860283341475	-3.82217879824132
37102	53	49.505129457743	50.0615534929165	-3.49487054225696	-2.93844650708354
37103	53	48.9159745969712	49.4723986321446	-4.08402540302882	-3.5276013678554
37104	53	49.8978993649243	50.4870542256961	-3.10210063507572	-2.51294577430386
37105	53	48.752320468979	49.4069369809477	-4.24767953102101	-3.59306301905227
37106	53	50.0615534929165	50.6834391792868	-2.93844650708354	-2.31656082071324
37107	53	49.0468978993649	49.6033219345383	-3.95310210063508	-3.39667806546166
37109	52	45.0405471421593	46.5021983390327	-6.95945285784074	-5.49780166096727
37110	52	47.1001465559355	48.3624816805081	-4.89985344406449	-3.63751831949194
37111	52	47.8641914997557	48.6946751343429	-4.13580850024426	-3.30532486565706
37112	52	45.9042501221299	47.2994626282364	-6.09574987787006	-4.70053737176356
37113	52	47.4655593551539	48.428920371275	-4.53444064484611	-3.57107962872496
37114	52	47.066927210552	47.9970688812897	-4.93307278944798	-4.00293111871031
37115	52	47.133365901319	48.1299462628236	-4.866634098681	-3.87005373717636
37116	52	46.6350757205667	47.8309721543722	-5.36492427943332	-4.16902784562775
37117	51	45.704934049829	46.9008304836346	-5.29506595017098	-4.09916951636541
37118	51	48.428920371275	49.4919394235467	-2.57107962872496	-1.50806057645335
37119	51	46.8343917928676	47.7313141182218	-4.16560820713239	-3.26868588177821
37120	52	48.0967269174402	49.1265266243283	-3.90327308255985	-2.87347337567171
37121	51	45.837811431363	47.3326819736199	-5.16218856863703	-3.66731802638007
37122	51	49.0600879335613	50.1895456765999	-1.93991206643869	-0.810454323400101
37123	51	46.5021983390327	47.4323400097704	-4.49780166096727	-3.5676599902296
37124	51	49.3922813873962	50.5881778212018	-1.60771861260381	-0.411822178798239
37125	51	47.9638495359062	48.9604298974108	-3.03615046409379	-2.03957010258915
37126	52	48.1963849535906	49.2926233512457	-3.80361504640938	-2.70737664875428
37127	51	46.1367855398144	47.0337078651685	-4.86321446018564	-3.96629213483146
37128	51	47.4987787005374	48.4621397166585	-3.50122129946263	-2.53786028334147
37129	52	48.428920371275	49.5583781143136	-3.57107962872496	-2.44162188568637
37130	52	48.7278944797264	49.8905715681485	-3.27210552027357	-2.10942843185149
37131	52	48.3292623351246	49.4255007327797	-3.67073766487543	-2.57449926722032
37132	52	48.2960429897411	49.3258426966292	-3.70395701025892	-2.67415730337079
37133	52	47.5984367366878	48.561797752809	-4.40156326331217	-3.43820224719101
37134	52	45.6052760136785	46.7679531021006	-6.39472398632145	-5.23204689789937
37135	52	44.5422569614069	45.7381533952125	-7.45774303859307	-6.26184660478749
37136	51	44.6419149975574	45.7381533952125	-6.3580850024426	-5.26184660478749
37137	51	49.2926233512457	50.6213971665852	-1.70737664875428	-0.378602833414753
37138	51	44.9741084513923	46.0703468490474	-6.02589154860772	-4.92965315095262
37139	52	47.3326819736199	48.1963849535906	-4.66731802638007	-3.80361504640938
37140	52	48.3624816805081	49.6912554958476	-3.63751831949194	-2.30874450415241
37141	51	46.9672691744016	47.8641914997557	-4.03273082559843	-3.13580850024426
37142	52	44.5090376160234	45.8710307767465	-7.49096238397655	-6.12896922325354
37143	52	45.8045920859795	47.0004885197851	-6.19540791402052	-4.99951148021495
37144	52	47.8309721543722	48.8939912066439	-4.16902784562775	-3.10600879335613
37145	52	48.7943331704934	49.923790913532	-3.2056668295066	-2.076209086468
37146	52	48.428920371275	49.4919394235467	-3.57107962872496	-2.50806057645335
37147	52	48.3624816805081	49.4587200781632	-3.63751831949194	-2.54127992183683
37148	52	47.2994626282364	48.2296042989741	-4.70053737176356	-3.77039570102589
37149	52	48.3957010258915	49.3922813873962	-3.60429897410845	-2.60771861260381
37150	52	45.704934049829	46.8011724474841	-6.29506595017098	-5.19882755251588
37151	54	47.7977528089888	49.0268685881778	-6.20224719101124	-4.97313141182218
37152	54	44.5422569614069	45.5388373229116	-9.45774303859307	-8.46116267708842
37153	54	47.7313141182218	48.6614557889595	-6.26868588177821	-5.33854421104055
37154	54	48.7611138251099	50.0566682950659	-5.23888617489008	-3.94333170493405
37155	54	49.3922813873962	50.4553004396678	-4.60771861260381	-3.54469956033219
37156	54	50.9868099658036	52.1827063996092	-3.01319003419638	-1.81729360039082
37157	54	49.7576941866146	51.285784074255	-4.24230581338544	-2.71421592574499
37158	54	49.7576941866146	51.1861260381045	-4.24230581338544	-2.81387396189546
37159	54	49.5583781143136	50.9203712750366	-4.44162188568637	-3.07962872496336
37160	54	49.1597459697118	50.4553004396678	-4.84025403028823	-3.54469956033219
37161	54	47.3659013190034	48.628236443576	-6.63409868099658	-5.37176355642404
37162	54	47.8309721543722	49.1929653150953	-6.16902784562775	-4.80703468490474
37163	54	47.8309721543722	49.1597459697118	-6.16902784562775	-4.84025403028823
37164	54	50.5217391304348	51.4518808011724	-3.47826086956522	-2.54811919882756
37165	54	50.8207132388862	51.9833903273083	-3.17928676111383	-2.01660967269174
37166	54	50.2559843673669	51.4851001465559	-3.74401563263312	-2.51489985344406
37167	54	50.4885197850513	51.8837322911578	-3.5114802149487	-2.11626770884221
37168	54	47.8974108451392	49.2926233512457	-6.10258915486077	-4.70737664875428
37169	54	49.4919394235467	50.4553004396678	-4.50806057645335	-3.54469956033219
37170	54	48.8275525158769	50.0234489496825	-5.17244748412311	-3.97655105031754
37171	54	49.1929653150953	50.7874938935027	-4.80703468490474	-3.21250610649732
37172	54	49.1265266243283	49.990229604299	-4.87347337567171	-4.00977039570103
37173	54	47.1665852467025	48.495359062042	-6.83341475329751	-5.50464093795799
37174	54	47.266243282853	48.5285784074255	-6.73375671714705	-5.4714215925745
37175	54	47.7645334636053	48.9604298974108	-6.23546653639472	-5.03957010258915
37176	54	45.771372740596	46.9008304836346	-8.22862725940401	-7.09916951636541
37177	54	49.4255007327797	50.5549584758183	-4.57449926722032	-3.44504152418173
37178	54	48.3292623351246	49.2926233512457	-5.67073766487543	-4.70737664875428
37179	54	47.266243282853	48.495359062042	-6.73375671714705	-5.50464093795799
37180	54	47.0337078651685	48.4621397166585	-6.96629213483146	-5.53786028334147
37181	54	47.6980947728383	48.7278944797264	-6.3019052271617	-5.27210552027357
37182	54	47.6980947728383	48.8939912066439	-6.3019052271617	-5.10600879335613
37183	54	48.3624816805081	49.4255007327797	-5.63751831949194	-4.57449926722032
37184	54	49.0268685881778	50.1231069858329	-4.97313141182218	-3.87689301416707
37186	34	38.7650219833903	40.5686370297997	4.76502198339033	6.5686370297997
37187	47	45.5720566682951	46.7015144113337	-1.42794333170494	-0.298485588666338
37188	47	45.3727405959941	45.837811431363	-1.62725940400586	-1.16218856863703
37189	41	41.0483634587201	41.638006839277	0.0483634587200754	0.63800683927699
37190	41	40.9096238397655	41.8114313629702	-0.0903761602344915	0.811431362970197
37191	41	40.6321446018564	41.3952125061065	-0.367855398143625	0.395212506106496
37192	41	40.5974596971177	41.1177332681974	-0.402540302882272	0.117733268197362
37193	41	41.638006839277	42.505129457743	0.63800683927699	1.50512945774304
37194	42	41.0830483634587	41.6726917440156	-0.916951636541285	-0.327308255984363
37195	42	41.2911577918906	41.8808011724475	-0.708842208109431	-0.119198827552516
37196	41	40.666829506595	41.3258426966292	-0.333170493404985	0.325842696629209
37197	41	40.7015144113337	41.1871030776746	-0.298485588666338	0.187103077674649
37198	41	41.3258426966292	41.8114313629702	0.325842696629209	0.811431362970197
37199	41	41.2911577918906	41.7767464582316	0.291157791890569	0.776746458231557
37200	41	41.1871030776746	41.7420615534929	0.187103077674649	0.742061553492917
37201	41	40.7361993160723	41.3952125061065	-0.263800683927698	0.395212506106496
37202	41	40.9443087445042	41.4298974108451	-0.0556912554958444	0.429897410845143
37203	41	40.7015144113337	41.6033219345383	-0.298485588666338	0.603321934538343
37204	42	39.9384465070835	40.8402540302882	-2.06155349291646	-1.15974596971178
37205	41	40.3199804592086	40.9789936492428	-0.680019540791406	-0.0210063507572045
37206	41	40.666829506595	41.2911577918906	-0.333170493404985	0.291157791890569
37207	41	40.3893502686859	41.0483634587201	-0.610649731314119	0.0483634587200754
37208	42	40.666829506595	41.2217879824133	-1.33317049340499	-0.778212017586711
37209	35	39.8583292623351	40.599902296043	4.85832926233513	5.59990229604298
37210	35	39.9872984855887	40.7288715192965	4.98729848558867	5.72887151929653
37211	35	40.0195407914021	40.7288715192965	5.01954079140205	5.72887151929653
37212	35	39.9228138739619	40.6321446018564	4.9228138739619	5.63214460185637
37213	35	40.0517830972154	40.8255984367367	5.05178309721543	5.82559843673668
37214	41	40.7015144113337	41.4992672203224	-0.298485588666338	0.499267220322423
37215	40	42.4338055691256	43.0151441133366	2.43380556912555	3.01514411333659
37216	40	42.7073766487543	43.2887151929653	2.70737664875428	3.28871519296531
37217	40	40.6897899364924	41.1685393258427	0.689789936492431	1.16853932584269
37218	40	40.9291646311676	41.2711284807035	0.929164631167566	1.27112848070347
37219	40	40.9291646311676	41.2711284807035	0.929164631167566	1.27112848070347
37220	40	40.7581827063996	41.1685393258427	0.758182706399609	1.16853932584269
37221	40	41.3053248656571	41.7156814851001	1.30532486565706	1.71568148510015
37222	40	40.723986321446	41.1343429408891	0.72398632144602	1.13434294088911
37223	40	40.723986321446	41.1685393258427	0.72398632144602	1.16853932584269
37224	35	40.1118710307767	41.2217879824133	5.11187103077675	6.22178798241329
37225	32	35.4445530043967	37.4865657059111	3.44455300439668	5.48656570591109
37226	43	40.6555935515388	41.8524670249145	-2.34440644846116	-1.1475329750855
37227	43	40.6555935515388	41.5105031753786	-2.34440644846116	-1.4894968246214
37228	43	40.8607718612604	42.3654127992184	-2.13922813873962	-0.634587200781631
37229	43	41.1343429408891	42.057645334636	-1.86565705911089	-0.942354665363951
37230	43	41.1001465559355	41.9892525647289	-1.89985344406449	-1.01074743527113
37231	43	44.7747923790914	47.8309721543722	1.77479237909135	4.83097215437225
37232	47	44.7747923790914	45.9374694675134	-2.22520762090865	-1.06253053248656
37233	39	39.7303370786517	41.0830483634587	0.730337078651687	2.08304836345872
37234	37	41.4298974108451	42.6438690766976	4.42989741084514	5.64386907669761
37235	40	42.3028822667318	43.829018075232	2.3028822667318	3.82901807523204
37236	38	38.1060087933561	39.666829506595	0.106008793356132	1.66682950659501
37237	38	39.6321446018564	40.9154860771861	1.63214460185637	2.91548607718612
37238	47	45.0405471421593	45.9374694675134	-1.95945285784074	-1.06253053248656
37240	47	39.7586712261847	40.323400097704	-7.24132877381534	-6.67659990229605
37241	47	42.3829995114802	42.8148510014656	-4.61700048851979	-4.18514899853444
37246	41	41.5105031753786	42.057645334636	0.510503175378602	1.05764533463605
37247	41	41.3053248656571	41.9550561797753	0.305324865657056	0.955056179775283
37248	41	41.476306790425	42.1944308744504	0.476306790425014	1.19443087445042
37249	38	43.1910112359551	43.8314606741573	5.19101123595506	5.8314606741573
37250	40	40.8651685393258	41.438202247191	0.865168539325843	1.43820224719101
37251	38	42.2808988764045	42.9550561797753	4.28089887640449	4.95505617977528
37252	38	41.0337078651685	41.5730337078652	3.03370786516854	3.57303370786516
37253	38	41.2359550561798	41.876404494382	3.23595505617978	3.87640449438202
37254	38	42.6516853932584	43.1573033707865	4.65168539325843	5.15730337078652
37255	38	41.3707865168539	42.2134831460674	3.37078651685393	4.21348314606742
37256	38	41.1348314606742	41.7415730337079	3.13483146067416	3.74157303370787
37257	38	41.5056179775281	41.9775280898876	3.50561797752809	3.97752808988764
37258	38	40.3258426966292	40.8651685393258	2.32584269662921	2.86516853932584
37259	38	41.1685393258427	41.8089887640449	3.1685393258427	3.80898876404494
37260	38	41.7752808988764	42.6516853932584	3.7752808988764	4.65168539325843
37261	38	42.1123595505618	42.8202247191011	4.1123595505618	4.82022471910112
37262	38	41.7752808988764	42.314606741573	3.7752808988764	4.31460674157303
37263	38	41.5730337078652	42.7865168539326	3.57303370786516	4.78651685393258
37264	38	41.0337078651685	41.8426966292135	3.03370786516854	3.84269662921348
37265	38	41.3370786516854	42.247191011236	3.33707865168539	4.24719101123596
37266	38	42.0449438202247	42.6179775280899	4.04494382022472	4.61797752808989
37267	38	41.3370786516854	42.1123595505618	3.33707865168539	4.1123595505618
37268	38	42.4831460674157	43.1573033707865	4.48314606741573	5.15730337078652
37269	38	41.5393258426966	42.3483146067416	3.53932584269663	4.34831460674157
37270	38	41.9438202247191	42.5505617977528	3.9438202247191	4.55056179775281
37271	38	41.6404494382022	42.247191011236	3.64044943820225	4.24719101123596
37272	38	41.3370786516854	42.0112359550562	3.33707865168539	4.01123595505618
37273	38	41.8426966292135	42.8539325842697	3.84269662921348	4.85393258426966
37274	38	41.876404494382	42.5842696629213	3.87640449438202	4.58426966292134
37275	38	41.7752808988764	42.4494382022472	3.7752808988764	4.44943820224719
37276	38	41.7752808988764	42.4494382022472	3.7752808988764	4.44943820224719
37277	38	42.3483146067416	42.9550561797753	4.34831460674157	4.95505617977528
37278	38	41.7415730337079	42.5168539325843	3.74157303370787	4.51685393258427
37279	38	40.561797752809	41.1685393258427	2.56179775280899	3.1685393258427
37280	38	41.2696629213483	41.876404494382	3.26966292134831	3.87640449438202
37281	38	40.8651685393258	41.5730337078652	2.86516853932584	3.57303370786516
37282	38	41.8089887640449	42.9213483146067	3.80898876404494	4.92134831460675
37283	38	41.1685393258427	41.7752808988764	3.1685393258427	3.7752808988764
37284	38	41.2359550561798	42.0112359550562	3.23595505617978	4.01123595505618
37285	38	41.9438202247191	42.5842696629213	3.9438202247191	4.58426966292134
37286	38	43.5280898876404	44.3033707865169	5.52808988764045	6.30337078651685
37287	38	42.685393258427	43.3595505617978	4.68539325842697	5.35955056179775
37288	41	41.9550561797753	42.6389838788471	0.955056179775283	1.63898387884709
37289	41	41.3737176355642	41.8524670249145	0.37371763556424	0.852467024914503
37290	41	40.9975574010747	41.5446995603322	-0.00244259892525633	0.544699560332191
37291	41	41.3737176355642	41.8182706399609	0.37371763556424	0.818270639960915
37292	40	42.228627259404	42.7757694186615	2.22862725940401	2.77576941866145
37293	41	41.7156814851001	42.1602344894968	0.715681485100149	1.16023448949682
37294	41	41.7498778700537	42.5021983390327	0.749877870053737	1.50219833903273
37295	41	41.7156814851001	42.4338055691256	0.715681485100149	1.43380556912555
37296	41	41.4421104054714	41.9208597948217	0.442110405471425	0.920859794821695
37297	41	41.647288715193	42.2970200293112	0.647288715192964	1.29702002931118
37298	41	41.4421104054714	41.9550561797753	0.442110405471425	0.955056179775283
37299	41	41.3737176355642	41.9208597948217	0.37371763556424	0.920859794821695
37300	41	41.3737176355642	41.8182706399609	0.37371763556424	0.818270639960915
37301	41	41.2711284807035	41.7498778700537	0.271128480703467	0.749877870053737
37302	41	40.5188080117245	41.2369320957499	-0.481191988275526	0.236932095749879
37304	40	42.4831460674157	43.0224719101124	2.48314606741573	3.02247191011236
37305	40	41.7752808988764	42.4494382022472	1.7752808988764	2.44943820224719
37306	40	42.9213483146067	43.6292134831461	2.92134831460675	3.62921348314607
37307	40	42.9550561797753	43.5280898876404	2.95505617977528	3.52808988764045
37308	40	41.7078651685393	42.8202247191011	1.70786516853933	2.82022471910112
37309	40	42.685393258427	43.1910112359551	2.68539325842697	3.19101123595506
37310	43	42.0234489496825	42.8783585735222	-0.976551050317539	-0.121641426477773
37311	45	43.0493404982902	43.733268197362	-1.95065950170982	-1.26673180263801
37312	45	42.7073766487543	43.4255007327797	-2.29262335124572	-1.57449926722032
37313	42	41.476306790425	42.0234489496825	-0.523693209574986	0.0234489496824608
37314	46	41.9208597948217	42.5705911089399	-4.07914020517831	-3.42940889106009
37315	46	42.0234489496825	42.7415730337079	-3.97655105031754	-3.25842696629213
37316	42	41.7156814851001	42.6731802638007	-0.284318514899851	0.673180263800688
37317	41	40.6966292134831	41.7078651685393	-0.303370786516851	0.707865168539328
37318	41	43.0898876404494	43.7303370786517	2.08988764044943	2.73033707865169
37319	41	42.5842696629213	43.4269662921348	1.58426966292134	2.42696629213484
37320	41	42.3820224719101	43.1910112359551	1.38202247191011	2.19101123595506
37321	41	43.0898876404494	43.9662921348315	2.08988764044943	2.96629213483146
37322	41	42.7191011235955	43.4269662921348	1.71910112359551	2.42696629213484
37323	41	42.9550561797753	43.5955056179775	1.95505617977528	2.59550561797752
37324	41	42.9887640449438	43.8651685393258	1.98876404494382	2.86516853932584
37325	41	42.2134831460674	42.9887640449438	1.21348314606742	1.98876404494382
37326	41	40.6292134831461	41.438202247191	-0.370786516853933	0.438202247191015
37327	40	42.7865168539326	44	2.78651685393258	4
37328	40	43.0224719101124	49.4269662921348	3.02247191011236	9.42696629213483
37330	40	41.0674157303371	41.876404494382	1.06741573033707	1.87640449438202
37331	40	42.4494382022472	43.7640449438202	2.44943820224719	3.76404494382022
37332	40	40.4269662921348	42.6179775280899	0.426966292134836	2.61797752808989
37337	40	41.6067415730337	42.247191011236	1.60674157303371	2.24719101123596
37339	40	39.8539325842697	42.0449438202247	-0.146067415730343	2.04494382022472
37340	40	42.0786516853933	46.123595505618	2.07865168539325	6.12359550561798
37342	40	41.876404494382	42.8202247191011	1.87640449438202	2.82022471910112
37343	40	43.3258426966292	44	3.32584269662921	4
37344	40	36.2808988764045	38.6404494382022	-3.71910112359551	-1.35955056179775
37347	40	42.3483146067416	43.0224719101124	2.34831460674157	3.02247191011236
37348	41	41.3033707865169	42.314606741573	0.303370786516851	1.31460674157303
37349	41	41.9101123595506	42.8876404494382	0.91011235955056	1.8876404494382
