36455	36	41.6814851001466	42.228627259404	5.68148510014656	6.22862725940401
36456	36	42.0234489496825	42.7757694186615	6.02344894968246	6.77576941866145
36457	36	41.0317537860283	41.647288715193	5.03175378602833	5.64728871519296
36458	36	41.7156814851001	42.2628236443576	5.71568148510015	6.2628236443576
36459	36	40.9975574010747	41.5788959452858	4.99755740107474	5.57889594528578
36460	36	45.9218368343918	47.5974596971177	9.9218368343918	11.5974596971177
36461	42	39.6638983878847	40.6213971665852	-2.33610161211529	-1.37860283341475
36463	42	42.228627259404	43.2545188080117	0.228627259404007	1.25451880801172
36465	42	43.2887151929653	44.0752320468979	1.28871519296531	2.0752320468979
36466	42	43.3913043478261	44.1094284318515	1.39130434782609	2.10942843185149
36467	42	44.2804103566194	44.8959452857841	2.28041035661944	2.89594528578407
36468	42	43.1861260381045	44.2804103566194	1.18612603810455	2.28041035661944
36469	42	43.3913043478261	44.314606741573	1.39130434782609	2.31460674157303
36470	42	40.4162188568637	42.2970200293112	-1.5837811431363	0.297020029311184
36471	42	40.2794333170493	41.1685393258427	-1.72056668295066	-0.831460674157306
36472	42	40.4846116267709	41.3053248656571	-1.51538837322911	-0.694675134342944
36473	42	42.2970200293112	43.1861260381045	0.297020029311184	1.18612603810455
36474	42	40.1768441621886	41.1001465559355	-1.82315583781143	-0.89985344406449
36475	42	40.8607718612604	43.3229115779189	-1.13922813873962	1.3229115779189
36476	42	40.1084513922814	40.894968246214	-1.89154860771861	-1.10503175378603
36477	42	43.733268197362	44.5197850512946	1.73326819736199	2.51978505129458
36478	40	40.6897899364924	41.2369320957499	0.689789936492431	1.23693209574988
36479	40	40.0742550073278	40.2452369320958	0.0742550073277926	0.24523693209575
36480	40	40.0400586223742	40.2452369320958	0.0400586223742039	0.24523693209575
36481	40	40.0742550073278	40.2794333170493	0.0742550073277926	0.279433317049339
36482	40	40.0058622374206	40.2110405471422	0.0058622374206152	0.211040547142161
36483	40	40.5872007816317	41.1343429408891	0.587200781631651	1.13434294088911
36484	40	40.4504152418173	40.9633610161212	0.450415241817296	0.963361016121155
36485	40	40.0742550073278	40.6213971665852	0.0742550073277926	0.621397166585247
36486	40	40.8607718612604	41.2711284807035	0.860771861260382	1.27112848070347
36487	40	40.4846116267709	40.9633610161212	0.484611626770885	0.963361016121155
36488	31	41.6438690766976	43.3087445041524	10.6438690766976	12.3087445041524
36493	36	40.7015144113337	41.9154860771861	4.70151441133366	5.91548607718612
36494	36	40.4934049829018	41.3952125061065	4.49340498290181	5.3952125061065
36496	36	41.3258426966292	42.5744992672203	5.32584269662921	6.57449926722032
36498	45	46.4269662921348	46.9662921348315	1.42696629213484	1.96629213483146
36499	60	52.4836345872008	54.2838299951148	-7.51636541279922	-5.7161700048852
36501	40	38.5730337078652	39.1123595505618	-1.42696629213484	-0.887640449438202
36502	40	45.7191011235955	46.561797752809	5.71910112359551	6.56179775280899
36503	36	41.2911577918906	41.9154860771861	5.29115779189057	5.91548607718612
36504	36	41.3605276013679	42.0195407914021	5.36052760136786	6.01954079140205
36505	36	41.5686370297997	42.1929653150953	5.5686370297997	6.19296531509526
36506	36	41.5686370297997	42.1582804103566	5.5686370297997	6.15828041035662
36507	36	41.5686370297997	42.3663898387885	5.5686370297997	6.36638983878847
36508	36	41.7767464582316	42.609184171959	5.77674645823156	6.60918417195897
36509	36	41.4298974108451	41.9848558866634	5.42989741084514	5.98485588666341
36510	36	41.4645823155838	42.0542256961407	5.46458231558378	6.05422569614069
36511	36	41.638006839277	42.2276502198339	5.63800683927699	6.2276502198339
36512	36	41.5686370297997	42.2970200293112	5.5686370297997	6.29702002931118
36513	36	41.4645823155838	42.0889106008793	5.46458231558378	6.08891060087933
36514	36	41.7420615534929	42.4357596482658	5.74206155349292	6.43575964826576
36515	36	41.4645823155838	42.2970200293112	5.46458231558378	6.29702002931118
36516	36	41.7073766487543	42.505129457743	5.70737664875428	6.50512945774304
36517	36	41.2217879824133	41.9501709819248	5.22178798241329	5.95017098192477
36518	36	41.4645823155838	42.2623351245725	5.46458231558378	6.26233512457254
36519	36	41.4992672203224	42.2623351245725	5.49926722032242	6.26233512457254
36520	36	41.638006839277	42.4010747435271	5.63800683927699	6.40107474352711
36521	35	45.1353199804592	46.5031753786028	10.1353199804592	11.5031753786028
36522	35	44.6565705911089	45.5798729848559	9.65657059110894	10.5798729848559
36523	35	45.6824621397167	46.5031753786028	10.6824621397167	11.5031753786028
36524	35	45.066927210552	45.8876404494382	10.066927210552	10.8876404494382
36525	35	45.6482657547631	46.4689789936492	10.6482657547631	11.4689789936492
36526	35	40.5188080117245	41.5788959452858	5.51880801172447	6.57889594528578
36527	38	40.9096238397655	42.0889106008793	2.90962383976551	4.08891060087933
36528	38	40.8402540302882	42.123595505618	2.84025403028822	4.12359550561798
36529	38	41.0136785539814	42.0195407914021	3.01367855398144	4.01954079140205
36530	38	41.3952125061065	42.2970200293112	3.3952125061065	4.29702002931118
36531	38	41.0483634587201	42.0542256961407	3.04836345872008	4.05422569614069
36532	38	41.4298974108451	42.2970200293112	3.42989741084514	4.29702002931118
36533	38	41.7767464582316	42.5744992672203	3.77674645823156	4.57449926722032
36534	35	45.7508549096238	46.9135319980459	10.7508549096238	11.9135319980459
36536	41	43.5964826575476	44.3488031265266	2.59648265754763	3.34880312652662
36537	41	40.5872007816317	41.0317537860283	-0.412799218368349	0.0317537860283323
36538	41	41.9550561797753	42.0918417195896	0.955056179775283	1.09184171958964
36539	41	41.9550561797753	42.0918417195896	0.955056179775283	1.09184171958964
36540	41	41.8524670249145	42.2970200293112	0.852467024914503	1.29702002931118
36541	41	41.9892525647289	42.1260381045432	0.989252564728872	1.12603810454323
36542	41	42.0234489496825	42.1602344894968	1.02344894968246	1.16023448949682
36543	41	41.9892525647289	42.1602344894968	0.989252564728872	1.16023448949682
36544	42	44.9438202247191	45.1123595505618	2.9438202247191	3.1123595505618
36545	42	45.247191011236	45.8876404494382	3.24719101123596	3.8876404494382
36546	42	44.9101123595506	45.685393258427	2.91011235955056	3.68539325842697
36547	42	44.9101123595506	45.752808988764	2.91011235955056	3.75280898876404
36548	42	45.6516853932584	46.3258426966292	3.65168539325843	4.32584269662921
36549	42	45.6179775280899	46.2921348314607	3.61797752808989	4.29213483146067
36550	42	44.7752808988764	45.752808988764	2.7752808988764	3.75280898876404
36551	42	45.0449438202247	45.9550561797753	3.04494382022472	3.95505617977528
36552	42	45.3483146067416	45.9887640449438	3.34831460674157	3.98876404494382
36553	42	45.247191011236	45.9550561797753	3.24719101123596	3.95505617977528
36554	42	44.8426966292135	45.7865168539326	2.84269662921348	3.78651685393258
36555	42	44.4044943820225	45.752808988764	2.40449438202247	3.75280898876404
36556	42	45.5505617977528	46.4606741573034	3.55056179775281	4.46067415730337
36557	42	44.8089887640449	46.0898876404494	2.80898876404494	4.08988764044943
36558	42	45.6179775280899	46.3932584269663	3.61797752808989	4.39325842696629
36559	42	45.4157303370786	46.123595505618	3.41573033707865	4.12359550561798
36560	42	43.8988764044944	45.2134831460674	1.89887640449438	3.21348314606742
36561	42	44.4719101123596	45.2808988764045	2.47191011235955	3.28089887640449
36562	42	44.5393258426966	45.4494382022472	2.53932584269663	3.44943820224719
36563	42	45.0112359550562	45.7191011235955	3.01123595505618	3.71910112359551
36564	42	44.1348314606742	45.685393258427	2.13483146067416	3.68539325842697
36566	38	41.9550561797753	42.7073766487543	3.95505617977528	4.70737664875428
36567	38	41.9892525647289	42.5363947239863	3.98925256472887	4.53639472398632
36568	38	41.7498778700537	42.3654127992184	3.74987787005374	4.36541279921837
36569	38	41.647288715193	42.228627259404	3.64728871519296	4.22862725940401
36570	38	40.2794333170493	41.0317537860283	2.27943331704934	3.03175378602833
36571	38	41.9208597948217	42.4338055691256	3.92085979482169	4.43380556912555
36572	45	43.5017098192477	44.2110405471422	-1.49829018075232	-0.788959452857839
36573	45	43.5984367366878	44.2432828529555	-1.40156326331217	-0.756717147044455
36574	41	52.9662921348315	53.8426966292135	11.9662921348315	12.8426966292135
36575	41	45.4831460674157	46.3258426966292	4.48314606741573	5.32584269662921
36576	41	52.7977528089888	53.876404494382	11.7977528089888	12.876404494382
36577	39	41.0830483634587	42.2970200293112	2.08304836345872	3.29702002931118
36578	39	41.6033219345383	42.2970200293112	2.60332193453834	3.29702002931118
36580	38	40.2911577918906	42.0947728382999	2.29115779189057	4.09477283829995
36581	43	42.5989252564729	43.3727405959941	-0.401074743527118	0.372740595994138
36582	43	42.7278944797264	43.4372252076209	-0.27210552027357	0.437225207620912
36583	43	42.695652173913	43.2437713727406	-0.304347826086953	0.243771372740596
36584	43	42.7923790913532	43.1470444553004	-0.207620908646803	0.147044455300438
36585	43	42.6311675622863	43.5661944308744	-0.368832437713728	0.566194430874447
36586	43	43.3727405959941	44.5657059110894	0.372740595994138	1.5657059110894
36587	43	43.3727405959941	44.5012212994626	0.372740595994138	1.50122129946263
36588	43	42.5021983390327	43.1148021494871	-0.497801660967269	0.114802149487055
36589	43	42.8246213971666	43.1470444553004	-0.175378602833419	0.147044455300438
36590	43	42.9213483146067	43.2437713727406	-0.078651685393254	0.243771372740596
36591	43	42.8246213971666	43.1470444553004	-0.175378602833419	0.147044455300438
36592	43	42.7278944797264	43.276013678554	-0.27210552027357	0.27601367855398
36593	43	42.7278944797264	43.2437713727406	-0.27210552027357	0.243771372740596
36594	43	42.9213483146067	43.7918905715681	-0.078651685393254	0.791890571568146
36595	43	42.9301416707377	43.1695163654128	-0.0698583292623312	0.169516365412797
36596	43	42.9301416707377	43.2037127503664	-0.0698583292623312	0.203712750366392
36597	43	42.9985344406448	43.23790913532	-0.0014655593551538	0.237909135319981
36598	43	42.9643380556913	43.2037127503664	-0.0356619443087425	0.203712750366392
36599	43	43.2037127503664	44.0928187591597	0.203712750366392	1.09281875915974
36600	43	42.2120175867123	44.2979970688813	-0.787982413287736	1.29799706888129
36601	43	43.3404982901807	44.1270151441133	0.340498290180747	1.12701514411334
36602	43	43.5114802149487	44.5031753786028	0.511480214948705	1.50317537860283
36607	38	43.151929653151	43.8700537371764	5.15192965315095	5.87005373717636
36608	38	43.733268197362	44.7249633610161	5.73326819736199	6.72496336101612
36609	38	44.2120175867123	45.0327308255984	6.21201758671226	7.03273082559843
36610	38	43.151929653151	44.2804103566194	5.15192965315095	6.28041035661944
36611	38	44.5881778212018	45.5798729848559	6.58817782120175	7.57987298485588
36612	46	46.5955056179775	47.2359550561798	0.595505617977523	1.23595505617978
36613	46	46.5280898876404	47.2022471910112	0.528089887640448	1.20224719101124
36614	46	46.4943820224719	46.8988764044944	0.49438202247191	0.898876404494381
36615	46	46.7977528089888	47.1685393258427	0.797752808988761	1.16853932584269
36616	46	46.6292134831461	47.1011235955056	0.629213483146067	1.10112359550561
36618	46	46.1573033707865	46.6629213483146	0.157303370786515	0.662921348314605
36619	46	46.1573033707865	46.561797752809	0.157303370786515	0.561797752808985
36620	46	46.4943820224719	46.8651685393258	0.49438202247191	0.865168539325843
36621	46	46.2921348314607	46.7303370786517	0.292134831460672	0.730337078651687
36622	46	54.8202247191011	55.1910112359551	8.82022471910112	9.19101123595505
36623	35	41.1480214948705	41.9218368343918	6.14802149487054	6.9218368343918
36624	35	41.0835368832438	41.8251099169516	6.08353688324377	6.82510991695163
36625	35	41.2125061064973	41.9540791402052	6.21250610649732	6.95407914020518
36626	35	41.2447484123107	42.0508060576453	6.2447484123107	7.05080605764533
36627	35	41.4704445530044	42.2120175867123	6.4704445530044	7.21201758671226
36628	35	41.0512945774304	41.857352222765	6.05129457743038	6.85735222276502
36629	41	41.9208597948217	44.8275525158769	0.920859794821695	3.82755251587689
36630	41	41.476306790425	42.228627259404	0.476306790425014	1.22862725940401
36631	42	45.6179775280899	46.2921348314607	3.61797752808989	4.29213483146067
36632	42	46.2584269662921	46.7977528089888	4.25842696629213	4.79775280898876
36633	42	42.4494382022472	42.9550561797753	0.449438202247194	0.955056179775283
36634	41	39.9213483146067	40.561797752809	-1.07865168539325	-0.438202247191015
36635	41	45.8876404494382	46.5955056179775	4.8876404494382	5.59550561797752
36636	42	43.0561797752809	43.9325842696629	1.0561797752809	1.93258426966293
36637	42	43.3258426966292	44.0674157303371	1.32584269662921	2.06741573033707
36638	42	43.0898876404494	43.8988764044944	1.08988764044943	1.89887640449438
36639	44	45.314606741573	46.0898876404494	1.31460674157303	2.08988764044943
36640	42	44.4513922813874	45.1695163654128	2.4513922813874	3.1695163654128
36641	42	43.3229115779189	44.0410356619443	1.3229115779189	2.04103566194431
36642	42	41.8524670249145	42.7073766487543	-0.147532975085497	0.707376648754277
36643	42	43.3571079628725	44.1094284318515	1.3571079628725	2.10942843185149
36644	42	42.2628236443576	43.151929653151	0.262823644357596	1.15192965315095
36645	43	41.876404494382	42.6179775280899	-1.12359550561798	-0.382022471910112
36648	40	41.3663898387885	42.3375671714704	1.36638983878847	2.33756717147044
36649	40	42.961895456766	44.6961406936981	2.961895456766	4.6961406936981
36650	40	41.3663898387885	42.2681973619932	1.36638983878847	2.26819736199316
36651	40	42.6047874938935	43.151929653151	2.6047874938935	3.15192965315095
36652	40	42.057645334636	42.9125549584758	2.05764533463605	2.91255495847582
36653	40	42.2628236443576	42.7757694186615	2.2628236443576	2.77576941866145
36654	40	42.4338055691256	42.980947728383	2.43380556912555	2.980947728383
36655	40	42.7415730337079	43.3571079628725	2.74157303370787	3.3571079628725
36656	40	42.3654127992184	42.9125549584758	2.36541279921837	2.91255495847582
36657	40	42.5705911089399	43.0493404982902	2.57059110893991	3.04934049829018
36658	40	42.5705911089399	43.0493404982902	2.57059110893991	3.04934049829018
36659	40	42.1602344894968	42.980947728383	2.16023448949682	2.980947728383
36660	41	40.5530043966781	41.0659501709819	-0.446995603321938	0.065950170981921
36661	41	43.733268197362	44.6907669760625	2.73326819736199	3.69076697606253
36662	41	41.3053248656571	42.1260381045432	0.305324865657056	1.12603810454323
36663	41	40.1768441621886	40.894968246214	-0.823155837811427	-0.105031753786029
36664	41	41.0659501709819	41.7156814851001	0.065950170981921	0.715681485100149
36665	41	40.5530043966781	41.0317537860283	-0.446995603321938	0.0317537860283323
36666	41	40.3478260869565	40.9633610161212	-0.652173913043484	-0.036638983878845
36667	41	40.4504152418173	40.9975574010747	-0.549584758182704	-0.00244259892525633
36668	41	41.0659501709819	41.6814851001466	0.065950170981921	0.68148510014656
36669	41	40.894968246214	41.4079140205178	-0.105031753786029	0.407914020517829
36670	41	41.3737176355642	41.7498778700537	0.37371763556424	0.749877870053737
36671	41	40.2452369320958	40.723986321446	-0.75476306790425	-0.27601367855398
36672	41	42.3654127992184	43.8358573522228	1.36541279921837	2.83585735222276
36673	46	46.6629213483146	47.8426966292135	0.662921348314605	1.84269662921348
36674	46	46.6966292134831	48.3483146067416	0.696629213483149	2.34831460674157
36675	36	40.7645334636053	42.3766487542745	4.76453346360528	6.37664875427455
36676	36	40.5872007816317	41.5446995603322	4.58720078163165	5.54469956033219
36677	36	42.2970200293112	43.2203224230581	6.29702002931118	7.22032242305814
36678	36	45.5456765999023	46.1954079140205	9.54567659990229	10.1954079140205
36679	36	44.9301416707377	45.9560332193454	8.93014167073767	9.95603321934539
36680	36	41.5788959452858	42.9467513434294	5.57889594528578	6.94675134342941
36681	36	42.5021983390327	43.3913043478261	6.50219833903273	7.39130434782609
36682	36	41.5105031753786	42.4680019540791	5.5105031753786	6.46800195407914
36683	36	41.4421104054714	42.3312164142648	5.44211040547142	6.33121641426477
36684	36	41.2369320957499	42.228627259404	5.23693209574988	6.22862725940401
36685	36	41.2711284807035	41.9208597948217	5.27112848070347	5.92085979482169
36686	36	41.8524670249145	42.3654127992184	5.8524670249145	6.36541279921837
36687	36	42.5705911089399	43.3913043478261	6.57059110893991	7.39130434782609
36688	36	41.2027357107963	41.8182706399609	5.20273571079629	5.81827063996091
36689	36	37.0991695163654	37.2359550561798	1.09916951636541	1.23595505617978
36690	36	36.9965803615046	37.133365901319	0.996580361504641	1.133365901319
36691	36	36.9965803615046	37.133365901319	0.996580361504641	1.133365901319
36692	36	37.0991695163654	37.2359550561798	1.09916951636541	1.23595505617978
36693	36	36.9623839765511	37.0991695163654	0.962383976551052	1.09916951636541
36694	35	42.1260381045432	42.5363947239863	7.12603810454323	7.53639472398632
36695	35	43.3229115779189	44.2804103566194	8.3229115779189	9.28041035661944
36696	35	42.1260381045432	42.6731802638007	7.12603810454323	7.67318026380069
36697	36	41.2564728871519	46.4938935026869	5.25647288715193	10.4938935026869
36698	36	46.0429897410845	46.5632633121641	10.0429897410845	10.5632633121641
36699	36	40.5627747923791	41.7073766487543	4.56277479237909	5.70737664875428
36700	36	41.3258426966292	42.2276502198339	5.32584269662921	6.2276502198339
36701	36	44.3781143136297	45.2452369320958	8.3781143136297	9.24523693209575
36702	36	44.5862237420615	46.5285784074255	8.58622374206155	10.5285784074255
36704	36	40.8021494870542	42.1387396189546	4.80214948705422	6.13873961895457
36705	36	41.3297508549096	42.3497801660967	5.32975085490962	6.34978016609672
36706	35	42.2276502198339	43.2335124572545	7.2276502198339	8.23351245725452
36708	41	41.7840742550073	42.5363947239863	0.784074255007326	1.53639472398632
36709	41	41.8182706399609	44.1778212017587	0.818270639960915	3.17782120175868
36710	41	41.476306790425	42.1944308744504	0.476306790425014	1.19443087445042
36711	41	41.6130923302394	42.2628236443576	0.613092330239375	1.2628236443576
36712	41	41.8182706399609	43.4255007327797	0.818270639960915	2.42550073277968
36713	43	47.1348314606742	47.7415730337079	4.13483146067416	4.74157303370787
36714	41	43.4596971177333	44.4171958964338	2.45969711773327	3.4171958964338
36715	41	43.8358573522228	44.6223742061553	2.83585735222276	3.62237420615535
36716	41	41.8866634098681	42.5021983390327	0.886663409868099	1.50219833903273
36717	41	41.1343429408891	41.647288715193	0.134342940889105	0.647288715192964
36718	41	41.6814851001466	42.6389838788471	0.68148510014656	1.63898387884709
36719	41	41.4421104054714	42.057645334636	0.442110405471425	1.05764533463605
36720	41	45.066927210552	45.7166585246703	4.06692721055202	4.71665852467025
36721	41	41.476306790425	42.1260381045432	0.476306790425014	1.12603810454323
36722	41	41.5446995603322	42.1944308744504	0.544699560332191	1.19443087445042
36723	41	42.1260381045432	44.4171958964338	1.12603810454323	3.4171958964338
36724	39	43.5515388373229	45.0429897410845	4.55153883732291	6.04298974108451
36725	40	49.7176355642404	50.4015632633122	9.71763556424035	10.4015632633122
36726	40	43.151929653151	46.1612115290669	3.15192965315095	6.16121152906693
36727	40	46.2296042989741	47.323888617489	6.22960429897411	7.323888617489
36728	40	44.7933561309233	45.8876404494382	4.7933561309233	5.8876404494382
36729	40	45.5456765999023	46.1954079140205	5.54567659990229	6.19540791402052
36730	40	45.7850512945774	46.4347826086957	5.78505129457743	6.43478260869566
36731	40	45.2721055202736	45.8876404494382	5.27210552027357	5.8876404494382
36732	40	43.6292134831461	44.7752808988764	3.62921348314607	4.7752808988764
36733	40	45.0786516853933	45.9213483146067	5.07865168539325	5.92134831460675
36734	40	44.4719101123596	45.6179775280899	4.47191011235955	5.61797752808989
36735	40	45.9213483146067	46.7977528089888	5.92134831460675	6.79775280898876
36736	40	44.9775280898876	45.8202247191011	4.97752808988764	5.82022471910112
36737	40	45.314606741573	46.1910112359551	5.31460674157303	6.19101123595506
36738	40	45.5168539325843	46.561797752809	5.51685393258427	6.56179775280899
36739	40	45.8202247191011	46.4943820224719	5.82022471910112	6.49438202247191
36740	40	45.9550561797753	46.9662921348315	5.95505617977528	6.96629213483146
36741	40	45.2134831460674	46.2584269662921	5.21348314606742	6.25842696629213
36742	40	43.5955056179775	44.6404494382022	3.59550561797752	4.64044943820225
36743	40	44.7415730337079	46.0898876404494	4.74157303370787	6.08988764044943
36744	40	45.6179775280899	46.3258426966292	5.61797752808989	6.32584269662921
36745	35	41.0889106008793	42.7537860283341	6.08891060087933	7.75378602833415
36746	35	41.0889106008793	41.8866634098681	6.08891060087933	6.8866634098681
36747	44	47.4323400097704	48.1631656082071	3.4323400097704	4.16316560820713
36748	44	46.9672691744016	47.5319980459209	2.96726917440157	3.53199804592086
36749	44	47.0004885197851	48.495359062042	3.00048851978505	4.49535906204201
36750	44	47.0337078651685	47.7645334636053	3.03370786516854	3.76453346360528
36751	44	46.8343917928676	47.3326819736199	2.83439179286761	3.33268197361993
36752	44	47.0004885197851	47.5319980459209	3.00048851978505	3.53199804592086
36753	45	46.2032242305813	46.5021983390327	1.20322423058134	1.50219833903273
36754	44	46.0703468490474	46.4689789936492	2.07034684904738	2.46897899364924
36755	44	46.8676111382511	48.1631656082071	2.8676111382511	4.16316560820713
36756	44	46.3693209574988	46.7347337567171	2.36932095749878	2.73473375671715
36757	42	40.894968246214	44.6223742061553	-1.10503175378603	2.62237420615535
36758	42	40.3136297020029	40.894968246214	-1.68637029799707	-1.10503175378603
36759	42	40.723986321446	44.0752320468979	-1.27601367855398	2.0752320468979
36760	42	40.142647777235	40.8607718612604	-1.85735222276502	-1.13922813873962
36761	42	41.1343429408891	42.1944308744504	-0.865657059110895	0.194430874450418
36762	42	40.2110405471422	41.7156814851001	-1.78895945285784	-0.284318514899851
36766	46	45.9706888128969	46.5021983390327	-0.029311187103076	0.502198339032731
36771	46	46.0703468490474	46.6682950659502	0.0703468490473824	0.668295065950169
36772	46	46.5021983390327	47.3326819736199	0.502198339032731	1.33268197361993
36773	45	46.4357596482658	47.0004885197851	1.43575964826576	2.00048851978505
36774	45	46.4025403028823	46.8676111382511	1.40254030288227	1.8676111382511
36775	45	47.199804592086	48.0635075720567	2.19980459208598	3.06350757205666
36776	45	47.1665852467025	47.8309721543722	2.16658524670249	2.83097215437225
36777	45	46.6682950659502	47.3991206643869	1.66829506595017	2.39912066438691
36778	45	47.6980947728383	48.428920371275	2.6980947728383	3.42892037127504
36779	45	47.066927210552	47.6648754274548	2.06692721055202	2.66487542745481
36780	45	46.9008304836346	47.6980947728383	1.90083048363459	2.6980947728383
36781	45	65.4372252076209	65.9687347337567	20.4372252076209	20.9687347337567
36782	45	46.9008304836346	47.5652173913043	1.90083048363459	2.56521739130434
36783	45	47.7313141182218	48.428920371275	2.73131411822179	3.42892037127504
36784	45	46.9008304836346	47.5984367366878	1.90083048363459	2.59843673668783
36785	45	48.4621397166585	48.8939912066439	3.46213971665853	3.89399120664387
36786	45	47.9638495359062	48.4621397166585	2.96384953590621	3.46213971665853
36787	45	47.2330239374695	48.1631656082071	2.23302393746947	3.16316560820713
36788	45	47.1001465559355	47.5984367366878	2.10014655593551	2.59843673668783
36789	45	47.066927210552	47.5319980459209	2.06692721055202	2.53199804592086
36790	45	47.6316560820713	48.4621397166585	2.63165608207132	3.46213971665853
36791	45	45.8876404494382	46.4606741573034	0.887640449438202	1.46067415730337
36792	45	46.7640449438202	47.2696629213483	1.76404494382022	2.26966292134831
36793	45	46.8314606741573	47.2359550561798	1.8314606741573	2.23595505617978
36794	45	46.7640449438202	47.1348314606742	1.76404494382022	2.13483146067416
36795	45	46.6966292134831	47.1348314606742	1.69662921348315	2.13483146067416
36796	45	46.6966292134831	47.1685393258427	1.69662921348315	2.16853932584269
36797	45	46.9662921348315	47.4719101123596	1.96629213483146	2.47191011235955
36798	45	46.7640449438202	47.2359550561798	1.76404494382022	2.23595505617978
36799	45	46.9325842696629	47.3707865168539	1.93258426966293	2.37078651685393
36800	45	46.7640449438202	47.3370786516854	1.76404494382022	2.33707865168539
36801	45	46.8988764044944	47.3370786516854	1.89887640449438	2.33707865168539
36802	45	46.7303370786517	47.1685393258427	1.73033707865169	2.16853932584269
36803	45	46.5955056179775	47.1348314606742	1.59550561797752	2.13483146067416
36804	47	46.4943820224719	46.8988764044944	-0.50561797752809	-0.101123595505619
36805	45	46.8314606741573	47.3370786516854	1.8314606741573	2.33707865168539
36806	45	46.4269662921348	47.1011235955056	1.42696629213484	2.10112359550561
36807	45	47.1348314606742	47.7752808988764	2.13483146067416	2.7752808988764
36808	45	46.6966292134831	47.2696629213483	1.69662921348315	2.26966292134831
36809	45	46.6966292134831	47.1011235955056	1.69662921348315	2.10112359550561
36810	45	46.9325842696629	47.4044943820225	1.93258426966293	2.40449438202247
36811	45	46.8988764044944	47.3707865168539	1.89887640449438	2.37078651685393
36812	45	47.1348314606742	47.6404494382022	2.13483146067416	2.64044943820225
36813	45	47.0337078651685	47.5056179775281	2.03370786516854	2.50561797752809
36814	45	46.9662921348315	47.3707865168539	1.96629213483146	2.37078651685393
36815	45	46.6629213483146	47.1011235955056	1.6629213483146	2.10112359550561
36816	45	46.7977528089888	47.2359550561798	1.79775280898876	2.23595505617978
36817	45	46.561797752809	47	1.56179775280899	2
36818	45	46.8651685393258	47.3033707865169	1.86516853932584	2.30337078651685
36819	45	46.8988764044944	47.3707865168539	1.89887640449438	2.37078651685393
36820	45	46.6292134831461	47.1011235955056	1.62921348314607	2.10112359550561
36821	45	47.0337078651685	47.438202247191	2.03370786516854	2.43820224719101
36822	45	47.1011235955056	47.5056179775281	2.10112359550561	2.50561797752809
36823	45	46.8988764044944	47.3033707865169	1.89887640449438	2.30337078651685
36824	45	46.0224719101124	47.1011235955056	1.02247191011236	2.10112359550561
36825	45	47.1011235955056	47.6404494382022	2.10112359550561	2.64044943820225
36826	45	46.9662921348315	47.438202247191	1.96629213483146	2.43820224719101
36827	41	46.561797752809	47.0337078651685	5.56179775280899	6.03370786516854
36828	41	44.7752808988764	45.5842696629213	3.7752808988764	4.58426966292134
36829	41	46.4606741573034	46.9662921348315	5.46067415730337	5.96629213483146
36830	33	41.9213483146067	42.8578407425501	8.92134831460675	9.85784074255007
36831	41	40.0742550073278	40.3478260869565	-0.925744992672207	-0.652173913043484
36832	41	40.3478260869565	40.6897899364924	-0.652173913043484	-0.310210063507569
36833	41	40.1084513922814	40.3820224719101	-0.891548607718612	-0.617977528089888
36834	44	43.6209086468002	44.6961406936981	-0.379091353199804	0.696140693698098
36835	42	43.7596482657548	44.418661455789	1.75964826575476	2.41866145578896
36836	42	43.6555935515388	44.314606741573	1.65559355153884	2.31460674157303
36837	42	43.6902784562775	44.4880312652662	1.69027845627748	2.48803126526624
36838	42	43.7249633610161	44.5227161700049	1.72496336101612	2.52271617000488
36839	42	43.3781143136297	44.1411822178798	1.3781143136297	2.14118221787982
36840	42	43.447484123107	44.3492916463117	1.44748412310699	2.34929164631167
36841	35	41.7376648754275	42.2940889106009	6.73766487542746	7.29408891060088
36842	35	41.5085490962384	42.1631656082071	6.5085490962384	7.16316560820713
36843	36	41.9667806546165	45.1089399120664	5.96678065461651	9.10893991206644
36844	37	41.875915974597	42.4123106985833	4.87591597459697	5.41231069858329
36845	37	42.1739130434783	43.1871030776746	5.17391304347827	6.18710307767465
36847	36	41.5349291646312	42.1152906692721	5.53492916463117	6.11529066927211
36848	36	41.7606253053249	42.3732291157792	5.76062530532487	6.37322911577919
36849	43	47.5290669272106	48.247191011236	4.52906692721055	5.24719101123596
36850	49	41.7415730337079	42.6516853932584	-7.25842696629213	-6.34831460674157
36851	49	45.5168539325843	47.1011235955056	-3.48314606741573	-1.89887640449439
36852	49	41.3707865168539	42.6516853932584	-7.62921348314607	-6.34831460674157
36853	49	41.876404494382	43.0561797752809	-7.12359550561798	-5.9438202247191
36854	49	45.5842696629213	47.1348314606742	-3.41573033707866	-1.86516853932584
36855	49	41.4044943820225	42.4157303370786	-7.59550561797753	-6.58426966292135
36856	49	42.314606741573	43.6629213483146	-6.68539325842697	-5.3370786516854
36857	49	40.8314606741573	46.8988764044944	-8.1685393258427	-2.10112359550562
36858	49	45.5505617977528	46.6629213483146	-3.44943820224719	-2.3370786516854
36859	39	44.3370786516854	45.1460674157303	5.33707865168539	6.14606741573034
36860	39	44.7752808988764	46.0561797752809	5.7752808988764	7.0561797752809
36861	39	44.4719101123596	45.4494382022472	5.47191011235955	6.44943820224719
36862	39	45.6516853932584	46.561797752809	6.65168539325843	7.56179775280899
36863	39	46.7303370786517	47.6404494382022	7.73033707865169	8.64044943820225
36864	39	45.7191011235955	46.3932584269663	6.71910112359551	7.39325842696629
36865	39	46.0224719101124	46.6966292134831	7.02247191011236	7.69662921348315
36866	39	46.0224719101124	46.6966292134831	7.02247191011236	7.69662921348315
36867	39	44.3033707865169	45.314606741573	5.30337078651685	6.31460674157303
36868	39	45.1460674157303	46.0898876404494	6.14606741573034	7.08988764044943
36869	37	43.4269662921348	43.8314606741573	6.42696629213484	6.8314606741573
36870	37	43.2584269662921	43.6966292134831	6.25842696629213	6.69662921348315
36871	37	40.3595505617978	41.1685393258427	3.35955056179775	4.1685393258427
36872	37	42.9887640449438	43.4943820224719	5.98876404494382	6.49438202247191
36873	37	43.3258426966292	43.7640449438202	6.32584269662921	6.76404494382022
36874	37	42.9213483146067	43.4943820224719	5.92134831460675	6.49438202247191
36875	37	44.0674157303371	44.3707865168539	7.06741573033707	7.37078651685393
36876	40	45.247191011236	46.0898876404494	5.24719101123596	6.08988764044943
36877	40	45.1797752808989	46.0561797752809	5.17977528089888	6.0561797752809
36878	40	44.876404494382	46.6629213483146	4.87640449438202	6.6629213483146
36879	40	40.5280898876404	41.3370786516854	0.528089887640448	1.33707865168539
36880	40	41.3033707865169	42.0786516853933	1.30337078651685	2.07865168539325
36881	39	40.4298974108451	41.5744992672203	1.42989741084514	2.57449926722032
36882	35	41.3053248656571	42.399609184172	6.30532486565706	7.39960918417196
36884	36	44.3488031265266	45.9560332193454	8.34880312652662	9.95603321934539
36885	36	44.4171958964338	45.6482657547631	8.4171958964338	9.64826575476307
36886	36	41.647288715193	45.23790913532	5.64728871519296	9.23790913531998
36887	36	44.314606741573	45.4772838299951	8.31460674157303	9.47728382999512
36889	36	44.1094284318515	45.4088910600879	8.10942843185149	9.40889106008793
36900	34	44.6907669760625	46.0244259892526	10.6907669760625	12.0244259892526
36902	35	41.7840742550073	42.980947728383	6.78407425500733	7.980947728383
36903	35	44.7933561309233	46.4689789936492	9.7933561309233	11.4689789936492
36904	35	41.3737176355642	42.1602344894968	6.37371763556424	7.16023448949682
36905	35	44.6907669760625	46.4347826086957	9.69076697606253	11.4347826086957
36917	34	40.7923790913532	41.6814851001466	6.7923790913532	7.68148510014656
36918	34	41.1001465559355	41.9208597948217	7.10014655593551	7.92085979482169
36920	40	42.3312164142648	44.2462139716659	2.33121641426477	4.24621397166585
36921	40	42.8441621885686	45.7508549096238	2.84416218856863	5.75085490962384
36922	40	43.4596971177333	44.485588666341	3.45969711773327	4.48558866634099
36924	40	42.1944308744504	44.1778212017587	2.19443087445042	4.17782120175868
36925	40	44.7933561309233	45.6140693698095	4.7933561309233	5.61406936980948
36928	40	42.5363947239863	43.0493404982902	2.53639472398632	3.04934049829018
36929	40	42.5363947239863	43.0151441133366	2.53639472398632	3.01514411333659
36931	39	41.476306790425	42.3654127992184	2.47630679042501	3.36541279921837
36932	39	42.9125549584758	46.2296042989741	3.91255495847582	7.22960429897411
36933	46	46.7015144113337	47.9306301905227	0.701514411333662	1.93063019052272
36934	46	47.0004885197851	47.8309721543722	1.00048851978505	1.83097215437225
36935	46	45.8710307767465	47.0004885197851	-0.128969223253542	1.00048851978505
36936	46	47.066927210552	47.4655593551539	1.06692721055202	1.46555935515389
36937	45	46.7679531021006	48.1299462628236	1.76795310210063	3.12994626282364
36938	46	46.3028822667318	47.2330239374695	0.3028822667318	1.23302393746947
36939	46	46.3361016121153	46.8343917928676	0.336101612115286	0.834391792867606
36940	46	46.0703468490474	46.9340498290181	0.0703468490473824	0.934049829018079
36941	46	53.4450415241817	54.9066927210552	7.44504152418173	8.9066927210552
36942	46	45.9706888128969	47.6980947728383	-0.029311187103076	1.6980947728383
36943	35	41.019052271617	41.7606253053249	6.019052271617	6.76062530532487
36944	41	44.9438202247191	45.685393258427	3.9438202247191	4.68539325842697
36946	41	45.1460674157303	45.752808988764	4.14606741573034	4.75280898876404
36947	41	45.247191011236	45.8876404494382	4.24719101123596	4.8876404494382
36948	41	45.0449438202247	45.7191011235955	4.04494382022472	4.71910112359551
36949	50	48.8275525158769	49.923790913532	-1.17244748412311	-0.0762090864679976
36950	50	48.9272105520274	49.7244748412311	-1.07278944797264	-0.275525158768929
36951	50	49.3922813873962	50.5549584758183	-0.607718612603811	0.554958475818268
36952	50	47.7977528089888	48.3624816805081	-2.20224719101124	-1.63751831949194
36953	50	47.6980947728383	48.2960429897411	-2.3019052271617	-1.70395701025892
36954	50	47.7313141182218	48.2628236443576	-2.26868588177821	-1.7371763556424
36955	50	45.6717147044455	46.7015144113337	-4.32828529555447	-3.29848558866634
36956	50	46.5021983390327	47.2994626282364	-3.49780166096727	-2.70053737176356
36957	50	46.4357596482658	47.1001465559355	-3.56424035173424	-2.89985344406449
36958	50	46.9672691744016	47.6316560820713	-3.03273082559843	-2.36834391792868
36959	50	48.5950170981925	49.2926233512457	-1.40498290180753	-0.707376648754277
36960	50	47.1001465559355	47.5652173913043	-2.89985344406449	-2.43478260869566
36961	50	47.4323400097704	48.1963849535906	-2.5676599902296	-1.80361504640938
36962	50	47.5652173913043	48.2960429897411	-2.43478260869566	-1.70395701025892
36963	50	46.9008304836346	47.6316560820713	-3.09916951636541	-2.36834391792868
36964	50	46.5354176844162	47.4987787005374	-3.46458231558378	-2.50122129946263
36965	50	46.5686370297997	47.3326819736199	-3.4313629702003	-2.66731802638007
36966	50	46.3693209574988	47.3659013190034	-3.63067904250122	-2.63409868099658
36967	50	48.7943331704934	49.4919394235467	-1.2056668295066	-0.508060576453346
36968	50	46.6682950659502	47.3326819736199	-3.33170493404983	-2.66731802638007
36969	50	46.8676111382511	47.4655593551539	-3.1323888617489	-2.53444064484611
36970	50	47.8974108451392	48.6614557889595	-2.10258915486077	-1.33854421104055
36971	50	48.3624816805081	49.1597459697118	-1.63751831949194	-0.840254030288229
36972	50	48.3292623351246	49.0268685881778	-1.67073766487543	-0.97313141182218
36973	50	47.5319980459209	48.0635075720567	-2.46800195407914	-1.93649242794334
36974	50	46.5021983390327	47.199804592086	-3.49780166096727	-2.80019540791402
36975	50	48.5950170981925	49.7244748412311	-1.40498290180753	-0.275525158768929
36976	50	47.8641914997557	48.6614557889595	-2.13580850024426	-1.33854421104055
36977	50	47.8641914997557	48.5950170981925	-2.13580850024426	-1.40498290180753
36978	50	47.3659013190034	47.7977528089888	-2.63409868099658	-2.20224719101124
36979	50	47.9638495359062	48.5950170981925	-2.03615046409379	-1.40498290180753
36980	50	47.9638495359062	48.6946751343429	-2.03615046409379	-1.30532486565706
36981	50	47.9638495359062	48.628236443576	-2.03615046409379	-1.37176355642404
36982	50	47.5984367366878	48.2960429897411	-2.40156326331217	-1.70395701025892
36983	50	47.7313141182218	48.2628236443576	-2.26868588177821	-1.7371763556424
36984	50	47.8641914997557	48.3624816805081	-2.13580850024426	-1.63751831949194
36985	50	48.2628236443576	48.8607718612604	-1.7371763556424	-1.13922813873962
36986	50	48.0302882266732	48.5950170981925	-1.96971177332682	-1.40498290180753
36987	50	47.4987787005374	48.428920371275	-2.50122129946263	-1.57107962872496
36988	50	47.8641914997557	48.6614557889595	-2.13580850024426	-1.33854421104055
36989	50	46.1367855398144	46.9008304836346	-3.86321446018564	-3.09916951636541
36990	50	48.628236443576	49.3590620420127	-1.37176355642404	-0.640937957987298
36991	50	48.3957010258915	49.0600879335613	-1.60429897410845	-0.939912066438694
36992	50	47.6316560820713	48.2628236443576	-2.36834391792868	-1.7371763556424
36993	50	47.6980947728383	48.428920371275	-2.3019052271617	-1.57107962872496
36994	50	47.1665852467025	47.5652173913043	-2.83341475329751	-2.43478260869566
36995	50	47.7977528089888	48.561797752809	-2.20224719101124	-1.43820224719101
36996	50	47.7313141182218	48.7943331704934	-2.26868588177821	-1.2056668295066
36997	50	47.6648754274548	48.3624816805081	-2.33512457254519	-1.63751831949194
36998	50	47.7313141182218	48.3957010258915	-2.26868588177821	-1.60429897410845
36999	50	48.3292623351246	48.9272105520274	-1.67073766487543	-1.07278944797264
37000	50	48.0302882266732	48.5285784074255	-1.96971177332682	-1.4714215925745
37001	50	47.5319980459209	48.1963849535906	-2.46800195407914	-1.80361504640938
37002	39	41.8866634098681	43.7943331704934	2.8866634098681	4.7943331704934
37008	44	44.8744504152418	47.2330239374695	0.874450415241817	3.23302393746947
37011	44	46.3028822667318	47.1001465559355	2.3028822667318	3.10014655593551
37013	44	46.2364435759648	46.7347337567171	2.23644357596483	2.73473375671715
37014	44	46.9672691744016	47.9306301905227	2.96726917440157	3.93063019052272
37017	44	45.2398632144602	46.0039081582804	1.23986321446019	2.00390815828041
37020	44	46.6350757205667	47.3659013190034	2.63507572056668	3.36590131900342
37021	44	46.1367855398144	46.9340498290181	2.13678553981436	2.93404982901808
37025	44	47.199804592086	48.0302882266732	3.19980459208598	4.03028822667318
37026	37	41.7826086956522	43.7596482657548	4.78260869565217	6.75964826575476
37028	35	42.476306790425	43.447484123107	7.47630679042501	8.44748412310699
37029	47	46.3693209574988	46.9008304836346	-0.630679042501221	-0.0991695163654143
37030	47	46.9340498290181	47.4987787005374	-0.065950170981921	0.498778700537372
37031	47	46.4689789936492	47.1665852467025	-0.531021006350755	0.166585246702489
37032	47	53.943331704934	54.5080605764533	6.94333170493405	7.50806057645335
37035	47	46.8676111382511	47.4655593551539	-0.1323888617489	0.465559355153886
37036	47	46.0703468490474	46.7347337567171	-0.929653150952618	-0.265266243282852
37037	47	46.2364435759648	46.9008304836346	-0.763556424035173	-0.0991695163654143
37038	47	46.5686370297997	47.199804592086	-0.431362970200297	0.199804592085982
37039	46	46.4689789936492	46.9672691744016	0.468978993649245	0.967269174401565
37041	46	46.2364435759648	47.066927210552	0.236443575964827	1.06692721055202
37042	46	46.5354176844162	46.9340498290181	0.535417684416217	0.934049829018079
37043	47	46.6682950659502	47.133365901319	-0.331704934049831	0.133365901319003
37044	47	46.0039081582804	46.6018563751832	-0.99609184171959	-0.398143624816811
37045	47	46.1035661944309	46.8011724474841	-0.896433805569131	-0.19882755251588
37046	47	46.9340498290181	47.4655593551539	-0.065950170981921	0.465559355153886
37047	47	46.4025403028823	46.9008304836346	-0.597459697117735	-0.0991695163654143
37048	47	46.4357596482658	46.9340498290181	-0.564240351734242	-0.065950170981921
37049	47	46.2364435759648	46.8343917928676	-0.763556424035173	-0.165608207132394
37050	47	46.8676111382511	47.1665852467025	-0.1323888617489	0.166585246702489
37051	41	40.7923790913532	41.1001465559355	-0.207620908646803	0.10014655593551
37052	41	40.723986321446	40.9975574010747	-0.27601367855398	-0.00244259892525633
37053	41	41.2369320957499	41.8866634098681	0.236932095749879	0.886663409868099
37054	41	41.6814851001466	42.1602344894968	0.68148510014656	1.16023448949682
37055	41	39.971665852467	40.1768441621886	-1.02833414753297	-0.823155837811427
37056	41	40.9291646311676	41.3737176355642	-0.0708353688324337	0.37371763556424
37057	41	41.0317537860283	41.4421104054714	0.0317537860283323	0.442110405471425
37058	41	40.3136297020029	40.8265754763068	-0.686370297997072	-0.173424523693214
37059	41	42.0918417195896	42.5705911089399	1.09184171958964	1.57059110893991
37060	41	41.9550561797753	42.0918417195896	0.955056179775283	1.09184171958964
37061	41	40.894968246214	41.6814851001466	-0.105031753786029	0.68148510014656
37062	41	41.0317537860283	41.8182706399609	0.0317537860283323	0.818270639960915
37063	41	42.6731802638007	43.2545188080117	1.67318026380069	2.25451880801172
37064	41	40.723986321446	41.2369320957499	-0.27601367855398	0.236932095749879
37065	41	41.0659501709819	41.3395212506106	0.065950170981921	0.339521250610645
37066	41	41.3737176355642	41.8524670249145	0.37371763556424	0.852467024914503
37067	41	41.4421104054714	41.9208597948217	0.442110405471425	0.920859794821695
37068	39	40.8314606741573	41.2022471910112	1.8314606741573	2.20224719101124
37069	46	47.6980947728383	48.2960429897411	1.6980947728383	2.29604298974108
37070	46	47.3991206643869	47.9306301905227	1.39912066438691	1.93063019052272
37071	46	46.9672691744016	47.2994626282364	0.967269174401565	1.29946262823644
37072	46	48.428920371275	49.1929653150953	2.42892037127504	3.19296531509526
37073	46	46.8343917928676	47.3659013190034	0.834391792867606	1.36590131900342
37074	46	47.0004885197851	47.9970688812897	1.00048851978505	1.99706888128969
37075	46	47.6648754274548	48.5285784074255	1.66487542745481	2.5285784074255
37076	46	47.2994626282364	47.8641914997557	1.29946262823644	1.86419149975574
37077	46	47.4655593551539	48.2296042989741	1.46555935515389	2.22960429897411
37078	46	47.133365901319	47.7313141182218	1.133365901319	1.73131411822179
37079	46	47.0004885197851	47.3991206643869	1.00048851978505	1.39912066438691
37080	46	46.8343917928676	47.266243282853	0.834391792867606	1.26624328285295
37081	46	45.8045920859795	46.1367855398144	-0.195407914020521	0.136785539814362
37082	46	47.7977528089888	48.5285784074255	1.79775280898876	2.5285784074255
37083	46	47.6316560820713	48.428920371275	1.63165608207132	2.42892037127504
37084	46	46.1035661944309	46.2696629213483	0.103566194430869	0.269662921348313
37085	46	48.0635075720567	48.6946751343429	2.06350757205666	2.69467513434294
37086	46	47.8974108451392	48.6946751343429	1.89741084513923	2.69467513434294
37087	46	47.6648754274548	48.2960429897411	1.66487542745481	2.29604298974108
37088	46	48.3292623351246	48.9604298974108	2.32926233512457	2.96042989741085
37089	46	47.6316560820713	48.1963849535906	1.63165608207132	2.19638495359062
37090	46	45.9042501221299	46.2032242305813	-0.0957498778700554	0.203224230581341
37091	46	46.1700048851978	46.4357596482658	0.170004885197848	0.435759648265758
37092	46	47.3659013190034	47.8641914997557	1.36590131900342	1.86419149975574
37093	38	41.7132388861749	42.6497313141182	3.71323888617489	4.64973131411822
37094	41	41.4298974108451	41.8808011724475	0.429897410845143	0.880801172447484
37095	42	43.123595505618	43.6629213483146	1.12359550561798	1.6629213483146
37096	42	47.0337078651685	47.6404494382022	5.03370786516854	5.64044943820225
37097	42	46.6966292134831	47.2696629213483	4.69662921348315	5.26966292134831
37098	53	56.8041035661944	57.1641426477772	3.80410356619443	4.16414264777723
37099	53	47.6394723986321	47.9340498290181	-5.36052760136786	-5.06595017098192
37100	53	47.7376648754275	48.0649731314118	-5.26233512457254	-4.93502686858818
37101	53	56.8368343917929	57.0986809965804	3.83683439179287	4.09868099658036
37102	53	56.8695652173913	57.1641426477772	3.8695652173913	4.16414264777723
37103	53	56.6404494382022	56.9677576941866	3.64044943820225	3.96775769418662
37104	53	55.3312164142648	56.5095261358085	2.33121641426478	3.5095261358085
37105	53	55.8876404494382	56.247679531021	2.8876404494382	3.24767953102101
37106	53	54.676599902296	55.2657547630679	1.67659990229604	2.2657547630679
37107	53	56.5095261358085	56.8695652173913	3.5095261358085	3.8695652173913
37109	52	45.5388373229116	47.133365901319	-6.46116267708842	-4.866634098681
37110	52	55.2721055202736	56.0029311187103	3.27210552027357	4.00293111871031
37111	52	54.9399120664387	55.3385442110405	2.93991206643869	3.33854421104055
37112	52	54.9731314118222	55.8036150464094	2.97313141182218	3.80361504640938
37113	52	54.7073766487543	55.1724474841231	2.70737664875428	3.1724474841231
37114	52	54.6741573033708	55.1060087933561	2.67415730337078	3.10600879335613
37115	52	54.6409379579873	55.1392281387396	2.6409379579873	3.13922813873962
37116	52	54.0429897410845	57.6638983878847	2.04298974108451	5.66389838788471
37117	51	47.066927210552	48.1631656082071	-3.93307278944798	-2.83683439179287
37118	51	54.2755251587689	54.8402540302882	3.27552515876893	3.84025403028823
37119	51	47.0004885197851	47.7313141182218	-3.99951148021495	-3.26868588177821
37120	52	54.7738153395212	55.3053248656571	2.77381533952125	3.30532486565706
37121	51	54.9399120664387	55.8368343917929	3.93991206643869	4.83683439179287
37122	51	54.7738153395212	55.3385442110405	3.77381533952125	4.33854421104055
37123	51	46.7679531021006	47.4987787005374	-4.23204689789937	-3.50122129946263
37124	51	54.6409379579873	55.1724474841231	3.6409379579873	4.1724474841231
37125	51	53.8768930141671	54.3751831949194	2.87689301416707	3.37518319491939
37126	52	54.8070346849047	55.3385442110405	2.80703468490474	3.33854421104055
37127	51	46.5686370297997	47.2994626282364	-4.4313629702003	-3.70053737176356
37128	51	54.8070346849047	55.2721055202736	3.80703468490474	4.27210552027357
37129	52	54.7405959941378	55.2721055202736	2.74059599413776	3.27210552027357
37130	52	54.8070346849047	55.3385442110405	2.80703468490474	3.33854421104055
37131	52	54.7405959941378	55.2388861748901	2.74059599413776	3.23888617489008
37132	52	54.4748412310699	54.9731314118222	2.47484123106986	2.97313141182218
37133	52	54.7738153395212	55.2056668295066	2.77381533952125	3.2056668295066
37134	52	46.4357596482658	47.3991206643869	-5.56424035173424	-4.60087933561309
37135	52	45.9042501221299	47.2994626282364	-6.09574987787006	-4.70053737176356
37136	51	46.6682950659502	47.5984367366878	-4.33170493404983	-3.40156326331217
37137	51	54.7405959941378	55.371763556424	3.74059599413776	4.37176355642404
37138	51	46.3361016121153	47.199804592086	-4.66389838788471	-3.80019540791402
37139	52	54.7073766487543	55.1392281387396	2.70737664875428	3.13922813873962
37140	52	56.2354665363947	57.1323888617489	4.23546653639472	5.1323888617489
37141	51	46.7015144113337	47.4655593551539	-4.29848558866634	-3.53444064484611
37142	52	46.8011724474841	47.8974108451392	-5.19882755251588	-4.10258915486077
37143	52	53.7440156326331	54.4748412310699	1.74401563263312	2.47484123106986
37144	52	53.7772349780166	54.3751831949194	1.77723497801661	2.37518319491939
37145	52	54.7405959941378	55.3053248656571	2.74059599413776	3.30532486565706
37146	52	54.5744992672203	55.0395701025892	2.57449926722032	3.03957010258915
37147	52	54.4416218856864	54.9399120664387	2.44162188568637	2.93991206643869
37148	52	54.009770395701	54.5080605764533	2.00977039570103	2.50806057645335
37149	52	54.7405959941378	55.2056668295066	2.74059599413776	3.2056668295066
37150	52	47.4323400097704	48.3292623351246	-4.5676599902296	-3.67073766487543
37151	54	55.0063507572057	55.7039570102589	1.00635075720567	1.70395701025891
37152	54	47.1665852467025	47.8974108451392	-6.83341475329751	-6.10258915486077
37153	54	57.1656082071324	58.1954079140205	3.16560820713239	4.19540791402051
37154	54	55.0727894479726	55.7371763556424	1.07278944797264	1.7371763556424
37155	54	55.2721055202736	56.0693698094773	1.27210552027357	2.06936980947728
37156	54	55.8700537371764	56.733756717147	1.87005373717636	2.73375671714705
37157	54	55.4714215925745	56.5012212994626	1.4714215925745	2.50122129946263
37158	54	55.2721055202736	56.4347826086956	1.27210552027357	2.43478260869565
37159	54	55.6375183194919	56.733756717147	1.63751831949194	2.73375671714705
37160	54	56.0029311187103	57.0327308255984	2.00293111871031	3.03273082559843
37161	54	57.5310210063508	58.1954079140205	3.53102100635076	4.19540791402051
37162	54	56.7669760625305	57.3317049340498	2.76697606253053	3.33170493404982
37163	54	57.4645823155838	58.5276013678554	3.46458231558378	4.5276013678554
37164	54	55.504640937958	56.2022471910112	1.50464093795799	2.20224719101123
37165	54	55.8700537371764	57.0327308255984	1.87005373717636	3.03273082559843
37166	54	55.3385442110405	56.5012212994626	1.33854421104055	2.50122129946263
37167	54	56.4015632633122	57.3317049340498	2.40156326331216	3.33170493404982
37168	54	55.7703957010259	56.8334147532975	1.77039570102589	2.83341475329751
37169	54	54.5744992672203	55.2388861748901	0.574499267220318	1.23888617489008
37170	54	56.0361504640938	57.1656082071324	2.03615046409379	3.16560820713239
37171	54	56.0693698094773	57.0991695163654	2.06936980947728	3.09916951636541
37172	54	57.0991695163654	57.4645823155838	3.09916951636541	3.46458231558378
37173	54	54.5412799218368	56.2022471910112	0.541279921836832	2.20224719101123
37174	54	54.9731314118222	55.7371763556424	0.97313141182218	1.7371763556424
37175	54	54.9731314118222	55.7371763556424	0.97313141182218	1.7371763556424
37176	54	47.133365901319	48.1299462628236	-6.866634098681	-5.87005373717636
37177	54	55.6375183194919	56.3019052271617	1.63751831949194	2.3019052271617
37178	54	58.4943820224719	59.0258915486077	4.49438202247191	5.02589154860772
37179	54	55.0727894479726	55.8036150464094	1.07278944797264	1.80361504640938
37180	54	55.0395701025892	59.9228138739619	1.03957010258915	5.92281387396189
37181	54	55.3385442110405	56.0361504640938	1.33854421104055	2.03615046409379
37182	54	57.9296531509526	58.7933561309233	3.92965315095261	4.7933561309233
37183	54	57.2652662432829	57.8299951148021	3.26526624328285	3.82999511480214
37184	54	55.7703957010259	56.5676599902296	1.77039570102589	2.5676599902296
37186	34	41.8866634098681	43.4821690278456	7.8866634098681	9.48216902784563
37187	47	46.5021983390327	47.1665852467025	-0.497801660967269	0.166585246702489
37188	47	47.0004885197851	47.266243282853	0.000488519785051267	0.266243282852955
37189	41	41.9154860771861	42.0889106008793	0.915486077186124	1.08891060087933
37190	41	41.7073766487543	42.4357596482658	0.707376648754277	1.43575964826576
37191	41	41.8808011724475	42.0542256961407	0.880801172447484	1.05422569614069
37192	41	41.8808011724475	42.0195407914021	0.880801172447484	1.01954079140205
37193	41	43.1988275525159	44.3781143136297	2.19882755251588	3.3781143136297
37194	42	41.9154860771861	42.0889106008793	-0.0845139228138763	0.0889106008793306
37195	42	41.9501709819248	42.0889106008793	-0.0498290180752292	0.0889106008793306
37196	41	41.8461162677088	42.0195407914021	0.846116267708837	1.01954079140205
37197	41	41.8808011724475	42.0542256961407	0.880801172447484	1.05422569614069
37198	41	41.9848558866634	42.123595505618	0.984855886663411	1.12359550561798
37199	41	41.9501709819248	42.0889106008793	0.950170981924771	1.08891060087933
37200	41	41.9848558866634	42.123595505618	0.984855886663411	1.12359550561798
37201	41	41.8808011724475	42.0542256961407	0.880801172447484	1.05422569614069
37202	41	41.9501709819248	42.0889106008793	0.950170981924771	1.08891060087933
37203	41	40.9443087445042	41.5339521250611	-0.0556912554958444	0.533952125061063
37204	42	41.3605276013679	41.9501709819248	-0.639472398632144	-0.0498290180752292
37205	41	41.8461162677088	41.9848558866634	0.846116267708837	0.984855886663411
37206	41	41.8808011724475	42.0542256961407	0.880801172447484	1.05422569614069
37207	41	41.8461162677088	42.0195407914021	0.846116267708837	1.01954079140205
37208	42	41.9501709819248	42.123595505618	-0.0498290180752292	0.123595505617978
37209	35	41.3737176355642	42.276502198339	6.37371763556424	7.27650219833903
37210	35	41.6316560820713	42.437713727406	6.63165608207132	7.43771372740596
37211	35	41.6316560820713	42.3732291157792	6.63165608207132	7.37322911577919
37212	35	41.5026868588178	42.2442598925256	6.50268685881778	7.24425989252565
37213	35	40.9545676599902	41.6961406936981	5.95456765999023	6.6961406936981
37214	41	41.9501709819248	42.7132388861749	0.950170981924771	1.71323888617489
37215	40	40.6555935515388	41.1001465559355	0.655593551538836	1.10014655593551
37216	40	40.5188080117245	40.9633610161212	0.518808011724474	0.963361016121155
37217	40	40.7923790913532	41.3737176355642	0.792379091353197	1.37371763556424
37218	40	40.6555935515388	41.1685393258427	0.655593551538836	1.16853932584269
37219	40	40.9975574010747	41.5446995603322	0.997557401074744	1.54469956033219
37220	40	40.9975574010747	41.647288715193	0.997557401074744	1.64728871519296
37221	40	40.1768441621886	40.4162188568637	0.176844162188573	0.416218856863701
37222	40	41.0317537860283	41.5105031753786	1.03175378602833	1.5105031753786
37223	40	40.6555935515388	41.1685393258427	0.655593551538836	1.16853932584269
37224	35	41.9848558866634	42.8172936003908	6.98485588666341	7.81729360039081
37225	32	39.6897899364924	41.7318026380068	7.68978993649243	9.73180263800684
37226	43	41.2027357107963	41.9550561797753	-1.79726428920371	-1.04494382022472
37227	43	41.9208597948217	42.6389838788471	-1.07914020517831	-0.361016121152907
37228	43	42.5705911089399	43.8358573522228	-0.429408891060092	0.83585735222276
37229	43	41.7156814851001	42.3312164142648	-1.28431851489985	-0.668783585735227
37230	43	41.8524670249145	42.6047874938935	-1.1475329750855	-0.395212506106503
37231	43	57.1988275525159	59.4909623839766	14.1988275525159	16.4909623839766
37232	47	46.8011724474841	47.5652173913043	-0.19882755251588	0.565217391304344
37233	39	41.2911577918906	42.2970200293112	2.29115779189057	3.29702002931118
37234	37	44.9677576941866	46.1470444553004	7.96775769418662	9.14704445530044
37235	40	43.4127992183683	44.5227161700049	3.41279921836834	4.52271617000488
37236	38	42.1988275525159	43.7596482657548	4.19882755251588	5.75964826575476
37237	38	42.5456765999023	43.7596482657548	4.54567659990229	5.75964826575476
37238	47	46.9340498290181	47.4655593551539	-0.065950170981921	0.465559355153886
37240	47	41.2867611138251	41.552515876893	-5.71323888617489	-5.44748412310699
37241	47	42.2169027845628	42.4826575476307	-4.78309721543722	-4.51734245236932
37246	41	42.1260381045432	42.6389838788471	1.12603810454323	1.63898387884709
37247	41	41.1343429408891	41.7840742550073	0.134342940889105	0.784074255007326
37248	41	42.1602344894968	42.6731802638007	1.16023448949682	1.67318026380069
37249	38	46.4943820224719	47	8.49438202247191	9
37250	40	41.8089887640449	42.1797752808989	1.80898876404494	2.17977528089888
37251	38	45.6179775280899	46.5280898876404	7.61797752808989	8.52808988764045
37252	38	41.7078651685393	42.1123595505618	3.70786516853933	4.1123595505618
37253	38	41.7752808988764	42.2808988764045	3.7752808988764	4.28089887640449
37254	38	45.9887640449438	46.4606741573034	7.98876404494382	8.46067415730337
37255	38	41.876404494382	42.314606741573	3.87640449438202	4.31460674157303
37256	38	42.1123595505618	42.685393258427	4.1123595505618	4.68539325842697
37257	38	40.7640449438202	41.3370786516854	2.76404494382022	3.33707865168539
37258	38	41.6404494382022	42.0786516853933	3.64044943820225	4.07865168539325
37259	38	41.2696629213483	41.876404494382	3.26966292134831	3.87640449438202
37260	38	41.3707865168539	43.4269662921348	3.37078651685393	5.42696629213484
37261	38	46.5955056179775	47.1011235955056	8.59550561797752	9.10112359550561
37262	38	42.1460674157303	42.6179775280899	4.14606741573034	4.61797752808989
37263	38	44.2022471910112	45.5505617977528	6.20224719101124	7.55056179775281
37264	38	40.8314606741573	41.7752808988764	2.8314606741573	3.7752808988764
37265	38	41.6404494382022	42.6179775280899	3.64044943820225	4.61797752808989
37266	38	44.9101123595506	45.8539325842697	6.91011235955056	7.85393258426966
37267	38	43.5280898876404	44.7078651685393	5.52808988764045	6.70786516853933
37268	38	45.2134831460674	45.8539325842697	7.21348314606742	7.85393258426966
37269	38	39.9550561797753	46.1910112359551	1.95505617977528	8.19101123595506
37270	38	42.685393258427	45.9887640449438	4.68539325842697	7.98876404494382
37271	38	43.5955056179775	44.2696629213483	5.59550561797752	6.26966292134831
37272	38	39.685393258427	40.4269662921348	1.68539325842697	2.42696629213484
37273	38	45.0786516853933	46.123595505618	7.07865168539325	8.12359550561798
37274	38	43.8988764044944	45.0449438202247	5.89887640449438	7.04494382022472
37275	38	44.5730337078652	45.8876404494382	6.57303370786516	7.8876404494382
37276	38	45.4494382022472	46.2584269662921	7.44943820224719	8.25842696629213
37277	38	45.752808988764	46.3258426966292	7.75280898876404	8.32584269662921
37278	38	43.2921348314607	44.5056179775281	5.29213483146067	6.50561797752809
37279	38	41.6741573033708	42.2808988764045	3.67415730337079	4.28089887640449
37280	38	42.2134831460674	42.9887640449438	4.21348314606742	4.98876404494382
37281	38	40.6966292134831	41.5393258426966	2.69662921348315	3.53932584269663
37282	38	45.3483146067416	46.4269662921348	7.34831460674157	8.42696629213484
37283	38	41.9775280898876	42.4831460674157	3.97752808988764	4.48314606741573
37284	38	42.247191011236	42.8876404494382	4.24719101123596	4.8876404494382
37285	38	43.123595505618	44.1011235955056	5.12359550561798	6.10112359550561
37286	38	46.3932584269663	46.9662921348315	8.39325842696629	8.96629213483146
37287	38	46.5280898876404	47.0337078651685	8.52808988764045	9.03370786516854
37288	41	40.9975574010747	41.647288715193	-0.00244259892525633	0.647288715192964
37289	41	41.8866634098681	42.0234489496825	0.886663409868099	1.02344894968246
37290	41	41.1685393258427	41.7156814851001	0.168539325842694	0.715681485100149
37291	41	41.8524670249145	42.0234489496825	0.852467024914503	1.02344894968246
37292	40	43.6648754274548	44.7933561309233	3.66487542745481	4.7933561309233
37293	41	41.9550561797753	42.1260381045432	0.955056179775283	1.12603810454323
37294	41	40.2794333170493	41.1685393258427	-0.720566682950661	0.168539325842694
37295	41	40.3478260869565	40.9975574010747	-0.652173913043484	-0.00244259892525633
37296	41	41.5446995603322	41.9550561797753	0.544699560332191	0.955056179775283
37297	41	41.2369320957499	41.7156814851001	0.236932095749879	0.715681485100149
37298	41	41.3737176355642	41.9892525647289	0.37371763556424	0.989252564728872
37299	41	41.5788959452858	42.0918417195896	0.57889594528578	1.09184171958964
37300	41	41.2369320957499	41.7840742550073	0.236932095749879	0.784074255007326
37301	41	41.1685393258427	41.7156814851001	0.168539325842694	0.715681485100149
37302	41	41.5446995603322	42.0918417195896	0.544699560332191	1.09184171958964
37304	40	45.5842696629213	46.2584269662921	5.58426966292134	6.25842696629213
37305	40	44.1011235955056	44.8426966292135	4.10112359550561	4.84269662921348
37306	40	45.6516853932584	46.3595505617978	5.65168539325843	6.35955056179775
37307	40	46.0561797752809	46.4606741573034	6.0561797752809	6.46067415730337
37308	40	39.9887640449438	40.8314606741573	-0.0112359550561791	0.831460674157299
37309	40	45.2134831460674	45.9213483146067	5.21348314606742	5.92134831460675
37310	43	41.8524670249145	44.2462139716659	-1.1475329750855	1.24621397166585
37311	45	44.9301416707377	45.7166585246703	-0.0698583292623312	0.716658524670251
37312	45	44.0752320468979	44.7249633610161	-0.924767953102105	-0.275036638983877
37313	42	41.9208597948217	42.0918417195896	-0.0791402051783052	0.0918417195896382
37314	46	43.8358573522228	44.485588666341	-2.16414264777724	-1.51441133365901
37315	46	41.8182706399609	42.5705911089399	-4.18172936003909	-3.42940889106009
37316	42	44.0752320468979	44.8617489008305	2.0752320468979	2.86174890083048
37317	41	45.0112359550562	45.6516853932584	4.01123595505618	4.65168539325843
37318	41	45.685393258427	46.561797752809	4.68539325842697	5.56179775280899
37319	41	45.6516853932584	46.561797752809	4.65168539325843	5.56179775280899
37320	41	44.1685393258427	44.9775280898876	3.16853932584269	3.97752808988764
37321	41	45.6516853932584	46.2584269662921	4.65168539325843	5.25842696629213
37322	41	45.9887640449438	46.6629213483146	4.98876404494382	5.6629213483146
37323	41	45.5168539325843	46.1573033707865	4.51685393258427	5.15730337078652
37324	41	45.4494382022472	46.1910112359551	4.44943820224719	5.19101123595506
37325	41	44.5730337078652	45.5505617977528	3.57303370786516	4.55056179775281
37326	41	41.876404494382	42.5842696629213	0.876404494382022	1.58426966292134
37327	40	44.4719101123596	45.9550561797753	4.47191011235955	5.95505617977528
37328	40	64.3595505617978	75.2134831460674	24.3595505617978	35.2134831460674
37330	40	40.5955056179775	41.4719101123596	0.595505617977523	1.47191011235955
37331	40	45.1460674157303	46.4606741573034	5.14606741573034	6.46067415730337
37332	40	44.1685393258427	45.5168539325843	4.16853932584269	5.51685393258427
37337	40	44.2359550561798	44.9775280898876	4.23595505617978	4.97752808988764
37339	40	42.9550561797753	44.5393258426966	2.95505617977528	4.53932584269663
37340	40	44.876404494382	49.2921348314607	4.87640449438202	9.29213483146067
37342	40	44.2022471910112	44.9775280898876	4.20224719101124	4.97752808988764
37343	40	45.3820224719101	45.9887640449438	5.38202247191011	5.98876404494382
37344	40	36.5842696629213	38.7415730337079	-3.41573033707866	-1.25842696629213
37347	40	43.3258426966292	44.1348314606742	3.32584269662921	4.13483146067416
37348	41	42.6179775280899	44.0674157303371	1.61797752808989	3.06741573033707
37349	41	43.3932584269663	45.0112359550562	2.39325842696629	4.01123595505618
