36455	8360	7499.79677576942	7697.61016121153	-860.203224230581	-662.389838788471
36456	8360	7674.78553981436	7864.99071812408	-685.214460185637	-495.009281875916
36457	8360	7750.86761113825	7910.63996091842	-609.132388861749	-449.360039081583
36458	8360	7819.34147532975	7994.33023937469	-540.658524670249	-365.669760625306
36459	8360	7225.90131900342	7454.14753297509	-1134.09868099658	-905.852467024914
36460	8360	6495.51343429409	6952.00586223742	-1864.48656570591	-1407.99413776258
36461	7269	7422.92134831461	7653.15730337079	153.921348314607	384.157303370786
36463	7609	7556.60674157303	7868.5393258427	-52.3932584269669	259.539325842697
36465	7609	7311.51685393258	7519.47191011236	-297.483146067416	-89.5280898876408
36466	7609	7333.79775280899	7541.75280898876	-275.202247191011	-67.2471910112363
36467	7609	7125.84269662921	7318.94382022472	-483.157303370786	-290.056179775281
36468	7570	7274.38202247191	7504.61797752809	-295.61797752809	-65.3820224719102
36469	7570	7155.55056179775	7400.6404494382	-414.449438202248	-169.359550561798
36470	7570	7415.49438202247	7645.73033707865	-154.505617977528	75.7303370786512
36471	7570	7512.04494382022	7742.2808988764	-57.955056179776	172.280898876405
36472	7570	7289.23595505618	7512.04494382022	-280.76404494382	-57.955056179776
36473	7570	7430.34831460674	7660.58426966292	-139.651685393259	90.5842696629206
36474	7570	7437.77528089888	7668.01123595506	-132.224719101124	98.0112359550558
36475	7570	7281.80898876404	7460.05617977528	-288.191011235956	-109.943820224719
36476	7570	7363.50561797753	7556.60674157303	-206.494382022473	-13.3932584269669
36477	7570	7348.65168539326	7549.1797752809	-221.348314606742	-20.8202247191011
36478	8311	7576.10845139228	7673.77039570103	-734.891548607719	-637.229604298974
36479	8311	7531.03370786517	7628.69565217391	-779.966292134831	-682.304347826087
36480	8311	7546.05862237421	7636.20810942843	-764.941377625793	-674.791890571568
36481	8311	7621.18319491939	7711.33268197362	-689.816805080605	-599.66731802638
36482	8311	7621.18319491939	7726.35759648266	-689.816805080605	-584.642403517342
36483	8311	7418.34684904739	7561.08353688324	-892.653150952613	-749.916463116756
36484	8095	7606.15828041036	7703.8202247191	-488.841719589644	-391.179775280899
36485	8095	7621.18319491939	7726.35759648266	-473.816805080605	-368.642403517342
36486	8095	7516.00879335613	7636.20810942843	-578.991206643869	-458.791890571568
36487	8267	7478.44650708354	7628.69565217391	-788.553492916463	-638.304347826087
36488	9066	7629.27259404006	7957.82462139717	-1436.72740595994	-1108.17537860283
36493	9419	7624.9443087445	7872.36199316072	-1794.0556912555	-1546.63800683928
36494	9419	7810.50757205667	8019.26624328285	-1608.49242794333	-1399.73375671715
36496	9419	7269.28138739619	7648.13971665852	-2149.71861260381	-1770.86028334148
36498	7796	7266.33414753298	7389.29555446996	-529.665852467025	-406.704445530044
36499	4115	4798.74938935027	5088.67220322423	683.749389350269	973.672203224231
36501	8408	7264.25842696629	7504.07865168539	-1143.74157303371	-903.921348314607
36502	8408	7354.19101123596	7571.52808988764	-1053.80898876404	-836.471910112359
36503	9269	7901.81924767953	8109.9052271617	-1367.18075232047	-1159.0947728383
36504	9269	7909.5261358085	8109.9052271617	-1359.4738641915	-1159.0947728383
36505	9269	7924.93991206644	8109.9052271617	-1344.06008793356	-1159.0947728383
36506	9269	7847.87103077675	8032.83634587201	-1421.12896922325	-1236.16365412799
36507	9269	7739.97459697118	7971.18124084025	-1529.02540302882	-1297.81875915975
36508	9269	7801.62970200293	7994.30190522716	-1467.37029799707	-1274.69809477284
36509	9269	7901.81924767953	8071.37078651685	-1367.18075232047	-1197.62921348315
36510	9269	7793.92281387396	7978.88812896922	-1475.07718612604	-1290.11187103078
36511	9269	7832.45725451881	8032.83634587201	-1436.54274548119	-1236.16365412799
36512	9269	7778.50903761602	7963.47435271128	-1490.49096238398	-1305.52564728872
36513	9269	7940.35368832438	8133.02589154861	-1328.64631167562	-1135.97410845139
36514	9269	7870.99169516365	8055.95701025892	-1398.00830483635	-1213.04298974108
36515	9269	7886.40547142159	8133.02589154861	-1382.59452857841	-1135.97410845139
36516	9269	7801.62970200293	8025.12945774304	-1467.37029799707	-1243.87054225696
36517	9269	7716.85393258427	7924.93991206644	-1552.14606741573	-1344.06008793356
36518	9269	7832.45725451881	8032.83634587201	-1436.54274548119	-1236.16365412799
36519	9269	7847.87103077675	8079.07767464582	-1421.12896922325	-1189.92232535418
36520	9269	7832.45725451881	8040.54323400098	-1436.54274548119	-1228.45676599902
36521	9250	7560.95261358085	7917.43624816805	-1689.04738641915	-1332.56375183195
36522	9250	7667.13922813874	7879.51245725452	-1582.86077186126	-1370.48754274548
36523	9250	7636.80019540791	7887.09721543722	-1613.19980459209	-1362.90278456278
36524	9250	7750.57156814851	7978.1143136297	-1499.42843185149	-1271.8856863703
36525	9250	7447.18124084025	7773.32584269663	-1802.81875915975	-1476.67415730337
36526	9250	8008.45334636053	8175.31802638007	-1241.54665363947	-1074.68197361993
36527	8195	8000.23888617489	8230.93258426966	-194.76111382511	35.9325842696635
36528	8195	7992.5490962384	8215.55300439668	-202.450903761603	20.5530043966792
36529	8195	7923.34098680997	8123.27552515877	-271.659013190034	-71.7244748412313
36530	8195	8030.99804592086	8215.55300439668	-164.00195407914	20.5530043966792
36531	8195	8061.75720566683	8246.31216414265	-133.24279433317	51.3121641426478
36532	8195	8015.61846604787	8238.62237420616	-179.381533952125	43.6223742061557
36533	8195	7784.9247679531	8038.68783585735	-410.075232046898	-156.312164142648
36534	9250	7507.85930630191	7917.43624816805	-1742.14069369809	-1332.56375183195
36536	7586	7379.70884220811	7514.95065950171	-206.29115779189	-71.0493404982899
36537	7586	7469.87005373718	7582.57156814851	-116.129946262824	-3.42843185149013
36538	7427	7244.46702491451	7417.27601367855	-182.532975085491	-9.72398632144632
36539	7427	7499.92379091353	7597.59843673669	72.9237909135318	170.598436736688
36540	7427	7484.89692232535	7590.0850024426	57.8969223253544	163.085002442599
36541	7427	7251.9804592086	7394.73571079629	-175.019540791402	-32.2642892037129
36542	7427	7116.738641915	7282.03419638495	-310.261358085002	-144.965803615046
36543	7427	7004.03712750366	7214.41328773815	-422.962872496336	-212.586712261847
36544	8595	7650.38202247191	7815.01123595506	-944.61797752809	-779.988764044943
36545	8607	7542.76893014167	7729.77430385931	-1064.23106985833	-877.225696140694
36546	8607	7677.41279921837	7871.89838788471	-929.587200781632	-735.101612115291
36547	8607	7774.65559355154	7946.70053737176	-832.344406448461	-660.299462628236
36548	8607	7640.01172447484	7819.53688324377	-966.988275525158	-787.463116756228
36549	8607	7684.89301416707	7856.9379579873	-922.106985832926	-750.062042012702
36550	8607	7580.1700048852	7819.53688324377	-1026.8299951148	-787.463116756228
36551	8607	7684.89301416707	7924.25989252565	-922.106985832926	-682.740107474352
36552	8607	7714.8138739619	7894.33903273083	-892.186126038105	-712.660967269174
36553	8607	7602.61064973131	7797.09623839766	-1004.38935026869	-809.903761602344
36554	8607	7662.45236932096	7916.77967757694	-944.547630679042	-690.220322423058
36555	8607	7527.80850024426	7804.57645334636	-1079.19149975574	-802.423546653639
36556	8607	7400.64484611627	7677.41279921837	-1206.35515388373	-929.587200781632
36557	8607	7542.76893014167	7827.01709819248	-1064.23106985833	-779.982901807523
36558	8607	7535.28871519297	7759.69516365413	-1071.71128480703	-847.304836345872
36559	8607	7475.44699560332	7684.89301416707	-1131.55300439668	-922.106985832926
36560	8595	7508.20224719101	7695.2808988764	-1086.79775280899	-899.719101123595
36561	8595	7425.88764044944	7590.51685393258	-1169.11235955056	-1004.48314606742
36562	8595	7448.33707865169	7627.93258426966	-1146.66292134831	-967.067415730337
36563	8595	7627.93258426966	7777.59550561798	-967.067415730337	-817.404494382023
36564	8607	7535.28871519297	7804.57645334636	-1071.71128480703	-802.423546653639
36566	9258	7684.95554469956	7874.06155349292	-1573.04445530044	-1383.93844650708
36567	9258	7783.29066927211	7942.13971665852	-1474.70933072789	-1315.86028334148
36568	9258	7798.41914997557	7979.9609184172	-1459.58085002443	-1278.0390815828
36569	9258	7768.16218856864	7949.70395701026	-1489.83781143136	-1308.29604298974
36570	9258	8010.21787982413	8191.75964826575	-1247.78212017587	-1066.24035173425
36571	9258	7798.41914997557	7949.70395701026	-1459.58085002443	-1308.29604298974
36572	6720	7166.58133854421	7408.29653150953	446.581338544211	688.296531509526
36573	6720	7174.37860283341	7423.89106008793	454.378602833414	703.891060087934
36574	7575	6741.07865168539	7184.70346849047	-833.921348314607	-390.296531509526
36575	7575	7029.4347826087	7251.24719101124	-545.565217391305	-323.752808988765
36576	7575	6593.20371275037	7199.49096238398	-981.796287249634	-375.509037616023
36577	8962	7638.68783585735	7964.71617000489	-1323.31216414265	-997.283829995115
36578	9052	7429.50561797753	7718.85393258427	-1622.49438202247	-1333.14606741573
36580	8625	8036.45139228139	8505.85735222277	-588.548607718612	-119.142647777235
36581	7190	7221.16218856864	7486.26917440156	31.1621885686372	296.269174401563
36582	7215	7205.56765999023	7423.89106008793	-9.43234000977009	208.891060087934
36583	7215	7283.54030288227	7462.87738153395	68.5403028822666	247.877381533952
36584	7215	7330.32388861749	7470.67464582316	115.323888617489	255.674645823156
36585	7215	7189.97313141182	7400.49926722032	-25.0268685881774	185.499267220323
36586	7190	6745.52906692721	7127.59501709819	-444.470933072789	-62.4049829018077
36587	7190	6761.12359550562	7135.3922813874	-428.876404494382	-54.607718612604
36588	7215	7314.72936003908	7494.06643869077	99.7293600390813	279.066438690767
36589	7215	7338.12115290669	7478.47191011236	123.121152906692	263.471910112359
36590	7215	7299.13483146067	7423.89106008793	84.1348314606739	208.891060087934
36591	7215	7377.10747435271	7501.86370297997	162.107474352712	286.863702979971
36592	7215	7330.32388861749	7494.06643869077	115.323888617489	279.066438690767
36593	7215	7330.32388861749	7494.06643869077	115.323888617489	279.066438690767
36594	7199	7228.95945285784	7431.68832437714	29.9594528578409	232.688324377137
36595	7434	7213.45041524182	7396.20322423058	-220.549584758182	-37.7967757694187
36596	7434	7245.23351245725	7404.14899853444	-188.766487542745	-29.8510014655594
36597	7434	7086.31802638007	7221.39618954568	-347.681973619931	-212.603810454323
36598	7434	7126.04689789936	7269.07083536883	-307.953102100635	-164.929164631168
36599	7434	6792.32437713727	7006.86028334148	-641.675622862726	-427.139716658525
36600	7434	7269.07083536883	7451.8236443576	-164.929164631168	17.823644357597
36601	7434	6863.83634587201	7133.99267220322	-570.163654127992	-300.007327796776
36602	7434	6839.99902296043	7173.72154372252	-594.00097703957	-260.278456277479
36607	8384	7733.47923790914	7877.55251587689	-650.520762090865	-506.447484123108
36608	8384	7665.23400097704	7847.22129946263	-718.76599902296	-536.778700537372
36609	8384	7612.15437225208	7801.72447484123	-771.845627747924	-582.27552515877
36610	8384	7710.73082559844	7907.88373229116	-673.269174401564	-476.116267708842
36611	8384	7559.07474352711	7786.5588666341	-824.925256472888	-597.441133365902
36612	7507	7201.05617977528	7358.86077186126	-305.943820224719	-148.13922813874
36613	7507	6397.68734733757	6569.83781143136	-1109.31265266243	-937.162188568637
36614	7507	6691.7777234978	6849.58231558378	-815.222276502199	-657.417684416219
36615	7507	7014.55984367367	7129.3268197362	-492.440156326331	-377.673180263801
36616	7507	6993.04103566194	7114.98094772838	-513.958964338056	-392.019052271618
36618	7507	6892.61993160723	7057.59745969712	-614.38006839277	-449.402540302883
36619	7507	6957.1763556424	7071.94333170493	-549.823644357596	-435.056668295066
36620	7507	6885.44699560332	6993.04103566194	-621.553004396678	-513.958964338056
36621	7507	6856.75525158769	6993.04103566194	-650.24474841231	-513.958964338056
36622	7507	6533.97313141182	6720.46946751343	-973.026868588177	-786.530532486566
36623	9427	7657.80898876405	7868.33512457255	-1769.19101123595	-1558.66487542745
36624	9467	7720.18710307767	7946.30776746458	-1746.81289692233	-1520.69223253542
36625	9427	7735.78163165608	7961.90229604299	-1691.21836834392	-1465.09770395701
36626	9427	7735.78163165608	7961.90229604299	-1691.21836834392	-1465.09770395701
36627	9427	7665.60625305325	7868.33512457255	-1761.39374694675	-1558.66487542745
36628	9427	7727.98436736688	7969.69956033219	-1699.01563263312	-1457.30043966781
36629	7457	7357.16853932584	7545.00439667807	-99.8314606741569	88.0043966780659
36630	7457	7454.843185149	7620.13873961895	-2.1568148510014	163.138739618955
36631	7133	7466.60674157303	7586.51685393258	333.606741573034	453.516853932584
36632	7133	7376.67415730337	7489.08988764045	243.674157303371	356.08988764045
36633	7133	6912.02247191011	7114.37078651685	-220.977528089888	-18.6292134831456
36634	8722	7556.5393258427	7676.44943820225	-1165.4606741573	-1045.55056179775
36635	8722	7384.16853932584	7496.58426966292	-1337.83146067416	-1225.41573033708
36636	7133	6874.55056179775	7166.83146067416	-258.449438202247	33.8314606741578
36637	7133	6986.96629213483	7294.23595505618	-146.033707865168	161.235955056181
36638	7133	7054.41573033708	7309.22471910112	-78.5842696629206	176.224719101124
36639	7137	7396.00781631656	7612.56570591109	259.007816316561	475.565705911089
36640	7727	7489.58475818271	7609.62774792379	-237.415241817293	-117.372252076209
36641	7727	6859.35906204201	7181.97459697118	-867.640937957987	-545.025403028822
36642	7727	7549.60625305325	7684.65461651197	-177.393746946752	-42.3453834880311
36643	7727	6874.36443575965	7174.47191011236	-852.635564240352	-552.528089887641
36644	7727	7414.55788959453	7557.10893991207	-312.442110405472	-169.891060087934
36645	7789	7500.55300439668	7627.50073277968	-288.446995603322	-161.499267220323
36648	8333	7604.57743038593	7871.67757694187	-728.422569614069	-461.322423058134
36649	8324	6944.6829506595	7557.44211040547	-1379.3170493405	-766.557889594528
36650	8324	7848.10991695164	8107.35417684416	-475.890083048364	-216.645823155837
36651	7741	7283.80556912555	7426.70933072789	-457.194430874451	-314.290669272106
36652	7741	7411.66682950659	7569.61309233024	-329.333170493405	-171.386907669761
36653	7741	7261.2418172936	7456.79433317049	-479.7581827064	-284.205666829507
36654	7741	7155.9443087445	7343.97557401075	-585.055691255496	-397.024425989252
36655	7741	7110.81680508061	7306.3693209575	-630.183194919395	-434.630679042501
36656	7741	7170.9868099658	7366.5393258427	-570.013190034197	-374.460674157303
36657	7741	7351.4968246214	7547.04934049829	-389.503175378603	-193.95065950171
36658	7741	7321.4118221788	7516.96433805569	-419.588177821202	-224.035661944309
36659	7741	7396.6243282853	7577.13434294089	-344.375671714704	-163.865657059111
36660	8340	7603.31802638007	7752.52173913043	-736.681973619932	-587.478260869566
36661	8340	7297.45041524182	7498.87542745481	-1042.54958475818	-841.124572545188
36662	8340	7386.97264289204	7588.39765510503	-953.027357107963	-751.602344894969
36663	8340	7625.69858329262	7789.82266731803	-714.301416707377	-550.177332681974
36664	8340	7580.93746946751	7819.6634098681	-759.062530532487	-520.336590131901
36665	8340	7648.07914020518	7812.20322423058	-691.920859794822	-527.796775769419
36666	8340	7662.99951148022	7842.04396678065	-677.000488519785	-497.956033219346
36667	8340	7625.69858329262	7804.74303859306	-714.301416707377	-535.256961406937
36668	8340	7789.82266731803	7916.64582315584	-550.177332681974	-423.354176844163
36669	8340	7730.14118221788	7946.48656570591	-609.85881778212	-393.513434294089
36670	8106	7655.5393258427	7797.28285295554	-450.460674157303	-308.717147044455
36671	8106	7662.99951148022	7782.36248168051	-443.000488519785	-323.637518319492
36672	8106	7334.75134342941	7595.85784074255	-771.248656570591	-510.142159257451
36673	7522	6667.56179775281	6945.62970200293	-854.438202247191	-576.370297997069
36674	7522	6667.56179775281	6974.14948705423	-854.438202247191	-547.850512945774
36675	8791	7940.43869076698	8510.13336590132	-850.561309233023	-280.86663409868
36676	9301	7828.19345383488	8041.68832437714	-1472.80654616512	-1259.31167562286
36677	9136	7524.12994626282	7722.40058622374	-1611.87005373718	-1413.59941377626
36678	9301	7729.07083536883	7912.06643869077	-1571.92916463117	-1388.93356130923
36679	9279	7691.89741084514	7974.05178309722	-1587.10258915486	-1304.94821690278
36680	9279	7920.67122618466	8103.69027845628	-1358.32877381534	-1175.30972154372
36681	9279	7852.0390815828	8004.55495847582	-1426.9609184172	-1274.44504152418
36682	9301	7713.82120175867	7889.19198827553	-1587.17879824133	-1411.80801172447
36683	9301	7896.81680508061	8064.56277479238	-1404.18319491939	-1236.43722520762
36684	9301	7843.44308744504	8041.68832437714	-1457.55691255496	-1259.31167562286
36685	9316	7867.29066927211	8042.68392769907	-1448.70933072789	-1273.31607230093
36686	9316	7829.16170004885	7974.05178309722	-1486.83829995115	-1341.94821690278
36687	9233	7859.66487542745	8019.80654616512	-1373.33512457255	-1213.19345383488
36688	9233	7974.05178309722	8118.94186614558	-1258.94821690278	-1114.05813385442
36689	9598	8838.29115779189	8929.58378114314	-759.708842208109	-668.416218856864
36690	9598	8807.86028334148	8883.93746946751	-790.139716658525	-714.062530532487
36691	9598	8731.78309721544	8815.46800195408	-866.216902784563	-782.531998045921
36692	9562	8678.52906692721	8762.21397166585	-883.470933072789	-799.786028334147
36693	9562	8853.5065950171	8952.40693698095	-708.493404982903	-609.593063019052
36694	9412	8080.65559355154	8201.13629702003	-1331.34440644846	-1210.86370297997
36695	9412	7945.11480214949	8103.24572545188	-1466.88519785051	-1308.75427454812
36696	9401	8163.48607718613	8291.4968246214	-1237.51392281387	-1109.5031753786
36697	9294	7604.48656570591	7879.45481191988	-1689.51343429409	-1414.54518808012
36698	9294	7795.43673668784	7955.83488031265	-1498.56326331216	-1338.16511968735
36699	9294	7810.71275036639	8070.40498290181	-1483.28724963361	-1223.59501709819
36700	9294	7803.07474352711	8085.68099658036	-1490.92525647289	-1208.31900341964
36701	9294	7581.57254518808	7810.71275036639	-1712.42745481192	-1483.28724963361
36702	9294	7657.95261358085	7948.19687347338	-1636.04738641915	-1345.80312652662
36704	8984	7611.36345872008	8036.77381533952	-1372.63654127992	-947.226184660479
36705	8984	7278.76990718124	7673.24132877382	-1705.23009281876	-1310.75867122618
36706	9212	7371.58671226185	7657.77186126038	-1840.41328773815	-1554.22813873962
36708	8336	7423.92281387396	7626.54811919883	-912.077186126038	-709.451880801173
36709	8336	7506.4738641915	7746.62237420615	-829.526135808501	-589.377625793845
36710	8336	7551.50170981925	7739.1177332682	-784.498290180753	-596.882266731803
36711	8336	7574.01563263312	7761.63165608207	-761.984367366878	-574.368343917929
36712	8336	7536.49242794333	7724.10845139228	-799.507572056668	-611.891548607719
36713	8046	7139.48216902785	7317.85832926234	-906.517830972154	-728.141670737665
36714	8336	7566.51099169516	7784.14557889594	-769.489008304837	-551.854421104055
36715	8336	7446.43673668784	7641.55740107474	-889.563263312164	-694.442598925257
36716	8336	7634.05276013678	7806.65950170982	-701.947239863215	-529.340498290181
36717	8336	7581.52027357108	7784.14557889594	-754.479726428921	-551.854421104055
36718	8336	7393.90425012213	7649.0620420127	-942.095749877871	-686.937957987298
36719	8336	7438.93209574988	7679.08060576453	-897.067904250122	-656.919394235467
36720	8336	7333.86712261847	7506.4738641915	-1002.13287738153	-829.526135808501
36721	8336	7559.00635075721	7806.65950170982	-776.993649242794	-529.340498290181
36722	8336	7536.49242794333	7799.15486077186	-799.507572056668	-536.845139228139
36723	8336	7589.02491450904	7866.69662921348	-746.975085490963	-469.303370786517
36724	8050	7357.53737176356	7497.58915486077	-692.462628236443	-552.410845139229
36725	8125	6891.33561309233	7454.843185149	-1233.66438690767	-670.156814851001
36726	8125	7560.03126526624	7792.947728383	-564.968734733757	-332.052271617001
36727	8125	7364.68197361993	7650.19247679531	-760.318026380069	-474.807523204689
36728	8125	7529.97752808989	7823.00146555935	-595.022471910112	-301.998534440645
36729	8125	7590.0850024426	7860.5686370298	-534.914997557401	-264.4313629702
36730	8125	7334.62823644358	7590.0850024426	-790.371763556424	-534.914997557401
36731	8125	7507.43722520762	7695.27308255984	-617.562774792379	-429.726917440156
36732	8113	7467.66878358574	7655.00390815828	-645.331216414264	-457.996091841719
36733	8113	7302.8138739619	7512.62921348315	-810.186126038104	-600.370786516854
36734	8113	7130.46555935515	7370.25451880801	-982.534440644846	-742.745481191988
36735	8113	7167.93258426966	7370.25451880801	-945.067415730337	-742.745481191988
36736	8113	7340.2808988764	7505.13580850024	-772.719101123595	-607.864191499755
36737	8113	7152.94577430386	7370.25451880801	-960.054225696141	-742.745481191988
36738	8113	7212.89301416707	7445.18856863703	-900.106985832926	-667.811431362969
36739	8113	7227.87982413288	7430.20175867123	-885.120175867122	-682.798241328774
36740	8113	7092.99853444065	7332.7874938935	-1020.00146555935	-780.212506106497
36741	8113	7250.36003908158	7512.62921348315	-862.639960918417	-600.370786516854
36742	8113	7347.77430385931	7565.08304836346	-765.225696140693	-547.916951636541
36743	8113	7145.45236932096	7377.74792379091	-967.547630679042	-735.252076209086
36744	8113	7182.91939423547	7362.76111382511	-930.080605764533	-750.23888617489
36745	9029	7940.97899364924	8322.86858817782	-1088.02100635076	-706.131411822178
36746	9029	7678.42989741085	7972.80312652662	-1350.57010258915	-1056.19687347338
36747	6976	6780.47288715193	6991.10307767465	-195.527112848071	15.1030776746456
36748	6976	6759.40986809966	6906.85100146556	-216.590131900342	-69.1489985344406
36749	6976	6478.56961406937	6745.36785539814	-497.43038593063	-230.632144601856
36750	6976	6633.03175378603	6808.55691255496	-342.968246213972	-167.443087445042
36751	6976	6738.34684904739	6885.78798241329	-237.653150952614	-90.2120175867121
36752	6976	6618.98974108451	6773.45188080117	-357.010258915487	-202.548119198827
36753	6507	6560.12896922325	6692.87835857352	53.1289692232531	185.878358573522
36754	7384	7028.57645334636	7204.34587200782	-355.423546653639	-179.654127992184
36755	7384	6641.88373229116	6930.14557889595	-742.116267708842	-453.854421104054
36756	7384	6430.96042989741	6613.76062530532	-953.039570102589	-770.239374694675
36757	7864	7266.95505617978	7541.75280898876	-597.044943820225	-322.247191011236
36758	7864	7333.79775280899	7512.04494382022	-530.202247191011	-351.955056179776
36759	7864	7393.21348314607	7586.31460674157	-470.786516853933	-277.685393258427
36760	7864	7623.44943820225	7853.68539325843	-240.550561797753	-10.3146067415737
36761	7864	7400.6404494382	7675.43820224719	-463.359550561798	-188.561797752809
36762	7864	7682.86516853933	7913.10112359551	-181.134831460675	49.1011235955057
36766	6296	6868.93209574988	7015.68588177821	572.932095749878	719.685881778212
36771	6296	6561.44797264289	6736.15486077186	265.447972642892	440.154860771861
36772	6296	6631.33072789448	6840.97899364924	335.330727894479	544.978993649243
36773	7527	6643.9706888129	6888.50903761602	-883.029311187103	-638.490962383977
36774	7527	6643.9706888129	6853.574987787	-883.029311187103	-673.425012212995
36775	7527	6643.9706888129	6965.36394723986	-883.029311187103	-561.636052760137
36776	7527	6916.45627747924	7140.03419638495	-610.543722520762	-386.965803615047
36777	7527	6657.9443087445	6902.48265754763	-869.055691255496	-624.517342452369
36778	7527	6364.49829018075	6636.98387884709	-1162.50170981925	-890.016121152907
36779	7527	6217.77528089888	6462.313629702	-1309.22471910112	-1064.686370298
36780	7527	6071.052271617	6427.37957987298	-1455.947728383	-1099.62042012702
36781	7527	6161.88080117245	6490.26086956522	-1365.11919882755	-1036.73913043478
36782	7527	6511.22129946263	6748.77283829995	-1015.77870053737	-778.227161700049
36783	7527	6287.64338055691	6532.18172936004	-1239.35661944309	-994.818270639961
36784	7527	6762.74645823156	6993.31118710308	-764.253541768442	-533.688812896922
36785	7527	6497.24767953102	6734.79921836834	-1029.75232046898	-792.200781631656
36786	7527	6895.49584758183	7077.15290669272	-631.504152418173	-449.847093307279
36787	7527	7070.16609672692	7314.70444553004	-456.833903273083	-212.295554469956
36788	7527	6553.14215925745	6755.75964826575	-973.85784074255	-771.240351734245
36789	7527	6706.85197850513	6895.49584758183	-820.148021494871	-631.504152418173
36790	7527	6511.22129946263	6692.87835857352	-1015.77870053737	-834.121641426478
36791	6814	6235.75329750855	6401.15779189057	-578.246702491451	-412.842208109429
36792	6818	6509.03028822667	6724.77528089888	-308.969711773327	-93.2247191011238
36793	6818	6631.28578407425	6796.69027845628	-186.714215925746	-21.3097215437228
36794	6818	6681.62628236444	6839.83927699072	-136.373717635564	21.8392769907177
36795	6818	6559.37078651685	6746.3497801661	-258.629213483146	-71.6502198339031
36796	6818	6624.09428431851	6796.69027845628	-193.905715681485	-21.3097215437228
36797	6814	6473.07278944797	6681.62628236444	-340.927210552028	-132.373717635564
36798	6818	6501.83878847093	6696.00928187592	-316.161211529067	-121.990718124084
36799	6818	6501.83878847093	6688.81778212018	-316.161211529067	-129.182217879825
36800	6818	6638.47728383	6854.2222765022	-179.522716170005	36.2222765021979
36801	6814	6494.64728871519	6696.00928187592	-319.352711284807	-117.990718124084
36802	7026	6537.79628724963	6731.96678065462	-488.203712750366	-294.033219345383
36803	6846	6775.11577918906	6940.52027357108	-70.8842208109427	94.5202735710791
36804	6759	6703.20078163166	6868.60527601368	-55.7992183683446	109.605276013678
36805	7176	6386.77479237909	6609.71128480703	-789.225207620909	-566.288715192965
36806	7176	6724.77528089888	6990.86077186126	-451.224719101124	-185.13922813874
36807	6863	6523.41328773815	6710.3922813874	-339.586712261847	-152.607718612604
36808	6863	6660.05178309721	6832.64777723498	-202.948216902785	-30.3522227650219
36809	6863	6537.79628724963	6674.4347826087	-325.203712750366	-188.565217391305
36810	6863	6451.49829018075	6652.86028334148	-411.501709819247	-210.139716658525
36811	6863	6487.45578895945	6660.05178309721	-375.544211040547	-202.948216902785
36812	6863	6350.81729360039	6544.98778700537	-512.18270639961	-318.012212994627
36813	6863	6530.60478749389	6710.3922813874	-332.395212506107	-152.607718612604
36814	6863	6588.13678553981	6767.92427943332	-274.863214460186	-95.0757205666832
36815	6863	6875.79677576942	7026.81827063996	12.7967757694187	163.818270639961
36816	6863	6487.45578895945	6688.81778212018	-375.544211040547	-174.182217879825
36817	6863	6832.64777723498	6990.86077186126	-30.3522227650219	127.86077186126
36818	6863	6775.11577918906	6933.32877381534	-87.8842208109427	70.3287738153394
36819	6818	6444.30679042501	6645.66878358573	-373.693209574988	-172.331216414265
36820	6818	6645.66878358573	6832.64777723498	-172.331216414265	14.6477772349781
36821	6818	6516.22178798241	6674.4347826087	-301.778212017587	-143.565217391305
36822	6818	6494.64728871519	6660.05178309721	-323.352711284807	-157.948216902785
36823	6936	6395.84807034685	6603.97655105032	-540.151929653151	-332.023448949682
36824	6863	6602.51978505129	6940.52027357108	-260.480214948706	77.5202735710791
36825	6863	6739.15828041036	6926.1372740596	-123.841719589644	63.1372740595989
36826	6863	6595.32828529555	6789.49877870054	-267.671714704446	-73.5012212994625
36827	7194	7080.63214460186	7180.4445530044	-113.367855398144	-13.5554469956032
36828	7194	7258.86858817782	7394.32828529555	64.868588177821	200.328285295554
36829	7194	7159.05617977528	7265.99804592086	-34.9438202247193	71.9980459208591
36830	9284	7581.66389838788	7858.82559843674	-1702.33610161212	-1425.17440156326
36831	8314	7612.58329262335	7702.62725940401	-701.416707376649	-611.372740595994
36832	8314	7515.03566194431	7620.08695652174	-798.964338055692	-693.913043478261
36833	8314	7560.05764533464	7672.61260381045	-753.942354665364	-641.387396189546
36834	6890	6898.738641915	7137.41963849536	8.73864191499706	247.419638495359
36835	6681	6739.61797752809	6970.34294088911	58.6179775280898	289.342940889106
36836	6681	6795.31021006351	7033.99120664387	114.310210063508	352.991206643869
36837	6744	6715.74987787005	6954.43087445042	-28.2501221299462	210.430874450415
36838	6867	6890.78260869565	7121.50757205667	23.782608695652	254.507572056668
36839	6744	6763.48607718613	7018.07914020518	19.4860771861258	274.079140205178
36840	6744	6843.04640937958	7097.63947239863	99.0464093795799	353.639472398632
36841	9849	7915.11871030777	8086.65852467025	-1933.88128969223	-1762.34147532975
36842	9849	7915.11871030777	8102.25305324866	-1933.88128969223	-1746.74694675134
36843	9705	7330.32388861749	7751.37616023449	-2374.67611138251	-1953.62383976551
36844	8748	7544.80410356619	7715.83878847093	-1203.19589643381	-1032.16121152907
36845	8748	7498.15828041036	7731.38739618955	-1249.84171958964	-1016.61260381045
36847	9520	7743.57889594529	7938.51050317538	-1776.42110405471	-1581.48949682462
36848	9311	7517.45823155838	7766.9706888129	-1793.54176844162	-1544.0293111871
36849	6534	5952.38202247191	6227.1797752809	-581.61797752809	-306.820224719101
36850	7186	7620.75232046898	7902.84025403029	434.752320468979	716.840254030289
36851	7186	7584.58720078163	7924.5393258427	398.587200781632	738.539325842697
36852	7186	7642.45139228139	8004.10258915486	456.451392281388	818.102589154861
36853	7186	7288.03321934538	7620.75232046898	102.033219345383	434.752320468979
36854	7186	7577.35417684416	7931.77234978017	391.354176844162	745.772349780166
36855	7186	7656.91744015633	7931.77234978017	470.917440156327	745.772349780166
36856	7186	7396.52857840743	7656.91744015633	210.528578407426	470.917440156327
36857	7186	7577.35417684416	7967.93746946751	391.354176844162	781.937469467513
36858	7186	7627.98534440645	7924.5393258427	441.985344406448	738.539325842697
36859	7847	7049.60234489497	7282.30972154372	-797.397655105032	-564.690278456278
36860	8019	7335.40009770396	7524.14460185638	-683.599902296042	-494.855398143624
36861	7847	7100.50708353688	7369.574987787	-746.492916463117	-477.425012212995
36862	7847	7042.33023937469	7245.94919394235	-804.669760625306	-601.050806057646
36863	7847	6722.35759648266	6991.42550073278	-1124.64240351734	-855.574499267221
36864	7847	7042.33023937469	7224.13287738153	-804.669760625306	-622.867122618466
36865	7847	7071.41866145579	7224.13287738153	-775.581338544212	-622.867122618466
36866	7847	7093.23497801661	7296.85393258427	-753.76502198339	-550.146067415731
36867	7847	7231.40498290181	7405.93551538837	-615.595017098193	-441.064484611627
36868	7847	7071.41866145579	7282.30972154372	-775.581338544212	-564.690278456278
36869	8087	7391.64973131412	7495.58622374206	-695.350268685882	-591.413776257938
36870	8087	7399.07376648754	7503.01025891549	-687.926233512458	-583.989741084514
36871	8087	7391.64973131412	7562.40254030288	-695.350268685882	-524.597459697118
36872	8087	7436.19394235467	7547.55446995603	-650.806057645334	-539.445530043967
36873	8087	7451.04201270151	7547.55446995603	-635.957987298486	-539.445530043967
36874	8087	7465.89008304836	7577.25061064973	-621.109916951636	-509.749389350269
36875	8087	7376.80166096727	7458.46604787494	-710.198339032731	-628.533952125061
36876	8203	7334.09916951636	7572.23106985833	-868.900830483635	-630.768930141671
36877	8203	7341.54079140205	7512.69809477284	-861.459208597948	-690.301905227162
36878	8203	7215.03321934538	7438.28187591597	-987.966780654617	-764.718124084025
36879	8203	7631.76404494382	7862.4543234001	-571.23595505618	-340.545676599902
36880	8203	7535.0229604299	7721.06350757206	-667.977039570103	-481.936492427943
36881	8534	8012.58329262335	8330.82462139717	-521.416707376649	-203.175378602835
36882	8789	7248.1797752809	7612.15437225208	-1540.8202247191	-1176.84562774792
36884	7803	7384.33023937469	7602.36150464094	-418.669760625306	-200.638495359062
36885	7803	7369.29360039082	7662.50806057645	-433.706399609185	-140.491939423547
36886	7803	7015.93258426966	7572.28822667318	-787.067415730337	-230.71177332682
36887	7803	7361.77528089888	7647.47142159257	-441.224719101124	-155.528578407426
36889	7803	7421.92183683439	7677.54469956033	-381.078163165608	-125.455300439668
36900	8774	7594.36736687836	7932.66976062531	-1179.63263312164	-841.330239374694
36902	8332	7560.03126526624	7860.5686370298	-771.968734733757	-471.4313629702
36903	8332	7627.65217391304	7973.27015144113	-704.347826086956	-358.729848558866
36904	8332	7755.38055691256	8025.86419149976	-576.619443087445	-306.135808500244
36905	8332	7627.65217391304	7973.27015144113	-704.347826086956	-358.729848558866
36917	8933	7845.40742550073	8161.27943331705	-1087.59257449927	-771.720566682951
36918	8933	7755.15828041036	8055.98876404494	-1177.84171958964	-877.011235955057
36920	8057	7279.70786516854	8038.91011235955	-777.29213483146	-18.0898876404499
36921	8057	7009.10112359551	7610.44943820225	-1047.89887640449	-446.550561797753
36922	8057	6685.87640449438	7159.43820224719	-1371.12359550562	-897.561797752809
36924	8057	7279.70786516854	8038.91011235955	-777.29213483146	-18.0898876404499
36925	8057	7422.52808988764	7550.31460674157	-634.471910112359	-506.685393258427
36928	8057	7332.32584269663	7490.1797752809	-724.674157303371	-566.820224719101
36929	8057	7249.6404494382	7384.94382022472	-807.359550561798	-672.056179775281
36931	8578	7687.75964826575	7935.70297997069	-890.240351734245	-642.297020029311
36932	8578	7567.54469956033	7785.43429408891	-1010.45530043967	-792.565705911089
36933	7438	6862.21787982413	7093.33072789448	-575.782120175867	-344.669272105521
36934	7438	6694.13580850024	6967.26917440156	-743.864191499756	-470.730825598437
36935	7438	6974.27259404006	7212.3888617489	-463.727405959941	-225.611138251099
36936	7438	6477.02979970689	6757.1665852467	-960.970200293112	-680.833414753298
36937	7622	6862.21787982413	7121.34440644846	-759.782120175867	-500.655593551539
36938	7278	6952.22911577919	7205.10845139228	-325.77088422081	-72.8915486077185
36939	7278	6839.83829995115	7015.44894968246	-438.161700048851	-262.551050317537
36940	7118	6703.01123595506	6989.61064973131	-414.988764044944	-128.389350268686
36941	7103	5863.44308744504	6741.49633610161	-1239.55691255496	-361.503663898387
36942	7103	6748.52076209086	7120.81533952125	-354.479237909135	17.8153395212512
36943	9811	8055.46946751343	8343.96824621397	-1755.53053248657	-1467.03175378603
36944	7940	7520.13971665852	7832.68783585735	-419.860283341475	-107.312164142648
36946	7940	7244.79970688813	7572.23106985833	-695.200293111871	-367.768930141671
36947	7940	7140.61700048852	7475.48998534441	-799.38299951148	-464.510014655594
36948	7940	7393.63214460186	7676.41377625794	-546.367855398144	-263.586223742062
36949	7303	6555.8006839277	6815.57791890572	-747.199316072301	-487.422081094284
36950	7193	6220.86126038105	6466.68197361993	-972.138739618954	-726.318026380068
36951	7193	6199.790913532	6459.65852467025	-993.209086468001	-733.34147532975
36952	7193	6874.04201270151	7028.55788959453	-318.957987298485	-164.442110405471
36953	7193	6810.83097215437	6965.34684904739	-382.169027845627	-227.653150952613
36954	7193	6838.9247679531	6979.39374694675	-354.075232046897	-213.606253053248
36955	7193	7478.05862237421	7737.92623351246	285.058622374207	544.926233512458
36956	7193	7351.63654127992	7562.3400097704	158.636541279922	369.340009770396
36957	7193	7253.30825598437	7478.05862237421	60.3082559843679	285.058622374207
36958	7193	6719.5261358085	6902.13580850024	-473.473864191499	-290.864191499755
36959	7193	6761.6668295066	6958.3234000977	-431.333170493404	-234.676599902295
36960	7193	6895.11235955056	7070.69858329262	-297.887640449438	-122.301416707376
36961	7193	7246.28480703469	7456.98827552516	53.2848070346854	263.988275525159
36962	7193	7169.02686858818	7414.84758182706	-23.9731314118217	221.847581827064
36963	7193	7204.14411333659	7400.8006839277	11.1441133365906	207.8006839277
36964	7193	7386.75378602833	7611.50415241817	193.753786028335	418.504152418173
36965	7193	7309.49584758183	7492.10552027357	116.495847581828	299.105520273572
36966	7193	7358.6599902296	7597.45725451881	165.659990229605	404.457254518808
36967	7193	6522.86956521739	6705.47923790914	-670.130434782608	-487.520762090864
36968	7193	7218.19101123596	7414.84758182706	25.1910112359556	221.847581827064
36969	7193	7112.83927699072	7288.42550073278	-80.1607230092814	95.4255007327802
36970	7193	6649.29164631168	6817.85442110406	-543.708353688324	-375.145578895945
36971	7193	6396.44748412311	6593.10405471422	-796.552515876892	-599.895945285783
36972	7193	6684.40889106009	6852.97166585247	-508.591108939911	-340.028334147532
36973	7193	6466.68197361993	6642.26819736199	-726.318026380068	-550.731802638006
36974	7193	7204.14411333659	7421.87103077675	11.1441133365906	228.871030776747
36975	7193	6094.43917928676	6382.40058622374	-1098.56082071324	-810.599413776257
36976	7193	6487.75232046898	6698.45578895945	-705.24767953102	-494.544211040547
36977	7193	6354.30679042501	6550.96336101612	-838.693209574987	-642.036638983878
36978	7193	6733.57303370787	6867.01856375183	-459.426966292134	-325.981436248167
36979	7193	6621.19785051295	6789.76062530533	-571.802149487054	-403.239374694675
36980	7193	6550.96336101612	6754.64338055691	-642.036638983878	-438.356619443087
36981	7193	6473.70542256961	6642.26819736199	-719.294577430385	-550.731802638006
36982	7193	6733.57303370787	6909.15925744993	-459.426966292134	-283.840742550073
36983	7193	6817.85442110406	6965.34684904739	-375.145578895945	-227.653150952613
36984	7193	6937.25305324866	7070.69858329262	-255.746946751343	-122.301416707376
36985	7193	6452.63507572057	6628.22129946263	-740.364924279433	-564.778700537371
36986	7193	6881.0654616512	7035.58133854421	-311.934538348803	-157.418661455788
36987	7193	6747.61993160723	6958.3234000977	-445.380068392769	-234.676599902295
36988	7193	6698.45578895945	6888.08891060088	-494.544211040547	-304.91108939912
36989	7193	7323.54274548119	7513.17586712262	130.542745481192	320.175867122619
36990	7193	6333.23644357597	6536.91646311676	-859.763556424035	-656.083536883243
36991	7193	6515.84611626771	6691.43234000977	-677.153883732291	-501.567659990229
36992	7193	6993.44064484612	7154.97997068881	-199.559355153883	-38.0200293111866
36993	7193	7225.21446018564	7435.91792867611	32.214460185638	242.917928676112
36994	7193	6782.73717635564	6944.27650219834	-410.262823644357	-248.72349780166
36995	7193	6586.08060576453	6768.69027845628	-606.919394235466	-424.309721543722
36996	7193	6656.31509526136	6881.0654616512	-536.684904738641	-311.934538348803
36997	7193	6761.6668295066	6916.18270639961	-431.333170493404	-276.81729360039
36998	7193	6761.6668295066	6916.18270639961	-431.333170493404	-276.81729360039
36999	7152	6845.94821690279	7014.51099169516	-306.051783097215	-137.489008304836
37000	7152	6586.08060576453	6733.57303370787	-565.919394235466	-418.426966292134
37001	7152	7176.05031753786	7351.63654127992	24.0503175378608	199.636541279922
37002	8004	6999.69956033219	7251.69760625305	-1004.30043966781	-752.302393746947
37008	7476	7061.23009281876	7259.87005373718	-414.769907181241	-216.129946262824
37011	7476	7188.92721055203	7345.00146555935	-287.072789447972	-130.998534440645
37013	7476	7328.57449926722	7449.26038104543	-147.42550073278	-26.739618954568
37014	7476	6983.1929653151	7274.05862237421	-492.807034684904	-201.941377625794
37017	7476	7316.6243282853	7437.22716170005	-159.375671714704	-38.7728382999512
37020	7476	7032.8529555447	7281.15290669272	-443.147044455301	-194.847093307279
37021	7520	6987.81436248168	7214.98778700537	-532.18563751832	-305.012212994627
37025	7476	6812.93014167074	7096.70151441133	-663.069858329262	-379.298485588666
37026	8320	7407.44797264289	7652.93404982902	-912.552027357107	-667.065950170982
37028	9104	7339.83390327308	7652.74059599414	-1764.16609672692	-1451.25940400586
37029	6909	7021.25842696629	7147.02100635076	112.258426966292	238.021006350757
37030	6909	6678.90473864192	6846.5881778212	-230.095261358085	-62.4118221787985
37031	6909	6490.26086956522	6713.83878847093	-418.739130434783	-195.161211529067
37032	6909	6252.70933072789	6546.15534929165	-656.290669272105	-362.844650708354
37035	6909	6846.5881778212	6986.32437713727	-62.4118221787985	77.3243771372736
37036	6909	7056.19247679531	7202.91548607719	147.19247679531	293.915486077186
37037	6909	7014.27161700049	7167.98143624817	105.271617000489	258.981436248167
37038	6909	6797.68050806058	6937.41670737665	-111.319491939424	28.4167073766484
37039	6863	6799.04934049829	6980.74450415242	-63.9506595017101	117.744504152418
37041	6863	6799.04934049829	7029.66243282853	-63.9506595017101	166.66243282853
37042	6863	6799.04934049829	6924.83829995115	-63.9506595017101	61.8382999511477
37043	6909	7154.00781631656	7251.82315583781	245.007816316561	342.823155837811
37044	6909	7007.28480703468	7140.03419638495	98.2848070346845	231.034196384953
37045	6909	7042.2188568637	7195.92867611138	133.218856863703	286.928676111383
37046	6909	6944.40351734245	7077.15290669272	35.4035173424527	168.152906692721
37047	6909	6993.31118710308	7112.08695652174	84.3111871030778	203.086956521739
37048	6909	6986.32437713727	7119.07376648754	77.3243771372736	210.073766487542
37049	6909	6574.10258915486	6790.69369809477	-334.897410845139	-118.306301905227
37050	7238	6797.05862237421	6968.59013190034	-440.941377625794	-269.409868099659
37051	7658	7590.0850024426	7710.29995114802	-67.914997557401	52.299951148022
37052	7658	7552.51783097215	7657.7059110894	-105.482169027846	-0.294088910601204
37053	7658	7582.57156814851	7770.40742550073	-75.4284318514901	112.407425500733
37054	7540	7560.03126526624	7717.81338544211	20.0312652662433	177.81338544211
37055	7658	7522.4640937958	7627.65217391304	-135.535906204201	-30.347826086956
37056	7658	7777.92085979482	7898.13580850024	119.920859794822	240.135808500245
37057	7658	7560.03126526624	7695.27308255984	-97.9687347337567	37.2730825598437
37058	7658	7529.97752808989	7635.16560820713	-128.022471910112	-22.8343917928678
37059	7658	7424.78944797264	7575.05813385442	-233.210552027357	-82.9418661455784
37060	7658	7372.19540791402	7484.89692232535	-285.804592085979	-173.103077674646
37061	7658	7695.27308255984	7868.08207132389	37.2730825598437	210.082071323889
37062	7658	7439.81631656082	7537.49096238398	-218.183683439179	-120.509037616023
37063	7540	7214.41328773815	7387.2222765022	-325.586712261847	-152.777723497801
37064	7540	7537.49096238398	7635.16560820713	-2.50903761602331	95.1656082071322
37065	7540	7567.54469956033	7657.7059110894	27.5446995603324	117.705911089399
37066	7540	7545.00439667807	7717.81338544211	5.00439667806586	177.81338544211
37067	7540	7597.59843673669	7770.40742550073	57.5984367366882	230.407425500733
37068	8054	7475.44699560332	7595.13043478261	-578.553004396678	-458.869565217391
37069	7373	6307.15730337079	6512.82071323889	-1065.84269662921	-860.179286761114
37070	7373	6044.75915974597	6236.23888617489	-1328.24084025403	-1136.76111382511
37071	7373	6548.27992183683	6704.30043966781	-824.720078163165	-668.699560332193
37072	7373	6505.7288715193	6739.75964826575	-867.271128480704	-633.240351734245
37073	7373	6605.01465559355	6789.40254030288	-767.985344406448	-583.597459697117
37074	7373	6846.1372740596	7129.81094284319	-526.8627259404	-243.189057156815
37075	7373	6590.83097215437	6853.22911577919	-782.169027845628	-519.770884220811
37076	7373	6491.54518808012	6697.20859794822	-881.454811919883	-675.791402051783
37077	7373	6796.49438202247	6938.33121641427	-576.505617977528	-434.668783585735
37078	7373	6605.01465559355	6803.58622374206	-767.985344406448	-569.413776257938
37079	7373	6498.63702979971	6675.93307278945	-874.362970200293	-697.066927210552
37080	7373	6739.75964826575	6917.0556912555	-633.240351734245	-455.944308744504
37081	7319	7102.21006350757	7265.85051294577	-216.789936492428	-53.1494870542256
37082	7319	6525.91108939912	6746.46995603322	-793.08891060088	-572.530043966781
37083	7319	6184.40058622374	6433.41866145579	-1134.59941377626	-885.581338544212
37084	7556	6952.79921836834	7130.66927210552	-603.200781631656	-425.33072789448
37085	7556	6255.54860771861	6497.45188080117	-1300.45139228139	-1058.54811919883
37086	7556	6212.85979482169	6461.87787005374	-1343.14020517831	-1094.12212994626
37087	7556	6454.76306790425	6646.8627259404	-1101.23693209575	-909.1372740596
37088	7556	6276.89301416707	6540.14069369809	-1279.10698583293	-1015.85930630191
37089	6835	6333.81143136297	6518.79628724963	-501.18856863703	-316.203712750366
37090	6835	7137.78407425501	7322.76893014167	302.784074255007	487.76893014167
37091	6835	7009.71763556424	7137.78407425501	174.71763556424	302.784074255007
37092	6835	6540.14069369809	6668.20713238886	-294.859306301905	-166.792867611139
37093	8070	7360.18856863703	7638.64973131412	-709.81143136297	-431.350268685882
37094	7990	7523.34831460674	7711.03370786517	-466.651685393259	-278.966292134832
37095	7320	6661.84807034685	6859.19736199316	-658.151929653151	-460.80263800684
37096	7320	6588.75574010747	6829.96042989741	-731.244259892525	-490.039570102589
37097	7320	6924.9804592086	7085.78358573522	-395.019540791402	-234.216414264778
37098	5629	5677.37860283341	5813.36297020029	48.3786028334143	184.362970200293
37099	5629	6166.92232535418	6289.30825598437	537.922325354177	660.308255984367
37100	5629	6282.50903761602	6411.69418661456	653.509037616023	782.694186614558
37101	5629	6200.9184171959	6336.90278456277	571.918417195896	707.902784562774
37102	5629	5949.34733756717	6085.33170493405	320.347337567171	456.331704934049
37103	5629	6085.33170493405	6221.31607230093	456.331704934049	592.316072300928
37104	5629	5894.95359062042	6037.73717635564	265.95359062042	408.737176355642
37105	5629	6037.73717635564	6187.31998045921	408.737176355642	558.319980459209
37106	5629	5888.15437225208	6030.9379579873	259.154372252076	401.937957987298
37107	5629	6098.93014167074	6234.91450903762	469.930141670738	605.914509037616
37109	5909	6470.02638006839	6813.19394235467	561.026380068392	904.193942354666
37110	5925	6196.89301416707	6477.02979970689	271.893014167073	552.029799706888
37111	5925	5930.76306790425	6119.85539814362	5.76306790425042	194.855398143624
37112	5925	6484.03321934538	6799.18710307767	559.033219345383	874.187103077675
37113	5909	5979.78700537372	6189.88959452858	70.7870053737179	280.889594528579
37114	5909	6035.81436248168	6245.91695163654	126.81436248168	336.916951636541
37115	5925	6049.82120175867	6273.93063019052	124.821201758671	348.930630190523
37116	5925	6238.91353199805	6519.05031753786	313.913531998046	594.05031753786
37117	5874	6477.02979970689	6750.16316560821	603.029799706888	876.163165608207
37118	5874	5783.69125549585	6014.80410356619	-90.3087445041529	140.804103566194
37119	5874	6042.81778212018	6245.91695163654	168.817782120175	371.916951636541
37120	5909	5832.71519296531	6063.82804103566	-76.2848070346854	154.828041035662
37121	5874	6463.0229604299	6792.18368343918	589.022960429897	918.183683439179
37122	5874	5615.60918417196	5860.7288715193	-258.390815828041	-13.2711284807037
37123	5874	6161.8759159746	6371.97850512946	287.875915974597	497.978505129458
37124	5874	5377.49291646312	5643.62286272594	-496.507083536883	-230.377137274059
37125	5874	5769.68441621886	5986.79042501221	-104.315583781144	112.790425012213
37126	5909	5713.65705911089	5958.77674645823	-195.342940889106	49.7767464582312
37127	5874	6224.90669272106	6413.99902296043	350.906692721055	539.99902296043
37128	5874	5965.78016609673	6182.88617489008	91.780166096727	308.886174890083
37129	5909	5741.67073766488	5979.78700537372	-167.329262335124	70.7870053737179
37130	5909	5685.64338055691	5930.76306790425	-223.356619443088	21.7630679042504
37131	5909	5734.66731802638	5972.78358573522	-174.33268197362	63.783585735222
37132	5909	5748.67415730337	5979.78700537372	-160.325842696629	70.7870053737179
37133	5909	5965.78016609673	6175.88275525159	56.780166096727	266.882755251588
37134	5909	6575.07767464582	6841.20762090865	666.077674645823	932.207620908646
37135	5909	6694.13580850024	6981.27601367855	785.135808500244	1072.27601367855
37136	5874	6792.18368343918	7030.29995114802	918.183683439179	1156.29995114802
37137	5874	5405.5065950171	5692.64680019541	-468.493404982902	-181.353199804592
37138	5874	6666.12212994626	6911.2418172936	792.122129946262	1037.2418172936
37139	5909	6035.81436248168	6231.91011235955	126.81436248168	322.91011235955
37140	5925	5881.73913043478	6182.88617489008	-43.2608695652179	257.886174890083
37141	5874	6084.83829995115	6294.94088910601	210.838299951148	420.940889106008
37142	5834	6666.12212994626	6981.27601367855	832.122129946262	1147.27601367855
37143	5909	6399.99218368344	6680.12896922325	490.992183683439	771.128969223253
37144	5909	5909.75280898876	6140.86565705911	0.752808988763718	231.865657059111
37145	5909	5664.63312164143	5909.75280898876	-244.366878358574	0.752808988763718
37146	5909	5720.66047874939	5951.77332681974	-188.339521250611	42.7733268197362
37147	5909	5706.6536394724	5944.76990718124	-202.346360527601	35.7699071812403
37148	5909	5937.76648754275	6147.86907669761	28.7664875427454	238.869076697606
37149	5909	5762.68099658036	5979.78700537372	-146.319003419639	70.7870053737179
37150	5909	6470.02638006839	6722.14948705423	561.026380068392	813.149487054226
37151	4865	5987.42989741085	6282.4640937958	1122.42989741085	1417.4640937958
37152	4865	6563.77576941866	6797.05862237421	1698.77576941866	1932.05862237421
37153	4865	6028.59745969712	6241.29653150953	1163.59745969712	1376.29653150953
37154	4865	5548.30923302394	5850.20468978994	683.309233023937	985.204689789936
37155	4865	5582.61553492916	5829.6209086468	717.615534929165	964.6209086468
37156	4865	5246.41377625794	5507.14167073766	381.413776257938	642.141670737665
37157	4865	5445.39032730826	5802.17586712262	580.390327308256	937.175867122618
37158	4865	5500.28041035662	5829.6209086468	635.28041035662	964.6209086468
37159	4865	5514.00293111871	5829.6209086468	649.00293111871	964.6209086468
37160	4855	5591.05276013679	5892.26038104543	736.052760136786	1037.26038104543
37161	4855	6220.85051294577	6501.52125061065	1365.85051294577	1646.52125061065
37162	4855	5933.33414753298	6248.23302393747	1078.33414753298	1393.23302393747
37163	4832	5638.58915486077	5919.23986321446	806.589154860771	1087.23986321446
37164	4832	5200.50024425989	5405.85442110405	368.500244259892	573.854421104054
37165	4832	5125.20371275037	5364.78358573522	293.203712750366	532.783585735222
37166	4832	5323.71275036639	5611.20859794822	491.71275036639	779.208597948217
37167	4832	5344.24816805081	5665.96971177333	512.248168050806	833.969711773327
37168	4832	5775.49193942355	6104.05862237421	943.491939423547	1272.05862237421
37169	4832	5467.4606741573	5700.19540791402	635.460674157303	868.195407914021
37170	4832	5652.27943331705	5926.0850024426	820.27943331705	1094.0850024426
37171	4832	5542.75720566683	5912.39472398632	710.75720566683	1080.39472398632
37172	4832	5796.02735710796	5994.53639472399	964.027357107962	1162.53639472399
37173	4832	6021.91695163654	6329.94821690278	1189.91695163654	1497.94821690278
37174	4832	5926.0850024426	6220.42598925256	1094.0850024426	1388.42598925256
37175	4832	5707.04054714216	5960.31069858329	875.040547142159	1128.31069858329
37176	4832	6432.62530532487	6692.74059599414	1600.62530532487	1860.74059599414
37177	4832	5392.16414264778	5631.74401563263	560.164142647777	799.744015632633
37178	4832	5782.33707865169	5994.53639472399	950.337078651685	1162.53639472399
37179	4832	5905.54958475818	6199.89057156815	1073.54958475818	1367.89057156815
37180	4832	5850.78847093307	6186.20029311187	1018.78847093307	1354.20029311187
37181	4832	5741.26624328285	5980.84611626771	909.266243282853	1148.84611626771
37182	4832	6028.76209086468	6302.56765999023	1196.76209086468	1470.56765999023
37183	4832	5967.15583781143	6206.73571079629	1135.15583781143	1374.73571079629
37184	4832	5672.81485100147	5926.0850024426	840.814851001465	1094.0850024426
37186	9072	7754.43527112848	8247.26331216414	-1317.56472887152	-824.736687835857
37187	7181	6608.03224230581	6860.91157791891	-572.967757694186	-320.088422081094
37188	7181	6980.3268197362	7064.61993160723	-200.673180263801	-116.380068392769
37189	8353	7444.04201270151	7639.5720566683	-908.957987298485	-713.427943331704
37190	8353	7358.00879335613	7600.46604787494	-994.991206643868	-752.533952125061
37191	8353	7436.22081094284	7694.32046897899	-916.779189057156	-658.679531021006
37192	8353	7600.46604787494	7764.71128480703	-752.533952125061	-588.288715192965
37193	8353	7240.69076697606	7475.3268197362	-1112.30923302394	-877.673180263801
37194	7874	7358.00879335613	7545.71763556424	-515.991206643868	-328.28236443576
37195	7874	7295.43917928676	7483.14802149487	-578.560820713238	-390.851978505129
37196	8554	7545.71763556424	7780.35368832438	-1008.28236443576	-773.646311675622
37197	8554	7584.8236443576	7749.06888128969	-969.176355642403	-804.931118710308
37198	8554	7146.83634587201	7326.72398632145	-1407.16365412799	-1227.27601367855
37199	8554	7256.33317049341	7428.39960918417	-1297.66682950659	-1125.60039081583
37200	8554	7162.47874938935	7358.00879335613	-1391.52125061065	-1195.99120664387
37201	8554	7514.43282852956	7749.06888128969	-1039.56717147044	-804.931118710308
37202	8554	7483.14802149487	7655.21446018564	-1070.85197850513	-898.785539814362
37203	8554	7514.43282852956	7780.35368832438	-1039.56717147044	-773.646311675622
37204	7678	7637.7191011236	7903.29115779189	-40.2808988764045	225.29115779189
37205	8554	7709.96287249634	7936.7777234978	-844.037127503663	-617.222276502198
37206	8554	7475.3268197362	7709.96287249634	-1078.6731802638	-844.037127503663
37207	8554	7561.36003908158	7803.81729360039	-992.639960918417	-750.182706399609
37208	7874	7350.18759159746	7537.89643380557	-523.81240840254	-336.103566194431
37209	9560	7743.57889594529	7938.51050317538	-1816.42110405471	-1621.48949682462
37210	9560	7852.74059599414	8063.26673180264	-1707.25940400586	-1496.73326819736
37211	9560	7868.33512457255	8063.26673180264	-1691.66487542745	-1496.73326819736
37212	9698	7899.52418172936	8102.25305324866	-1798.47581827064	-1595.74694675134
37213	9467	7696.79531021006	7899.52418172936	-1770.20468978994	-1567.47581827064
37214	8619	7630.92525647289	7840.51489985344	-988.074743527112	-778.485100146556
37215	8068	7328.19736199316	7470.93404982902	-739.80263800684	-597.065950170982
37216	8068	7320.68490473864	7455.90913531998	-747.315095261358	-612.090864680019
37217	8213	7831.53199804592	8026.85588666341	-381.468001954079	-186.14411333659
37218	8213	7884.11919882755	7989.29360039082	-328.880801172448	-223.706399609184
37219	8213	7891.63165608207	8004.31851489985	-321.368343917929	-208.681485100146
37220	8213	7771.43234000977	7936.70639960918	-441.567659990229	-276.293600390815
37221	8213	7546.05862237421	7681.28285295554	-666.941377625793	-531.717147044455
37222	8144	7756.40742550073	7914.16902784563	-387.592574499267	-229.830972154372
37223	8144	7703.8202247191	7861.581827064	-440.179775280899	-282.418172936003
37224	8522	7178.21836834392	7464.40351734245	-1343.78163165608	-1057.59648265755
37225	7511	7844.25647288715	8495.33610161212	333.256472887152	984.336101612116
37226	7243	7475.19540791402	7769.85784074255	232.195407914021	526.85784074255
37227	7243	7552.73815339521	7777.61211529067	309.738153395212	534.612115290669
37228	7243	7196.04152418173	7607.01807523205	-46.9584758182709	364.018075232047
37229	7243	7358.88128969223	7599.26380068393	115.881289692233	356.263800683928
37230	7243	7312.35564240352	7552.73815339521	69.3556424035169	309.738153395212
37231	7690	6298.23742061553	7002.60283341475	-1391.76257938447	-687.397166585247
37232	7181	6586.08060576453	6852.97166585247	-594.919394235466	-328.028334147532
37233	8628	7209.15730337079	7549.48558866634	-1418.84269662921	-1078.51441133366
37234	8864	7532.80898876404	7818	-1331.19101123596	-1046
37235	8205	6517.22667318026	6945.16267708842	-1687.77332681974	-1259.83732291158
37236	8512	7328.36443575965	7765.94626282364	-1183.63556424035	-746.053737176356
37237	8512	7081.72740595994	7431.79286761114	-1430.27259404006	-1080.20713238886
37238	7235	6698.45578895945	6916.18270639961	-536.544211040547	-318.81729360039
37240	7235	7421.87103077675	7478.05862237421	186.871030776747	243.058622374207
37241	7235	7330.56619443087	7379.73033707865	95.5661944308749	144.730337078652
37246	7586	7409.76257938447	7560.03126526624	-176.237420615535	-25.9687347337567
37247	7586	7537.49096238398	7642.67904250122	-48.5090376160233	56.6790425012214
37248	7586	7364.68197361993	7560.03126526624	-221.318026380069	-25.9687347337567
37249	8610	7384.16853932584	7534.05617977528	-1225.83146067416	-1075.94382022472
37250	8079	7713.92134831461	7863.80898876405	-365.078651685393	-215.191011235955
37251	8610	7451.61797752809	7556.5393258427	-1158.38202247191	-1053.4606741573
37252	8610	7594.01123595506	7691.43820224719	-1015.98876404494	-918.561797752809
37253	8610	7661.4606741573	7818.84269662921	-948.539325842697	-791.157303370786
37254	8610	7406.65168539326	7496.58426966292	-1203.34831460674	-1113.41573033708
37255	8610	7638.97752808989	7833.83146067416	-971.022471910112	-776.168539325842
37256	8610	7579.02247191011	7683.94382022472	-1030.97752808989	-926.056179775281
37257	8610	7523.16853932584	7612.96629213483	-1086.83146067416	-997.033707865168
37258	8720	7638.97752808989	7736.40449438202	-1081.02247191011	-983.595505617977
37259	8610	7485.75280898876	7650.38202247191	-1124.24719101124	-959.61797752809
37260	8610	7425.88764044944	7627.93258426966	-1184.11235955056	-982.067415730337
37261	8610	7403.43820224719	7568.06741573034	-1206.56179775281	-1041.93258426966
37262	8610	7504.07865168539	7601.50561797753	-1105.92134831461	-1008.49438202247
37263	8610	7410.92134831461	7732.69662921348	-1199.07865168539	-877.303370786517
37264	8610	7583.03370786517	7785.07865168539	-1026.96629213483	-824.921348314607
37265	8610	7568.06741573034	7800.04494382022	-1041.93258426966	-809.955056179775
37266	8610	7448.33707865169	7545.61797752809	-1161.66292134831	-1064.38202247191
37267	8610	7508.20224719101	7620.44943820225	-1101.79775280899	-989.550561797752
37268	8610	7425.88764044944	7575.55056179775	-1184.11235955056	-1034.44943820225
37269	8610	7575.55056179775	7777.59550561798	-1034.44943820225	-832.404494382023
37270	8610	7448.33707865169	7545.61797752809	-1161.66292134831	-1064.38202247191
37271	8610	7500.7191011236	7598	-1109.2808988764	-1012
37272	8610	7523.16853932584	7627.93258426966	-1086.83146067416	-982.067415730337
37273	8610	7493.23595505618	7725.21348314607	-1116.76404494382	-884.786516853933
37274	8610	7470.78651685393	7575.55056179775	-1139.21348314607	-1034.44943820225
37275	8610	7508.20224719101	7612.96629213483	-1101.79775280899	-997.033707865168
37276	8610	7500.7191011236	7605.48314606742	-1109.2808988764	-1004.51685393258
37277	8610	7455.8202247191	7560.58426966292	-1154.1797752809	-1049.41573033708
37278	8610	7470.78651685393	7650.38202247191	-1139.21348314607	-959.61797752809
37279	8610	7598	7702.76404494382	-1012	-907.23595505618
37280	8610	7575.55056179775	7672.83146067416	-1034.44943820225	-937.168539325842
37281	8610	7530.65168539326	7650.38202247191	-1079.34831460674	-959.61797752809
37282	8610	7433.37078651685	7695.2808988764	-1176.62921348315	-914.719101123595
37283	8610	7672.83146067416	7815.01123595506	-937.168539325842	-794.988764044943
37284	8610	7725.21348314607	7912.29213483146	-884.786516853933	-697.70786516854
37285	8610	7493.23595505618	7590.51685393258	-1116.76404494382	-1019.48314606742
37286	8610	7268.74157303371	7448.33707865169	-1341.25842696629	-1161.66292134831
37287	8610	7403.43820224719	7545.61797752809	-1206.56179775281	-1064.38202247191
37288	7597	7432.30288226673	7552.51783097215	-164.697117733268	-44.4821690278459
37289	7597	7484.89692232535	7620.13873961895	-112.103077674646	23.1387396189548
37290	7597	7590.0850024426	7740.35368832438	-6.91499755740097	143.353688324377
37291	7597	7507.43722520762	7605.11187103078	-89.5627747923791	8.11187103077646
37292	7911	7424.78944797264	7529.97752808989	-486.210552027357	-381.022471910112
37293	7441	7394.73571079629	7514.95065950171	-46.2642892037129	73.9506595017101
37294	7441	7499.92379091353	7627.65217391304	58.9237909135318	186.652173913044
37295	7441	7499.92379091353	7620.13873961895	58.9237909135318	179.138739618955
37296	7441	7507.43722520762	7635.16560820713	66.4372252076209	194.165608207132
37297	7441	7484.89692232535	7650.19247679531	43.8969223253544	209.192476795311
37298	7441	7499.92379091353	7635.16560820713	58.9237909135318	194.165608207132
37299	7441	7514.95065950171	7665.21934538349	73.9506595017101	224.219345383488
37300	7513	7575.05813385442	7665.21934538349	62.0581338544216	152.219345383488
37301	7513	7545.00439667807	7642.67904250122	32.0043966780659	129.679042501221
37302	7597	7762.89399120664	7958.24328285296	165.893991206644	361.243282852955
37304	7904	7377.76209086468	7478.75769418661	-526.23790913532	-425.242305813385
37305	7904	7305.62237420616	7449.90180752321	-598.377625793844	-454.098192476795
37306	7904	7341.69223253542	7449.90180752321	-562.307767464582	-454.098192476795
37307	7966	7245.19394235467	7374.86077186126	-720.806057645334	-591.13922813874
37308	7966	7367.65705911089	7605.37957987299	-598.342940889106	-360.620420127015
37309	7966	7370.54811919883	7457.11577918906	-595.451880801173	-508.884220810943
37310	6300	7267.60967269174	7513.79579872985	967.609672691744	1213.79579872985
37311	7449	7052.65803615046	7225.64680019541	-396.341963849536	-223.353199804593
37312	7449	7105.30679042501	7300.85930630191	-343.693209574988	-148.140693698095
37313	5998	7291.16170004885	7455.67269174402	1293.16170004885	1457.67269174402
37314	7450	7321.07278944797	7500.5393258427	-128.927210552027	50.5393258426966
37315	7450	7313.59501709819	7500.5393258427	-136.404982901807	50.5393258426966
37316	6395	7336.02833414753	7590.27259404006	941.028334147533	1195.27259404006
37317	8266	7828.9086468002	8080.31265266243	-437.091353199805	-185.687347337567
37318	8206	7394.06008793356	7541.97410845139	-811.939912066439	-664.025891548608
37319	8206	7431.03859306302	7645.51392281387	-774.961406936981	-560.486077186127
37320	8206	7490.20420127015	7682.49242794333	-715.795798729849	-523.507572056668
37321	8206	7268.3331704934	7475.41279921837	-937.666829506596	-730.587200781632
37322	8206	7379.26868588178	7556.76551050318	-826.731314118222	-649.234489496825
37323	8206	7349.68588177821	7512.39130434783	-856.314118221789	-693.608695652174
37324	8206	7327.49877870054	7541.97410845139	-878.501221299462	-664.025891548608
37325	8206	7482.80850024426	7682.49242794333	-723.191499755741	-523.507572056668
37326	8266	7919.15486077186	8118.83878847093	-346.845139228139	-147.161211529067
37327	8384	7260.93746946751	7556.76551050318	-1123.06253053249	-827.234489496825
37328	8384	5789.19296531509	7260.93746946751	-2594.80703468491	-1123.06253053249
37330	8384	7867.38495359062	8074.46458231558	-516.61504640938	-309.535417684417
37331	8384	7253.54176844162	7586.34831460674	-1130.45823155838	-797.651685393259
37332	8384	7741.65803615046	8244.56570591109	-642.341963849536	-139.434294088911
37337	8384	7740.17782120176	7888.06253053249	-643.822178798241	-495.937469467513
37339	8384	7148.63898387885	7747.57205666829	-1235.36101612115	-636.427943331705
37340	8384	6379.63849535906	7385.25451880801	-2004.36150464094	-998.745481191989
37342	8384	7459.19687347338	7695.81240840254	-924.803126526625	-688.18759159746
37343	8384	7370.46604787494	7533.13922813874	-1013.53395212506	-850.86077186126
37344	8494	8819.73619931607	9411.27503663898	325.736199316072	917.275036638983
37347	8494	7636.65852467025	7791.93746946751	-857.341475329751	-702.062530532487
37348	8266	7712.0752320469	7941.34196384954	-553.924767953103	-324.658036150465
37349	8266	7651.44699560332	7865.87982413288	-614.553004396678	-400.120175867123
