36455	382	324	441	-58	59
36456	382	324	444	-58	62
36457	382	1	2	-381	-380
36458	382	324	444	-58	62
36459	382	339	436	-43	54
36460	382	199	402	-183	20
36461	361	311	410	-50	49
36462	375	181	421	-194	46
36463	375	283	419	-92	44
36464	375	181	421	-194	46
36465	375	313	417	-62	42
36466	375	313	417	-62	42
36467	375	298	411	-77	36
36468	376	307	411	-69	35
36469	376	298	411	-78	35
36470	376	307	411	-69	35
36471	376	311	411	-65	35
36472	376	311	411	-65	35
36473	376	343	411	-33	35
36474	376	311	422	-65	46
36475	376	311	411	-65	35
36476	376	307	411	-69	35
36477	376	339	419	-37	43
36478	396	348	381	-48	-15
36479	396	348	381	-48	-15
36480	396	348	381	-48	-15
36481	396	348	381	-48	-15
36482	396	348	381	-48	-15
36483	396	339	405	-57	9
36484	382	348	381	-34	-1
36485	382	348	381	-34	-1
36486	382	348	385	-34	3
36487	391	339	420	-52	29
36488	391	317	462	-74	71
36489	390	116	531	-274	141
36491	433	151	474	-282	41
36493	433	307	469	-126	36
36494	433	307	469	-126	36
36495	433	151	474	-282	41
36496	433	280	472	-153	39
36498	391	1	2	-390	-389
36499	270	1	2	-269	-268
36500	300	1	2	-299	-298
36501	400	1	2	-399	-398
36502	400	316	431	-84	31
36503	424	363	451	-61	27
36504	424	363	451	-61	27
36505	424	363	444	-61	20
36506	424	363	444	-61	20
36507	424	318	444	-106	20
36508	424	363	444	-61	20
36509	424	363	444	-61	20
36510	424	363	444	-61	20
36511	424	363	444	-61	20
36512	424	363	444	-61	20
36513	424	363	451	-61	27
36514	424	363	444	-61	20
36515	424	363	451	-61	27
36516	424	363	451	-61	27
36517	424	324	444	-100	20
36518	424	363	451	-61	27
36519	424	363	451	-61	27
36520	424	363	451	-61	27
36521	415	311	468	-104	53
36522	415	353	445	-62	30
36523	415	353	445	-62	30
36524	415	353	445	-62	30
36525	415	311	469	-104	54
36526	415	383	435	-32	20
36527	392	317	470	-75	78
36528	392	317	470	-75	78
36529	392	353	437	-39	45
36530	392	363	451	-29	59
36531	392	363	451	-29	59
36532	392	363	450	-29	58
36533	392	317	470	-75	78
36534	415	311	469	-104	54
36535	292	1	2	-291	-290
36536	365	327	411	-38	46
36537	365	327	411	-38	46
36538	354	324	414	-30	60
36539	354	331	381	-23	27
36540	354	331	381	-23	27
36541	354	324	413	-30	59
36542	354	1	2	-353	-352
36543	354	283	414	-71	60
36544	420	362	439	-58	19
36545	424	313	422	-111	-2
36546	424	313	433	-111	9
36547	424	313	434	-111	10
36548	424	313	434	-111	10
36549	424	313	411	-111	-13
36550	424	313	446	-111	22
36551	424	313	439	-111	15
36552	424	313	439	-111	15
36553	424	313	433	-111	9
36554	424	313	446	-111	22
36555	424	299	468	-125	44
36556	424	299	439	-125	15
36557	424	313	461	-111	37
36558	424	313	456	-111	32
36559	424	299	422	-125	-2
36560	420	299	422	-121	2
36561	420	299	422	-121	2
36562	420	299	422	-121	2
36563	420	353	422	-67	2
36564	424	299	434	-125	10
36565	367	1	1	-366	-366
36566	427	1	2	-426	-425
36567	427	353	441	-74	14
36568	427	353	444	-74	17
36569	427	353	445	-74	18
36570	427	1	2	-426	-425
36571	427	363	402	-64	-25
36572	357	260	425	-97	68
36573	357	260	425	-97	68
36574	365	246	422	-119	57
36575	365	294	405	-71	40
36576	365	208	421	-157	56
36577	438	317	467	-121	29
36578	446	260	441	-186	-5
36580	422	240	501	-182	79
36581	373	265	425	-108	52
36582	375	265	423	-110	48
36583	375	313	422	-62	47
36584	375	347	417	-28	42
36585	375	265	400	-110	25
36586	373	265	425	-108	52
36587	373	265	425	-108	52
36588	375	313	400	-62	25
36589	375	347	400	-28	25
36590	375	347	400	-28	25
36591	375	347	400	-28	25
36592	375	313	400	-62	25
36593	375	313	422	-62	47
36594	373	265	400	-108	27
36595	387	347	417	-40	30
36596	387	347	400	-40	13
36597	387	347	393	-40	6
36598	387	347	393	-40	6
36599	387	261	393	-126	6
36600	387	361	416	-26	29
36601	387	260	425	-127	38
36602	387	260	425	-127	38
36604	453	216	473	-237	20
36606	453	112	515	-341	62
36607	404	362	443	-42	39
36608	404	309	444	-95	40
36609	404	309	444	-95	40
36610	404	309	433	-95	29
36611	404	309	444	-95	40
36612	379	311	396	-68	17
36613	379	1	2	-378	-377
36614	379	1	2	-378	-377
36615	379	1	2	-378	-377
36616	379	1	2	-378	-377
36617	379	1	2	-378	-377
36618	379	1	2	-378	-377
36619	379	1	2	-378	-377
36620	379	1	2	-378	-377
36621	379	1	2	-378	-377
36622	379	1	2	-378	-377
36623	443	317	470	-126	27
36624	445	317	470	-128	25
36625	443	317	470	-126	27
36626	443	317	470	-126	27
36627	443	317	470	-126	27
36628	443	317	470	-126	27
36629	357	307	421	-50	64
36630	357	309	421	-48	64
36631	349	331	381	-18	32
36632	349	331	381	-18	32
36633	349	309	378	-40	29
36634	412	331	381	-81	-31
36635	412	331	381	-81	-31
36636	349	284	413	-65	64
36637	349	265	413	-84	64
36638	349	284	413	-65	64
36639	356	324	413	-32	57
36640	375	331	381	-44	6
36641	375	246	413	-129	38
36642	375	331	381	-44	6
36643	375	246	413	-129	38
36644	375	331	381	-44	6
36645	382	331	378	-51	-4
36646	415	117	530	-298	115
36647	415	117	530	-298	115
36648	413	307	444	-106	31
36649	411	233	473	-178	62
36650	411	307	436	-104	25
36651	369	317	421	-52	52
36652	369	317	421	-52	52
36653	369	317	432	-52	63
36654	369	291	432	-78	63
36655	369	291	432	-78	63
36656	369	291	432	-78	63
36657	369	317	432	-52	63
36658	369	317	432	-52	63
36659	369	317	421	-52	52
36660	413	348	413	-65	0
36661	413	339	419	-74	6
36662	413	339	419	-74	6
36663	413	348	411	-65	-2
36664	413	348	413	-65	0
36665	413	348	413	-65	0
36666	413	348	413	-65	0
36667	413	348	413	-65	0
36668	413	381	413	-32	0
36669	413	348	413	-65	0
36670	403	1	2	-402	-401
36671	403	365	402	-38	-1
36672	403	290	411	-113	8
36673	375	299	386	-76	11
36674	375	299	386	-76	11
36675	390	268	493	-122	103
36676	425	324	467	-101	42
36677	415	307	436	-108	21
36678	425	353	445	-72	20
36679	423	316	422	-107	-1
36680	423	353	432	-70	9
36681	423	353	432	-70	9
36682	425	353	412	-72	-13
36683	425	353	419	-72	-6
36684	425	353	445	-72	20
36685	425	363	451	-62	26
36686	425	363	419	-62	-6
36687	420	363	419	-57	-1
36688	420	363	445	-57	25
36689	438	1	1	-437	-437
36690	438	1	1	-437	-437
36691	438	423	436	-15	-2
36692	434	1	1	-433	-433
36693	434	1	2	-433	-432
36694	414	389	436	-25	22
36695	414	353	436	-61	22
36696	413	389	436	-24	23
36697	425	309	469	-116	44
36698	425	353	419	-72	-6
36699	425	309	469	-116	44
36700	425	343	469	-82	44
36701	425	309	449	-116	24
36702	425	309	468	-116	43
36703	422	192	473	-230	51
36704	422	240	476	-182	54
36705	422	210	441	-212	19
36706	422	284	441	-138	19
36708	395	324	411	-71	16
36709	395	311	441	-84	46
36710	395	324	446	-71	51
36711	395	324	446	-71	51
36712	395	324	446	-71	51
36713	389	1	2	-388	-387
36714	395	311	446	-84	51
36715	395	316	430	-79	35
36716	395	324	437	-71	42
36717	395	324	441	-71	46
36718	395	311	446	-84	51
36719	395	311	441	-84	46
36720	395	1	2	-394	-393
36721	395	324	446	-71	51
36722	395	324	446	-71	51
36723	395	311	446	-84	51
36724	386	331	381	-55	-5
36725	388	240	379	-148	-9
36726	388	353	417	-35	29
36727	388	353	437	-35	49
36728	388	353	437	-35	49
36729	388	353	437	-35	49
36730	388	353	437	-35	49
36731	388	353	437	-35	49
36732	384	339	417	-45	33
36733	384	339	411	-45	27
36734	384	277	403	-107	19
36735	384	307	411	-77	27
36736	384	339	411	-45	27
36737	384	339	403	-45	19
36738	384	339	411	-45	27
36739	384	307	411	-77	27
36740	384	281	411	-103	27
36741	384	307	416	-77	32
36742	384	339	403	-45	19
36743	384	298	403	-86	19
36744	384	298	403	-86	19
36745	423	240	501	-183	78
36746	423	283	421	-140	-2
36747	343	292	361	-51	18
36748	343	299	370	-44	27
36749	343	292	374	-51	31
36750	343	292	374	-51	31
36751	343	292	374	-51	31
36752	343	299	370	-44	27
36753	326	1	2	-325	-324
36754	363	1	2	-362	-361
36755	363	1	2	-362	-361
36756	363	1	2	-362	-361
36757	389	307	417	-82	28
36758	389	307	410	-82	21
36759	389	307	410	-82	21
36760	389	307	410	-82	21
36761	389	307	421	-82	32
36762	389	307	410	-82	21
36763	315	1	2	-314	-313
36764	315	1	2	-314	-313
36765	315	1	2	-314	-313
36766	315	1	2	-314	-313
36767	315	1	2	-314	-313
36768	315	1	2	-314	-313
36769	315	1	2	-314	-313
36770	315	1	2	-314	-313
36771	315	1	2	-314	-313
36772	315	1	2	-314	-313
36773	368	1	2	-367	-366
36774	368	1	2	-367	-366
36775	368	249	396	-119	28
36776	368	309	396	-59	28
36777	368	292	397	-76	29
36778	368	1	2	-367	-366
36779	368	1	2	-367	-366
36780	368	228	387	-140	19
36781	368	249	396	-119	28
36782	368	309	396	-59	28
36783	368	1	2	-367	-366
36784	368	309	396	-59	28
36785	368	288	382	-80	14
36786	368	309	382	-59	14
36787	368	292	396	-76	28
36788	368	1	2	-367	-366
36789	368	1	2	-367	-366
36790	368	1	2	-367	-366
36791	346	1	2	-345	-344
36792	344	281	353	-63	9
36793	344	281	353	-63	9
36794	344	281	353	-63	9
36795	344	281	353	-63	9
36796	344	281	353	-63	9
36797	346	281	353	-65	7
36798	344	281	353	-63	9
36799	344	281	353	-63	9
36800	344	281	353	-63	9
36801	346	281	353	-65	7
36802	357	281	348	-76	-9
36803	345	298	351	-47	6
36804	353	281	354	-72	1
36805	363	281	348	-82	-15
36806	363	246	395	-117	32
36807	344	281	353	-63	9
36808	344	281	353	-63	9
36809	344	1	2	-343	-342
36810	344	281	353	-63	9
36811	344	281	353	-63	9
36812	344	281	353	-63	9
36813	344	307	353	-37	9
36814	344	307	353	-37	9
36815	344	1	2	-343	-342
36816	344	281	353	-63	9
36817	344	307	354	-37	10
36818	344	307	353	-37	9
36819	344	281	353	-63	9
36820	344	281	353	-63	9
36821	344	1	2	-343	-342
36822	344	1	2	-343	-342
36823	349	281	354	-68	5
36824	344	1	2	-343	-342
36825	344	307	365	-37	21
36826	344	307	354	-37	10
36827	334	1	2	-333	-332
36828	334	1	2	-333	-332
36829	334	1	2	-333	-332
36830	413	283	462	-130	49
36831	405	339	381	-66	-24
36832	405	331	381	-74	-24
36833	405	342	405	-63	0
36834	356	268	410	-88	54
36835	338	260	410	-78	72
36836	338	270	425	-68	87
36837	340	260	410	-80	70
36838	346	260	418	-86	72
36839	340	260	411	-80	71
36840	340	260	425	-80	85
36841	467	334	457	-133	-10
36842	467	334	457	-133	-10
36843	459	245	476	-214	17
36844	416	310	441	-106	25
36845	416	243	441	-173	25
36846	415	192	473	-223	58
36847	449	307	470	-142	21
36848	441	307	441	-134	0
36849	328	249	377	-79	49
36850	382	296	441	-86	59
36851	382	317	470	-65	88
36852	382	280	470	-102	88
36853	382	296	441	-86	59
36854	382	317	470	-65	88
36855	382	317	470	-65	88
36856	382	296	441	-86	59
36857	382	317	470	-65	88
36858	382	317	470	-65	88
36859	356	1	2	-355	-354
36860	366	1	2	-365	-364
36861	356	1	2	-355	-354
36862	356	308	404	-48	48
36863	356	1	2	-355	-354
36864	356	308	404	-48	48
36865	356	1	2	-355	-354
36866	356	1	2	-355	-354
36867	356	308	407	-48	51
36868	356	308	407	-48	51
36869	361	1	2	-360	-359
36870	361	1	2	-360	-359
36871	361	1	2	-360	-359
36872	361	1	2	-360	-359
36873	361	1	2	-360	-359
36874	361	1	2	-360	-359
36875	361	1	2	-360	-359
36876	388	313	411	-75	23
36877	388	339	405	-49	17
36878	388	339	419	-49	31
36879	388	339	411	-49	23
36880	388	302	411	-86	23
36881	414	317	470	-97	56
36882	393	210	436	-183	43
36883	351	133	528	-218	177
36884	351	309	436	-42	85
36885	351	309	469	-42	118
36886	351	169	458	-182	107
36887	351	309	469	-42	118
36889	351	309	469	-42	118
36890	351	133	528	-218	177
36891	351	133	528	-218	177
36892	351	246	406	-105	55
36893	351	133	528	-218	177
36894	351	133	528	-218	177
36897	382	116	528	-266	146
36900	384	311	467	-73	83
36902	367	317	441	-50	74
36903	367	317	468	-50	101
36904	367	324	468	-43	101
36905	367	317	468	-50	101
36917	390	307	468	-83	78
36918	390	307	468	-83	78
36920	379	216	483	-163	104
36921	379	209	423	-170	44
36922	379	246	413	-133	34
36923	379	216	479	-163	100
36924	379	216	483	-163	104
36925	379	339	395	-40	16
36926	378	216	479	-162	101
36927	378	216	479	-162	101
36928	379	317	416	-62	37
36929	379	317	416	-62	37
36930	370	1	2	-369	-368
36931	400	311	419	-89	19
36932	400	311	419	-89	19
36933	369	275	408	-94	39
36934	369	226	404	-143	35
36935	369	275	404	-94	35
36936	369	306	397	-63	28
36937	374	275	408	-99	34
36938	364	309	400	-55	36
36939	364	309	382	-55	18
36940	358	275	388	-83	30
36941	357	201	388	-156	31
36942	357	275	388	-82	31
36943	457	358	470	-99	13
36944	377	309	420	-68	43
36946	377	309	420	-68	43
36947	377	309	420	-68	43
36948	377	309	420	-68	43
36949	381	309	388	-72	7
36950	376	253	386	-123	10
36951	376	253	388	-123	12
36952	376	312	383	-64	7
36953	376	309	383	-67	7
36954	376	312	383	-64	7
36955	376	317	461	-59	85
36956	376	317	446	-59	70
36957	376	317	433	-59	57
36958	376	309	388	-67	12
36959	376	309	397	-67	21
36960	376	309	386	-67	10
36961	376	309	436	-67	60
36962	376	309	408	-67	32
36963	376	309	433	-67	57
36964	376	317	446	-59	70
36965	376	317	433	-59	57
36966	376	317	446	-59	70
36967	376	1	2	-375	-374
36968	376	317	433	-59	57
36969	376	317	402	-59	26
36970	376	309	388	-67	12
36971	376	309	388	-67	12
36972	376	309	388	-67	12
36973	376	309	388	-67	12
36974	376	317	411	-59	35
36975	376	249	388	-127	12
36976	376	309	386	-67	10
36977	376	264	388	-112	12
36978	376	1	2	-375	-374
36979	376	309	388	-67	12
36980	376	264	388	-112	12
36981	376	1	2	-375	-374
36982	376	309	388	-67	12
36983	376	312	392	-64	16
36984	376	312	396	-64	20
36985	376	309	388	-67	12
36986	376	312	388	-64	12
36987	376	309	391	-67	15
36988	376	309	392	-67	16
36989	376	309	397	-67	21
36990	376	1	2	-375	-374
36991	376	1	2	-375	-374
36992	376	312	387	-64	11
36993	376	309	411	-67	35
36994	376	309	388	-67	12
36995	376	309	388	-67	12
36996	376	309	388	-67	12
36997	376	309	388	-67	12
36998	376	309	388	-67	12
36999	374	312	383	-62	9
37000	374	1	2	-373	-372
37001	374	312	402	-62	28
37002	401	249	388	-152	-13
37003	404	192	479	-212	75
37004	373	1	2	-372	-371
37005	373	1	2	-372	-371
37006	373	1	2	-372	-371
37007	373	1	2	-372	-371
37008	360	1	2	-359	-358
37009	360	1	2	-359	-358
37010	360	1	2	-359	-358
37011	360	1	2	-359	-358
37012	360	1	2	-359	-358
37013	360	1	2	-359	-358
37014	360	1	2	-359	-358
37015	360	1	2	-359	-358
37016	360	1	2	-359	-358
37017	360	1	2	-359	-358
37018	360	1	2	-359	-358
37019	360	1	2	-359	-358
37020	360	1	2	-359	-358
37021	362	1	2	-361	-360
37022	362	1	2	-361	-360
37023	360	1	2	-359	-358
37024	360	1	2	-359	-358
37025	360	1	2	-359	-358
37026	406	317	421	-89	15
37027	418	216	479	-202	61
37028	418	284	441	-134	23
37029	346	1	2	-345	-344
37030	346	1	2	-345	-344
37031	346	1	2	-345	-344
37032	346	1	2	-345	-344
37033	346	1	2	-345	-344
37034	346	1	2	-345	-344
37035	346	1	2	-345	-344
37036	346	1	2	-345	-344
37037	346	1	2	-345	-344
37038	346	1	2	-345	-344
37039	343	1	2	-342	-341
37040	343	1	2	-342	-341
37041	343	1	2	-342	-341
37042	343	1	2	-342	-341
37043	346	1	2	-345	-344
37044	346	1	2	-345	-344
37045	346	1	2	-345	-344
37046	346	1	2	-345	-344
37047	346	1	2	-345	-344
37048	346	1	2	-345	-344
37049	346	1	2	-345	-344
37050	368	1	2	-367	-366
37051	364	360	402	-4	38
37052	364	360	402	-4	38
37053	364	324	421	-40	57
37054	358	324	428	-34	70
37055	364	331	381	-33	17
37056	364	1	2	-363	-362
37057	364	348	416	-16	52
37058	364	331	381	-33	17
37059	364	324	413	-40	49
37060	364	1	2	-363	-362
37061	364	324	428	-40	64
37062	364	331	381	-33	17
37063	358	317	413	-41	55
37064	358	331	381	-27	23
37065	358	360	381	2	23
37066	358	324	417	-34	59
37067	358	324	417	-34	59
37068	376	331	381	-45	5
37069	365	258	390	-107	25
37070	365	1	2	-364	-363
37071	365	299	363	-66	-2
37072	365	299	363	-66	-2
37073	365	299	386	-66	21
37074	365	299	387	-66	22
37075	365	258	387	-107	22
37076	365	258	390	-107	25
37077	365	328	379	-37	14
37078	365	283	375	-82	10
37079	365	299	382	-66	17
37080	365	299	382	-66	17
37081	363	326	361	-37	-2
37082	363	258	384	-105	21
37083	363	248	384	-115	21
37084	375	315	396	-60	21
37085	375	234	363	-141	-12
37086	375	248	363	-127	-12
37087	375	283	363	-92	-12
37088	375	283	363	-92	-12
37089	342	248	361	-94	19
37090	342	324	396	-18	54
37091	342	324	361	-18	19
37092	342	306	368	-36	26
37093	392	249	421	-143	29
37094	406	324	421	-82	15
37095	357	306	341	-51	-16
37096	357	306	341	-51	-16
37097	357	306	341	-51	-16
37098	315	1	2	-314	-313
37099	315	1	2	-314	-313
37100	315	1	2	-314	-313
37101	315	1	2	-314	-313
37102	315	1	2	-314	-313
37103	315	1	2	-314	-313
37104	315	1	2	-314	-313
37105	315	1	2	-314	-313
37106	315	1	2	-314	-313
37107	315	1	2	-314	-313
37108	315	1	2	-314	-313
37109	336	249	412	-87	76
37110	338	228	386	-110	48
37111	338	1	2	-337	-336
37112	338	228	396	-110	58
37113	336	1	2	-335	-334
37114	336	1	2	-335	-334
37115	338	1	2	-337	-336
37116	338	1	2	-337	-336
37117	333	1	2	-332	-331
37118	333	1	2	-332	-331
37119	333	1	2	-332	-331
37120	336	1	2	-335	-334
37121	333	228	405	-105	72
37122	333	1	2	-332	-331
37123	333	1	2	-332	-331
37124	333	1	2	-332	-331
37125	333	1	2	-332	-331
37126	336	1	2	-335	-334
37127	333	1	2	-332	-331
37128	333	1	2	-332	-331
37129	336	1	2	-335	-334
37130	336	1	2	-335	-334
37131	336	1	2	-335	-334
37132	336	1	2	-335	-334
37133	336	1	2	-335	-334
37134	336	1	2	-335	-334
37135	336	1	2	-335	-334
37136	333	1	2	-332	-331
37137	333	1	2	-332	-331
37138	333	1	2	-332	-331
37139	336	1	2	-335	-334
37140	338	1	2	-337	-336
37141	333	1	2	-332	-331
37142	335	1	2	-334	-333
37143	336	1	2	-335	-334
37144	336	1	2	-335	-334
37145	336	1	2	-335	-334
37146	336	1	2	-335	-334
37147	336	1	2	-335	-334
37148	336	1	2	-335	-334
37149	336	1	2	-335	-334
37150	336	1	2	-335	-334
37151	289	1	2	-288	-287
37152	289	264	391	-25	102
37153	289	1	2	-288	-287
37154	289	1	2	-288	-287
37155	289	1	2	-288	-287
37156	289	1	2	-288	-287
37157	289	1	2	-288	-287
37158	289	1	2	-288	-287
37159	289	1	2	-288	-287
37160	291	1	2	-290	-289
37161	291	1	2	-290	-289
37162	291	228	398	-63	107
37163	288	1	2	-287	-286
37164	288	1	2	-287	-286
37165	288	1	2	-287	-286
37166	288	1	2	-287	-286
37167	288	1	2	-287	-286
37168	288	178	385	-110	97
37169	288	1	2	-287	-286
37170	288	1	2	-287	-286
37171	288	1	2	-287	-286
37172	288	1	2	-287	-286
37173	288	226	385	-62	97
37174	288	205	385	-83	97
37175	288	1	2	-287	-286
37176	288	270	385	-18	97
37177	288	1	2	-287	-286
37178	288	1	2	-287	-286
37179	288	205	385	-83	97
37180	288	186	385	-102	97
37181	288	205	386	-83	98
37182	288	1	2	-287	-286
37183	288	1	2	-287	-286
37184	288	1	2	-287	-286
37186	415	240	501	-175	86
37187	360	1	2	-359	-358
37188	360	1	2	-359	-358
37189	426	317	414	-109	-12
37190	426	324	413	-102	-13
37191	426	317	418	-109	-8
37192	426	324	414	-102	-12
37193	426	317	413	-109	-13
37194	405	324	413	-81	8
37195	405	324	411	-81	6
37196	434	324	414	-110	-20
37197	434	324	414	-110	-20
37198	434	324	414	-110	-20
37199	434	324	414	-110	-20
37200	434	324	414	-110	-20
37201	434	324	414	-110	-20
37202	434	324	414	-110	-20
37203	434	324	421	-110	-13
37204	394	324	441	-70	47
37205	434	324	418	-110	-16
37206	434	324	418	-110	-16
37207	434	324	418	-110	-16
37208	405	283	414	-122	9
37209	449	310	443	-139	-6
37210	449	334	457	-115	8
37211	449	334	457	-115	8
37212	457	334	457	-123	0
37213	445	317	470	-128	25
37214	432	317	441	-115	9
37215	378	298	405	-80	27
37216	378	307	405	-71	27
37217	385	348	413	-37	28
37218	385	381	409	-4	24
37219	385	381	413	-4	28
37220	385	348	413	-37	28
37221	385	348	405	-37	20
37222	382	348	413	-34	31
37223	382	348	409	-34	27
37224	393	261	414	-132	21
37225	321	193	494	-128	173
37226	376	307	421	-69	45
37227	376	307	421	-69	45
37228	376	216	461	-160	85
37229	376	307	421	-69	45
37230	376	307	421	-69	45
37231	366	189	425	-177	59
37232	358	249	397	-109	39
37233	431	216	432	-215	1
37234	424	307	470	-117	46
37235	402	246	412	-156	10
37236	404	221	472	-183	68
37237	404	233	463	-171	59
37238	366	283	383	-83	17
37239	366	1	1	-365	-365
37240	366	1	2	-365	-364
37241	366	1	2	-365	-364
37242	366	1	1	-365	-365
37243	366	1	2	-365	-364
37244	366	1	1	-365	-365
37245	366	1	2	-365	-364
37246	365	324	428	-41	63
37247	365	331	381	-34	16
37248	365	307	414	-58	49
37249	389	1	2	-388	-387
37250	372	1	2	-371	-370
37251	389	339	381	-50	-8
37252	389	1	2	-388	-387
37253	389	1	2	-388	-387
37254	389	339	381	-50	-8
37255	389	1	2	-388	-387
37256	389	1	2	-388	-387
37257	389	339	381	-50	-8
37258	390	1	2	-389	-388
37259	389	327	421	-62	32
37260	389	309	425	-80	36
37261	389	339	410	-50	21
37262	389	1	2	-388	-387
37263	389	260	396	-129	7
37264	389	327	422	-62	33
37265	389	327	431	-62	42
37266	389	1	2	-388	-387
37267	389	331	381	-58	-8
37268	389	1	2	-388	-387
37269	389	1	2	-388	-387
37270	389	1	2	-388	-387
37271	389	1	2	-388	-387
37272	389	1	2	-388	-387
37273	389	309	431	-80	42
37274	389	339	381	-50	-8
37275	389	1	2	-388	-387
37276	389	339	381	-50	-8
37277	389	339	381	-50	-8
37278	389	339	421	-50	32
37279	389	364	381	-25	-8
37280	389	1	2	-388	-387
37281	389	1	2	-388	-387
37282	389	339	421	-50	32
37283	389	1	2	-388	-387
37284	389	1	2	-388	-387
37285	389	1	2	-388	-387
37286	389	1	2	-388	-387
37287	389	339	396	-50	7
37288	363	331	381	-32	18
37289	363	324	414	-39	51
37290	363	324	414	-39	51
37291	363	331	381	-32	18
37292	376	331	381	-45	5
37293	356	317	418	-39	62
37294	356	331	381	-25	25
37295	356	331	381	-25	25
37296	356	324	421	-32	65
37297	356	324	421	-32	65
37298	356	324	421	-32	65
37299	356	324	428	-32	72
37300	360	359	381	-1	21
37301	360	331	381	-29	21
37302	363	324	441	-39	78
37303	366	1	2	-365	-364
37304	360	1	2	-359	-358
37305	360	1	2	-359	-358
37306	360	1	2	-359	-358
37307	366	1	2	-365	-364
37308	366	308	407	-58	41
37309	366	1	2	-365	-364
37310	315	309	421	-6	106
37311	395	309	407	-86	12
37312	395	309	413	-86	18
37313	298	324	418	26	120
37314	401	309	413	-92	12
37315	401	308	409	-93	8
37316	321	309	421	-12	100
37317	393	326	432	-67	39
37318	391	322	410	-69	19
37319	391	322	410	-69	19
37320	391	322	411	-69	20
37321	391	322	402	-69	11
37322	391	309	411	-82	20
37323	391	322	402	-69	11
37324	391	322	402	-69	11
37325	391	322	445	-69	54
37326	393	363	439	-30	46
37327	398	258	434	-140	36
37328	398	113	513	-285	115
37330	398	339	421	-59	23
37331	398	339	421	-59	23
37332	398	296	468	-102	70
37333	398	216	479	-182	81
37334	398	216	479	-182	81
37335	398	216	479	-182	81
37336	398	116	528	-282	130
37337	398	372	399	-26	1
37339	398	192	483	-206	85
37340	398	163	434	-235	36
37341	398	296	468	-102	70
37342	398	299	445	-99	47
37343	398	325	401	-73	3
37344	403	326	493	-77	90
37345	403	116	528	-287	125
37346	403	326	506	-77	103
37347	403	344	424	-59	21
37348	393	363	423	-30	30
37349	393	363	432	-30	39
