36455	382	301.395212506107	363.507083536883	-80.6047874938935	-18.4929164631168
36456	382	319.109428431851	379.203224230581	-62.8905715681485	-2.79677576941867
36457	382	337.944797264289	385.481680508061	-44.0552027357108	3.48168050806055
36458	382	333.460185637518	391.76013678554	-48.5398143624817	9.76013678553983
36459	382	274.936003908158	339.065950170982	-107.063996091842	-42.9340498290181
36460	382	227.174890083048	332.787493893503	-154.825109916952	-49.2125061064974
36461	361	311.04836345872	380.579384465071	-49.9516365412799	19.5793844650708
36463	375	302.015632633122	390.66243282853	-72.9843673668784	15.6624328285296
36465	375	312.728871519296	382.259892525647	-62.2711284807035	7.25989252564727
36466	375	313.989252564729	385.200781631656	-61.0107474352711	10.2007816316561
36467	375	303.276013678554	366.925256472887	-71.723986321446	-8.07474352711284
36468	376	295.083536883244	368.605764533464	-80.9164631167562	-7.39423546653643
36469	376	276.597948216903	353.90131900342	-99.4020517830972	-22.0986809965804
36470	376	305.166585246702	380.789447972643	-70.8334147532975	4.7894479726429
36471	376	315.249633610161	388.141670737665	-60.7503663898388	12.1416707376649
36472	376	302.435759648266	369.446018563752	-73.5642403517343	-6.55398143624814
36473	376	337.096238397655	403.476306790425	-38.9037616023449	27.476306790425
36474	376	307.477283829995	383.100146555936	-68.5227161700049	7.10014655593551
36475	376	306.216902784563	363.14411333659	-69.7830972154372	-12.8558866634099
36476	376	305.796775769419	371.126526624328	-70.2032242305813	-4.87347337567172
36477	376	312.728871519296	373.647288715193	-63.2711284807035	-2.35271128480701
36478	396	340.896922325354	380.775280898876	-55.1030776746458	-15.2247191011236
36479	396	335.168539325843	372.182706399609	-60.8314606741573	-23.8172936003908
36480	396	335.609184171959	372.182706399609	-60.390815828041	-23.8172936003908
36481	396	341.998534440645	380.33463605276	-54.0014655593552	-15.6653639472399
36482	396	346.184660478749	384.961406936981	-49.8153395212506	-11.0385930630191
36483	396	325.914997557401	369.75915974597	-70.0850024425989	-26.2408402540303
36484	382	345.744015632633	380.33463605276	-36.2559843673669	-1.66536394723988
36485	382	345.744015632633	381.215925744993	-36.2559843673669	-0.78407425500734
36486	382	328.558866634099	369.979482169028	-53.4411333659014	-12.0205178309722
36487	391	324.593063019052	375.707865168539	-66.4069369809478	-15.2921348314607
36488	391	316.024914509038	412.962872496336	-74.9750854909624	21.9628724963361
36493	433	321.883732291158	401.446018563752	-111.116267708842	-31.5539814362482
36494	433	333.543722520762	403.503663898388	-99.4562774792379	-29.4963361016121
36496	433	272.957498778701	382.241328773815	-160.042501221299	-50.7586712261847
36498	391	327.720566682951	368.009770395701	-63.2794333170493	-22.990229604299
36499	270	245.296531509526	301.720566682951	-24.7034684904739	31.7205666829507
36501	400	294.067415730337	359.206643869077	-105.932584269663	-40.7933561309233
36502	400	313.277967757694	375.767464582316	-86.7220322423058	-24.2325354176844
36503	424	348.093307278945	414.937957987298	-75.9066927210552	-9.06204201270151
36504	424	347.637029799707	412.884709330728	-76.3629702002931	-11.1152906692721
36505	424	354.481191988275	411.744015632633	-69.5188080117245	-12.2559843673669
36506	424	344.443087445042	404.215437225208	-79.5569125549584	-19.7845627747924
36507	424	333.94870542257	401.47777234978	-90.0512945774304	-22.5222276502199
36508	424	347.865168539326	406.268685881778	-76.1348314606741	-17.7313141182218
36509	424	356.078163165608	411.972154372252	-67.9218368343918	-12.0278456277479
36510	424	342.161700048852	400.793356130923	-81.838299951148	-23.2066438690767
36511	424	343.074255007328	405.127992183683	-80.9257449926722	-18.8720078163166
36512	424	341.477283829995	402.162188568637	-82.5227161700049	-21.837811431363
36513	424	352.199804592086	411.744015632633	-71.800195407914	-12.2559843673669
36514	424	354.253053248657	411.059599413776	-69.7469467513434	-12.9404005862237
36515	424	341.477283829995	418.131900341964	-82.5227161700049	-5.86809965803616
36516	424	341.021006350757	407.637518319492	-82.9789936492428	-16.3624816805081
36517	424	333.036150464094	399.42452369321	-90.9638495359062	-24.5754763067904
36518	424	349.23400097704	408.550073277968	-74.7659990229604	-15.4499267220323
36519	424	347.180752320469	419.272594040059	-76.819247679531	-4.72740595994139
36520	424	342.61797752809	405.584269662921	-81.3820224719101	-18.4157303370787
36521	415	307.449438202247	409.250122129946	-107.550561797753	-5.74987787005375
36522	415	337.047874938935	397.365901319003	-77.952125061065	-17.6340986809966
36523	415	337.047874938935	403.644357596483	-77.952125061065	-11.3556424035174
36524	415	340.85979482169	402.52320468979	-74.1402051783098	-12.4767953102101
36525	415	294.66829506595	387.948216902785	-120.33170493405	-27.0517830972154
36526	415	372.924767953102	422.255495847582	-42.0752320468979	7.25549584758181
36527	392	360.507572056668	427.974596971177	-31.4924279433317	35.9745969711773
36528	392	354.374206155349	419.115290669272	-37.6257938446507	27.1152906692721
36529	392	355.964338055691	410.028822667318	-36.0356619443087	18.028822667318
36530	392	359.144601856375	417.297997068881	-32.8553981436248	25.2979970688813
36531	392	364.14215925745	421.159745969712	-27.8578407425501	29.1597459697118
36532	392	361.189057156815	431.609184171959	-30.8109428431852	39.6091841719589
36533	392	337.791402051783	416.162188568637	-54.2085979482169	24.162188568637
36534	415	290.183683439179	397.814362481681	-124.816316560821	-17.1856375183195
36536	365	323.050806057645	367.115290669272	-41.9491939423547	2.1152906692721
36537	365	327.457254518808	366.674645823156	-37.542745481192	1.67464582315586
36538	354	304.984367366878	362.929164631168	-49.0156326331216	8.92916463116757
36539	354	330.321446018564	368.877870053737	-23.6785539814363	14.8778700537372
36540	354	332.744992672203	371.081094284319	-21.2550073277968	17.0810942843185
36541	354	310.492427943332	358.082071323889	-43.5075720566683	4.08207132388861
36542	354	301.459208597948	356.539814362482	-52.5407914020518	2.53981436248165
36543	354	284.494382022472	353.23497801661	-69.5056179775281	-0.765021983390341
36544	420	335.609672691744	390.826575476307	-84.390327308256	-29.1734245236932
36545	424	323.008304836346	378.912554958476	-100.991695163654	-45.0874450415242
36546	424	325.757694186615	385.556912554958	-98.2423058133854	-38.4430874450416
36547	424	340.191988275525	394.721543722521	-83.8080117244749	-29.2784562774792
36548	424	334.005862237421	390.597459697118	-89.9941377625794	-33.4025403028823
36549	424	335.380556912555	387.848070346849	-88.6194430874451	-36.1519296531509
36550	424	310.636052760137	382.349291646312	-113.363947239863	-41.6507083536883
36551	424	332.631167562286	406.635564240352	-91.3688324377138	-17.3644357596483
36552	424	334.464093795799	388.764533463605	-89.5359062042013	-35.2354665363947
36553	424	318.884220810943	377.079628724963	-105.115779189057	-46.9203712750366
36554	424	326.445041524182	403.657059110894	-97.5549584758182	-20.342940889106
36555	424	310.177821201759	391.743038593063	-113.822178798241	-32.256961406937
36556	424	298.492916463117	379.141670737665	-125.507083536883	-44.8583292623351
36557	424	315.218368343918	398.158280410357	-108.781631656082	-25.8417195896434
36558	424	314.76013678554	378.683439179287	-109.23986321446	-45.3165608207132
36559	424	322.320957498779	385.09868099658	-101.679042501221	-38.9013190034196
36560	420	321.633610161212	380.28724963361	-98.3663898387885	-39.7127503663899
36561	420	318.655105031754	371.351734245237	-101.344894968246	-48.6482657547631
36562	420	318.196873473376	373.413776257938	-101.803126526624	-46.5862237420616
36563	420	340.879335613092	387.848070346849	-79.1206643869077	-32.1519296531509
36564	424	325.757694186615	405.260869565217	-98.2423058133854	-18.7391304347826
36566	427	333.011724474841	387.948216902785	-93.9882755251588	-39.0517830972154
36567	427	343.550561797753	392.881289692233	-83.4494382022472	-34.1187103077675
36568	427	339.514411333659	394.226673180264	-87.485588666341	-32.7733268197362
36569	427	340.187103077675	394.675134342941	-86.8128969223254	-32.3248656570591
36570	427	362.834391792868	418.667806546165	-64.1656082071324	-8.33219345383486
36571	427	337.720566682951	386.154372252076	-89.2794333170493	-40.8456277479238
36572	357	295.405959941378	378.503175378603	-61.5940400586223	21.5031753786028
36573	357	298.263800683928	383.339521250611	-58.7361993160723	26.3395212506106
36574	365	243.61797752809	361.673668783586	-121.38202247191	-3.32633121641425
36575	365	271.766487542745	337.516365412799	-93.2335124572545	-27.4836345872008
36576	365	206.646800195408	369.23595505618	-158.353199804592	4.23595505617976
36577	438	314.644357596483	412.287738153395	-123.355642403517	-25.7122618466048
36578	446	289.777234978017	381.260869565217	-156.222765021983	-64.7391304347826
36580	422	306.154372252076	453.413776257938	-115.845627747924	31.4137762579384
36581	373	310.354665363947	394.990718124084	-62.6453346360528	21.990718124084
36582	375	310.134831460674	382.680019540791	-64.8651685393259	7.68001954079142
36583	375	322.885197850513	384.878358573522	-52.114802149487	9.87835857352223
36584	375	336.295065950171	384.878358573522	-38.704934049829	9.87835857352223
36585	375	306.177821201759	375.205666829507	-68.8221787982413	0.205666829506583
36586	373	262.211040547142	380.921348314607	-110.788959452858	7.92134831460675
36587	373	259.133365901319	376.085002442599	-113.866634098681	3.08500244259892
36588	375	324.643869076698	387.076697606253	-50.3561309233024	12.076697606253
36589	375	337.394235466536	384.878358573522	-37.6057645334636	9.87835857352223
36590	375	332.118221787982	374.546165119687	-42.8817782120176	-0.453834880312684
36591	375	333.217391304348	376.524670249145	-41.7826086956522	1.52467024914506
36592	375	316.94968246214	373.886663409868	-58.0503175378603	-1.11333659013189
36593	375	318.928187591597	378.942843185149	-56.0718124084025	3.942843185149
36594	373	293.207620908647	360.47679531021	-79.7923790913532	-12.52320468979
36595	387	322.005862237421	381.800683927699	-64.9941377625794	-5.19931607230092
36596	387	321.346360527601	372.127992183683	-65.6536394723987	-14.8720078163166
36597	387	319.587689301417	366.851978505129	-67.4123106985833	-20.1480214948706
36598	387	336.95456765999	385.537860283341	-50.0454323400098	-1.46213971665856
36599	387	288.151441133366	369.70981924768	-98.8485588666341	-17.2901807523205
36600	387	341.351245725452	393.451880801172	-45.6487542745481	6.45188080117242
36601	387	264.409379579873	356.299951148021	-122.590620420127	-30.7000488519785
36602	387	244.404494382022	351.023937469468	-142.595505617978	-35.9760625305325
36607	404	332.231069858329	384.086468001954	-71.7689301416708	-19.9135319980459
36608	404	321.069369809477	376.877870053737	-82.9306301905227	-27.1221299462628
36609	404	314.790913531998	373.622374206155	-89.2090864680019	-30.3776257938447
36610	404	320.604298974108	379.66829506595	-83.3957010258915	-24.3317049340498
36611	404	306.884709330728	371.994626282364	-97.1152906692721	-32.0053737176356
36612	379	319.974596971177	370.434782608696	-59.0254030288227	-8.56521739130437
36613	379	264.631167562286	314.393746946751	-114.368832437714	-64.6062530532487
36614	379	283.466536394724	328.810942843185	-95.533463605276	-50.1890571568148
36615	379	304.85979482169	342.995603321935	-74.1402051783098	-36.0043966780655
36616	379	308.115290669272	345.786028334148	-70.8847093307279	-33.2139716658525
36618	379	286.024425989253	337.647288715193	-92.9755740107474	-41.352711284807
36619	379	306.95261358085	343.693209574988	-72.04738641915	-35.3067904250122
36620	379	301.371763556424	335.321934538349	-77.6282364435759	-43.6780654616512
36621	379	292.070346849047	335.554469956033	-86.9296531509526	-43.4455300439668
36622	379	263.933561309233	318.811919882755	-115.066438690767	-60.1880801172447
36623	443	320.880312652662	395.660478749389	-122.119687347338	-47.3395212506106
36624	445	326.172447484123	401.182706399609	-118.827552515877	-43.8172936003908
36625	443	326.862725940401	402.333170493405	-116.137274059599	-40.666829506595
36626	443	323.641426477772	400.492427943332	-119.358573522228	-42.5075720566683
36627	443	325.482169027846	396.120664386908	-117.517830972154	-46.8793356130923
36628	443	329.163654127992	413.147532975085	-113.836345872008	-29.8524670249145
36629	357	311.814362481681	374.165608207132	-45.1856375183195	17.1656082071324
36630	357	319.525647288715	375.928187591597	-37.4743527112848	18.9281875915975
36631	349	325.914997557401	373.063996091842	-23.0850024425989	24.0639960918417
36632	349	322.389838788471	365.793356130923	-26.6101612115291	16.7933561309233
36633	349	288.23986321446	345.744015632633	-60.7601367855398	-3.25598436736686
36634	412	335.388861748901	380.995603321935	-76.6111382510992	-31.0043966780655
36635	412	319.745969711773	362.047874938935	-92.2540302882267	-49.952125061065
36636	349	277.223742061553	360.28529555447	-71.7762579384465	11.2852955544699
36637	349	278.545676599902	358.082071323889	-70.4543234000977	9.08207132388861
36638	349	286.036638983879	355.658524670249	-62.9633610161212	6.65852467024916
36639	356	309.170493404983	374.826575476307	-46.8295065950171	18.8265754763068
36640	375	331.202735710796	375.487542745481	-43.7972642892037	0.487542745481164
36641	375	267.088910600879	351.252076209086	-107.911089399121	-23.7479237909135
36642	375	325.474352711285	379.453346360528	-49.5256472887152	4.45334636052758
36643	375	262.682462139717	345.744015632633	-112.317537860283	-29.2559843673669
36644	375	317.322423058134	368.437225207621	-57.6775769418662	-6.56277479237912
36645	382	327.677576941866	376.589154860772	-54.3224230581338	-5.41084513922817
36648	413	321.054714215926	411.133854421104	-91.9452857840743	-1.86614557889595
36649	411	243.321446018564	411.362481680508	-167.678553981436	0.36248168050804
36650	411	326.313141182218	409.76209086468	-84.6868588177821	-1.23790913531997
36651	369	314.701025891549	362.581827063996	-54.2989741084514	-6.41817293600394
36652	369	318.504640937958	373.09770395701	-50.495359062042	4.09770395701025
36653	369	310.226184660479	373.321446018564	-58.7738153395213	4.32144601856373
36654	369	301.052760136786	365.266731802638	-67.9472398632145	-3.73326819736201
36655	369	300.605276013679	367.280410356619	-68.3947239863214	-1.71958964338057
36656	369	303.513922813874	369.741573033708	-65.4860771861261	0.74157303370788
36657	369	317.609672691744	379.809965803615	-51.390327308256	10.8099658036151
36658	369	316.490962383977	381.376160234489	-52.5090376160234	12.3761602344895
36659	369	311.344894968246	371.531509526136	-57.6551050317538	2.53150952613578
36660	413	340.449438202247	384.85393258427	-72.5505617977528	-28.1460674157303
36661	413	311.415730337079	370.123595505618	-101.584269662921	-42.876404494382
36662	413	310.134831460674	367.134831460674	-102.865168539326	-45.8651685393259
36663	413	341.089887640449	385.280898876404	-71.9101123595506	-27.7191011235955
36664	413	311.629213483146	381.865168539326	-101.370786516854	-31.1348314606741
36665	413	330.842696629213	382.719101123596	-82.1573033707865	-30.2808988764045
36666	413	331.056179775281	386.134831460674	-81.9438202247191	-26.8651685393259
36667	413	329.561797752809	384.426966292135	-83.438202247191	-28.5730337078652
36668	413	361.370786516854	398.089887640449	-51.629213483146	-14.9101123595506
36669	413	328.067415730337	392.539325842697	-84.9325842696629	-20.4606741573034
36670	403	336.179775280899	382.505617977528	-66.8202247191011	-20.4943820224719
36671	403	355.820224719101	390.831460674157	-47.1797752808989	-12.1685393258427
36672	403	292.202247191011	375.674157303371	-110.797752808989	-27.3258426966292
36673	375	267.269662921348	334.279921836834	-107.730337078652	-40.7200781631656
36674	375	264.496824621397	336.359550561798	-110.503175378603	-38.6404494382023
36675	390	270.564728871519	422.250122129946	-119.435271128481	32.2501221299462
36676	425	339.820224719101	412.179775280899	-85.1797752808989	-12.8202247191011
36677	415	322.33365901319	386.517830972154	-92.66634098681	-28.4821690278457
36678	425	352.404494382022	406.337078651685	-72.5955056179776	-18.6629213483146
36679	423	324.810942843185	408.588177821202	-98.1890571568149	-14.4118221787983
36680	423	360.168539325843	414.893991206644	-62.8314606741573	-8.10600879335612
36681	423	354.988764044944	401.606741573034	-68.0112359550562	-21.3932584269663
36682	425	351.955056179775	406.561797752809	-73.0449438202247	-18.438202247191
36683	425	361.842696629213	412.179775280899	-63.1573033707865	-12.8202247191011
36684	425	356.674157303371	413.078651685393	-68.3258426966292	-11.9213483146067
36685	425	354.313141182218	410.840254030288	-70.6868588177821	-14.1597459697118
36686	425	357.24084025403	402.732779677577	-67.7591597459697	-22.267220322423
36687	420	358.592085979482	404.084025403029	-61.4079140205179	-15.9159745969712
36688	420	364.672691744016	411.966292134831	-55.3273082559843	-8.03370786516854
36689	438	416.873961895457	439.745481191988	-21.1260381045432	1.74548119198829
36690	438	417.322423058134	437.727405959941	-20.6775769418662	-0.272594040058607
36691	438	415.080117244748	435.260869565217	-22.9198827552516	-2.73913043478262
36692	434	412.165119687347	433.467024914509	-21.8348803126527	-0.532975085490989
36693	434	418.443575964827	441.987787005374	-15.5564240351734	7.98778700537372
36694	414	374.216414264778	414.71372740596	-39.7835857352223	0.713727405959958
36695	414	358.33072789448	405.987787005374	-55.6692721055203	-8.01221299462628
36696	413	378.467513434294	420.978505129458	-34.5324865657059	7.97850512945774
36697	425	330.046897899365	418.971177332682	-94.9531021006351	-6.02882266731802
36698	425	357.80752320469	406.783585735222	-67.1924767953102	-18.2164142647777
36699	425	352.616511968735	428.224719101124	-72.3834880312653	3.22471910112358
36700	425	343.814362481681	429.804592085979	-81.1856375183195	4.80459208597949
36701	425	331.852467024915	408.137762579384	-93.1475329750855	-16.8622374206155
36702	425	332.078163165608	425.064973131412	-92.9218368343918	0.0649731314118185
36704	422	301.412310698583	438.067415730337	-120.587689301417	16.0674157303371
36705	422	275.86077186126	393.580361504641	-146.13922813874	-28.4196384953591
36706	422	290.005373717636	380.348314606742	-131.994626282364	-41.6516853932584
36708	395	312.475329750855	373.504640937958	-82.5246702491451	-21.495359062042
36709	395	319.305324865657	390.028822667318	-75.694675134343	-4.97117733268198
36710	395	320.627259404006	380.33463605276	-74.3727405959942	-14.6653639472399
36711	395	326.796287249634	386.28334147533	-68.2037127503664	-8.71665852467027
36712	395	323.491450903762	383.419149975574	-71.5085490962384	-11.580850024426
36713	389	301.679531021006	353.675622862726	-87.3204689789936	-35.324377137274
36714	395	319.745969711773	388.486565705911	-75.2540302882267	-6.51343429408894
36715	395	310.933072789448	367.33561309233	-84.066927210552	-27.6643869076698
36716	395	327.016609672692	382.317537860283	-67.9833903273083	-12.6824621397167
36717	395	323.491450903762	388.927210552027	-71.5085490962384	-6.07278944797264
36718	395	303.221787982413	380.995603321935	-91.7782120175867	-14.0043966780655
36719	395	312.034684904739	386.723986321446	-82.9653150952614	-8.27601367855397
36720	395	311.373717635564	366.894968246214	-83.6262823644357	-28.105031753786
36721	395	313.797264289204	390.028822667318	-81.2027357107963	-4.97117733268198
36722	395	312.915974596971	391.571079628725	-82.0840254030288	-3.42892037127507
36723	395	316.000488519785	393.774303859306	-78.9995114802149	-1.22569614069369
36724	386	315.221299462628	370.6634098681	-70.7787005373718	-15.3365901319003
36725	388	236.684416218857	377.250122129946	-151.315583781143	-10.7498778700538
36726	388	327.23693209575	388.706888128969	-60.7630679042501	0.70688812896924
36727	388	325.474352711285	393.553981436248	-62.5256472887152	5.55398143624814
36728	388	328.118221787982	398.401074743527	-59.8817782120176	10.4010747435271
36729	388	325.914997557401	394.214948705423	-62.0850024425989	6.21494870542256
36730	388	307.848558866634	368.437225207621	-80.1514411333659	-19.5627747923791
36731	388	321.28822667318	371.301416707377	-66.7117733268198	-16.6985832926234
36732	384	332.744992672203	387.825598436737	-51.2550073277968	3.8255984367367
36733	384	317.983390327308	377.250122129946	-66.0166096726917	-6.74987787005375
36734	384	290.443087445042	362.708842208109	-93.5569125549584	-21.2911577918906
36735	384	300.137274059599	364.471421592574	-83.8627259404006	-19.5285784074255
36736	384	325.254030288227	374.385930630191	-58.7459697117733	-9.6140693698095
36737	384	306.746946751343	369.098192476795	-77.2530532486566	-14.9018075232047
36738	384	313.136297020029	377.470444553004	-70.8637029799707	-6.52955544699563
36739	384	304.984367366878	369.538837322912	-79.0156326331216	-14.4611626770885
36740	384	293.527601367855	366.23400097704	-90.4723986321446	-17.7659990229604
36741	384	301.899853444064	383.419149975574	-82.1001465559355	-0.580850024426013
36742	384	316.000488519785	387.605276013679	-67.9995114802149	3.60527601367852
36743	384	297.71372740596	371.301416707377	-86.28627259404	-12.6985832926234
36744	384	306.306301905227	362.488519785051	-77.6936980947729	-21.5114802149487
36745	423	313.977528089888	439.608207132389	-109.022471910112	16.6082071323888
36746	423	318.80947728383	407.855398143625	-104.19052271617	-15.1446018563752
36747	343	287.372740595994	342.136297020029	-55.6272594040058	-0.863702979970697
36748	343	298.00195407914	337.514899853444	-44.9980459208598	-5.48510014655596
36749	343	281.827063996092	347.219833903273	-61.1729360039081	4.21983390327307
36750	343	286.910600879336	334.510991695164	-56.0893991206644	-8.48900830483637
36751	343	299.619443087445	339.363458720078	-43.380556912555	-3.63654127992186
36752	343	287.834880312653	328.041035661944	-55.1651196873473	-14.9589643380557
36753	326	295.922325354177	332.66243282853	-30.0776746458232	6.66243282852957
36754	363	306.320468978994	357.849047386419	-56.6795310210064	-5.15095261358084
36755	363	285.293111871031	354.845139228139	-77.7068881289692	-8.15486077186125
36756	363	287.372740595994	333.355642403517	-75.6272594040058	-29.6443575964827
36757	389	298.024425989253	381.209574987787	-90.9755740107474	-7.79042501221301
36758	389	308.947728383	369.866145578896	-80.0522716170005	-19.133854421104
36759	389	314.829506595017	378.898876404494	-74.1704934049829	-10.1011235955056
36760	389	326.803126526624	401.585735222276	-62.1968734733757	12.5857352222765
36761	389	304.536394723986	390.242305813385	-84.4636052760137	1.24230581338543
36762	389	332.894968246214	407.467513434294	-56.105031753786	18.4675134342941
36766	315	284.599902296043	333.817782120176	-30.400097703957	18.8177821201759
36771	315	271.659990229604	322.726428920371	-43.3400097703957	7.72642892037129
36772	315	269.349291646312	326.885686370298	-45.6507083536883	11.885686370298
36773	368	273.277479237909	337.745969711773	-94.7225207620909	-30.2540302882267
36774	368	278.361016121153	333.817782120176	-89.6389838788471	-34.1822178798241
36775	368	258.489008304836	333.355642403517	-109.510991695164	-34.6443575964827
36776	368	282.751343429409	341.443087445041	-85.2486565705912	-26.5569125549585
36777	368	288.52808988764	348.14411333659	-79.4719101123595	-19.8558866634099
36778	368	266.345383488031	325.961406936981	-101.654616511969	-42.0385930630191
36779	368	271.659990229604	324.343917928676	-96.3400097703957	-43.6560820713239
36780	368	255.947239863214	328.272105520274	-112.052760136786	-39.7278944797264
36781	368	253.174401563263	328.041035661944	-114.825598436737	-39.9589643380557
36782	368	277.898876404494	335.66634098681	-90.1011235955056	-32.33365901319
36783	368	265.652173913043	319.722520762091	-102.347826086957	-48.2774792379091
36784	368	276.974596971177	334.510991695164	-91.0254030288227	-33.4890083048364
36785	368	273.508549096238	328.734245236932	-94.4914509037616	-39.2657547630679
36786	368	297.539814362482	345.602344894968	-70.4601856375183	-22.3976551050318
36787	368	302.854421104055	367.09184171959	-65.1455788959453	-0.908158280410362
36788	368	281.133854421104	331.044943820225	-86.866145578896	-36.9550561797753
36789	368	289.683439179287	334.742061553493	-78.3165608207132	-33.2579384465071
36790	368	283.213483146067	332.200293111871	-84.7865168539326	-35.799706888129
36791	346	279.71665852467	333.649242794333	-66.2833414753297	-12.3507572056668
36792	344	274.344894968246	336.823155837811	-69.6551050317538	-7.17684416218856
36793	344	280.896922325354	329.101123595506	-63.1030776746458	-14.8988764044944
36794	344	278.556912554958	325.123106985833	-65.4430874450416	-18.8768930141671
36795	344	276.450903761602	330.505129457743	-67.5490962383976	-13.494870542257
36796	344	286.278944797264	338.929164631168	-57.7210552027357	-5.07083536883243
36797	346	269.664875427455	329.803126526624	-76.3351245725452	-16.1968734733757
36798	344	275.046897899365	333.781143136297	-68.9531021006351	-10.218856863703
36799	344	272.004885197851	327.463116756229	-71.9951148021495	-16.5368832437714
36800	344	285.108939912066	345.949193942355	-58.8910600879336	1.94919394235467
36801	346	276.684904738642	334.249145090376	-69.3150952613581	-11.7508549096239
36802	357	281.114313629702	337.744015632633	-75.885686370298	-19.2559843673669
36803	345	294.978016609673	341.973619931607	-50.0219833903273	-3.02638006839277
36804	353	292.393258426966	341.268685881778	-60.6067415730337	-11.7313141182218
36805	363	277.354665363947	340.32877381534	-85.6453346360528	-22.6712261846605
36806	363	260.436248168051	339.388861748901	-102.563751831949	-23.6111382510992
36807	344	277.152906692721	332.37713727406	-66.847093307279	-11.6228627259404
36808	344	283.23693209575	333.547142159257	-60.7630679042501	-10.4528578407426
36809	344	287.682950659502	332.611138251099	-56.3170493404983	-11.3888617489009
36810	344	272.004885197851	332.14313629702	-71.9951148021495	-11.85686370298
36811	344	270.600879335613	321.14509037616	-73.3991206643869	-22.8549096238398
36812	344	266.154860771861	322.081094284319	-77.8451392281387	-21.9189057156815
36813	344	273.876893014167	327.463116756229	-70.1231069858329	-16.5368832437714
36814	344	275.982901807523	329.569125549585	-68.0170981924768	-14.4308744504153
36815	344	300.319003419638	344.311187103078	-43.6809965803615	0.311187103077657
36816	344	277.85490962384	336.355153883732	-66.1450903761603	-7.64484611626773
36817	344	291.660967269174	340.333170493405	-52.3390327308256	-3.66682950659504
36818	344	290.724963361016	338.929164631168	-53.2750366389839	-5.07083536883243
36819	344	273.854421104055	335.52515876893	-70.1455788959453	-8.47484123106989
36820	344	290.503175378603	345.373717635564	-53.4968246213972	1.37371763556422
36821	344	280.889106008793	324.269662921348	-63.1108939912066	-19.7303370786517
36822	344	278.778700537372	323.097215437225	-65.2212994626283	-20.9027845627748
36823	349	279.275525158769	339.86174890083	-69.7244748412311	-9.13825109916951
36824	344	270.366878358574	351.331216414265	-73.6331216414264	7.33121641426476
36825	344	285.108939912066	339.631167562286	-58.8910600879336	-4.36883243771376
36826	344	273.876893014167	331.207132388862	-70.1231069858329	-12.7928676111383
36827	334	315.794333170493	346.988764044944	-18.2056668295066	12.9887640449438
36828	334	322.957498778701	362.932584269663	-11.0425012212995	28.9325842696629
36829	334	321.340009770396	354.151929653151	-12.6599902296043	20.1519296531509
36830	413	307.547142159257	390.434294088911	-105.452857840743	-22.5657059110894
36831	405	340.23595505618	373.504640937958	-64.7640449438202	-31.495359062042
36832	405	326.575964826576	365.352711284807	-78.4240351734245	-39.647288715193
36833	405	332.524670249145	367.776257938447	-72.4753297508549	-37.2237420615535
36834	356	278.918417195896	356.739618954568	-77.0815828041036	0.739618954567618
36835	338	271.444064484612	342.450415241817	-66.5559355153883	4.45041524181727
36836	338	282.655593551539	358.058622374206	-55.3444064484612	20.0586223742062
36837	340	271.004396678065	347.726428920371	-68.9956033219345	7.72642892037129
36838	346	277.599413776258	355.640449438202	-68.400586223742	9.64044943820227
36839	340	271.444064484612	358.278456277479	-68.5559355153883	18.2784562774792
36840	340	273.862237420616	355.200781631656	-66.1377625793845	15.2007816316561
36841	467	348.031265266243	404.864191499756	-118.968734733757	-62.1358085002443
36842	467	345.500244259892	407.855398143625	-121.499755740108	-59.1446018563752
36843	459	241.958475818271	367.359062042013	-217.041524181729	-91.6409379579873
36844	416	313.517342452369	369.659990229604	-102.482657547631	-46.3400097703957
36845	416	295.570102589155	368.509526135808	-120.429897410845	-47.4904738641915
36847	449	330.084025403029	396.120664386908	-118.915974596971	-52.8793356130923
36848	441	304.313629702003	383.235466536395	-136.686370297997	-57.7645334636053
36849	328	223.451880801172	307.687347337567	-104.548119198828	-20.3126526624328
36850	382	316.992672203224	405.676599902296	-65.0073277967758	23.6765999022961
36851	382	322.714215925745	424.033219345383	-59.285784074255	42.0332193453835
36852	382	304.834391792868	411.636541279922	-77.1656082071324	29.6365412799218
36853	382	283.378602833415	385.412799218368	-98.6213971665852	3.41279921836832
36854	382	320.09184171959	422.841231069858	-61.9081582804104	40.8412310698583
36855	382	321.04543234001	402.815828041036	-60.9545676599902	20.8158280410357
36856	382	304.834391792868	386.366389838788	-77.1656082071324	4.36638983878845
36857	382	313.416707376649	417.358085002443	-68.5832926233512	35.3580850024426
36858	382	326.766976062531	414.735710796287	-55.2330239374695	32.7357107962873
36859	356	285.04738641915	353.467513434294	-70.95261358085	-2.53248656570594
36860	366	323.42940889106	374.923302393747	-42.5705911089399	8.92330239374695
36861	356	297.444064484612	370.393746946751	-58.5559355153883	14.3937469467513
36862	356	284.808988764045	345.123595505618	-71.1910112359551	-10.876404494382
36863	356	274.081094284319	342.501221299463	-81.9189057156815	-13.4987787005374
36864	356	280.041035661944	333.680508060576	-75.9589643380557	-22.3194919394235
36865	356	291.960918417196	338.448461162677	-64.0390815828041	-17.5515388373229
36866	356	294.106497313141	350.368343917929	-61.8935026868588	-5.63165608207134
36867	356	293.152906692721	350.129946262824	-62.847093307279	-5.87005373717636
36868	356	281.233023937469	342.024425989253	-74.7669760625305	-13.9755740107474
36869	361	327.457254518808	361.166585246702	-33.542745481192	0.166585246702482
36870	361	327.897899364924	361.386907669761	-33.1021006350757	0.386907669760603
36871	361	315.780166096727	364.030776746458	-45.2198339032731	3.03077674645823
36872	361	330.76209086468	367.776257938447	-30.23790913532	6.77625793844652
36873	361	333.626282364436	365.352711284807	-27.3737176355643	4.35271128480701
36874	361	332.524670249145	368.216902784563	-28.4753297508549	7.21690278456276
36875	361	329.660478749389	356.319491939424	-31.3395212506107	-4.68050806057647
36876	388	294.408891060088	365.573033707865	-93.591108939912	-22.4269662921349
36877	388	316.220810942843	365.793356130923	-71.7791890571568	-22.2066438690767
36878	388	307.628236443576	370.86077186126	-80.3717635564241	-17.1392281387396
36879	388	321.508549096238	383.85979482169	-66.4914509037616	-4.14020517830971
36880	388	309.170493404983	370.420127015144	-78.8295065950171	-17.5798729848559
36881	414	332.38495359062	435.236443575965	-81.6150464093796	21.2364435759648
36882	393	253.634098680997	366.870542256961	-139.365901319003	-26.1294577430386
36884	351	318.212506106497	384.136297020029	-32.7874938935027	33.1362970200293
36885	351	309.467513434294	394.226673180264	-41.5324865657059	43.2266731802638
36886	351	220.672203224231	410.595505617977	-130.327796775769	59.5955056179775
36887	351	311.261358085002	393.778212017587	-39.7386419149976	42.7782120175867
36889	351	319.109428431851	395.796287249634	-31.8905715681485	44.7962872496336
36900	384	316.635564240352	412.458231558378	-67.3644357596482	28.4582315583781
36902	367	321.668783585735	414.409379579873	-45.3312164142648	47.409379579873
36903	367	326.305813385442	428.541279921837	-40.6941866145579	61.5412799218368
36904	367	332.930141670738	419.708842208109	-34.0698583292623	52.7088422081094
36905	367	326.305813385442	428.320468978994	-40.6941866145579	61.3204689789936
36917	390	323.818270639961	420.013190034196	-66.1817293600391	30.0131900341964
36918	390	321.351734245237	412.837811431363	-68.6482657547631	22.837811431363
36920	379	233.461162677088	438.815339521251	-145.538837322912	59.8153395212506
36921	379	241.1895456766	419.604787493893	-137.8104543234	40.6047874938935
36922	379	262.608207132389	382.066927210552	-116.391792867611	3.06692721055202
36924	379	233.240351734245	439.47777234978	-145.759648265755	60.4777723497801
36925	379	329.293111871031	367.051783097215	-49.7068881289692	-11.9482169027846
36928	379	322.227161700049	374.338544211041	-56.7728382999512	-4.66145578895947
36929	379	321.343917928676	368.818270639961	-57.6560820713239	-10.1817293600391
36931	400	331.423058133854	407.654616511969	-68.5769418661456	7.65461651196875
36932	400	324.81338544211	398.841719589643	-75.1866145578896	-1.15828041035661
36933	369	283.444553004397	347.219833903273	-85.5554469956033	-21.7801660967269
36934	369	254.09868099658	326.885686370298	-114.90131900342	-42.114313629702
36935	369	284.599902296043	349.761602344895	-84.400097703957	-19.238397655105
36936	369	269.118221787982	337.052760136786	-99.8817782120176	-31.9472398632145
36937	374	275.819247679531	346.757694186615	-98.180752320469	-27.2423058133854
36938	364	297.077674645823	365.012212994626	-66.9223253541768	1.01221299462628
36939	364	303.547630679043	359.235466536395	-60.4523693209575	-4.76453346360529
36940	358	276.512457254519	347.450903761602	-81.4875427454812	-10.5490962383977
36941	357	208.115779189057	373.09965803615	-148.884220810943	16.0996580361505
36942	357	275.126038104543	371.251099169516	-81.8739618954568	14.2510991695164
36943	457	353.323400097704	425.57254518808	-103.676599902296	-31.4274548119199
36944	377	300.325842696629	396.783585735222	-76.6741573033708	19.7835857352223
36946	377	269.624328285296	365.62383976551	-107.375671714704	-11.3761602344895
36947	377	273.51929653151	369.747923790914	-103.48070346849	-7.25207620908645
36948	377	283.600390815828	369.747923790914	-93.3996091841719	-7.25207620908645
36949	381	258.720078163166	325.268197361993	-122.279921836834	-55.7318026380069
36950	376	251.787982413288	310.941866145579	-124.212017586712	-65.0581338544211
36951	376	245.549096238398	308.631167562286	-130.450903761602	-67.3688324377138
36952	376	298.695163654128	342.598436736688	-77.304836345872	-33.4015632633122
36953	376	289.221299462628	333.586712261847	-86.7787005373718	-42.4132877381534
36954	376	296.384465070835	336.128480703468	-79.6155349291646	-39.8715192965315
36955	376	313.252564728872	388.119198827553	-62.7474352711285	12.1191988275525
36956	376	309.093307278945	371.020029311187	-66.9066927210552	-4.9799706888129
36957	376	296.846604787494	357.849047386419	-79.1533952125061	-18.1509526135808
36958	376	280.209574987787	329.889594528578	-95.790425012213	-46.1104054714216
36959	376	285.986321446019	337.745969711773	-90.0136785539814	-38.2540302882267
36960	376	296.153395212506	347.681973619932	-79.8466047874939	-28.3180263800684
36961	376	299.850512945774	363.163654127992	-76.1494870542257	-12.8363458720078
36962	376	286.910600879336	349.068392769907	-89.0893991206644	-26.9316072300928
36963	376	301.23693209575	357.155837811431	-74.7630679042501	-18.8441621885686
36964	376	310.248656570591	374.255007327797	-65.7513434294089	-1.74499267220324
36965	376	312.559355153884	366.398632144602	-63.4406448461162	-9.60136785539817
36966	376	307.244748412311	376.565705911089	-68.7552515876893	0.565705911089367
36967	376	279.28529555447	328.272105520274	-96.7147044455301	-47.7278944797264
36968	376	302.392281387396	358.773326819736	-73.6077186126038	-17.2266731802638
36969	376	300.543722520762	350.454811919883	-75.4562774792379	-25.5451880801173
36970	376	288.75915974597	335.435271128481	-87.2408402540303	-40.5647288715193
36971	376	268.656082071324	321.571079628725	-107.343917928676	-54.4289203712751
36972	376	288.065950170982	334.510991695164	-87.9340498290181	-41.4890083048364
36973	376	277.436736687836	322.957498778701	-98.5632633121642	-53.0425012212995
36974	376	291.994137762579	356.000488519785	-84.0058622374206	-19.9995114802149
36975	376	262.417195896434	325.499267220322	-113.582804103566	-50.5007327796776
36976	376	275.588177821202	327.347826086957	-100.411822178798	-48.6521739130435
36977	376	267.269662921348	317.411822178798	-108.730337078652	-58.5881778212018
36978	376	293.842696629213	334.279921836834	-82.1573033707865	-41.7200781631656
36979	376	283.906692721055	328.272105520274	-92.0933072789448	-47.7278944797264
36980	376	269.81143136297	320.877870053737	-106.18856863703	-55.1221299462628
36981	376	273.508549096238	320.877870053737	-102.491450903762	-55.1221299462628
36982	376	285.52418172936	331.738153395213	-90.4758182706399	-44.2618466047875
36983	376	295.460185637518	336.359550561798	-80.5398143624817	-39.6404494382023
36984	376	300.543722520762	341.9052271617	-75.4562774792379	-34.0947728382999
36985	376	266.80752320469	314.638983878847	-109.19247679531	-61.3610161211529
36986	376	295.229115779189	339.363458720078	-80.770884220811	-36.6365412799219
36987	376	287.141670737665	341.443087445041	-88.8583292623351	-34.5569125549585
36988	376	280.209574987787	330.813873961895	-95.790425012213	-45.1861260381045
36989	376	318.798241328774	373.561797752809	-57.2017586712262	-2.43820224719104
36990	376	267.269662921348	319.95359062042	-108.730337078652	-56.0464093795799
36991	376	285.293111871031	331.276013678554	-90.7068881289692	-44.723986321446
36992	376	302.161211529067	348.14411333659	-73.8387884709331	-27.8558866634099
36993	376	297.077674645823	354.614069369809	-78.9223253541768	-21.3859306301906
36994	376	294.99804592086	341.674157303371	-81.0019540791402	-34.3258426966292
36995	376	278.129946262824	326.885686370298	-97.8700537371764	-49.114313629702
36996	376	281.364924279433	338.90131900342	-94.6350757205666	-37.0986809965804
36997	376	291.994137762579	335.204201270151	-84.0058622374206	-40.7957987298486
36998	376	291.069858329262	334.742061553493	-84.9301416707377	-41.2579384465071
36999	374	292.225207620909	340.287738153395	-81.7747923790914	-33.7122618466048
37000	374	283.906692721055	327.347826086957	-90.0933072789448	-46.6521739130435
37001	374	306.551538837323	356.924767953102	-67.4484611626771	-17.0752320468979
37002	401	276.015144113337	352.833903273083	-124.984855886663	-48.1660967269174
37008	360	294.76697606253	354.151929653151	-65.2330239374695	-5.84807034684906
37011	360	318.336101612115	365.705422569614	-41.6638983878847	5.70542256961409
37013	360	324.574987787005	363.163654127992	-35.4250122129947	3.16365412799217
37014	360	293.611626770884	368.016121152907	-66.3883732291158	8.01612115290669
37017	360	323.650708353688	362.932584269663	-36.3492916463117	2.93258426966293
37020	360	293.611626770884	363.85686370298	-66.3883732291158	3.85686370297998
37021	362	281.827063996092	351.3790913532	-80.1729360039081	-10.6209086468002
37025	360	277.667806546165	353.227650219834	-82.3321934538349	-6.77234978016611
37026	406	314.435271128481	389.515876893014	-91.5647288715193	-16.4841231069859
37028	418	288.361016121153	386.442110405471	-129.638983878847	-31.5578895945286
37029	346	312.097215437225	351.841231069858	-33.9027845627748	5.84123106985834
37030	346	285.755251587689	332.4313629702	-60.2447484123107	-13.5686370297997
37031	346	262.417195896434	327.578895945286	-83.5828041035662	-18.4211040547142
37032	346	242.083048363459	319.260381045432	-103.916951636541	-26.7396189545677
37035	346	296.615534929165	338.208109428432	-49.3844650708354	-7.79189057156816
37036	346	310.71079628725	355.538348803126	-35.2892037127503	9.5383488031265
37037	346	305.858329262335	352.072300928188	-40.1416707376649	6.07230092818759
37038	346	296.615534929165	337.745969711773	-49.3844650708354	-8.25403028822666
37039	343	277.898876404494	336.359550561798	-65.1011235955056	-6.64044943820227
37041	343	284.137762579384	351.841231069858	-58.8622374206155	8.84123106985834
37042	343	301.005862237421	339.363458720078	-41.9941377625794	-3.63654127992186
37043	346	322.033219345383	358.542256961407	-23.9667806546165	12.5422569614069
37044	346	302.854421104055	344.678065461651	-43.1455788959453	-1.32193453834878
37045	346	305.165119687347	353.458720078163	-40.8348803126527	7.45872007816314
37046	346	304.934049829018	343.753786028334	-41.0659501709819	-2.24621397166584
37047	346	309.093307278945	348.837322911578	-36.9066927210552	2.83732291157793
37048	346	309.786516853933	351.841231069858	-36.2134831460675	5.84123106985834
37049	346	264.958964338056	333.586712261847	-81.0410356619443	-12.4132877381534
37050	368	288.915486077186	337.821201758671	-79.0845139228139	-30.1787982413288
37051	364	344.642403517342	381.215925744993	-19.3575964826575	17.2159257449927
37052	364	343.100146555936	377.250122129946	-20.8998534440645	13.2501221299462
37053	364	325.474352711285	390.028822667318	-38.5256472887152	26.028822667318
37054	358	329.440156326331	383.419149975574	-28.5598436736688	25.419149975574
37055	364	331.202735710796	375.267220322423	-32.7972642892037	11.267220322423
37056	364	360.064973131412	396.197850512946	-3.93502686858818	32.1978505129458
37057	364	329.660478749389	375.707865168539	-34.3395212506107	11.7078651685393
37058	364	334.066927210552	377.250122129946	-29.933072789448	13.2501221299462
37059	364	323.271128480703	373.2843185149	-40.7288715192965	9.28431851489984
37060	364	325.254030288227	364.030776746458	-38.7459697117733	0.0307767464582298
37061	364	332.965315095261	393.774303859306	-31.0346849047386	29.7743038593063
37062	364	327.016609672692	364.691744015633	-36.9833903273083	0.691744015632651
37063	358	310.492427943332	365.793356130923	-47.5075720566683	7.79335613092331
37064	358	334.066927210552	374.826575476307	-23.933072789448	16.8265754763068
37065	358	345.303370786517	377.250122129946	-12.6966292134832	19.2501221299462
37066	358	328.118221787982	385.622374206155	-29.8817782120176	27.6223742061553
37067	358	328.779189057157	390.469467513434	-29.2208109428432	32.4694675134343
37068	376	324.372740595994	364.691744015633	-51.6272594040058	-11.3082559843673
37069	365	274.894968246214	322.726428920371	-90.105031753786	-42.2735710796287
37070	365	278.129946262824	318.567171470445	-86.8700537371764	-46.4328285295555
37071	365	288.52808988764	329.42745481192	-76.4719101123595	-35.5725451880801
37072	365	275.126038104543	329.658524670249	-89.8739618954568	-35.3414753297508
37073	365	289.683439179287	335.66634098681	-75.3165608207132	-29.33365901319
37074	365	271.428920371275	342.598436736688	-93.571079628725	-22.4015632633122
37075	365	258.489008304836	324.112848070347	-106.510991695164	-40.8871519296532
37076	365	279.28529555447	327.347826086957	-85.7147044455301	-37.6521739130435
37077	365	293.380556912555	336.128480703468	-71.619443087445	-28.8715192965315
37078	365	283.213483146067	329.889594528578	-81.7865168539326	-35.1104054714216
37079	365	278.592085979482	326.19247679531	-86.4079140205179	-38.8075232046898
37080	365	289.683439179287	342.136297020029	-75.3165608207132	-22.8637029799707
37081	363	304.934049829018	346.295554469956	-58.0659501709819	-16.704445530044
37082	363	273.970688812897	326.423546653639	-89.0293111871031	-36.5764533463606
37083	363	265.421104054714	319.722520762091	-97.5788959452858	-43.2774792379091
37084	375	296.153395212506	342.598436736688	-78.8466047874939	-32.4015632633122
37085	375	264.727894479726	317.642892037128	-110.272105520274	-57.3571079628725
37086	375	268.425012212995	321.571079628725	-106.574987787005	-53.4289203712751
37087	375	279.054225696141	323.650708353688	-95.9457743038593	-51.3492916463117
37088	375	264.727894479726	322.495359062042	-110.272105520274	-52.504640937958
37089	342	273.739618954568	316.94968246214	-68.2603810454324	-25.0503175378603
37090	342	305.165119687347	353.920859794822	-36.8348803126527	11.9208597948217
37091	342	307.937957987298	345.14020517831	-34.0620420127015	3.14020517830971
37092	342	287.141670737665	322.957498778701	-54.8583292623351	-19.0425012212995
37093	392	294.879824132877	380.014167073766	-97.1201758671226	-11.9858329262335
37094	406	317.153883732291	379.663898387885	-88.8461162677089	-26.3361016121153
37095	357	276.177821201759	332.684904738642	-80.8221787982413	-24.3150952613581
37096	357	266.304836345872	334.155349291646	-90.695163654128	-22.8446507083537
37097	357	287.52125061065	338.146555935515	-69.4787493893502	-18.8534440644846
37098	315	252.970200293112	288.630190522716	-62.0297997068881	-26.3698094772839
37099	315	267.640449438202	302.623351245725	-47.3595505617977	-12.3766487542746
37100	315	272.154372252076	310.071323888617	-42.8456277479238	-4.92867611138252
37101	315	275.088422081094	313.90815828041	-39.9115779189057	-1.09184171958964
37102	315	264.706399609184	304.203224230581	-50.2936003908159	-10.7967757694187
37103	315	267.640449438202	306.008793356131	-47.3595505617977	-8.99120664386908
37104	315	261.095261358085	301.946262823644	-53.904738641915	-13.0537371763556
37105	315	262.449438202247	303.751831949194	-52.5505617977528	-11.248168050806
37106	315	268.09184171959	307.588666340987	-46.9081582804104	-7.41133365901317
37107	315	270.348803126527	308.717147044455	-44.6511968734734	-6.28285295554474
37109	336	247.85979482169	332.200293111871	-88.1402051783097	-3.79970688812898
37110	338	239.772349780166	313.945774303859	-98.2276502198339	-24.0542256961407
37111	338	247.628724963361	304.47191011236	-90.371275036639	-33.5280898876405
37112	338	242.545188080117	327.347826086957	-95.4548119198828	-10.6521739130435
37113	336	249.708353688324	320.877870053737	-86.2916463116756	-15.1221299462628
37114	336	244.85588666341	313.252564728872	-91.1441133365901	-22.7474352711285
37115	338	255.716170004885	328.734245236932	-82.2838299951148	-9.26575476306789
37116	338	247.85979482169	315.794333170493	-90.1402051783097	-22.2056668295066
37117	333	256.178309721544	326.19247679531	-76.8216902784563	-6.8075232046898
37118	333	238.61700048852	315.794333170493	-94.3829995114802	-17.2056668295066
37119	333	253.867611138251	320.415730337079	-79.1323888617489	-12.5842696629214
37120	336	227.525647288715	301.930141670738	-108.474352711285	-34.0698583292623
37121	333	242.083048363459	326.19247679531	-90.9169516365413	-6.8075232046898
37122	333	219.66927210552	303.547630679043	-113.33072789448	-29.4523693209575
37123	333	261.261846604787	328.503175378603	-71.7381533952125	-4.4968246213972
37124	333	210.42647777235	296.615534929165	-122.57352222765	-36.3844650708354
37125	333	232.1470444553	305.165119687347	-100.8529555447	-27.8348803126527
37126	336	241.158768930142	320.415730337079	-94.8412310698583	-15.5842696629214
37127	333	271.659990229604	332.893502686859	-61.3400097703957	-0.106497313141176
37128	333	247.397655105032	316.487542745481	-85.6023448949682	-16.5124572545188
37129	336	220.362481680508	304.47191011236	-115.637518319492	-31.5280898876405
37130	336	216.434294088911	302.161211529067	-119.565705911089	-33.8387884709331
37131	336	218.282852955545	301.930141670738	-117.717147044455	-34.0698583292623
37132	336	224.059599413776	304.934049829018	-111.940400586224	-31.0659501709819
37133	336	246.935515388373	314.407914020518	-89.0644846116268	-21.5920859794821
37134	336	256.871519296532	328.272105520274	-79.1284807034685	-7.72789447972644
37135	336	244.393746946751	326.423546653639	-91.6062530532487	-9.57645334636055
37136	333	277.667806546165	342.829506595017	-55.3321934538349	9.82950659501711
37137	333	209.271128480703	309.324377137274	-123.728871519297	-23.675622862726
37138	333	271.197850512946	335.66634098681	-61.8021494870542	2.66634098680998
37139	336	248.553004396678	312.559355153884	-87.4469956033219	-23.4406448461162
37140	338	249.708353688324	317.411822178798	-88.2916463116756	-20.5881778212018
37141	333	259.413287738153	325.730337078652	-73.5867122618466	-7.2696629213483
37142	335	264.496824621397	344.215925744993	-70.5031753786028	9.21592574499266
37143	336	250.170493404983	322.264289203713	-85.8295065950171	-13.7357107962873
37144	336	249.477283829995	322.264289203713	-86.5227161700049	-13.7357107962873
37145	336	219.66927210552	304.934049829018	-116.33072789448	-31.0659501709819
37146	336	223.597459697118	305.627259404006	-112.402540302882	-30.3727405959942
37147	336	225.446018563752	306.320468978994	-110.553981436248	-29.6795310210064
37148	336	233.764533463605	303.316560820713	-102.235466536395	-32.6834391792868
37149	336	226.370297997069	299.157303370787	-109.629702002931	-36.8426966292135
37150	336	259.875427454812	322.495359062042	-76.1245725451881	-13.504640937958
37151	289	234.958475818271	306.365412799218	-54.0415241817294	17.3654127992183
37152	289	258.148510014656	325.881778212018	-30.8514899853444	36.8817782120176
37153	289	248.964338055691	302.00293111871	-40.0356619443087	13.0029311187103
37154	289	216.130923302394	290.981924767953	-72.8690766976063	1.9819247679531
37155	289	231.514411333659	292.129946262824	-57.485588666341	3.12994626282364
37156	289	219.345383488031	294.196384953591	-69.6546165119687	5.19638495359061
37157	289	214.982901807523	299.247679531021	-74.0170981924768	10.247679531021
37158	289	223.937469467513	297.181240840254	-65.0625305324866	8.18124084025402
37159	289	223.248656570591	295.574010747435	-65.7513434294089	6.5740107474353
37160	291	228.858329262335	295.531021006351	-62.1416707376649	4.53102100635078
37161	291	254.061064973131	319.588177821202	-36.9389350268686	28.5881778212017
37162	291	240.543234000977	310.881778212018	-50.456765999023	19.8817782120176
37163	288	235.502686858818	305.841231069858	-52.4973131411822	17.8412310698583
37164	288	224.046897899365	282.013190034196	-63.9531021006351	-5.98680996580362
37165	288	221.068392769907	289.574010747435	-66.9316072300928	1.5740107474353
37166	288	224.963361016121	291.406936980948	-63.0366389838788	3.40693698094776
37167	288	229.316560820713	299.196873473376	-58.6834391792868	11.1968734733757
37168	288	210.7581827064	292.323400097704	-77.2418172936004	4.32340009770394
37169	288	230.233023937469	288.657547630679	-57.7669760625305	0.657547630679005
37170	288	226.567171470445	294.614557889594	-61.4328285295555	6.61455788959449
37171	288	218.777234978017	303.320957498779	-69.2227650219834	15.3209574987787
37172	288	245.812896922325	299.884220810943	-42.1871030776747	11.8842208109428
37173	288	236.419149975574	313.631167562286	-51.580850024426	25.6311675622862
37174	288	225.650708353688	302.862725940401	-62.3492916463117	14.8627259404005
37175	288	238.481191988276	306.757694186615	-49.5188080117245	18.7576941866146
37176	288	256.123106985833	324.170493404983	-31.8768930141671	36.1704934049829
37177	288	225.421592574499	296.447484123107	-62.5784074255007	8.44748412310696
37178	288	250.853444064485	312.027357107963	-37.1465559355154	24.0273571079629
37179	288	227.025403028823	303.320957498779	-60.9745969711773	15.3209574987787
37180	288	208.925256472887	301.029799706888	-79.0747435271128	13.0297997068881
37181	288	227.71275036639	289.115779189057	-60.2872496336102	1.11577918905715
37182	288	240.772349780166	308.819736199316	-47.2276502198339	20.819736199316
37183	288	246.729360039082	304.695652173913	-41.2706399609184	16.695652173913
37184	288	236.877381533952	295.989252564729	-51.1226184660479	7.98925256472887
37186	415	289.504152418173	444.970688812897	-125.495847581827	29.9706888128969
37187	360	260.106497313141	333.817782120176	-99.8935026868588	-26.1822178798241
37188	360	308.631167562286	336.821690278456	-51.3688324377138	-23.1783097215437
37189	426	311.906692721055	378.751343429409	-114.093307278945	-47.2486565705911
37190	426	305.975085490962	376.2418172936	-120.024914509038	-49.7581827063996
37191	426	307.115779189057	391.52711284807	-118.884220810943	-34.4728871519297
37192	426	319.891548607719	376.2418172936	-106.108451392281	-49.7581827063996
37193	426	308.71275036639	376.926233512457	-117.28724963361	-49.0737664875427
37194	405	314.188080117245	374.18856863703	-90.8119198827553	-30.8114313629702
37195	405	309.625305324866	367.57254518808	-95.3746946751344	-37.4274548119199
37196	434	316.469467513434	398.371275036639	-117.530532486566	-35.628724963361
37197	434	323.085490962384	378.751343429409	-110.914509037616	-55.2486565705911
37198	434	298.446507083537	359.587689301417	-135.553492916463	-74.4123106985833
37199	434	307.572056668295	366.203712750366	-126.427943331705	-67.7962872496336
37200	434	295.936980947728	362.553492916463	-138.063019052272	-71.4465070835369
37201	434	313.275525158769	390.614557889594	-120.724474841231	-43.3854421104055
37202	434	321.260381045432	379.892037127504	-112.739618954568	-54.1079628724963
37203	434	316.241328773815	398.827552515877	-117.758671226185	-35.1724474841231
37204	394	303.921836834392	388.333170493405	-90.0781631656082	-5.66682950659504
37205	434	326.279433317049	402.705911089399	-107.720566682951	-31.2940889106009
37206	434	302.09672691744	378.295065950171	-131.90327308256	-55.704934049829
37207	434	313.503663898388	395.633610161211	-120.496336101612	-38.3663898387885
37208	405	298.674645823156	360.500244259892	-106.325354176844	-44.4997557401075
37209	449	336.756717147044	399.572056668295	-112.243282852956	-49.427943331705
37210	449	341.358573522228	407.165119687347	-107.641426477772	-41.8348803126527
37211	449	344.809965803615	407.165119687347	-104.190034196385	-41.8348803126527
37212	457	350.332193453835	413.147532975085	-106.667806546165	-43.8524670249145
37213	445	329.85393258427	399.341963849536	-115.14606741573	-45.6580361504641
37214	432	327.876404494382	394.492916463117	-104.123595505618	-37.5070835368833
37215	378	309.170493404983	354.3365901319	-68.8295065950171	-23.6634098680997
37216	378	310.051783097215	355.438202247191	-67.9482169027846	-22.561797752809
37217	385	349.70981924768	411.620420127015	-35.2901807523205	26.6204201270151
37218	385	368.216902784563	400.824621397167	-16.7830972154372	15.8246213971666
37219	385	369.75915974597	403.90913531998	-15.2408402540303	18.9091353199805
37220	385	346.845627747924	402.366878358574	-38.1543722520762	17.3668783585735
37221	385	329.660478749389	375.487542745481	-55.3395212506107	-9.51245725451884
37222	382	343.76111382511	396.197850512946	-38.2388861748901	14.1978505129458
37223	382	338.253053248657	390.689789936492	-43.7469467513434	8.68978993649245
37224	393	276.545188080117	367.57254518808	-116.454811919883	-25.4274548119199
37225	321	196.260869565217	370.369320957499	-124.739130434783	49.3693209574988
37226	376	303.921836834392	390.386419149976	-72.0781631656082	14.3864191499756
37227	376	323.313629702003	389.017586712262	-52.6863702979971	13.0175867122618
37228	376	241.868099658036	362.097215437225	-134.131900341964	-13.9027845627748
37229	376	311.678553981436	382.629702002931	-64.3214460185637	6.62970200293108
37230	376	302.553004396678	372.819736199316	-73.446995603322	-3.18026380068392
37231	366	219.207132388862	370.09574987787	-146.792867611138	4.09574987787005
37232	358	269.118221787982	343.060576453346	-88.8817782120176	-14.9394235466536
37233	431	278.826575476307	388.333170493405	-152.173424523693	-42.666829506595
37234	424	312.606253053249	397.489496824621	-111.393746946751	-26.5105031753786
37235	402	261.944308744504	372.135319980459	-140.055691255496	-29.8646800195408
37236	404	255.994137762579	369.429897410845	-148.005862237421	-34.5701025891549
37237	404	258.064973131412	358.615534929165	-145.935026868588	-45.3844650708354
37238	366	270.966780654617	333.586712261847	-95.0332193453835	-32.4132877381534
37240	366	315.794333170493	352.303370786517	-50.2056668295066	-13.6966292134832
37241	366	314.407914020518	343.984855886663	-51.5920859794821	-22.0151441133366
37246	365	327.677576941866	378.351734245237	-37.3224230581338	13.3517342452369
37247	365	333.626282364436	378.131411822179	-31.3737176355643	13.1314118221788
37248	365	317.983390327308	384.080117244748	-47.0166096726917	19.0801172447484
37249	389	330.321446018564	373.504640937958	-58.6785539814363	-15.495359062042
37250	372	342.218856863703	392.011724474841	-29.781143136297	20.0117244748412
37251	389	336.490473864191	377.250122129946	-52.5095261358085	-11.7498778700538
37252	389	341.33756717147	382.317537860283	-47.6624328285296	-6.68246213971668
37253	389	335.388861748901	382.537860283341	-53.6111382510992	-6.46213971665856
37254	389	333.846604787494	367.996580361505	-55.1533952125061	-21.0034196384954
37255	389	325.033707865169	384.080117244748	-63.9662921348315	-4.91988275525159
37256	389	341.557889594529	381.215925744993	-47.4421104054715	-7.78407425500734
37257	389	339.574987787005	374.165608207132	-49.4250122129946	-14.8343917928676
37258	390	351.252076209086	389.147532975085	-38.7479237909135	-0.852467024914517
37259	389	326.135319980459	379.012701514411	-62.8646800195408	-9.98729848558867
37260	389	314.678553981436	378.351734245237	-74.3214460185637	-10.6482657547631
37261	389	322.610161211529	371.742061553493	-66.3898387884709	-17.2579384465071
37262	389	334.066927210552	370.199804592086	-54.933072789448	-18.800195407914
37263	389	293.747923790914	399.723009281876	-95.2520762090865	10.7230092818759
37264	389	320.847581827064	384.080117244748	-68.152418172936	-4.91988275525159
37265	389	320.847581827064	389.147532975085	-68.152418172936	0.147532975085483
37266	389	333.405959941378	371.081094284319	-55.5940400586223	-17.9189057156815
37267	389	335.388861748901	379.893991206644	-53.6111382510992	-9.10600879335612
37268	389	332.965315095261	375.267220322423	-56.0346849047386	-13.732779677577
37269	389	331.863702979971	385.842696629213	-57.1362970200294	-3.15730337078651
37270	389	328.338544211041	366.894968246214	-60.6614557889595	-22.105031753786
37271	389	338.473375671715	374.165608207132	-50.5266243282853	-14.8343917928676
37272	389	335.388861748901	375.928187591597	-53.6111382510992	-13.0718124084025
37273	389	318.864680019541	387.825598436737	-70.1353199804592	-1.1744015632633
37274	389	335.609184171959	377.470444553004	-53.390815828041	-11.5295554469956
37275	389	337.81240840254	377.250122129946	-51.1875915974597	-11.7498778700538
37276	389	334.066927210552	374.826575476307	-54.933072789448	-14.1734245236932
37277	389	331.863702979971	369.75915974597	-57.1362970200294	-19.2408402540303
37278	389	328.779189057157	383.85979482169	-60.2208109428432	-5.14020517830971
37279	389	337.151441133366	380.33463605276	-51.8485588666341	-8.66536394723988
37280	389	340.676599902296	378.351734245237	-48.3234000977039	-10.6482657547631
37281	389	329.219833903273	377.250122129946	-59.7801660967269	-11.7498778700538
37282	389	322.610161211529	390.028822667318	-66.3898387884709	1.02882266731802
37283	389	334.948216902785	382.097215437225	-54.0517830972154	-6.9027845627748
37284	389	334.948216902785	387.164631167562	-54.0517830972154	-1.83536883243772
37285	389	338.032730825598	376.148510014656	-50.9672691744016	-12.8514899853444
37286	389	322.169516365413	369.75915974597	-66.8304836345872	-19.2408402540303
37287	389	327.23693209575	371.962383976551	-61.7630679042501	-17.0376160234489
37288	363	326.575964826576	369.538837322912	-36.4240351734245	6.53883732291155
37289	363	328.779189057157	376.589154860772	-34.2208109428432	13.5891548607718
37290	363	335.388861748901	387.605276013679	-27.6111382510992	24.6052760136785
37291	363	335.168539325843	373.2843185149	-27.8314606741573	10.2843185148998
37292	376	331.643380556913	369.538837322912	-44.3566194430874	-6.46116267708845
37293	356	327.016609672692	369.75915974597	-28.9833903273083	13.7591597459697
37294	356	330.541768441622	380.114313629702	-25.4582315583781	24.114313629702
37295	356	332.524670249145	379.012701514411	-23.4753297508549	23.0127015144113
37296	356	332.304347826087	375.928187591597	-23.6956521739131	19.9281875915975
37297	356	319.305324865657	376.148510014656	-36.694675134343	20.1485100146556
37298	356	330.541768441622	375.487542745481	-25.4582315583781	19.4875427454812
37299	356	330.982413287738	381.436248168051	-25.0175867122618	25.4362481680508
37300	360	342.659501709819	377.470444553004	-17.3404982901808	17.4704445530044
37301	360	335.388861748901	373.945285784074	-24.6111382510992	13.9452857840743
37302	363	335.168539325843	400.38397655105	-27.8314606741573	37.3839765510503
37304	360	333.271128480703	364.135808500244	-26.7288715192965	4.13580850024425
37305	360	313.090376160234	358.437713727406	-46.9096238397655	-1.56228627259406
37306	360	331.846604787494	367.697117733268	-28.1533952125061	7.69711773326821
37307	366	312.23595505618	353.292134831461	-53.7640449438202	-12.7078651685393
37308	366	308.460674157303	377.359550561798	-57.5393258426966	11.3595505617977
37309	366	333.508549096238	362.236443575965	-32.4914509037616	-3.76355642403519
37310	315	310.134831460674	388.269662921348	-4.86516853932585	73.2696629213483
37311	395	302.022471910112	360.089887640449	-92.9775280898876	-34.9101123595506
37312	395	313.76404494382	378.23595505618	-81.2359550561798	-16.7640449438202
37313	298	311.842696629213	370.977528089888	13.8426966292135	72.9775280898876
37314	401	331.696629213483	392.966292134831	-69.3033707865169	-8.03370786516854
37315	401	318.247191011236	381.011235955056	-82.7528089887641	-19.9887640449438
37316	321	310.775280898876	389.337078651685	-10.2247191011236	68.3370786516854
37317	393	329.219833903273	400.163654127992	-63.7801660967269	7.16365412799217
37318	391	318.644357596483	369.538837322912	-72.3556424035173	-21.4611626770885
37319	391	311.594040058622	373.504640937958	-79.4059599413777	-17.495359062042
37320	391	310.492427943332	374.385930630191	-80.5075720566683	-16.6140693698095
37321	391	307.18759159746	365.573033707865	-83.8124084025403	-25.4269662921349
37322	391	310.71275036639	362.929164631168	-80.2872496336101	-28.0708353688324
37323	391	318.203712750366	368.657547630679	-72.7962872496336	-22.3424523693209
37324	391	316.441133365901	379.233023937469	-74.5588666340986	-11.7669760625305
37325	391	314.898876404494	377.911089399121	-76.1011235955056	-13.0889106008793
37326	393	352.574010747435	412.28138739619	-40.4259892525647	19.2813873961895
37327	398	285.816316560821	373.724963361016	-112.183683439179	-24.2750366389839
37328	398	132.47191011236	406.112359550562	-265.52808988764	8.11235955056179
37330	398	353.455300439668	406.773326819736	-44.5446995603322	8.77332681973621
37331	398	316.441133365901	392.452369320957	-81.5588666340986	-5.54763067904253
37332	398	297.71372740596	432.33072789448	-100.28627259404	34.3307278944797
37337	398	346.845627747924	390.910112359551	-51.1543722520762	-7.08988764044943
37339	398	221.922813873962	409.417195896434	-176.077186126038	11.4171958964338
37340	398	186.891548607719	406.553004396678	-211.108451392281	8.55300439667803
37342	398	312.695652173913	387.38495359062	-85.304347826087	-10.6150464093796
37343	398	327.897899364924	376.80947728383	-70.1021006350757	-21.19052271617
37344	403	356.539814362482	477.937469467513	-46.4601856375184	74.9374694675134
37347	403	342.218856863703	394.435271128481	-60.781143136297	-8.56472887151932
37348	393	330.101123595506	398.841719589643	-62.8988764044944	5.84171958964339
37349	393	332.524670249145	398.401074743527	-60.4753297508549	5.40107474352709
