36455	175	133.291157791891	187.131900341964	-41.7088422081094	12.1319003419638
36456	175	157.017586712262	201.960918417196	-17.9824132877382	26.9609184171959
36457	175	160.439667806546	196.485588666341	-14.5603321934539	21.485588666341
36458	175	151.314118221788	198.766976062531	-23.685881778212	23.7669760625305
36459	175	97.7015144113336	154.964338055691	-77.2984855886664	-20.0356619443087
36460	175	136.485100146556	203.101612115291	-38.5148998534441	28.1016121152907
36461	32	43.8607718612604	101.351734245237	11.8607718612604	69.3517342452369
36463	45	55.952125061065	207.436248168051	10.952125061065	162.436248168051
36465	45	53.2144601856375	150.85784074255	8.21446018563751	105.85784074255
36466	45	37.4728871519297	170.249633610161	-7.52711284807035	125.249633610161
36467	45	44.0889106008793	94.5075720566683	-0.911089399120669	49.5075720566683
36468	42	54.5832926233512	105.00195407914	12.5832926233512	63.0019540791402
36469	42	64.3932584269663	109.564728871519	22.3932584269663	67.5647288715193
36470	42	45.914020517831	110.477283829995	3.91402051783098	68.4772838299951
36471	42	51.6174890083048	104.773815339521	9.61748900830483	62.7738153395212
36472	42	45.4577430385931	96.5608207132389	3.45774303859307	54.5608207132389
36473	42	9.63996091841719	146.52320468979	-32.3600390815828	104.52320468979
36474	42	60.2867611138251	115.040058622374	18.2867611138251	73.0400586223742
36475	42	56.8646800195408	102.720566682951	14.8646800195408	60.7205666829506
36476	42	61.6555935515388	108.652173913043	19.6555935515388	66.6521739130435
36477	42	68.7278944797264	114.811919882755	26.7278944797264	72.8119198827552
36478	87	50.4767953102101	97.9296531509526	-36.5232046897899	10.9296531509526
36479	87	61.1993160723009	96.104543234001	-25.8006839276991	9.10454323400097
36480	87	58.6897899364924	95.1919882755251	-28.3102100635076	8.19198827552515
36481	87	53.8988764044944	93.5950170981925	-33.1011235955056	6.59501709819247
36482	87	53.6707376648754	97.2452369320957	-33.3292623351246	10.2452369320957
36483	87	73.9750854909624	109.564728871519	-13.0249145090376	22.5647288715193
36484	67	68.9560332193454	103.633121641426	1.95603321934539	36.6331216414265
36485	67	69.1841719589643	103.176844162189	2.18417195896433	36.1768441621886
36486	67	65.0776746458232	97.4733756717147	-1.92232535417685	30.4733756717147
36487	90	63.0244259892526	98.6140693698095	-26.9755740107474	8.61406936980947
36488	88	18.7655105031754	204.470444553004	-69.2344894968246	116.470444553004
36493	184	77.8534440644846	228.881289692233	-106.146555935515	44.8812896922325
36494	184	165.002442598925	220.896433805569	-18.9975574010747	36.8964338055691
36496	184	142.18856863703	225.687347337567	-41.8114313629702	41.6873473375672
36498	298	230.250122129946	266.980459208598	-67.7498778700538	-31.0195407914021
36499	241	50.933072789448	135.116267708842	-190.066927210552	-105.883732291158
36501	202	104.089399120664	165.686858817782	-97.9106008793356	-36.3131411822179
36502	202	177.321934538349	223.405959941378	-24.6780654616512	21.4059599413776
36503	171	167.968246213972	223.634098680997	-3.03175378602833	52.6340986809965
36504	171	166.599413776258	220.440156326331	-4.4005862237421	49.4401563263312
36505	171	171.162188568637	217.930630190523	0.162188568637021	46.9306301905227
36506	171	171.618466047875	219.299462628236	0.618466047874904	48.2994626282364
36507	171	168.42452369321	220.440156326331	-2.57547630679045	49.4401563263312
36508	171	172.302882266732	220.896433805569	1.30288226673179	49.8964338055691
36509	171	167.283829995115	213.367855398144	-3.71617000488521	42.3678553981436
36510	171	171.162188568637	218.158768930142	0.162188568637021	47.1587689301417
36511	171	170.705911089399	219.983878847093	-0.294088910600863	48.9838788470933
36512	171	171.846604787494	219.983878847093	0.846604787493902	48.9838788470933
36513	171	173.443575964827	223.405959941378	2.44357596482655	52.4059599413776
36514	171	172.987298485589	221.352711284807	1.98729848558867	50.352711284807
36515	171	166.827552515877	228.196873473376	-4.1724474841231	57.1968734733757
36516	171	173.443575964827	227.2843185149	2.44357596482655	56.2843185148998
36517	171	157.930141670738	215.877381533952	-13.0698583292623	44.8773815339521
36518	171	172.987298485589	224.090376160234	1.98729848558867	53.0903761602345
36519	171	169.793356130923	232.759648265755	-1.20664386907669	61.7596482657548
36520	171	174.127992183683	224.318514899853	3.12799218368343	53.3185148998534
36521	236	78.7659990229604	235.041035661944	-157.23400097704	-0.958964338055694
36522	236	162.264777723498	219.299462628236	-73.7352222765022	-16.7005373717636
36523	236	168.652662432829	227.512457254519	-67.3473375671715	-8.48754274548122
36524	236	171.846604787494	223.862237420616	-64.1533952125061	-12.1377625793845
36525	236	153.13922813874	231.162677088422	-82.8607718612604	-4.83732291157793
36526	236	167.968246213972	215.877381533952	-68.0317537860283	-20.1226184660479
36527	168	131.23790913532	217.474352711285	-36.76209086468	49.4743527112848
36528	168	146.979482169028	220.212017586712	-21.0205178309722	52.2120175867122
36529	168	166.599413776258	225.00293111871	-1.4005862237421	57.0029311187103
36530	168	164.546165119687	222.037127503664	-3.45383488031268	54.0371275036639
36531	168	158.842696629213	217.702491450904	-9.15730337078651	49.7024914509038
36532	168	156.561309233024	227.2843185149	-11.4386907669761	59.2843185148998
36533	168	68.2716170004885	213.367855398144	-99.7283829995115	45.3678553981436
36534	236	147.892037127504	234.356619443087	-88.1079628724963	-1.64338055691258
36536	40	63.9369809477284	97.7015144113336	23.9369809477284	57.7015144113336
36537	40	67.1309233023937	96.5608207132389	27.1309233023937	56.5608207132389
36538	28	-26.6340986809966	24.0127015144113	-54.6340986809966	-3.98729848558867
36539	28	50.0205178309722	192.150952613581	22.0205178309722	164.150952613581
36540	28	10.3243771372741	195.116756228627	-17.6756228627259	167.116756228627
36541	28	-12.9457743038593	170.705911089399	-40.9457743038593	142.705911089399
36542	28	-26.1778212017587	53.2144601856375	-54.1778212017587	25.2144601856375
36543	28	-25.2652662432829	138.538348803126	-53.2652662432829	110.538348803126
36544	201	169.108939912066	211.99902296043	-31.8910600879336	10.9990229604299
36545	199	185.76306790425	225.00293111871	-13.2369320957499	26.0029311187103
36546	199	177.550073277968	221.352711284807	-21.4499267220323	22.352711284807
36547	199	180.515876893014	224.318514899853	-18.4841231069859	25.3185148998534
36548	199	185.078651685393	227.740595994138	-13.9213483146067	28.7405959941378
36549	199	193.519785051295	229.109428431851	-5.48021494870545	30.1094284318515
36550	199	178.234489496825	226.828041035662	-20.7655105031754	27.828041035662
36551	199	171.846604787494	229.109428431851	-27.1533952125061	30.1094284318515
36552	199	179.603321934538	222.493404982902	-19.3966780654617	23.4934049829018
36553	199	185.76306790425	222.721543722521	-13.2369320957499	23.7215437225208
36554	199	170.934049829018	229.33756717147	-28.0659501709819	30.3375671714704
36555	199	164.089887640449	224.774792379091	-34.9101123595506	25.7747923790914
36556	199	167.968246213972	224.318514899853	-31.0317537860283	25.3185148998534
36557	199	161.80850024426	231.61895456766	-37.1914997557401	32.61895456766
36558	199	183.025403028823	227.2843185149	-15.9745969711773	28.2843185148998
36559	199	171.618466047875	225.459208597948	-27.3815339521251	26.4592085979482
36560	201	172.302882266732	215.192965315095	-28.6971177332682	14.1929653150953
36561	201	175.953102100635	212.911577918906	-25.0468978993649	11.9115779189057
36562	201	175.268685881778	214.508549096238	-25.7313141182218	13.5085490962384
36563	201	178.462628236444	215.649242794333	-22.5373717635565	14.6492427943331
36564	199	156.561309233024	238.006839276991	-42.4386907669761	39.0068392769907
36566	188	150.629702002931	195.344894968246	-37.3702979970689	7.34489496824619
36567	188	168.880801172447	210.173913043478	-19.1191988275525	22.1739130434783
36568	188	160.895945285784	200.592085979482	-27.1040547142159	12.5920859794821
36569	188	165.002442598925	208.576941866146	-22.9975574010747	20.5769418661455
36570	188	158.386419149976	206.979970688813	-29.6135808500244	18.9799706888129
36571	188	171.618466047875	207.66438690767	-16.3815339521251	19.6643869076697
36572	-2	-23.8964338055691	22.6438690766976	-21.8964338055691	24.6438690766976
36573	-2	-26.4059599413776	23.7845627747924	-24.4059599413776	25.7845627747924
36574	65	40.894968246214	151.314118221788	-24.105031753786	86.314118221788
36575	65	73.2906692721055	118.918417195896	8.2906692721055	53.9184171958964
36576	65	-16.1397166585247	153.13922813874	-81.1397166585247	88.1392281387396
36577	83	-10.8925256472887	203.786028334148	-93.8925256472887	120.786028334148
36578	139	-25.0371275036639	170.705911089399	-164.037127503664	31.7059110893991
36580	108	1.19882755251587	217.474352711285	-106.801172447484	109.474352711285
36581	-7	-30.0561797752809	16.7122618466048	-23.0561797752809	23.7122618466048
36582	-7	-24.580850024426	45.4577430385931	-17.580850024426	52.4577430385931
36583	-7	-22.2994626282364	77.6253053248656	-15.2994626282364	84.6253053248656
36584	-7	-18.1929653150953	9.86809965803616	-11.1929653150953	16.8680996580362
36585	-7	-24.8089887640449	19.9062042012702	-17.8089887640449	26.9062042012702
36586	-7	-37.8128969223254	95.4201270151441	-30.8128969223254	102.420127015144
36587	-7	-35.0752320468979	93.3668783585735	-28.0752320468979	100.366878358574
36588	-7	-24.1245725451881	15.1152906692721	-17.1245725451881	22.1152906692721
36589	-7	-19.1055202735711	7.13043478260869	-12.1055202735711	14.1304347826087
36590	-7	-16.8241328773815	3.25207620908645	-9.82413287738154	10.2520762090865
36591	-7	-17.0522716170005	4.16463116756228	-10.0522716170005	11.1646311675623
36592	-7	-20.2462139716659	16.2559843673669	-13.2462139716659	23.2559843673669
36593	-7	-20.9306301905227	17.6248168050806	-13.9306301905227	24.6248168050806
36594	-6	-19.561797752809	13.2901807523205	-13.561797752809	19.2901807523205
36595	123	-19.561797752809	10.552515876893	-142.561797752809	-112.447484123107
36596	123	-17.7366878358574	6.21787982413286	-140.736687835857	-116.782120175867
36597	123	-16.1397166585247	7.81485100146554	-139.139716658525	-115.185148998534
36598	123	-17.9648265754763	8.72740595994136	-140.964826575476	-114.272594040059
36599	123	-22.5276013678554	15.799706888129	-145.527601367855	-107.200293111871
36600	123	-20.9306301905227	13.2901807523205	-143.930630190523	-109.70981924768
36601	123	-24.580850024426	19.6780654616512	-147.580850024426	-103.321934538349
36602	123	-25.4934049829018	110.249145090376	-148.493404982902	-12.7508549096239
36607	143	165.914997557401	202.417195896434	22.9149975574011	59.4171958964338
36608	143	168.880801172447	206.067415730337	25.8808011724475	63.0674157303371
36609	143	170.705911089399	208.576941866146	27.7059110893991	65.5769418661455
36610	143	171.390327308256	209.489496824621	28.390327308256	66.4894968246214
36611	143	173.215437225208	219.983878847093	30.2154372252076	76.9838788470933
36612	280	61.6555935515388	230.478260869565	-218.344406448461	-49.5217391304348
36613	280	103.861260381045	136.028822667318	-176.138739618955	-143.971177332682
36614	280	248.729360039082	289.794333170493	-31.2706399609184	9.79433317049342
36615	280	228.881289692233	272.683927699072	-51.1187103077675	-7.31607230092823
36616	280	259.223742061553	293.900830483635	-20.7762579384465	13.9008304836346
36618	280	256.486077186126	292.075720566683	-23.513922813874	12.0757205666829
36619	280	268.121152906693	296.410356619443	-11.8788470933073	16.4103566194431
36620	280	265.611626770884	293.672691744016	-14.3883732291158	13.6726917440156
36621	280	261.276990718124	296.866634098681	-18.7230092818759	16.866634098681
36622	280	261.276990718124	295.954079140205	-18.7230092818759	15.9540791402052
36623	100	-23.4401563263312	172.75915974597	-123.440156326331	72.7591597459697
36624	101	-8.83927699071813	200.820224719101	-109.839276990718	99.8202247191011
36625	100	-10.6643869076698	191.694675134343	-110.66438690767	91.694675134343
36626	100	103.176844162189	209.033219345383	3.17684416218856	109.033219345383
36627	100	-23.2120175867123	168.42452369321	-123.212017586712	68.4245236932096
36628	100	-7.69858329262335	198.995114802149	-107.698583292623	98.9951148021495
36629	28	49.3361016121153	205.38299951148	21.3361016121153	177.38299951148
36630	28	65.0776746458232	224.318514899853	37.0776746458232	196.318514899853
36631	-15	177.550073277968	230.021983390327	192.550073277968	245.021983390327
36632	-15	188.957010258915	235.497313141182	203.957010258915	250.497313141182
36633	-15	142.18856863703	197.398143624817	157.18856863703	212.398143624817
36634	255	41.3512457254519	205.154860771861	-213.648754274548	-49.8451392281387
36635	255	77.1690278456277	260.136297020029	-177.830972154372	5.1362970200293
36636	-15	-32.7938446507084	173.215437225208	-17.7938446507084	188.215437225208
36637	-15	55.2677088422081	206.523693209575	70.2677088422081	221.523693209575
36638	-15	125.534440644846	200.363947239863	140.534440644846	215.363947239863
36639	160	156.105031753786	213.824132877382	-3.89496824621398	53.8241328773815
36640	191	164.318026380068	207.436248168051	-26.6819736199316	16.4362481680508
36641	191	79.6785539814362	186.219345383488	-111.321446018564	-4.78065461651198
36642	191	70.781143136297	214.964826575476	-120.218856863703	23.9648265754763
36643	191	7.13043478260869	195.116756228627	-183.869565217391	4.11675622862725
36644	191	64.6213971665852	182.797264289204	-126.378602833415	-8.20273571079628
36645	203	170.021494870542	223.862237420616	-32.9785051294577	20.8622374206155
36648	42	-3.13580850024425	199.679531021006	-45.1358085002443	157.679531021006
36649	38	-56.2921348314607	204.014167073766	-94.2921348314607	166.014167073766
36650	38	-29.599902296043	201.276502198339	-67.599902296043	163.276502198339
36651	32	-14.542745481192	171.390327308256	-46.542745481192	139.390327308256
36652	32	-13.8583292623351	108.424035173425	-45.8583292623351	76.4240351734245
36653	32	-22.7557401074744	37.4728871519297	-54.7557401074744	5.47288715192965
36654	32	-26.8622374206155	48.8798241328774	-58.8622374206155	16.8798241328774
36655	32	-26.8622374206155	23.5564240351734	-58.8622374206155	-8.44357596482658
36656	32	-27.0903761602345	21.9594528578407	-59.0903761602345	-10.0405471421593
36657	32	-25.2652662432829	42.2638006839277	-57.2652662432829	10.2638006839277
36658	32	-25.0371275036639	72.3781143136297	-57.0371275036639	40.3781143136297
36659	32	63.4807034684905	209.71763556424	31.4807034684905	177.71763556424
36660	43	67.3590620420127	107.967757694187	24.3590620420127	64.9677576941866
36661	43	73.9750854909624	117.321446018564	30.9750854909624	74.3214460185637
36662	43	75.5720566682951	115.724474841231	32.5720566682951	72.7244748412311
36663	43	70.0967269174402	107.28334147533	27.0967269174402	64.2833414753297
36664	43	62.5681485100147	111.61797752809	19.5681485100147	68.6179775280899
36665	43	68.4997557401075	105.686370297997	25.4997557401075	62.6863702979971
36666	43	63.2525647288715	105.686370297997	20.2525647288715	62.6863702979971
36667	43	65.5339521250611	106.370786516854	22.5339521250611	63.3707865168539
36668	43	51.6174890083048	97.0170981924768	8.61748900830483	54.0170981924768
36669	43	59.1460674157303	108.652173913043	16.1460674157303	65.6521739130435
36670	31	56.4084025403029	101.123595505618	25.4084025403029	70.123595505618
36671	31	46.3702979970689	93.3668783585735	15.3702979970689	62.3668783585735
36672	31	58.0053737176356	124.393746946751	27.0053737176356	93.3937469467513
36673	221	194.888617489008	233.215925744993	-26.1113825109917	12.2159257449927
36674	221	189.641426477772	231.162677088422	-31.3585735222277	10.1626770884221
36675	142	-24.1245725451881	190.09770395701	-166.124572545188	48.0977039570103
36676	182	62.5681485100147	205.839276990718	-119.431851489985	23.8392769907181
36677	174	59.8304836345872	211.542745481192	-114.169516365413	37.542745481192
36678	182	169.337078651685	217.018075232047	-12.6629213483146	35.0180752320469
36679	180	66.2183683439179	234.128480703468	-113.781631656082	54.1284807034685
36680	180	175.496824621397	228.881289692233	-4.50317537860286	48.8812896922325
36681	180	173.215437225208	219.299462628236	-6.78456277479239	39.2994626282364
36682	182	113.443087445042	220.896433805569	-68.5569125549585	38.8964338055691
36683	182	169.793356130923	220.212017586712	-12.2066438690767	38.2120175867122
36684	182	163.177332681974	217.930630190523	-18.8226673180264	35.9306301905227
36685	182	175.724963361016	221.580850024426	-6.27503663898386	39.580850024426
36686	182	185.078651685393	221.580850024426	3.07865168539325	39.580850024426
36687	178	178.234489496825	218.843185148999	0.234489496824608	40.8431851489985
36688	178	173.671714704446	215.421104054714	-4.32828529555445	37.4211040547142
36689	201	182.569125549585	223.634098680997	-18.4308744504153	22.6340986809965
36690	201	185.76306790425	221.352711284807	-15.2369320957499	20.352711284807
36691	201	191.010258915486	225.459208597948	-9.98974108451392	24.4592085979482
36692	200	183.70981924768	218.158768930142	-16.2901807523205	18.1587689301417
36693	200	183.70981924768	226.828041035662	-16.2901807523205	26.828041035662
36694	260	178.690766976063	215.192965315095	-81.3092330239375	-44.8070346849047
36695	260	176.409379579873	225.459208597948	-83.590620420127	-34.5407914020518
36696	258	173.899853444064	213.139716658525	-84.1001465559355	-44.8602833414753
36697	180	68.9560332193454	234.128480703468	-111.043966780655	54.1284807034685
36698	180	183.025403028823	227.056179775281	3.02540302882267	47.0561797752809
36699	180	123.253053248657	233.90034196385	-56.7469467513434	53.9003419638495
36700	180	125.078163165608	234.584758182706	-54.9218368343918	54.5847581827064
36701	180	155.648754274548	238.463116756229	-24.3512457254519	58.4631167562286
36702	180	60.743038593063	234.128480703468	-119.256961406937	54.1284807034685
36704	132	-28.9154860771861	168.196384953591	-160.915486077186	36.1963849535906
36705	132	-22.7557401074744	176.409379579873	-154.755740107474	44.409379579873
36706	144	37.7010258915486	192.835368832438	-106.298974108451	48.8353688324377
36708	226	163.177332681974	223.862237420616	-62.8226673180264	-2.13776257938446
36709	226	132.606741573034	220.440156326331	-93.3932584269663	-5.55984367366881
36710	226	155.876893014167	205.154860771861	-70.1231069858329	-20.8451392281387
36711	226	160.667806546165	213.139716658525	-65.3321934538349	-12.8602833414753
36712	226	156.333170493405	211.314606741573	-69.666829506595	-14.685393258427
36713	270	208.348803126527	240.516365412799	-61.6511968734734	-29.4836345872008
36714	226	153.823644357596	210.402051783097	-72.1763556424035	-15.5979482169028
36715	226	172.531021006351	213.139716658525	-53.4689789936493	-12.8602833414753
36716	226	163.177332681974	201.960918417196	-62.8226673180264	-24.0390815828041
36717	226	51.1612115290669	203.101612115291	-174.838788470933	-22.8983878847093
36718	226	-1.53883732291158	204.926722032242	-227.538837322912	-21.0732779677577
36719	226	-9.52369320957499	202.645334636053	-235.523693209575	-23.3546653639473
36720	226	188.728871519297	225.459208597948	-37.2711284807035	-0.540791402051809
36721	226	150.401563263312	216.561797752809	-75.5984367366879	-9.43820224719104
36722	226	81.04738641915	210.858329262335	-144.95261358085	-15.1416707376649
36723	226	155.420615534929	223.177821201759	-70.5793844650709	-2.82217879824134
36724	159	50.2486565705911	248.729360039082	-108.751343429409	89.7293600390816
36725	212	163.633610161211	245.535417684416	-48.3663898387885	33.5354176844162
36726	212	167.055691255496	227.056179775281	-44.9443087445042	15.0561797752809
36727	212	173.671714704446	231.61895456766	-38.3282852955545	19.61895456766
36728	212	166.827552515877	226.599902296043	-45.1724474841231	14.599902296043
36729	212	168.880801172447	225.459208597948	-43.1191988275525	13.4592085979482
36730	212	179.603321934538	224.090376160234	-32.3966780654617	12.0903761602345
36731	212	175.268685881778	218.158768930142	-36.7313141182218	6.15876893014166
36732	70	70.5530043966781	112.986809965804	0.553004396678062	42.9868099658036
36733	70	70.0967269174402	113.67122618466	0.0967269174401508	43.6712261846605
36734	70	65.5339521250611	124.165608207132	-4.46604787493894	54.1656082071324
36735	70	66.2183683439179	107.511480214949	-3.78163165608208	37.5114802149487
36736	70	70.781143136297	107.511480214949	0.781143136297004	37.5114802149487
36737	70	71.009281875916	120.28724963361	1.00928187591597	50.2872496336101
36738	70	65.5339521250611	119.602833414753	-4.46604787493894	49.6028334147533
36739	70	64.6213971665852	105.686370297997	-5.37860283341476	35.6863702979971
36740	70	63.7088422081094	112.302393746947	-6.29115779189058	42.3023937469467
36741	70	60.2867611138251	116.865168539326	-9.71323888617491	46.8651685393258
36742	70	65.990229604299	120.743527112848	-4.00977039570103	50.7435271128481
36743	70	60.2867611138251	117.093307278945	-9.71323888617491	47.0933072789448
36744	70	69.1841719589643	106.142647777235	-0.815828041035672	36.142647777235
36745	125	-18.1929653150953	189.869565217391	-143.192965315095	64.8695652173913
36746	125	-3.36394723986322	210.402051783097	-128.363947239863	85.4020517830972
36747	235	216.33365901319	238.23497801661	-18.66634098681	3.23497801660966
36748	235	218.61504640938	239.603810454323	-16.3849535906205	4.60381045432337
36749	235	209.945774303859	248.729360039082	-25.0542256961407	13.7293600390816
36750	235	220.212017586712	240.060087933561	-14.7879824132878	5.06008793356131
36751	235	222.721543722521	240.516365412799	-12.2784562774792	5.51636541279919
36752	235	221.808988764045	239.603810454323	-13.191011235955	4.60381045432337
36753	220	210.402051783097	232.303370786517	-9.59794821690281	12.3033707865168
36754	243	214.964826575476	239.147532975085	-28.0351734245237	-3.85246702491452
36755	243	208.120664386908	255.57352222765	-34.8793356130923	12.5735222276502
36756	243	225.00293111871	245.991695163654	-17.9970688812897	2.99169516365413
36757	53	29.9443087445042	128.95652173913	-23.0556912554958	75.9565217391304
36758	53	55.723986321446	106.142647777235	2.72398632144601	53.142647777235
36759	53	34.7352222765022	110.705422569614	-18.2647777234978	57.7054225696141
36760	53	23.3282852955545	129.412799218368	-29.6717147044455	76.4127992183683
36761	53	-8.15486077186127	192.150952613581	-61.1548607718613	139.150952613581
36762	53	-19.33365901319	136.256961406937	-72.33365901319	83.256961406937
36766	276	273.596482657548	304.623351245725	-2.4035173424524	28.6233512457254
36771	276	272.683927699072	300.973131411822	-3.31607230092823	24.9731314118222
36772	276	272.912066438691	306.904738641915	-3.08793356130923	30.904738641915
36773	250	207.892525647289	240.28822667318	-42.1074743527113	-9.71177332681975
36774	250	208.805080605765	234.812896922325	-41.1949193942355	-15.1871030776746
36775	250	196.941866145579	229.565705911089	-53.0581338544211	-20.4342940889106
36776	250	206.067415730337	230.478260869565	-43.9325842696629	-19.5217391304348
36777	250	215.877381533952	259.90815828041	-34.1226184660479	9.90815828041036
36778	250	211.086468001954	247.132388861749	-38.9135319980459	-2.86761113825111
36779	250	216.105520273571	249.870053737176	-33.8944797264289	-0.129946262823637
36780	250	206.523693209575	250.098192476795	-43.476306790425	0.0981924767953046
36781	250	205.38299951148	248.501221299463	-44.6170004885198	-1.4987787005374
36782	250	207.892525647289	242.797752808989	-42.1074743527113	-7.20224719101122
36783	250	214.508549096238	239.603810454323	-35.4914509037616	-10.3961895456766
36784	250	207.436248168051	231.847093307279	-42.5637518319492	-18.152906692721
36785	250	207.208109428432	235.95359062042	-42.7918905715682	-14.0464093795799
36786	250	208.120664386908	232.075232046898	-41.8793356130923	-17.9247679531021
36787	250	208.805080605765	244.62286272594	-41.1949193942355	-5.37713727405963
36788	250	217.702491450904	243.025891548608	-32.2975085490962	-6.97410845139228
36789	250	214.052271617	240.060087933561	-35.9477283829995	-9.93991206643869
36790	250	205.154860771861	238.23497801661	-44.8451392281387	-11.7650219833903
36791	80	52.0737664875427	83.5569125549585	-27.9262335124573	3.55691255495847
36792	78	63.9369809477284	100.895456765999	-14.0630190522716	22.895456765999
36793	78	72.8343917928676	104.545676599902	-5.16560820713241	26.5456765999023
36794	78	74.2032242305813	100.895456765999	-3.79677576941867	22.895456765999
36795	78	68.2716170004885	99.7547630679042	-9.7283829995115	21.7547630679042
36796	78	68.7278944797264	92.9106008793356	-9.27210552027358	14.9106008793356
36797	80	67.8153395212506	116.865168539326	-12.1846604787494	36.8651685393258
36798	78	65.0776746458232	92.6824621397166	-12.9223253541768	14.6824621397166
36799	78	70.781143136297	95.6482657547631	-7.218856863703	17.6482657547631
36800	78	65.3058133854421	112.530532486566	-12.6941866145579	34.5305324865657
36801	80	73.0625305324866	102.94870542257	-6.93746946751344	22.9487054225696
36802	93	64.8495359062042	99.0703468490474	-28.1504640937958	6.07034684904738
36803	80	72.1499755740107	107.28334147533	-7.85002442598926	27.2833414753297
36804	89	68.2716170004885	97.9296531509526	-20.7283829995115	8.92965315095262
36805	103	64.8495359062042	103.176844162189	-38.1504640937958	0.176844162188559
36806	103	71.9218368343918	276.334147532975	-31.0781631656082	173.334147532975
36807	80	70.5530043966781	101.579872984856	-9.44699560332194	21.5798729848559
36808	80	73.2906692721055	109.564728871519	-6.7093307278945	29.5647288715193
36809	80	59.6023448949682	85.6101612115291	-20.3976551050318	5.61016121152906
36810	80	70.0967269174402	99.5266243282853	-9.90327308255985	19.5266243282853
36811	80	73.5188080117245	108.195896433806	-6.48119198827553	28.1958964338056
36812	80	72.6062530532487	104.545676599902	-7.39374694675135	24.5456765999023
36813	80	73.9750854909624	102.720566682951	-6.02491450903761	22.7205666829506
36814	80	71.4655593551539	99.9829018075232	-8.53444064484611	19.9829018075232
36815	80	73.7469467513434	111.61797752809	-6.25305324865658	31.6179775280899
36816	80	68.0434782608696	108.195896433806	-11.9565217391304	28.1958964338056
36817	80	71.6936980947728	105.00195407914	-8.30630190522717	25.0019540791402
36818	80	71.009281875916	98.6140693698095	-8.99071812408403	18.6140693698095
36819	78	64.8495359062042	96.7889594528578	-13.1504640937958	18.7889594528578
36820	78	67.3590620420127	97.2452369320957	-10.6409379579873	19.2452369320957
36821	78	76.4846116267709	108.195896433806	-1.51538837322911	30.1958964338056
36822	78	76.9408891060088	107.511480214949	-1.0591108939912	29.5114802149487
36823	88	67.8153395212506	114.355642403517	-20.1846604787494	26.3556424035173
36824	80	71.2374206155349	291.391304347826	-8.76257938446508	211.391304347826
36825	80	69.4123106985833	102.264289203713	-10.5876893014167	22.2642892037127
36826	80	69.6404494382022	100.895456765999	-10.3595505617978	20.895456765999
36827	284	238.463116756229	265.839765510503	-45.5368832437714	-18.1602344894968
36828	284	74.6595017098192	108.652173913043	-209.340498290181	-175.347826086957
36829	284	96.3326819736199	272.227650219834	-187.66731802638	-11.7723497801661
36830	137	57.7772349780166	226.371763556424	-79.2227650219834	89.371763556424
36831	88	67.5872007816317	97.7015144113336	-20.4127992183683	9.70151441133365
36832	88	67.1309233023937	101.351734245237	-20.8690766976063	13.3517342452369
36833	88	76.2564728871519	106.370786516854	-11.7435271128481	18.3707865168539
36834	5	-22.7557401074744	24.0127015144113	-27.7557401074744	19.0127015144113
36835	-3	-21.3869076697606	20.818759159746	-18.3869076697606	23.818759159746
36836	-3	-27.0903761602345	23.1001465559355	-24.0903761602345	26.1001465559355
36837	-1	-28.6873473375672	18.0810942843185	-27.6873473375672	19.0810942843185
36838	6	-23.4401563263312	14.8871519296532	-29.4401563263312	8.88715192965316
36839	-1	-27.3185148998534	12.6057645334636	-26.3185148998534	13.6057645334636
36840	-1	-23.8964338055691	22.6438690766976	-22.8964338055691	23.6438690766976
36841	110	-17.2804103566194	167.055691255496	-127.280410356619	57.0556912554958
36842	110	-11.1206643869077	182.112848070347	-121.120664386908	72.1128480703468
36843	107	-4.04836345872008	216.105520273571	-111.04836345872	109.105520273571
36844	55	-23.2120175867123	11.0087933561309	-78.2120175867123	-43.9912066438691
36845	55	-19.1055202735711	185.306790425012	-74.1055202735711	130.306790425012
36847	97	-21.8431851489985	189.185148998534	-118.843185148999	92.1851489985344
36848	85	-18.8773815339521	187.588177821202	-103.877381533952	102.588177821202
36849	48	46.8265754763068	91.3136297020029	-1.17342452369323	43.3136297020029
36850	185	106.827063996092	202.189057156815	-78.1729360039082	17.1890571568148
36851	185	105.230092818759	226.371763556424	-79.7699071812409	41.371763556424
36852	185	68.4997557401075	206.067415730337	-116.500244259893	21.0674157303371
36853	185	129.640937957987	217.702491450904	-55.3590620420127	32.7024914509038
36854	185	131.009770395701	237.778700537372	-53.990229604299	52.7787005373718
36855	185	154.051783097215	224.546653639472	-30.9482169027846	39.5466536394724
36856	185	120.515388373229	208.805080605765	-64.4846116267709	23.8050806057645
36857	185	89.0322423058134	243.025891548608	-95.9677576941866	58.0258915486077
36858	185	135.116267708842	227.968734733757	-49.8837322911578	42.9687347337567
36859	298	80.1348314606741	303.026380068393	-217.865168539326	5.02638006839277
36860	315	66.2183683439179	268.577430385931	-248.781631656082	-46.4225696140694
36861	298	81.9599413776258	315.802149487054	-216.040058622374	17.8021494870542
36862	298	71.2374206155349	129.640937957987	-226.762579384465	-168.359062042013
36863	298	95.4201270151441	298.919882755252	-202.579872984856	0.919882755251592
36864	298	81.9599413776258	129.184660478749	-216.040058622374	-168.815339521251
36865	298	80.3629702002931	118.23400097704	-217.637029799707	-179.76599902296
36866	298	80.1348314606741	253.063996091842	-217.865168539326	-44.9360039081583
36867	298	75.3439179286761	115.040058622374	-222.656082071324	-182.959941377626
36868	298	81.04738641915	131.922325354177	-216.95261358085	-166.077674645823
36869	89	241.200781631656	286.828529555447	152.200781631656	197.828529555447
36870	89	98.8422081094284	290.706888128969	9.84220810942841	201.706888128969
36871	89	78.9941377625794	285.915974596971	-10.0058622374206	196.915974596971
36872	89	107.28334147533	297.551050317538	18.2833414753297	208.551050317538
36873	89	242.341475329751	290.250610649731	153.341475329751	201.250610649731
36874	89	99.0703468490474	290.706888128969	10.0703468490474	201.706888128969
36875	89	91.5417684416219	281.125061064973	2.54176844162188	192.125061064973
36876	88	79.9066927210552	253.063996091842	-8.09330727894479	165.063996091842
36877	88	76.9408891060088	123.253053248657	-11.0591108939912	35.2530532486566
36878	88	63.9369809477284	190.553981436248	-24.0630190522716	102.553981436248
36879	88	77.8534440644846	253.063996091842	-10.1465559355154	165.063996091842
36880	88	76.2564728871519	129.869076697606	-11.7435271128481	41.8690766976063
36881	73	39.9824132877382	209.261358085002	-33.0175867122618	136.261358085002
36882	167	50.2486565705911	182.340986809966	-116.751343429409	15.3409868099658
36884	160	71.009281875916	212.227161700049	-88.990718124084	52.2271617000488
36885	160	59.8304836345872	219.299462628236	-100.169516365413	59.2994626282364
36886	160	-68.1553492916463	185.306790425012	-228.155349291646	25.3067904250122
36887	160	60.971177332682	218.386907669761	-99.028822667318	58.3869076697606
36889	160	46.8265754763068	217.246213971666	-113.173424523693	57.2462139716658
36900	223	144.2418172936	233.444064484612	-78.7581827063996	10.4440644846116
36902	200	17.3966780654617	211.086468001954	-182.603321934538	11.0864680019541
36903	200	24.9252564728872	224.546653639472	-175.074743527113	24.5466536394724
36904	200	47.0547142159257	219.071323888617	-152.945285784074	19.0713238886175
36905	200	24.9252564728872	224.546653639472	-175.074743527113	24.5466536394724
36917	230	148.57645334636	232.075232046898	-81.4235466536395	2.0752320468979
36918	230	138.310210063508	233.672203224231	-91.6897899364924	3.67220322423054
36920	55	-27.7747923790914	237.550561797753	-82.7747923790914	182.550561797753
36921	55	-22.5276013678554	306.676599902296	-77.5276013678554	251.676599902296
36922	55	-43.7445041524182	186.675622862726	-98.7445041524182	131.675622862726
36924	55	-27.7747923790914	237.550561797753	-82.7747923790914	182.550561797753
36925	55	69.4123106985833	100.895456765999	14.4123106985833	45.895456765999
36928	55	-20.7024914509038	17.8529555446996	-75.7024914509038	-37.1470444553004
36929	55	-14.314606741573	60.5148998534441	-69.314606741573	5.51489985344406
36931	90	50.4767953102101	231.390815828041	-39.5232046897899	141.390815828041
36932	90	66.2183683439179	237.322423058134	-23.7816316560821	147.322423058134
36933	244	197.170004885198	233.672203224231	-46.8299951148022	-10.3277967757695
36934	244	214.964826575476	238.463116756229	-29.0351734245237	-5.5368832437714
36935	244	194.204201270151	235.269174401563	-49.7957987298486	-8.73082559843675
36936	244	218.61504640938	252.835857352223	-25.3849535906205	8.83585735222277
36937	252	190.325842696629	241.657059110894	-61.6741573033708	-10.342940889106
36938	234	191.010258915486	247.360527601368	-42.9897410845139	13.3605276013678
36939	234	193.976062530532	237.778700537372	-40.0239374694675	3.77870053737178
36940	226	193.291646311676	244.62286272594	-32.7083536883244	18.6228627259404
36941	226	152.454811919883	301.657547630679	-73.5451880801173	75.657547630679
36942	226	175.040547142159	272.683927699072	-50.9594528578407	46.6839276990718
36943	121	160.667806546165	223.862237420616	39.6678065461651	102.862237420616
36944	193	167.511968734734	224.318514899853	-25.4880312652663	31.3185148998534
36946	193	165.002442598925	223.862237420616	-27.9975574010747	30.8622374206155
36947	193	170.021494870542	226.143624816805	-22.9785051294577	33.1436248168051
36948	193	165.002442598925	217.702491450904	-27.9975574010747	24.7024914509038
36949	245	206.979970688813	243.710307767465	-38.0200293111871	-1.2896922325354
36950	238	213.139716658525	241.657059110894	-24.8602833414753	3.65705911089395
36951	238	210.630190522716	239.147532975085	-27.3698094772839	1.14753297508548
36952	238	213.139716658525	240.972642892037	-24.8602833414753	2.97264289203713
36953	238	214.280410356619	239.375671714704	-23.7195896433806	1.37567171470442
36954	238	214.964826575476	238.463116756229	-23.0351734245237	0.463116756228601
36955	238	166.827552515877	222.037127503664	-71.1724474841231	-15.9628724963361
36956	238	184.850512945774	225.915486077186	-53.1494870542257	-12.0845139228139
36957	238	193.063507572057	227.056179775281	-44.9364924279433	-10.9438202247191
36958	238	214.508549096238	247.132388861749	-23.4914509037616	9.13238886174889
36959	238	211.99902296043	239.147532975085	-26.0009770395701	1.14753297508548
36960	238	213.824132877382	243.025891548608	-24.1758671226185	5.02589154860772
36961	238	197.170004885198	231.847093307279	-40.8299951148022	-6.15290669272105
36962	238	193.519785051295	226.828041035662	-44.4802149487055	-11.171958964338
36963	238	192.150952613581	226.143624816805	-45.8490473864192	-11.8563751831949
36964	238	186.447484123107	226.599902296043	-51.552515876893	-11.400097703957
36965	238	190.553981436248	225.915486077186	-47.4460185637519	-12.0845139228139
36966	238	182.797264289204	230.934538348803	-55.2027357107963	-7.06546165119687
36967	238	212.455300439668	238.919394235467	-25.5446995603322	0.919394235466541
36968	238	188.272594040059	223.405959941378	-49.7274059599414	-14.5940400586224
36969	238	198.538837322912	226.371763556424	-39.4611626770885	-11.628236443576
36970	238	210.630190522716	239.603810454323	-27.3698094772839	1.60381045432337
36971	238	213.367855398144	242.341475329751	-24.6321446018564	4.34147532975084
36972	238	211.314606741573	236.181729360039	-26.685393258427	-1.81827063996093
36973	238	215.192965315095	237.550561797753	-22.8070346849047	-0.449438202247222
36974	238	193.747923790914	230.478260869565	-44.2520762090865	-7.52173913043481
36975	238	207.208109428432	247.588666340987	-30.7918905715682	9.58866634098678
36976	238	208.805080605765	238.006839276991	-29.1949193942355	0.00683927699071774
36977	238	213.139716658525	241.200781631656	-24.8602833414753	3.20078163165607
36978	238	221.808988764045	257.85490962384	-16.191011235955	19.8549096238398
36979	238	213.367855398144	240.28822667318	-24.6321446018564	2.28822667318025
36980	238	211.770884220811	236.638006839277	-26.229115779189	-1.36199316072305
36981	238	214.736687835857	244.851001465559	-23.2633121641426	6.85100146555936
36982	238	211.770884220811	237.094284318515	-26.229115779189	-0.905715681485106
36983	238	214.052271617	238.463116756229	-23.9477283829995	0.463116756228601
36984	238	212.911577918906	237.550561797753	-25.0884220810943	-0.449438202247222
36985	238	214.052271617	241.428920371275	-23.9477283829995	3.42892037127501
36986	238	212.455300439668	235.725451880801	-25.5446995603322	-2.27454811919881
36987	238	206.979970688813	238.919394235467	-31.0200293111871	0.919394235466541
36988	238	212.683439179287	238.006839276991	-25.3165608207132	0.00683927699071774
36989	238	185.534929164631	230.021983390327	-52.4650708353689	-7.97801660967269
36990	238	215.192965315095	246.676111382511	-22.8070346849047	8.67611138251095
36991	238	214.052271617	243.025891548608	-23.9477283829995	5.02589154860772
36992	238	210.630190522716	236.181729360039	-27.3698094772839	-1.81827063996093
36993	238	197.398143624817	228.425012212995	-40.6018563751832	-9.5749877870054
36994	238	216.105520273571	250.098192476795	-21.8944797264289	12.0981924767953
36995	238	213.139716658525	239.831949193942	-24.8602833414753	1.83194919394236
36996	238	206.295554469956	240.516365412799	-31.704445530044	2.51636541279919
36997	238	213.595994137763	242.797752808989	-24.4040058622375	4.79775280898878
36998	238	212.911577918906	239.831949193942	-25.0884220810943	1.83194919394236
36999	233	211.086468001954	236.866145578896	-21.9135319980459	3.86614557889595
37000	233	218.158768930142	243.938446507084	-14.8412310698583	10.9384465070835
37001	233	198.766976062531	228.881289692233	-34.2330239374695	-4.11871030776746
37002	73	-13.6301905227162	119.374694675134	-86.6301905227162	46.3746946751344
37008	317	260.592574499267	302.113825109917	-56.4074255007328	-14.8861748900831
37011	317	252.379579872985	297.0947728383	-64.6204201270152	-19.9052271617001
37013	317	86.5227161700049	282.493893502687	-230.477283829995	-34.5061064973132
37014	317	240.516365412799	308.273571079629	-76.4836345872008	-8.72642892037129
37017	317	93.3668783585735	129.412799218368	-223.633121641426	-187.587200781632
37020	317	246.90425012213	309.642403517342	-70.09574987787	-7.35759648265758
37021	286	241.428920371275	303.71079628725	-44.571079628725	17.7107962872496
37025	317	234.812896922325	294.128969223254	-82.1871030776746	-22.8710307767465
37026	80	-25.7215437225208	82.4162188568637	-105.721543722521	2.41621885686371
37028	123	-27.0903761602345	159.52711284807	-150.090376160234	36.5271128480703
37029	298	274.965315095261	303.026380068393	-23.0346849047386	5.02638006839277
37030	298	253.976551050318	291.619443087445	-44.0234489496825	-6.38055691255499
37031	298	265.611626770884	299.832437713727	-32.3883732291158	1.83243771372742
37032	298	263.102100635076	303.026380068393	-34.8978993649243	5.02638006839277
37035	298	263.330239374695	294.128969223254	-34.6697606253053	-3.87103077674647
37036	298	270.85881778212	303.71079628725	-27.1411822178798	5.71079628724959
37037	298	270.402540302882	300.516853932584	-27.5974596971178	2.51685393258424
37038	298	270.85881778212	298.235466536395	-27.1411822178798	0.235466536394711
37039	297	90.1729360039081	295.041524181729	-206.827063996092	-1.95847581827064
37041	297	258.083048363459	305.079628724963	-38.9169516365413	8.07962872496336
37042	297	266.980459208598	295.725940400586	-30.0195407914021	-1.27405959941376
37043	298	76.7127503663898	286.828529555447	-221.28724963361	-11.171470444553
37044	298	274.509037616023	301.885686370298	-23.4909623839766	3.885686370298
37045	298	270.402540302882	304.167073766488	-27.5974596971178	6.16707376648753
37046	298	269.261846604787	298.007327796776	-28.7381533952125	0.007327796775769
37047	298	267.436736687836	300.288715192965	-30.5632633121642	2.2887151929653
37048	298	266.296042989741	301.201270151441	-31.7039570102589	3.20127015144112
37049	298	231.61895456766	300.060576453346	-66.38104543234	2.06057645334636
37050	234	211.086468001954	236.866145578896	-22.9135319980459	2.86614557889595
37051	48	58.9179286761114	99.0703468490474	10.9179286761114	51.0703468490474
37052	48	54.3551538837323	91.5417684416219	6.3551538837323	43.5417684416219
37053	48	5.98974108451392	140.135319980459	-42.0102589154861	92.1353199804592
37054	38	-5.64533463605275	120.059110893991	-43.6453346360528	82.0591108939912
37055	48	57.0928187591597	107.739618954568	9.09281875915974	59.7396189545676
37056	48	38.1573033707865	93.3668783585735	-9.84269662921349	45.3668783585735
37057	48	56.1802638006839	101.808011724475	8.18026380068392	53.8080117244748
37058	48	57.0928187591597	105.458231558378	9.09281875915974	57.4582315583781
37059	48	-11.5769418661456	79.2222765021983	-59.5769418661456	31.2222765021983
37060	48	0.742550073277954	81.9599413776258	-47.257449926722	33.9599413776258
37061	48	52.5300439667807	178.006350757206	4.53004396678065	130.006350757206
37062	48	67.5872007816317	104.545676599902	19.5872007816317	56.5456765999023
37063	38	0.286272594040042	216.561797752809	-37.71372740596	178.561797752809
37064	38	54.3551538837323	209.033219345383	16.3551538837323	171.033219345383
37065	38	39.0698583292623	93.3668783585735	1.06985832926233	55.3668783585735
37066	38	17.8529555446996	180.059599413776	-20.1470444553004	142.059599413776
37067	38	-4.04836345872008	193.747923790914	-42.0483634587201	155.747923790914
37068	78	64.3932584269663	106.142647777235	-13.6067415730337	28.142647777235
37069	238	211.086468001954	236.866145578896	-26.9135319980459	-1.13385442110405
37070	238	216.105520273571	241.657059110894	-21.8944797264289	3.65705911089395
37071	238	207.892525647289	234.128480703468	-30.1074743527113	-3.87151929653152
37072	238	205.38299951148	239.603810454323	-32.6170004885198	1.60381045432337
37073	238	211.99902296043	239.831949193942	-26.0009770395701	1.83194919394236
37074	238	207.436248168051	233.444064484612	-30.5637518319492	-4.5559355153884
37075	238	206.979970688813	231.61895456766	-31.0200293111871	-6.38104543234004
37076	238	210.630190522716	236.866145578896	-27.3698094772839	-1.13385442110405
37077	238	211.542745481192	242.797752808989	-26.457254518808	4.79775280898878
37078	238	207.66438690767	233.444064484612	-30.3356130923303	-4.5559355153884
37079	238	209.71763556424	235.041035661944	-28.2823644357596	-2.95896433805569
37080	238	201.504640937958	233.215925744993	-36.495359062042	-4.78407425500734
37081	214	203.786028334148	225.687347337567	-10.2139716658525	11.6873473375672
37082	214	211.314606741573	236.638006839277	-2.68539325842698	22.638006839277
37083	214	211.086468001954	240.28822667318	-2.91353199804593	26.2882266731802
37084	227	213.367855398144	234.812896922325	-13.6321446018564	7.81289692232536
37085	227	208.120664386908	237.550561797753	-18.8793356130923	10.5505617977528
37086	227	210.173913043478	238.23497801661	-16.8260869565217	11.2349780166097
37087	227	211.542745481192	234.812896922325	-15.457254518808	7.81289692232536
37088	227	209.489496824621	245.763556424035	-17.5105031753786	18.7635564240352
37089	184	215.421104054714	237.322423058134	31.4211040547142	53.3224230581338
37090	184	194.204201270151	226.143624816805	10.2042012701514	42.1436248168051
37091	184	203.101612115291	224.774792379091	19.1016121152907	40.7747923790914
37092	184	217.702491450904	235.269174401563	33.7024914509038	51.2691744015632
37093	72	-21.8431851489985	185.078651685393	-93.8431851489985	113.078651685393
37094	98	40.4386907669761	201.04836345872	-57.5613092330239	103.04836345872
37095	77	61.4274548119199	95.876404494382	-15.5725451880801	18.876404494382
37096	77	58.0053737176356	92.9106008793356	-18.9946262823644	15.9106008793356
37097	77	66.4465070835369	95.6482657547631	-10.5534929164631	18.6482657547631
37098	288	268.577430385931	294.128969223254	-19.4225696140694	6.12896922325353
37099	288	264.24279433317	297.551050317538	-23.7572056668295	9.55105031753783
37100	288	266.752320468979	297.0947728383	-21.247679531021	9.09477283829995
37101	288	275.19345383488	298.919882755252	-12.8065461651197	10.9198827552516
37102	288	276.106008793356	299.376160234489	-11.8939912066439	11.3761602344895
37103	288	276.790425012213	299.832437713727	-11.209574987787	11.8324377137274
37104	288	275.649731314118	298.919882755252	-12.3502686858818	10.9198827552516
37105	288	272.912066438691	299.376160234489	-15.0879335613092	11.3761602344895
37106	288	277.702979970689	301.42940889106	-10.2970200293112	13.4294088910601
37107	288	274.509037616023	299.832437713727	-13.4909623839766	11.8324377137274
37109	132	97.7015144113336	251.23888617489	-34.2984855886664	119.23888617489
37110	139	218.158768930142	277.931118710308	79.1587689301417	138.931118710308
37111	139	162.036638983879	277.931118710308	23.0366389838788	138.931118710308
37112	139	217.702491450904	287.056668295066	78.7024914509038	148.056668295066
37113	132	82.1880801172447	246.447972642892	-49.8119198827553	114.447972642892
37114	132	78.7659990229604	197.854421104055	-53.2340009770396	65.8544211040547
37115	139	80.1348314606741	150.85784074255	-58.8651685393259	11.8578407425501
37116	139	245.763556424035	295.269662921348	106.763556424035	156.269662921348
37117	125	212.455300439668	279.299951148021	87.4553004396678	154.299951148021
37118	125	90.6292134831461	292.988275525159	-34.3707865168539	167.988275525159
37119	125	79.4504152418173	134.203712750366	-45.5495847581827	9.20371275036638
37120	132	111.846116267709	269.946262823644	-20.1538837322912	137.946262823644
37121	125	216.105520273571	284.547142159257	91.1055202735711	159.547142159257
37122	125	86.066438690767	284.319003419638	-38.933561309233	159.319003419638
37123	125	84.2413287738153	181.656570591109	-40.7586712261847	56.656570591109
37124	125	114.127503663898	282.037616023449	-10.8724963361016	157.037616023449
37125	125	87.2071323888617	192.835368832438	-37.7928676111383	67.8353688324377
37126	132	84.4694675134343	199.679531021006	-47.5305324865657	67.6795310210064
37127	125	76.9408891060088	128.728382999511	-48.0591108939912	3.7283829995115
37128	125	79.2222765021983	183.70981924768	-45.7777234978017	58.7098192476795
37129	132	88.3478260869565	271.086956521739	-43.6521739130435	139.086956521739
37130	132	84.9257449926722	279.756228627259	-47.0742550073278	147.756228627259
37131	132	87.6634098680996	253.976551050318	-44.3365901319004	121.976551050318
37132	132	87.4352711284807	286.828529555447	-44.5647288715193	154.828529555447
37133	132	89.2603810454323	264.699071812408	-42.7396189545677	132.699071812408
37134	132	108.195896433806	284.547142159257	-23.8041035661944	152.547142159257
37135	132	92.9106008793356	238.463116756229	-39.0893991206644	106.463116756229
37136	125	208.805080605765	284.09086468002	83.8050806057645	159.09086468002
37137	125	73.7469467513434	199.451392281387	-51.2530532486566	74.4513922813874
37138	125	187.816316560821	269.718124084025	62.8163165608207	144.718124084025
37139	132	83.5569125549585	139.679042501221	-48.4430874450415	7.67904250122132
37140	139	251.695163654128	296.410356619443	112.695163654128	157.410356619443
37141	125	89.4885197850513	154.964338055691	-35.5114802149487	29.9643380556913
37142	138	135.57254518808	264.927210552027	-2.42745481191992	126.927210552027
37143	132	123.024914509038	285.459697117733	-8.97508549096239	153.459697117733
37144	132	94.7357107962872	269.489985344406	-37.2642892037128	137.489985344406
37145	132	84.6976062530532	272.227650219834	-47.3023937469468	140.227650219834
37146	132	84.2413287738153	277.47484123107	-47.7586712261847	145.47484123107
37147	132	83.3287738153395	268.577430385931	-48.6712261846605	136.577430385931
37148	132	88.5759648265755	205.839276990718	-43.4240351734245	73.8392769907181
37149	132	102.720566682951	285.003419638495	-29.2794333170494	153.003419638495
37150	132	212.227161700049	266.52418172936	80.2271617000488	134.52418172936
37151	105	220.212017586712	264.699071812408	115.212017586712	159.699071812408
37152	105	79.2222765021983	211.086468001954	-25.7777234978017	106.086468001954
37153	105	216.105520273571	237.550561797753	111.105520273571	132.550561797753
37154	105	214.280410356619	238.919394235467	109.280410356619	133.919394235467
37155	105	219.983878847093	247.132388861749	114.983878847093	142.132388861749
37156	105	212.911577918906	269.718124084025	107.911577918906	164.718124084025
37157	105	224.546653639472	285.003419638495	119.546653639472	180.003419638495
37158	105	220.66829506595	276.562286272594	115.66829506595	171.562286272594
37159	105	218.843185148999	271.771372740596	113.843185148999	166.771372740596
37160	110	214.964826575476	244.394723986321	104.964826575476	134.394723986321
37161	110	215.421104054714	248.273082559844	105.421104054714	138.273082559844
37162	110	206.751831949194	243.938446507084	96.751831949194	133.938446507084
37163	106	211.770884220811	241.428920371275	105.770884220811	135.428920371275
37164	106	215.877381533952	242.113336590132	109.877381533952	136.113336590132
37165	106	201.04836345872	235.725451880801	95.0483634587201	129.725451880801
37166	106	217.246213971666	242.797752808989	111.246213971666	136.797752808989
37167	106	221.580850024426	274.737176355642	115.580850024426	168.737176355642
37168	106	207.892525647289	236.638006839277	101.892525647289	130.638006839277
37169	106	214.508549096238	251.467024914509	108.508549096238	145.467024914509
37170	106	217.474352711285	242.797752808989	111.474352711285	136.797752808989
37171	106	220.212017586712	281.125061064973	114.212017586712	175.125061064973
37172	106	218.843185148999	242.797752808989	112.843185148999	136.797752808989
37173	106	207.66438690767	236.409868099658	101.66438690767	130.409868099658
37174	106	114.355642403517	241.428920371275	8.35564240351732	135.428920371275
37175	106	183.937957987298	270.402540302882	77.9379579872985	164.402540302882
37176	106	188.04445530044	274.280898876404	82.0444553004397	168.280898876404
37177	106	192.835368832438	235.041035661944	86.8353688324377	129.041035661944
37178	106	182.797264289204	271.771372740596	76.7972642892037	165.771372740596
37179	106	95.1919882755251	211.542745481192	-10.8080117244749	105.542745481192
37180	106	75.5720566682951	199.679531021006	-30.4279433317049	93.6795310210064
37181	106	208.576941866146	230.478260869565	102.576941866146	124.478260869565
37182	106	217.702491450904	258.539325842697	111.702491450904	152.539325842697
37183	106	220.896433805569	267.436736687836	114.896433805569	161.436736687836
37184	106	219.527601367855	249.870053737176	113.527601367855	143.870053737176
37186	119	-28.0029311187103	177.550073277968	-147.00293111871	58.5500732779677
37187	286	223.862237420616	286.600390815828	-62.1377625793845	0.600390815828007
37188	286	229.33756717147	248.501221299463	-56.6624328285296	-37.4987787005374
37189	69	8.72740595994136	186.219345383488	-60.2725940400586	117.219345383488
37190	69	-1.76697606253055	214.508549096238	-70.7669760625305	145.508549096238
37191	69	-25.9496824621397	181.884709330728	-94.9496824621397	112.884709330728
37192	69	127.131411822179	183.937957987298	58.1314118221788	114.937957987298
37193	69	-7.24230581338544	211.542745481192	-76.2423058133854	142.542745481192
37194	40	0.970688812896924	190.553981436248	-39.0293111871031	150.553981436248
37195	40	56.6365412799218	209.71763556424	16.6365412799218	169.71763556424
37196	78	-28.4592085979482	177.09379579873	-106.459208597948	99.0937957987298
37197	78	-11.3488031265266	178.234489496825	-89.3488031265266	100.234489496825
37198	78	-32.3375671714705	23.5564240351734	-110.33756717147	-54.4435759648266
37199	78	-29.599902296043	120.743527112848	-107.599902296043	42.7435271128481
37200	78	-33.4782608695652	84.2413287738153	-111.478260869565	6.24132877381533
37201	78	0.286272594040042	192.835368832438	-77.71372740596	114.835368832438
37202	78	-18.6492427943332	173.215437225208	-96.6492427943332	95.2154372252076
37203	78	29.7161700048852	227.2843185149	-48.2838299951148	149.2843185149
37204	26	94.0512945774304	206.979970688813	68.0512945774304	180.979970688813
37205	78	-14.9990229604299	180.972154372252	-92.9990229604299	102.972154372252
37206	78	-2.22325354176846	200.592085979482	-80.2232535417685	122.592085979482
37207	78	-31.4250122129946	173.215437225208	-109.425012212995	95.2154372252076
37208	40	121.199804592086	179.1470444553	81.199804592086	139.1470444553
37209	102	-24.352711284807	124.62188568637	-126.352711284807	22.6218856863703
37210	102	-15.6834391792868	172.074743527113	-117.683439179287	70.0747435271128
37211	102	-14.9990229604299	176.181240840254	-116.99902296043	74.181240840254
37212	105	-18.8773815339521	163.177332681974	-123.877381533952	58.1773326819736
37213	101	-23.8964338055691	163.405471421593	-124.896433805569	62.4054714215926
37214	88	73.0625305324866	198.310698583293	-14.9374694675134	110.310698583293
37215	66	75.800195407914	108.424035173425	9.800195407914	42.4240351734245
37216	66	73.2906692721055	104.317537860283	7.2906692721055	38.3175378602833
37217	64	7.5867122618466	98.6140693698095	-56.4132877381534	34.6140693698095
37218	64	40.666829506595	92.2261846604787	-23.333170493405	28.2261846604787
37219	64	26.7503663898388	88.8041035661944	-37.2496336101612	24.8041035661944
37220	64	4.39276990718125	98.8422081094284	-59.6072300928188	34.8422081094284
37221	64	63.2525647288715	95.1919882755251	-0.747435271128495	31.1919882755251
37222	62	44.7733268197362	97.7015144113336	-17.2266731802638	35.7015144113336
37223	62	48.6516853932584	97.7015144113336	-13.3483146067416	35.7015144113336
37224	55	-40.7787005373718	162.036638983879	-95.7787005373718	107.036638983879
37225	-56	-1.08255984367366	177.09379579873	54.9174401563263	233.09379579873
37226	37	60.743038593063	224.318514899853	23.743038593063	187.318514899853
37227	37	-6.78602833414755	205.611138251099	-43.7860283341475	168.611138251099
37228	37	64.8495359062042	206.067415730337	27.8495359062042	169.067415730337
37229	37	-10.8925256472887	206.067415730337	-47.8925256472887	169.067415730337
37230	37	-2.67953102100634	211.542745481192	-39.6795310210063	174.542745481192
37231	318	81.9599413776258	292.075720566683	-236.040058622374	-25.9242794333171
37232	289	98.3859306301905	269.489985344406	-190.614069369809	-19.5100146555936
37233	121	-47.3947239863215	144.926233512457	-168.394723986321	23.9262335124573
37234	160	151.314118221788	224.546653639472	-8.68588177821204	64.5466536394724
37235	-31	-48.5354176844162	167.055691255496	-17.5354176844162	198.055691255496
37236	32	-29.828041035662	164.546165119687	-61.828041035662	132.546165119687
37237	32	-35.0752320468979	125.990718124084	-67.0752320468979	93.990718124084
37238	290	107.055202735711	265.839765510503	-182.944797264289	-24.1602344894968
37240	290	64.3932584269663	100.439179286761	-225.606741573034	-189.560820713239
37241	290	91.7699071812408	110.249145090376	-198.230092818759	-179.750854909624
37246	40	-6.78602833414755	89.2603810454323	-46.7860283341475	49.2603810454323
37247	40	35.4196384953591	198.538837322912	-4.58036150464093	158.538837322912
37248	40	-5.18905715681487	130.325354176844	-45.1890571568149	90.3253541768441
37249	106	208.576941866146	244.62286272594	102.576941866146	138.62286272594
37250	77	183.937957987298	222.265266243283	106.937957987298	145.265266243283
37251	106	196.941866145579	236.181729360039	90.9418661455789	130.181729360039
37252	106	185.76306790425	224.090376160234	79.7630679042501	118.090376160234
37253	106	189.641426477772	226.143624816805	83.6414264777723	120.143624816805
37254	106	201.504640937958	232.531509526136	95.504640937958	126.531509526136
37255	106	190.553981436248	228.196873473376	84.5539814362481	122.196873473376
37256	106	193.291646311676	227.056179775281	87.2916463116756	121.056179775281
37257	106	60.971177332682	104.089399120664	-45.028822667318	-1.91060087933562
37258	110	187.131900341964	223.862237420616	77.1319003419638	113.862237420616
37259	106	15.3434294088911	107.511480214949	-90.6565705911089	1.5114802149487
37260	106	133.747435271128	225.915486077186	27.7474352711285	119.915486077186
37261	106	199.907669760625	234.812896922325	93.9076697606253	128.812896922325
37262	106	190.782120175867	226.599902296043	84.7821201758671	120.599902296043
37263	106	59.6023448949682	222.265266243283	-46.3976551050318	116.265266243283
37264	106	65.76209086468	219.983878847093	-40.23790913532	113.983878847093
37265	106	96.104543234001	223.405959941378	-9.89545676599903	117.405959941378
37266	106	68.4997557401075	117.093307278945	-37.5002442598925	11.0933072789448
37267	106	165.230581338544	218.843185148999	59.2305813385442	112.843185148999
37268	106	196.71372740596	241.657059110894	90.71372740596	135.657059110894
37269	106	169.337078651685	229.565705911089	63.3370786516854	123.565705911089
37270	106	164.546165119687	236.866145578896	58.5461651196873	130.866145578896
37271	106	59.3742061553493	219.983878847093	-46.6257938446507	113.983878847093
37272	106	168.652662432829	231.162677088422	62.6526624328285	125.162677088422
37273	106	168.42452369321	226.143624816805	62.4245236932096	120.143624816805
37274	106	76.028334147533	125.306301905227	-29.971665852467	19.3063019052271
37275	106	69.1841719589643	237.322423058134	-36.8158280410357	131.322423058134
37276	106	171.846604787494	234.356619443087	65.8466047874939	128.356619443087
37277	106	107.511480214949	236.181729360039	1.5114802149487	130.181729360039
37278	106	67.5872007816317	113.443087445042	-38.4127992183683	7.44308744504153
37279	106	127.587689301417	197.626282364436	21.5876893014167	91.6262823644357
37280	106	192.3790913532	226.599902296043	86.3790913531998	120.599902296043
37281	106	161.352222765022	221.352711284807	55.352222765022	115.352711284807
37282	106	149.260869565217	240.744504152418	43.2608695652174	134.744504152418
37283	106	129.869076697606	226.599902296043	23.8690766976063	120.599902296043
37284	106	189.185148998534	227.512457254519	83.1851489985344	121.512457254519
37285	106	71.009281875916	235.725451880801	-34.990718124084	129.725451880801
37286	106	205.839276990718	254.660967269174	99.8392769907181	148.660967269174
37287	106	84.2413287738153	244.166585246702	-21.7586712261847	138.166585246702
37288	41	55.723986321446	240.744504152418	14.723986321446	199.744504152418
37289	41	37.9291646311676	99.9829018075232	-3.07083536883243	58.9829018075232
37290	41	35.647777234978	181.656570591109	-5.35222276502199	140.656570591109
37291	41	55.952125061065	103.633121641426	14.952125061065	62.6331216414265
37292	61	56.4084025403029	221.808988764045	-4.59159745969711	160.808988764045
37293	27	50.4767953102101	92.4543234000977	23.4767953102101	65.4543234000977
37294	27	59.3742061553493	214.736687835857	32.3742061553493	187.736687835857
37295	27	57.3209574987787	214.052271617	30.3209574987787	187.052271617
37296	27	49.7923790913532	196.71372740596	22.7923790913532	169.71372740596
37297	27	56.4084025403029	225.459208597948	29.4084025403029	198.459208597948
37298	27	57.5490962383977	96.104543234001	30.5490962383977	69.104543234001
37299	27	74.2032242305813	217.702491450904	47.2032242305813	190.702491450904
37300	36	63.0244259892526	224.774792379091	27.0244259892526	188.774792379091
37301	36	53.4425989252565	100.895456765999	17.4425989252565	64.895456765999
37302	41	67.8153395212506	205.154860771861	26.8153395212506	164.154860771861
37304	126	86.9789936492428	283.634587200782	-39.0210063507572	157.634587200782
37305	126	69.6404494382022	118.690278456277	-56.3595505617978	-7.30972154372253
37306	126	88.5759648265755	295.497801660967	-37.4240351734245	169.497801660967
37307	118	77.3971665852467	262.417684416219	-40.6028334147533	144.417684416219
37308	118	50.933072789448	211.314606741573	-67.066927210552	93.314606741573
37309	118	90.1729360039081	294.357107962872	-27.8270639960919	176.357107962872
37310	-29	-15.9115779189057	194.660478749389	13.0884220810943	223.660478749389
37311	10	48.1954079140205	97.9296531509526	38.1954079140205	87.9296531509526
37312	10	-8.38299951148022	82.8724963361016	-18.3829995114802	72.8724963361016
37313	-46	0.514411333659012	103.176844162189	46.514411333659	149.176844162189
37314	30	-19.1055202735711	59.3742061553493	-49.1055202735711	29.3742061553493
37315	30	4.39276990718125	92.6824621397166	-25.6072300928188	62.6824621397166
37316	-32	-6.10161211529066	199.907669760625	25.8983878847093	231.907669760625
37317	225	180.059599413776	231.162677088422	-44.9404005862237	6.16267708842207
37318	222	189.641426477772	218.61504640938	-32.3585735222277	-3.38495359062046
37319	222	190.325842696629	229.109428431851	-31.6741573033708	7.10942843185148
37320	222	178.234489496825	214.964826575476	-43.7655105031754	-7.03517342452369
37321	222	191.238397655105	230.934538348803	-30.761602344895	8.93453834880313
37322	222	195.801172447484	228.196873473376	-26.1988275525159	6.19687347337566
37323	222	181.42843185149	225.00293111871	-40.57156814851	3.00293111871031
37324	222	185.306790425012	232.759648265755	-36.6932095749878	10.7596482657548
37325	222	180.059599413776	222.265266243283	-41.9404005862237	0.265266243282838
37326	225	175.724963361016	223.405959941378	-49.2750366389839	-1.5940400586224
37327	231	188.957010258915	238.691255495848	-42.0429897410845	7.6912554958476
37328	231	79.9066927210552	287.969223253542	-151.093307278945	56.9692232535418
37330	231	183.70981924768	231.61895456766	-47.2901807523205	0.618954567659955
37331	231	74.8876404494382	272.455788959453	-156.112359550562	41.4557889594528
37332	231	51.6174890083048	265.611626770884	-179.382510991695	34.6116267708842
37337	231	197.854421104055	230.021983390327	-33.1455788959453	-0.978016609672693
37339	231	-30.9687347337567	151.085979482169	-261.968734733757	-79.914020517831
37340	231	60.2867611138251	277.246702491451	-170.713238886175	46.2467024914509
37342	231	168.196384953591	227.056179775281	-62.8036150464094	-3.9438202247191
37343	231	199.907669760625	234.128480703468	-31.0923302393747	3.12848070346848
37344	239	167.283829995115	243.710307767465	-71.7161700048852	4.7103077674646
37347	239	176.409379579873	223.634098680997	-62.590620420127	-15.3659013190035
37348	225	170.021494870542	228.425012212995	-54.9785051294577	3.4250122129946
37349	225	173.899853444064	231.162677088422	-51.1001465559355	6.16267708842207
