36455	13.8833333333333	15.0763637843999	15.4663165608207	1.19303045106658	1.58298322748736
36456	13.8833333333333	15.7321934538349	16.0246580361504	1.84886012050153	2.14132470281711
36457	13.8833333333333	15.4131411822179	15.679018075232	1.52980784888453	1.79568474189869
36458	13.8833333333333	15.8739944634424	16.1753216088585	1.99066113010908	2.29198827552514
36459	13.8833333333333	14.420534114965	14.7129986972806	0.537200781631636	0.829665363947219
36460	13.8833333333333	8.11038918742875	8.27877788633772	-5.77294414590458	-5.60455544699561
36461	15.3333333333333	15.5903924442273	16.0423831623514	0.257059110893969	0.709049829018051
36463	15.8166666666667	16.0423831623514	16.3702979970689	0.225716495684718	0.553631330402194
36465	15.8166666666667	16.0335205992509	16.3968856863703	0.216853932584247	0.580219019703609
36466	15.8166666666667	16.0512457254519	16.4323359387722	0.23457905878519	0.615669272105496
36467	15.8166666666667	15.9892077837486	16.2993974922651	0.172541117081886	0.482730825598413
36468	15.95	15.1118140368018	15.9183072789448	-0.838185963198196	-0.031692721055224
36469	15.95	15.4397288715193	15.998070346849	-0.510271128480724	0.0480703468490251
36470	15.95	15.5903924442273	16.2196344243608	-0.359607555772696	0.269634424360831
36471	15.95	15.8385442110405	16.2284969874613	-0.111455788959475	0.278496987461303
36472	15.95	15.2713401726103	15.7056057645334	-0.678659827389696	-0.244394235466558
36473	15.95	16.334847744667	16.7425256472887	0.38484774466697	0.792525647288691
36474	15.95	15.359965803615	15.7233308907344	-0.590034196384975	-0.226669109265613
36475	15.95	15.6258426966292	15.9714826575476	-0.324157303370807	0.0214826575476081
36476	15.95	15.8739944634424	16.1310087933561	-0.0760055365575862	0.18100879335611
36477	15.95	15.2270273571079	15.8385442110405	-0.722972642892058	-0.111455788959475
36478	16.225	16.2993974922651	16.5386866959778	0.0743974922650779	0.313686695977829
36479	16.225	15.8119565217391	16.1310087933561	-0.413043478260894	-0.0939912066438922
36480	16.225	15.9448949682462	16.1841841719589	-0.280105031753811	-0.0408158280410618
36481	16.225	15.9360324051457	16.2107718612604	-0.288967594854283	-0.014228138739643
36482	16.225	16.1044211040547	16.2905349291646	-0.120578895945311	0.0655349291646061
36483	16.225	16.2639472398632	16.4500610649731	0.0389472398631909	0.225061064973104
36484	15.6166666666667	16.0689708516528	16.2816723660641	0.452304184986133	0.665005699397469
36485	15.6166666666667	16.0512457254519	16.2639472398632	0.434579058785189	0.647280573196525
36486	15.6166666666667	15.8030939586386	16.0778334147533	0.186427291971969	0.461166748086608
36487	15.975	15.696743201433	16.0955585409542	-0.27825679856703	0.120558540954219
36488	12.2333333333333	15.8739944634424	16.3968856863703	3.64066113010908	4.16355235303694
36493	15.8333333333333	16.2816723660641	16.6095872007816	0.448339032730802	0.776253867448274
36494	15.8333333333333	16.2550846767627	16.5652743852792	0.421751343429387	0.731941051945912
36496	15.8333333333333	16.1398713564566	16.4589236280736	0.306538023123247	0.625590294740244
36498	17.875	15.58365901319	15.90893177007	-2.29134098680999	-1.96606822993
36499	16.2916666666667	13.9572952287901	14.5695733593877	-2.33437143787659	-1.72209330727897
36501	16.175	14.6598233186777	15.0231884057971	-1.51517668132228	-1.15181159420292
36502	16.175	16.9640897248005	17.3717676274222	0.789089724800494	1.19676762742222
36503	15.4833333333333	16.0778334147533	16.4234733756717	0.594500081419943	0.940140042338358
36504	15.4833333333333	16.166459045758	16.5298241328774	0.683125712424664	1.04649079954403
36505	15.4833333333333	16.0778334147533	16.3791605601693	0.594500081419943	0.895827226835999
36506	15.4833333333333	16.0866959778537	16.3880231232698	0.603362644520415	0.904689789936471
36507	15.4833333333333	16.2107718612604	16.5032364435759	0.727438527927026	1.01990311024261
36508	15.4833333333333	16.2019092981599	16.6007246376811	0.718575964826551	1.1173913043478
36509	15.4833333333333	16.1132836671552	16.4146108125712	0.629950333821833	0.931277479237886
36510	15.4833333333333	16.2196344243608	16.6184497638821	0.736301091027498	1.13511643054875
36511	15.4833333333333	16.1132836671552	16.5120990066764	0.629950333821833	1.02876567334308
36512	15.4833333333333	16.1221462302556	16.4234733756717	0.638812896922305	0.940140042338358
36513	15.4833333333333	16.1044211040547	16.3880231232698	0.621087770721358	0.904689789936471
36514	15.4833333333333	16.166459045758	16.4500610649731	0.683125712424664	0.966727731639773
36515	15.4833333333333	16.1841841719589	16.4943738804755	0.700850838625607	1.01104054714214
36516	15.4833333333333	16.2019092981599	16.5298241328774	0.718575964826551	1.04649079954403
36517	15.4833333333333	16.2019092981599	16.5652743852792	0.718575964826551	1.08194105194591
36518	15.4833333333333	16.2728098029637	16.6095872007816	0.789476469630332	1.12625386744828
36519	15.4833333333333	16.01579547305	16.3525728708679	0.532462139716637	0.869239537534581
36520	15.4833333333333	16.1398713564566	16.4057482494707	0.656538023123248	0.922414916137415
36521	14.7916666666667	15.7587811431363	16.2107718612604	0.967114476469609	1.41910519459369
36522	14.7916666666667	16.0335205992509	16.3437103077674	1.24185393258425	1.55204364110078
36523	14.7916666666667	16.0512457254519	16.3791605601693	1.25957905878519	1.58749389350267
36524	14.7916666666667	16.1753216088585	16.5120990066764	1.3836549421918	1.72043234000975
36525	14.7916666666667	16.0069329099495	20.1014370623677	1.21526624328283	5.309770395701
36526	14.7916666666667	15.9714826575476	16.3614354339684	1.17981599088094	1.56976876730172
36527	15.2166666666667	17.4781183846279	17.7971706562449	2.26145171796122	2.58050398957822
36528	15.2166666666667	17.4249430060251	17.7883080931444	2.20827633935839	2.57164142647775
36529	15.2166666666667	17.3185922488194	17.6199193942354	2.10192558215272	2.40325272756877
36530	15.2166666666667	15.9094447158443	16.1753216088585	0.692778049177635	0.958654942191801
36531	15.2166666666667	16.0512457254519	16.3614354339684	0.83457905878519	1.14476876730172
36532	15.2166666666667	15.9803452206481	16.3614354339684	0.763678553981414	1.14476876730172
36533	15.2166666666667	15.9714826575476	17.6199193942354	0.754815990880941	2.40325272756877
36534	14.7916666666667	20.1102996254681	20.2875508874776	5.31863295880147	5.49588422081091
36536	15.175	15.9360324051457	16.1398713564566	0.761032405145718	0.96487135645658
36537	15.175	15.7765062693372	15.9892077837486	0.601506269337218	0.814207783748552
36538	14.5583333333333	14.7129986972806	15.1561268523042	0.154665363947219	0.59779351897083
36539	14.5583333333333	15.5726673180264	15.7765062693372	1.01433398469302	1.21817293600389
36540	14.5583333333333	15.6435678228301	15.8562693372415	1.0852344894968	1.29793600390814
36541	14.5583333333333	15.2802027357108	15.7056057645334	0.721869402377441	1.14727243120011
36542	14.5583333333333	14.7927617651848	15.1915771047061	0.23442843185147	0.633243771372719
36543	14.5583333333333	15.7853688324377	16.2107718612604	1.22703549910436	1.65243852792702
36544	17.675	17.1767912392118	17.5401563263312	-0.49820876078817	-0.134843673668808
36545	17.9416666666667	16.9906774141019	17.6819573359387	-0.950989252564753	-0.259709330727919
36546	17.9416666666667	16.6804877055854	17.3894927536232	-1.26117896108128	-0.552173913043504
36547	17.9416666666667	17.0349902296043	17.5224312001302	-0.906676437062391	-0.419235466536421
36548	17.9416666666667	16.9906774141019	17.4249430060251	-0.950989252564753	-0.516723660641613
36549	17.9416666666667	17.4603932584269	17.7705829669435	-0.481273408239726	-0.171083699723198
36550	17.9416666666667	16.2107718612604	16.5918620745807	-1.73089480540631	-1.34980459208601
36551	17.9416666666667	17.6642322097378	18.0364598599576	-0.277434456928862	0.0947931932909682
36552	17.9416666666667	16.317122618466	16.6273123269826	-1.62454404820064	-1.31435433968411
36553	17.9416666666667	16.6716251424849	17.2831419964175	-1.27004152418175	-0.658524670249168
36554	17.9416666666667	16.6804877055854	17.4072178798241	-1.26117896108128	-0.534448786842557
36555	17.9416666666667	16.1221462302556	17.5667440156326	-1.81952043641103	-0.374922651034058
36556	17.9416666666667	16.0246580361504	16.485511317375	-1.91700863051623	-1.45615534929167
36557	17.9416666666667	16.7868384627911	17.292004559518	-1.15482820387561	-0.649662107148696
36558	17.9416666666667	16.166459045758	16.4146108125712	-1.77520762090867	-1.52705585409545
36559	17.9416666666667	16.1753216088585	17.6287819573359	-1.7663450578082	-0.312884709330756
36560	17.675	16.2462221136622	17.292004559518	-1.42877788633775	-0.382995440482031
36561	17.675	17.0349902296043	17.5312937632307	-0.640009770395725	-0.143706236769283
36562	17.675	16.6273123269826	17.3540425012213	-1.04768767301745	-0.320957498778728
36563	17.675	16.2639472398632	16.5918620745807	-1.41105276013681	-1.08313792541934
36564	17.9416666666667	17.3274548119199	17.7085450252402	-0.614211854746809	-0.233121641426504
36566	16.3666666666667	15.6169801335287	15.9448949682462	-0.749686533137949	-0.421771698420477
36567	16.3666666666667	16.1487339195571	16.4146108125712	-0.217932747109614	0.0479441459045518
36568	16.3666666666667	15.9005821527438	16.166459045758	-0.466084513922837	-0.200207620908671
36569	16.3666666666667	16.01579547305	16.2196344243608	-0.350871193616697	-0.147032242305837
36570	16.3666666666667	15.8208190848396	16.0866959778537	-0.545847581827086	-0.27997068881292
36571	16.3666666666667	16.01579547305	16.1930467350594	-0.350871193616697	-0.173619931607256
36572	16.1333333333333	15.8296816479401	16.2284969874613	-0.30365168539328	0.095163654127969
36573	16.1333333333333	15.7765062693372	16.2550846767627	-0.356827063996114	0.121751343429388
36574	15.0833333333333	15.0320509688976	16.7868384627911	-0.0512823644357816	1.70350512945772
36575	15.0833333333333	16.0601082885523	16.3614354339684	0.976774955218994	1.27810210063505
36576	15.0833333333333	15.040913531998	15.7144683276339	-0.0424198013353081	0.631134994300579
36577	17.5333333333333	15.9626200944471	16.3614354339684	-1.5707132388862	-1.17189789936495
36578	17.7583333333333	14.8725248330891	15.3245155512131	-2.88580850024428	-2.4338177821202
36580	16.1166666666667	16.1841841719589	16.7336630841882	0.0675175052922725	0.616996417521552
36581	16.2416666666667	15.9005821527438	16.3880231232698	-0.341084513922837	0.146356456603137
36582	16.275	15.998070346849	16.3525728708679	-0.276929653150974	0.0775728708679146
36583	16.275	15.9626200944471	16.3259851815665	-0.312379905552863	0.0509851815664959
36584	16.275	16.1132836671552	16.4589236280736	-0.161716332844833	0.183923628073579
36585	16.275	15.679018075232	16.1310087933561	-0.595981924767974	-0.143991206643889
36586	16.2416666666667	14.739586386582	15.7410560169353	-1.5020802800847	-0.500610649731337
36587	16.2416666666667	14.6775484448787	15.4840416870216	-1.564118221788	-0.757624979645032
36588	16.275	16.0955585409542	16.5741369483797	-0.17944145904578	0.299136948379719
36589	16.275	16.1310087933561	16.5032364435759	-0.143991206643889	0.228236443575945
36590	16.275	16.0955585409542	16.3525728708679	-0.17944145904578	0.0775728708679146
36591	16.275	15.9714826575476	16.1930467350594	-0.303517342452391	-0.0819532649405872
36592	16.275	15.9714826575476	16.2639472398632	-0.303517342452391	-0.0110527601368062
36593	16.275	16.166459045758	16.4943738804755	-0.108540954242002	0.219373880475469
36594	16.275	15.8296816479401	16.1575964826575	-0.445318352059946	-0.117403517342474
36595	16.875	15.8208190848396	16.1398713564566	-1.05418091516042	-0.735128643543419
36596	16.875	15.9537575313467	16.2196344243608	-0.921242468653336	-0.65536557563917
36597	16.875	15.998070346849	16.2462221136622	-0.876929653150976	-0.628777886337751
36598	16.875	16.2639472398632	16.5741369483797	-0.611052760136808	-0.300863051620283
36599	16.875	16.2462221136622	16.6627625793844	-0.628777886337751	-0.212237420615558
36600	16.875	16.0955585409542	16.485511317375	-0.779441459045781	-0.389488682625004
36601	16.875	15.847406774141	16.3259851815665	-1.027593225859	-0.549014818433506
36602	16.875	15.0054632795961	15.7587811431363	-1.86953672040386	-1.11621885686372
36607	15.675	16.0866959778537	16.3968856863703	0.411695977853746	0.721885686370275
36608	15.675	15.8030939586386	16.0955585409542	0.128093958638635	0.420558540954218
36609	15.675	15.7587811431363	16.0778334147533	0.0837811431362745	0.402833414753275
36610	15.675	15.9626200944471	16.2550846767627	0.287620094447135	0.58008467676272
36611	15.675	15.6524303859306	15.998070346849	-0.0225696140693934	0.323070346849024
36612	17.6166666666667	15.0096482657547	15.8036964663735	-2.60701840091193	-1.81297020029314
36613	17.6166666666667	15.7080280084677	15.9854665363947	-1.90863865819902	-1.63120013027197
36614	17.6166666666667	15.9567659990229	16.1768034522065	-1.65990066764373	-1.43986321446021
36615	17.6166666666667	15.6506269337241	15.9758996906041	-1.96603973294254	-1.64076697606256
36616	17.6166666666667	14.7322097378277	15.9854665363947	-2.88445692883897	-1.63120013027197
36618	17.6166666666667	15.8993649242794	16.23420452695	-1.71730174238726	-1.38246213971669
36619	17.6166666666667	16.0046002279759	16.2724719101123	-1.61206643869079	-1.34419475655433
36620	17.6166666666667	15.7845627747924	16.1098355316723	-1.83210389187431	-1.50683113499433
36621	17.6166666666667	16.0333007653476	16.2629050643217	-1.58336590131903	-1.35376160234492
36622	17.6166666666667	15.8897980784888	16.2055039895782	-1.72686858817785	-1.41116267708845
36623	15.8	15.9091027519948	16.3655105031754	0.109102751994765	0.565510503175354
36624	15.9	16.2426314932421	16.5849373066276	0.342631493242118	0.684937306627559
36625	15.8	16.0846441947565	16.4181729360039	0.284644194756531	0.618172936003884
36626	15.8	16.1636378439993	16.5147207295229	0.363637843999324	0.714720729522853
36627	15.8	15.9793193290995	16.2952939260706	0.179319329099471	0.495293926070648
36628	15.8	16.0583129783423	16.927243120013	0.258312978342264	1.127243120013
36629	14.7666666666667	15.3954160560169	15.7056057645334	0.628749389350247	0.938939097866774
36630	14.7666666666667	15.5638047549259	15.8739944634424	0.797138088259219	1.10732779677575
36631	14.975	15.847406774141	16.0955585409542	0.872406774140996	1.12055854095422
36632	14.975	15.8208190848396	16.1044211040547	0.845819084839581	1.12942110405469
36633	14.975	14.9345627747924	15.4131411822179	-0.0404372252076417	0.438141182217858
36634	16.95	16.1044211040547	16.3968856863703	-0.845578895945309	-0.553114313629724
36635	16.95	15.4220037453183	15.9626200944471	-1.52799625468167	-0.987379905552864
36636	14.975	14.9966007164957	15.5017668132226	0.021600716495664	0.526766813222581
36637	14.975	14.8547997068881	15.2713401726103	-0.120200293111891	0.296340172610304
36638	14.975	14.9434253378928	15.4220037453183	-0.0315746621071682	0.44700374531833
36639	15.6666666666667	15.847406774141	16.166459045758	0.18074010747433	0.49979237909133
36640	15.9	15.3067904250122	15.7056057645334	-0.593209574987808	-0.194394235466559
36641	15.9	14.3850838625631	14.8991125223905	-1.51491613743692	-1.00088747760953
36642	15.9	15.1295391630027	15.6081175704282	-0.770460836997254	-0.291882429571753
36643	15.9	14.7661740758834	15.2624776095098	-1.13382592411661	-0.637522390490171
36644	15.9	14.101481843348	14.7838992020843	-1.79851815665203	-1.11610079791567
36645	16.4833333333333	15.6612929490311	15.9360324051457	-0.822040384302253	-0.547300928187616
36648	16.8583333333333	15.5017668132226	16.0246580361504	-1.35656652011075	-0.833675297182893
36649	16.6833333333333	14.5180223090702	15.209302230907	-2.16531102426317	-1.47403110242634
36650	16.6833333333333	15.9183072789448	16.1841841719589	-0.765026054388558	-0.499149161374394
36651	15.125	16.0601082885523	16.2816723660641	0.935108288552328	1.15667236606414
36652	15.125	16.0246580361504	16.2905349291646	0.899658036150441	1.16553492916461
36653	15.125	16.0955585409542	16.4146108125712	0.970558540954219	1.28961081257122
36654	15.125	15.9360324051457	16.3259851815665	0.811032405145719	1.20098518156649
36655	15.125	14.9257002116919	16.2728098029637	-0.199299788308114	1.14780980296366
36656	15.125	14.9700130271942	15.3422406774141	-0.154986972805753	0.217240677414081
36657	15.125	16.0778334147533	16.3614354339684	0.952833414753275	1.23643543396838
36658	15.125	16.0246580361504	16.4500610649731	0.899658036150441	1.32506106497311
36659	15.125	15.9892077837486	16.2816723660641	0.864207783748553	1.15667236606414
36660	17.3083333333333	16.1841841719589	16.3702979970689	-1.12414916137439	-0.938035336264473
36661	17.3083333333333	16.1044211040547	16.2993974922651	-1.20391222927864	-1.00893584106825
36662	17.3083333333333	16.1575964826575	16.3525728708679	-1.15073685067581	-0.95576046246542
36663	17.3083333333333	16.2019092981599	16.3968856863703	-1.10642403517345	-0.911447646963058
36664	17.3083333333333	16.2284969874613	16.5120990066764	-1.07983634587203	-0.796234326656919
36665	17.3083333333333	16.1575964826575	16.3968856863703	-1.15073685067581	-0.911447646963058
36666	17.3083333333333	16.0955585409542	16.3968856863703	-1.21277479237911	-0.911447646963058
36667	17.3083333333333	16.2373595505618	16.485511317375	-1.07097378277156	-0.822822015958337
36668	17.3083333333333	16.6450374531835	16.8666015306953	-0.663295880149835	-0.441731802638031
36669	17.3083333333333	16.2196344243608	16.5209615697769	-1.0886989089725	-0.787371763556447
36670	16.9166666666667	16.2373595505618	16.4323359387722	-0.679307116104894	-0.484330727894505
36671	16.9166666666667	15.8119565217391	16.4146108125712	-1.10471014492756	-0.502055854095449
36672	16.9166666666667	15.0852263475004	15.5194919394235	-1.83144031916628	-1.39717472724314
36673	17.3416666666667	20.0896433805569	20.1948786842533	2.74797671389022	2.85321201758668
36674	17.3416666666667	20.0131086142322	20.1279107637192	2.67144194756551	2.78624409705257
36675	14.1916666666667	14.8734082397004	15.7774466699234	0.681741573033687	1.58578000325678
36676	15.4416666666667	16.0069329099495	16.2993974922651	0.565266243282831	0.857730825598413
36677	14.9833333333333	15.8651319003419	16.1398713564566	0.881798567008609	1.15653802312325
36678	15.4416666666667	16.2462221136622	16.5032364435759	0.804555446995582	1.06156977690928
36679	15.3666666666667	16.1310087933561	16.5475492590783	0.764342126689442	1.18088259241163
36680	15.3666666666667	16.2019092981599	16.5298241328774	0.835242631493216	1.16315746621069
36681	15.3666666666667	16.166459045758	16.4146108125712	0.799792379091329	1.04794414590455
36682	15.4416666666667	16.0778334147533	16.3702979970689	0.636166748086609	0.928631330402194
36683	15.4416666666667	16.1753216088585	16.4943738804755	0.733654942191801	1.0527072138088
36684	15.4416666666667	16.1221462302556	16.4943738804755	0.680479563588971	1.0527072138088
36685	15.5333333333333	16.0512457254519	16.3082600553656	0.517912392118523	0.774926722032218
36686	15.5333333333333	15.998070346849	16.2462221136622	0.464737013515691	0.712888780328916
36687	15.2666666666667	16.0778334147533	16.3082600553656	0.811166748086608	1.04159338869888
36688	15.2666666666667	16.0955585409542	16.3437103077674	0.828891874287551	1.07704364110077
36689	16.0583333333333	16.1841841719589	16.2196344243608	0.125850838625606	0.161301091027497
36690	16.0583333333333	16.1841841719589	16.2196344243608	0.125850838625606	0.161301091027497
36691	16.0583333333333	16.1841841719589	16.2196344243608	0.125850838625606	0.161301091027497
36692	15.85	16.1930467350594	16.2284969874613	0.343046735059412	0.378496987461302
36693	15.85	16.1930467350594	16.2373595505618	0.343046735059412	0.387359550561774
36694	14.575	16.1575964826575	16.3702979970689	1.58259648265753	1.79529799706886
36695	14.575	16.1398713564566	16.4057482494707	1.56487135645658	1.83074824947075
36696	14.5	16.2107718612604	16.4234733756717	1.71077186126036	1.92347337567169
36697	15.4833333333333	16.1221462302556	16.5918620745807	0.638812896922305	1.10852874124733
36698	15.4833333333333	16.2284969874613	16.485511317375	0.745163654127969	1.00217798404166
36699	15.4833333333333	16.0778334147533	16.5564118221788	0.594500081419943	1.07307848884544
36700	15.4833333333333	17.2831419964175	17.6730947728383	1.79980866308417	2.18976143950494
36701	15.4833333333333	16.1398713564566	17.292004559518	0.656538023123248	1.80867122618464
36702	15.4833333333333	15.9183072789448	16.3437103077674	0.434973945611443	0.860376974434109
36704	15.5166666666667	16.0866959778537	16.5741369483797	0.57002931118708	1.05747028171305
36705	15.5166666666667	14.8636622699886	15.8651319003419	-0.653004396678087	0.348465233675274
36706	15	15.6524303859306	16.0512457254519	0.652430385930607	1.05124572545186
36708	16.1666666666667	16.0069329099495	16.2373595505618	-0.15973375671717	0.0706928838951058
36709	16.1666666666667	15.6524303859306	16.01579547305	-0.514236280736061	-0.150871193616698
36710	16.1666666666667	15.9892077837486	16.2462221136622	-0.177458882918115	0.079555446995581
36711	16.1666666666667	15.998070346849	16.2284969874613	-0.168596319817643	0.061830320794634
36712	16.1666666666667	15.8385442110405	16.1487339195571	-0.328122455626144	-0.0179327471096151
36713	16.775	15.7853688324377	16.0423831623514	-0.989631167562306	-0.732616837648614
36714	16.1666666666667	15.7765062693372	16.1044211040547	-0.390160397329449	-0.0622455626119773
36715	16.1666666666667	15.8828570265429	16.0778334147533	-0.283809640123781	-0.0888332519133925
36716	16.1666666666667	15.8739944634424	16.0689708516528	-0.292672203224255	-0.0976958150138678
36717	16.1666666666667	15.7499185800358	16.0512457254519	-0.416748086630866	-0.115420941214811
36718	16.1666666666667	15.8208190848396	16.1221462302556	-0.345847581827087	-0.0445204364110303
36719	16.1666666666667	15.7853688324377	16.0866959778537	-0.381297834228976	-0.0799706888129208
36720	16.1666666666667	16.1221462302556	16.3614354339684	-0.0445204364110303	0.194768767301717
36721	16.1666666666667	15.8296816479401	16.2196344243608	-0.336985018726615	0.0529677576941623
36722	16.1666666666667	15.8030939586386	16.2550846767627	-0.363572708028032	0.0884180100960528
36723	16.1666666666667	15.9892077837486	16.2993974922651	-0.177458882918115	0.132730825598411
36724	15.3833333333333	14.0660315909461	15.528354502524	-1.31730174238725	0.145021169190665
36725	15.875	16.0601082885523	16.485511317375	0.185108288552328	0.610511317374996
36726	15.875	16.2728098029637	16.5829995114802	0.397809802963664	0.707999511480189
36727	15.875	16.1310087933561	16.636174890083	0.256008793356109	0.761174890083026
36728	15.875	16.1310087933561	16.485511317375	0.256008793356109	0.610511317374996
36729	15.875	16.2196344243608	16.5475492590783	0.34463442436083	0.672549259078302
36730	15.875	16.0246580361504	16.3259851815665	0.149658036150441	0.450985181566494
36731	15.875	16.0778334147533	16.3082600553656	0.202833414753275	0.433260055365551
36732	15.5333333333333	16.1221462302556	16.2905349291646	0.588812896922304	0.757201595831274
36733	15.5333333333333	16.0866959778537	16.2993974922651	0.553362644520414	0.766064158931746
36734	15.5333333333333	16.0955585409542	16.4234733756717	0.562225207620886	0.890140042338357
36735	15.5333333333333	14.5623351245725	16.1930467350594	-0.970998208760808	0.659713401726078
36736	15.5333333333333	16.0689708516528	16.2462221136622	0.535637518319467	0.712888780328916
36737	15.5333333333333	16.1398713564566	16.3614354339684	0.606538023123248	0.828102100635052
36738	15.5333333333333	16.0512457254519	16.2993974922651	0.517912392118523	0.766064158931746
36739	15.5333333333333	15.9360324051457	16.1841841719589	0.402699071812386	0.650850838625606
36740	15.5333333333333	15.9537575313467	16.2550846767627	0.420424198013331	0.721751343429387
36741	15.5333333333333	15.9183072789448	16.2373595505618	0.384973945611442	0.70402621722844
36742	15.5333333333333	16.0601082885523	16.2816723660641	0.526774955218995	0.748339032730803
36743	15.5333333333333	16.0423831623514	16.3525728708679	0.509049829018052	0.81923953753458
36744	15.5333333333333	16.0689708516528	16.3259851815665	0.535637518319467	0.792651848233161
36745	15.2166666666667	16.0512457254519	16.6184497638821	0.83457905878519	1.40178309721541
36746	15.2166666666667	15.8385442110405	16.2993974922651	0.621877544373858	1.08273082559841
36747	15.3	15.9758996906041	16.2533382185312	0.67589969060411	0.953338218531158
36748	15.3	15.90893177007	16.1002686858818	0.608931770069995	0.80026868588175
36749	15.3	16.1194023774629	16.4255414427617	0.819402377462929	1.12554144276174
36750	15.3	15.9758996906041	16.186370297997	0.67589969060411	0.886370297997043
36751	15.3	16.0620013027194	16.2533382185312	0.762001302719401	0.953338218531158
36752	15.3	15.8515306953265	16.0524344569288	0.55153069532647	0.752434456928814
36753	14.925	15.8036964663735	16.0428676111382	0.87869646637353	1.11786761113823
36754	16.225	16.1289692232535	16.4446751343429	-0.0960307767464847	0.219675134342914
36755	16.225	16.23420452695	16.4925093632959	0.0092045269499792	0.267509363295851
36756	16.225	15.9758996906041	16.1672366064159	-0.249100309395891	-0.057763393584132
36757	16.4416666666667	15.5726673180264	15.9892077837486	-0.868999348640308	-0.452458882918114
36758	16.4416666666667	15.3688283667155	15.7942313955382	-1.07283829995117	-0.647435271128503
36759	16.4416666666667	15.3067904250122	15.7233308907344	-1.13487624165447	-0.71833577593228
36760	16.4416666666667	15.7056057645334	16.1221462302556	-0.736060902133225	-0.319520436411029
36761	16.4416666666667	15.5549421918254	15.9714826575476	-0.886724474841253	-0.470184009119059
36762	16.4416666666667	15.4574539977202	15.9094447158443	-0.984212668946448	-0.532221950822365
36766	14.7333333333333	14.7800439667806	14.93311349943	0.0467106334472991	0.199780166096705
36771	14.7333333333333	16.3394398306464	16.6838462791076	1.60610649731312	1.95051294577428
36772	14.7333333333333	14.77047712099	15.0192151115453	0.0371437876567118	0.285881778211996
36773	16.8	15.90893177007	16.2820387559029	-0.891068229930005	-0.517961244097076
36774	16.8	16.1576697606253	16.4064077511806	-0.642330239374719	-0.393592248819434
36775	16.8	15.7558622374206	16.1289692232535	-1.04413776257941	-0.671030776746484
36776	16.8	16.2246376811594	16.4542419801335	-0.575362318840607	-0.345758019866498
36777	16.8	16.6073115127829	16.999552190197	-0.192688487217094	0.199552190197007
36778	16.8	16.1576697606253	16.3872740595994	-0.642330239374719	-0.412725940400613
36779	16.8	16.3681403680182	16.6073115127829	-0.431859631981787	-0.192688487217094
36780	16.8	16.2246376811594	16.5307767464582	-0.575362318840607	-0.269223253541792
36781	16.8	18.5302475166911	18.8650871193616	1.73024751669106	2.06508711936164
36782	16.8	16.2246376811594	16.5499104380394	-0.575362318840607	-0.250089561960618
36783	16.8	16.1959371437876	16.4255414427617	-0.604062856212369	-0.37445855723826
36784	16.8	20.1087770721381	20.2235792216251	3.30877707213806	3.42357922162511
36785	16.8	15.9854665363947	16.23420452695	-0.814533463605301	-0.56579547305002
36786	16.8	16.1576697606253	16.4255414427617	-0.642330239374719	-0.37445855723826
36787	16.8	20.2427129132063	20.3670819084839	3.44271291320629	3.56708190848393
36788	16.8	16.3872740595994	16.6073115127829	-0.412725940400613	-0.192688487217094
36789	16.8	16.23420452695	16.4159745969712	-0.56579547305002	-0.384025403028847
36790	16.8	15.6697606253053	15.9758996906041	-1.1302393746947	-0.82410030939589
36791	15.9	14.5504396678065	14.93311349943	-1.34956033219348	-0.966886500569963
36792	15.6916666666667	15.2009851815665	15.5932258589806	-0.49068148510017	-0.0984408076860674
36793	15.6916666666667	15.6027927047712	15.9567659990229	-0.0888739618954801	0.26509933235627
36794	15.6916666666667	15.4879905552841	15.8706643869076	-0.203676111382535	0.178997720240979
36795	15.6916666666667	15.1722846441947	15.6219263963524	-0.519382022471932	-0.0697402703143055
36796	15.6916666666667	15.6027927047712	15.8897980784888	-0.0888739618954801	0.198131411822155
36797	15.9	15.6219263963524	16.0141670737665	-0.278073603647639	0.114167073766465
36798	15.6916666666667	15.4497231721218	15.7558622374206	-0.241943494544886	0.0641955707539257
36799	15.6916666666667	15.5645253216088	15.8706643869076	-0.127141345057831	0.178997720240979
36800	15.6916666666667	15.6601937795147	15.9854665363947	-0.0314728871519527	0.293799869728034
36801	15.9	15.3349210226347	15.7749959290018	-0.565078977365273	-0.125004070998234
36802	16.2333333333333	15.1818514899853	15.6123595505618	-1.05148184334801	-0.620973782771561
36803	15.7416666666667	15.9471991532323	16.186370297997	0.205532486565682	0.444703631330377
36804	16.625	15.1340172610324	15.4975574010747	-1.49098273896762	-1.12744259892528
36805	16.4	15.3349210226347	16.2820387559029	-1.06507897736527	-0.117961244097074
36806	16.4	15.9184986158606	16.2724719101123	-0.481501384139413	-0.127528089887662
36807	15.5583333333333	15.5645253216088	15.8228301579547	0.00619198827550171	0.264496824621373
36808	15.5583333333333	15.8323970037453	16.0811349943006	0.274063670411961	0.522801660967243
36809	15.5583333333333	15.1914183357759	15.4305894805406	-0.366914997557425	-0.127743852792728
36810	15.5583333333333	15.4497231721218	15.6888943168865	-0.108610161211553	0.130560983553144
36811	15.5583333333333	15.5645253216088	15.8132633121641	0.00619198827550171	0.254929978830784
36812	15.5583333333333	15.4879905552841	15.7271617000488	-0.0703427780492021	0.168828366715495
36813	15.5583333333333	15.4975574010747	15.7271617000488	-0.060775932258613	0.168828366715495
36814	15.5583333333333	15.6314932421429	15.8610975411171	0.0731599088096164	0.302764207783724
36815	15.5583333333333	15.5453916300277	15.7749959290018	-0.0129417033056747	0.216662595668433
36816	15.5583333333333	15.5358247842371	15.7654290832112	-0.022508549096262	0.207095749877846
36817	15.5583333333333	15.5071242468653	15.7367285458394	-0.0512090864680257	0.178395212506082
36818	15.5583333333333	15.58365901319	15.8132633121641	0.0253256798566763	0.254929978830784
36819	15.6916666666667	15.3349210226347	15.7749959290018	-0.356745644031939	0.0833292623351003
36820	15.6916666666667	15.4018889431688	15.7558622374206	-0.289777723497824	0.0641955707539257
36821	15.6916666666667	15.306220485263	15.9376323074418	-0.385446181403703	0.245965640775093
36822	15.6916666666667	15.1053167236606	15.9663328448135	-0.586349943006049	0.274666178146857
36823	15.7666666666667	15.6601937795147	16.1289692232535	-0.106472887151954	0.362302556586849
36824	15.5583333333333	14.5026054388536	15.0192151115453	-1.05572789447975	-0.539118221788005
36825	15.5583333333333	15.6219263963524	15.8706643869076	0.0635930630190273	0.312331053574312
36826	15.5583333333333	15.4879905552841	15.7175948542582	-0.0703427780492021	0.159261520924906
36827	13.8083333333333	15.8610975411171	16.0811349943006	2.05276420778372	2.27280166096724
36828	13.8083333333333	15.8706643869076	16.1194023774629	2.06233105357431	2.3110690441296
36829	13.8083333333333	15.5166910926559	15.8419638495359	1.70835775932256	2.03363051620255
36830	13.725	16.1221462302556	16.4146108125712	2.39714623025564	2.68961081257122
36831	16.9	15.9094447158443	16.1132836671552	-0.990555284155697	-0.786716332844833
36832	16.9	15.7144683276339	15.9803452206481	-1.18553167236609	-0.919654779351918
36833	16.9	16.0423831623514	16.2284969874613	-0.857616837648614	-0.671503012538697
36834	15.75	15.2979278619117	15.9448949682462	-0.45207213808828	0.19489496824619
36835	14.475	14.7129986972806	15.2713401726103	0.237998697280553	0.796340172610304
36836	14.475	14.6509607555772	15.3954160560169	0.175960755577249	0.920416056016915
36837	14.5	14.8991125223905	15.2979278619117	0.399112522390469	0.79792786191172
36838	14.7333333333333	15.209302230907	15.7942313955382	0.475968897573665	1.06089806220483
36839	14.5	14.9966007164957	15.7144683276339	0.496600716495664	1.21446832763391
36840	14.5	14.9966007164957	15.5017668132226	0.496600716495664	1.00176681322258
36841	16.7416666666667	16.0144276176518	16.2250773489659	-0.727239049014841	-0.516589317700724
36842	16.7416666666667	16.1373066275851	16.3391792867611	-0.604360039081605	-0.402487379905576
36843	16.6083333333333	15.6896759485426	16.2777397817945	-0.918657384790773	-0.330593551538861
36844	15.625	15.1630516202573	15.4526950008142	-0.461948379742733	-0.172304999185823
36845	15.625	15.0489496824621	15.3912554958476	-0.576050317537881	-0.23374450415244
36847	16.3166666666667	15.9880964012376	16.2952939260706	-0.328570265429107	-0.0213727405960178
36848	16.1416666666667	15.4702491450904	16.0056505455137	-0.671417521576313	-0.136016121152927
36849	14.3833333333333	14.0483064647451	14.4825720566683	-0.335026868588196	0.0992387233349419
36850	18.8166666666667	15.8610975411171	16.4446751343429	-2.95556912554961	-2.37199153232375
36851	18.8166666666667	17.0952206481029	17.5735629376323	-1.72144601856378	-1.24310372903438
36852	18.8166666666667	15.9950333821853	16.5307767464582	-2.82163328448138	-2.28588992020846
36853	18.8166666666667	19.9652743852792	20.1661781468816	1.14860771861257	1.34951148021492
36854	18.8166666666667	20.5201514411333	20.6923546653639	1.70348477446667	1.87568799869725
36855	18.8166666666667	20.271413450578	20.4149161374369	1.45474678391138	1.5982494707702
36856	18.8166666666667	15.7367285458394	16.3681403680182	-3.07993812082725	-2.44852629864845
36857	18.8166666666667	20.1661781468816	20.3862156000651	1.34951148021492	1.56954893339844
36858	18.8166666666667	16.2437713727406	17.5161618628888	-2.57289529392609	-1.30050480377792
36859	13.9	15.9758996906041	16.3203061390653	2.07589969060411	2.42030613906527
36860	14.4916666666667	15.8132633121641	16.1481029148347	1.32159664549745	1.65643624816803
36861	13.9	14.5217391304348	14.8374450415242	0.62173913043476	0.937445041524159
36862	13.9	14.5408728220159	14.818311349943	0.640872822015936	0.918311349942984
36863	13.9	16.0141670737665	16.39684090539	2.11416707376647	2.49684090538998
36864	13.9	14.5695733593877	14.77047712099	0.6695733593877	0.870477120990044
36865	13.9	15.8515306953265	16.0811349943006	1.95153069532647	2.18113499430058
36866	13.9	15.9184986158606	16.23420452695	2.01849861586058	2.33420452694998
36867	13.9	15.6314932421429	15.9471991532323	1.73149324214295	2.04719915323235
36868	13.9	15.7367285458394	16.0333007653476	1.83672854583942	2.13330076534764
36869	13.575	16.0778334147533	16.2639472398632	2.50283341475328	2.68894723986319
36870	13.575	16.0069329099495	16.1930467350594	2.4319329099495	2.61804673505941
36871	13.575	15.8119565217391	16.1132836671552	2.23695652173911	2.53828366715517
36872	13.575	15.9892077837486	16.2550846767627	2.41420778374855	2.68008467676272
36873	13.575	15.9626200944471	16.166459045758	2.38762009444714	2.591459045758
36874	13.575	16.0778334147533	16.2728098029637	2.50283341475328	2.69780980296366
36875	13.575	15.7410560169353	15.9714826575476	2.16605601693533	2.39648265754761
36876	15.7166666666667	16.334847744667	16.6184497638821	0.618181078000303	0.901783097215413
36877	15.7166666666667	16.0689708516528	16.2462221136622	0.352304184986133	0.529555446995582
36878	15.7166666666667	16.0512457254519	16.3437103077674	0.33457905878519	0.627043641100775
36879	15.7166666666667	16.1753216088585	16.4589236280736	0.458654942191801	0.742256961406911
36880	15.7166666666667	16.0955585409542	16.3082600553656	0.378891874287552	0.591593388698884
36881	16.4583333333333	16.1132836671552	16.6184497638821	-0.345049666178166	0.160116430548747
36882	13.975	14.739586386582	15.1915771047061	0.76458638658197	1.21657710470605
36884	12.9	15.528354502524	15.9714826575476	2.628354502524	3.07148265754761
36885	12.9	15.8562693372415	16.334847744667	2.95626933724147	3.43484774466697
36886	12.9	15.0054632795961	15.8562693372415	2.10546327959613	2.95626933724147
36887	12.9	15.8119565217391	16.2639472398632	2.91195652173911	3.36394723986319
36889	12.9	15.5549421918254	16.0246580361504	2.65494219182541	3.12465803615044
36900	13.3333333333333	20.2432380719752	20.4116267708842	6.90990473864188	7.07829343755086
36902	13.125	20.4559395863865	20.6243282852955	7.33093958638655	7.49932828529552
36903	13.125	20.4913898387884	20.6775036638984	7.36638983878844	7.55250366389836
36904	13.125	16.0246580361504	17.5135686370298	2.89965803615044	4.38856863702977
36905	13.125	20.4736647125875	20.6686411007979	7.3486647125875	7.54364110079788
36917	13.4916666666667	20.1812001302719	20.3230011398795	6.68953346360524	6.8313344732128
36918	13.4916666666667	20.0482616837648	20.1812001302719	6.55659501709816	6.68953346360524
36920	15.3583333333333	15.1649894154046	16.0423831623514	-0.193343917928697	0.684049829018052
36921	15.3583333333333	14.739586386582	16.2107718612604	-0.618746946751363	0.852438527927026
36922	15.3583333333333	14.083756717147	14.8193494544862	-1.27457661618631	-0.538983878847112
36924	15.3583333333333	15.1827145416056	16.0335205992509	-0.175618791727752	0.675187265917581
36925	15.3583333333333	16.1310087933561	16.2639472398632	0.772675460022777	0.90561390652986
36928	15.3583333333333	16.0335205992509	16.2107718612604	0.675187265917581	0.852438527927026
36929	15.3583333333333	15.9803452206481	16.166459045758	0.622011887314748	0.808125712424664
36931	15.9166666666667	16.1753216088585	16.4589236280736	0.258654942191802	0.542256961406911
36932	15.9166666666667	16.0335205992509	16.3880231232698	0.116853932584247	0.471356456603138
36933	17.2333333333333	16.1194023774629	16.4159745969712	-1.1139309558704	-0.817358736362181
36934	17.2333333333333	18.3771779840417	18.6737502035499	1.14384465070832	1.44041687021655
36935	17.2333333333333	16.07156814851	16.4255414427617	-1.16176518482335	-0.807791890571593
36936	17.2333333333333	19.8217716984204	19.9748412310698	2.58843836508709	2.74150789773649
36937	17.2333333333333	16.0524344569288	16.3872740595994	-1.18089887640452	-0.846059273733946
36938	16.9916666666667	19.8983064647451	20.1087770721381	2.90663979807846	3.11711040547139
36939	16.9916666666667	16.2724719101123	16.8943168865005	-0.71919475655433	-0.0973497801661232
36940	16.8416666666667	16.3394398306464	16.7890815828041	-0.502226836020217	-0.052585083862585
36941	16.725	17.7170656244911	18.903354502524	0.992065624491097	2.17835450252399
36942	16.725	18.1188731476958	18.5972154372252	1.39387314769579	1.87221543722518
36943	16.125	20.1484285946914	20.306415893177	4.02342859469139	4.18141589317698
36944	15.725	17.4515306953265	17.8237583455463	1.72653069532647	2.0987583455463
36946	15.725	17.3983553167236	17.761720403843	1.67335531672363	2.036720403843
36947	15.725	17.1856538023123	17.6553696466373	1.4606538023123	1.93036964663733
36948	15.725	17.1413409868099	17.4958435108288	1.41634098680994	1.77084351082883
36949	19.0666666666667	16.2150708353688	16.55947728383	-2.85159583129786	-2.5071893828367
36950	18.8416666666667	16.4255414427617	16.7125468164794	-2.41612522390492	-2.12911985018729
36951	18.8416666666667	16.2533382185312	16.5307767464582	-2.58832844813551	-2.31088992020846
36952	18.8416666666667	16.3777072138088	16.5977446669923	-2.46395945285786	-2.24392199967435
36953	18.8416666666667	16.3011724474841	16.5020762090864	-2.54049421918257	-2.33959045758022
36954	18.8416666666667	16.3298729848559	16.5307767464582	-2.5117936818108	-2.31088992020846
36955	18.8416666666667	20.3670819084839	20.5010177495522	1.52541524181726	1.65935108288549
36956	18.8416666666667	20.4149161374369	20.5201514411333	1.5732494707702	1.67848477446667
36957	18.8416666666667	15.9950333821853	16.2916056016935	-2.84663328448138	-2.55006106497315
36958	18.8416666666667	16.3298729848559	16.5499104380394	-2.5117936818108	-2.29175622862728
36959	18.8416666666667	16.4638088259241	16.836915811757	-2.37785784074257	-2.00475085490965
36960	18.8416666666667	16.4255414427617	16.6551457417359	-2.41612522390492	-2.18652092493081
36961	18.8416666666667	16.1385360690441	16.4733756717147	-2.70313059762256	-2.36829099495199
36962	18.8416666666667	16.1576697606253	16.4542419801335	-2.68399690604138	-2.38742468653316
36963	18.8416666666667	20.1948786842533	20.2905471421592	1.35321201758668	1.44888047549256
36964	18.8416666666667	16.0907018400912	16.4351082885523	-2.7509648265755	-2.40655837811434
36965	18.8416666666667	16.2724719101123	16.5690441296206	-2.56919475655433	-2.27262253704611
36966	18.8416666666667	20.319247679531	20.434049829018	1.47758101286432	1.59238316235138
36967	18.8416666666667	16.349006676437	16.6647125875264	-2.49265999022963	-2.17695407914023
36968	18.8416666666667	20.156611301091	20.2522797589969	1.31494463442433	1.41061309233021
36969	18.8416666666667	16.2820387559029	16.5690441296206	-2.55962791076374	-2.27262253704611
36970	18.8416666666667	16.2820387559029	16.5307767464582	-2.55962791076374	-2.31088992020846
36971	18.8416666666667	16.3872740595994	16.6551457417359	-2.45439260706728	-2.18652092493081
36972	18.8416666666667	16.3203061390653	16.55947728383	-2.52136052760139	-2.28218938283669
36973	18.8416666666667	16.4064077511806	16.6647125875264	-2.4352589154861	-2.17695407914023
36974	18.8416666666667	19.9748412310698	20.1087770721381	1.13317456440316	1.26711040547139
36975	18.8416666666667	16.4446751343429	16.7795147370135	-2.39699153232375	-2.06215192965318
36976	18.8416666666667	16.3681403680182	16.6551457417359	-2.47352629864845	-2.18652092493081
36977	18.8416666666667	16.2724719101123	16.5020762090864	-2.56919475655433	-2.33959045758022
36978	18.8416666666667	16.4255414427617	16.6360120501547	-2.41612522390492	-2.20565461651199
36979	18.8416666666667	16.39684090539	16.6551457417359	-2.44482576127669	-2.18652092493081
36980	18.8416666666667	16.3011724474841	16.5690441296206	-2.54049421918257	-2.27262253704611
36981	18.8416666666667	16.3298729848559	16.5690441296206	-2.5117936818108	-2.27262253704611
36982	18.8416666666667	16.4255414427617	16.6551457417359	-2.41612522390492	-2.18652092493081
36983	18.8416666666667	16.2724719101123	16.4733756717147	-2.56919475655433	-2.36829099495199
36984	18.8416666666667	16.2820387559029	16.4733756717147	-2.55962791076374	-2.36829099495199
36985	18.8416666666667	16.3011724474841	16.5212099006676	-2.54049421918257	-2.32045676599905
36986	18.8416666666667	16.2533382185312	16.4733756717147	-2.58832844813551	-2.36829099495199
36987	18.8416666666667	16.3107392932747	16.5881778212017	-2.53092737339198	-2.25348884546493
36988	18.8416666666667	16.3681403680182	16.6168783585735	-2.47352629864845	-2.22478830809317
36989	18.8416666666667	20.0992102263475	20.1853118384628	1.2575435596808	1.34364517179609
36990	18.8416666666667	16.1959371437876	16.4925093632959	-2.64572952287903	-2.34915730337081
36991	18.8416666666667	16.4064077511806	16.7316805080605	-2.4352589154861	-2.10998615860612
36992	18.8416666666667	16.2055039895782	16.4925093632959	-2.63616267708845	-2.34915730337081
36993	18.8416666666667	16.0046002279759	16.3011724474841	-2.83706643869079	-2.54049421918257
36994	18.8416666666667	19.7643706236769	19.9365738479075	0.922703957010231	1.09490718124081
36995	18.8416666666667	16.4351082885523	16.6647125875264	-2.40655837811434	-2.17695407914023
36996	18.8416666666667	16.3872740595994	16.7029799706888	-2.45439260706728	-2.13868669597788
36997	18.8416666666667	16.4255414427617	16.6455788959453	-2.41612522390492	-2.19608777072141
36998	18.8416666666667	16.3203061390653	16.5403435922488	-2.52136052760139	-2.30132307441787
36999	18.725	16.3681403680182	16.6455788959453	-2.35685963198179	-2.07942110405474
37000	18.725	18.5589480540628	18.7311512782934	-0.166051945937173	0.00615127829340523
37001	18.725	16.186370297997	16.55947728383	-2.53862970200296	-2.16552271617003
37002	15.9916666666667	14.9522879009933	15.2802027357108	-1.03937876567336	-0.711463930955892
37008	15.9083333333333	14.8565787331053	15.2296857189383	-1.051754600228	-0.678647614395073
37011	15.9083333333333	15.5740921673994	16.0237339195571	-0.334241165933911	0.11540058622372
37013	15.9083333333333	14.5408728220159	14.8661455788959	-1.3674605113174	-1.04218775443741
37014	15.9083333333333	14.8948461162677	15.5549584758182	-1.01348721706565	-0.353374857515087
37017	15.9083333333333	14.7130760462465	14.9905145741736	-1.19525728708682	-0.917818759159768
37020	15.9083333333333	14.8374450415242	15.6888943168865	-1.07088829180917	-0.219439016446856
37021	16.0333333333333	15.58365901319	16.0907018400912	-0.449674320143325	0.0573685067578289
37025	15.9083333333333	15.7654290832112	16.186370297997	-0.142904250122154	0.278036964663711
37026	15.3833333333333	15.1827145416056	15.5992550073278	-0.200618791727752	0.215921673994442
37028	14.6666666666667	15.4220037453183	16.0423831623514	0.755337078651664	1.37571649568472
37029	16.3	15.2201188731477	15.4975574010747	-1.07988112685233	-0.80244259892528
37030	16.3	16.4064077511806	16.7508141996417	0.106407751180566	0.450814199641727
37031	16.3	15.2679531021006	15.6793274710959	-1.03204689789939	-0.620672528904112
37032	16.3	15.5453916300277	16.2533382185312	-0.754608369972342	-0.0466617814688419
37035	16.3	16.1289692232535	16.511643054877	-0.171030776746484	0.21164305487703
37036	16.3	15.4305894805406	15.7558622374206	-0.869410519459395	-0.544137762579409
37037	16.3	15.6314932421429	16.186370297997	-0.668506757857051	-0.113629702002957
37038	16.3	15.5262579384465	15.9950333821853	-0.773742061553516	-0.304966617814713
37039	16.1	15.5740921673994	15.9567659990229	-0.525907832600579	-0.143234000977065
37041	16.1	15.4592900179124	15.7749959290018	-0.640709982087634	-0.325004070998235
37042	16.1	15.9854665363947	16.23420452695	-0.114533463605301	0.134204526949979
37043	16.3	14.8374450415242	15.25838625631	-1.46255495847584	-1.04161374368998
37044	16.3	15.6506269337241	16.1576697606253	-0.649373066275876	-0.142330239374719
37045	16.3	15.5071242468653	15.8419638495359	-0.792875753134693	-0.458036150464119
37046	16.3	15.5071242468653	15.8228301579547	-0.792875753134693	-0.477169842045294
37047	16.3	15.0479156489171	15.3923220973783	-1.25208435108291	-0.907677902621748
37048	16.3	15.2870867936818	15.6027927047712	-1.01291320631821	-0.697207295228814
37049	16.3	15.8419638495359	16.1289692232535	-0.458036150464119	-0.171030776746484
37050	17.4916666666667	15.6410600879335	15.8610975411171	-1.85060657873313	-1.63056912554961
37051	14.9833333333333	15.7056057645334	15.7676437062367	0.722272431200109	0.784310372903414
37052	14.9833333333333	15.679018075232	15.7499185800358	0.695684741898692	0.766585246702469
37053	14.9833333333333	15.8208190848396	16.1398713564566	0.837485751506248	1.15653802312325
37054	14.7666666666667	16.1575964826575	16.4234733756717	1.39092981599086	1.65680670900502
37055	14.9833333333333	15.7942313955382	16.0689708516528	0.810898062204831	1.08563751831947
37056	14.9833333333333	15.4220037453183	16.5032364435759	0.438670411984997	1.51990311024261
37057	14.9833333333333	15.8030939586386	16.1044211040547	0.819760625305303	1.12108777072136
37058	14.9833333333333	15.7056057645334	16.01579547305	0.722272431200109	1.03246213971664
37059	14.9833333333333	16.0335205992509	16.334847744667	1.05018726591758	1.35151441133364
37060	14.9833333333333	15.7853688324377	16.0069329099495	0.80203549910436	1.02359957661617
37061	14.9833333333333	16.2728098029637	16.7336630841882	1.28947646963033	1.75032975085489
37062	14.9833333333333	16.1132836671552	16.3082600553656	1.12995033382183	1.32492672203222
37063	14.7666666666667	15.9537575313467	16.2816723660641	1.18709086468	1.51500569939747
37064	14.7666666666667	15.7942313955382	16.0423831623514	1.0275647288715	1.27571649568472
37065	14.7666666666667	15.6612929490311	15.7144683276339	0.894626282364413	0.947801660967245
37066	14.7666666666667	15.9714826575476	16.2728098029637	1.20481599088094	1.506143136297
37067	14.7666666666667	16.0601082885523	16.334847744667	1.29344162188566	1.5681810780003
37068	15.0166666666667	15.7499185800358	15.9714826575476	0.733251913369134	0.95481599088094
37069	16.7833333333333	16.1481029148347	16.3681403680182	-0.63523041849864	-0.415192965315121
37070	16.7833333333333	16.3011724474841	16.4829425175053	-0.482160885849236	-0.30039081582807
37071	16.7833333333333	16.0524344569288	16.2724719101123	-0.73089887640452	-0.510861423220998
37072	16.7833333333333	15.9950333821853	16.2629050643217	-0.788299951148048	-0.520428269011589
37073	16.7833333333333	16.2437713727406	16.4925093632959	-0.539561960592764	-0.290823970037483
37074	16.7833333333333	15.9376323074418	16.2629050643217	-0.845701025891575	-0.520428269011589
37075	16.7833333333333	15.9567659990229	16.2437713727406	-0.826567334310399	-0.539561960592764
37076	16.7833333333333	16.1959371437876	16.4733756717147	-0.587396189545704	-0.309957661618657
37077	16.7833333333333	16.2437713727406	16.5499104380394	-0.539561960592764	-0.233422895293952
37078	16.7833333333333	16.2055039895782	16.39684090539	-0.577829343755116	-0.386492427943356
37079	16.7833333333333	16.0333007653476	16.2629050643217	-0.750032567985695	-0.520428269011589
37080	16.7833333333333	16.0237339195571	16.3394398306464	-0.759599413776282	-0.443893502686887
37081	16.7666666666667	16.3298729848559	16.5212099006676	-0.436793681810805	-0.245456765999048
37082	16.7666666666667	15.9471991532323	16.2055039895782	-0.819467513434317	-0.561162677088447
37083	16.7666666666667	15.8706643869076	16.1098355316723	-0.896002279759021	-0.656831134994324
37084	17.3666666666667	16.0046002279759	16.2916056016935	-1.36206643869079	-1.07506106497316
37085	17.3666666666667	16.186370297997	16.5020762090864	-1.18029636866962	-0.864590457580224
37086	17.3666666666667	16.1194023774629	16.4351082885523	-1.24726428920374	-0.931558378114339
37087	17.3666666666667	16.1768034522065	16.3872740595994	-1.18986321446021	-0.979392607067279
37088	17.3666666666667	18.6067822830158	18.8172528904087	1.2401156163491	1.45058622374203
37089	15.9333333333333	19.7643706236769	19.8887396189545	3.83103729034356	3.9554062856212
37090	15.9333333333333	16.0811349943006	16.39684090539	0.147801660967243	0.463507572056646
37091	15.9333333333333	15.9758996906041	16.1768034522065	0.0425663572707773	0.243470118873123
37092	15.9333333333333	16.2629050643217	16.511643054877	0.329571730988413	0.578309721543697
37093	14.9166666666667	15.1384017261032	15.5460796287249	0.221735059436554	0.629412962058275
37094	16.875	15.4840416870216	15.998070346849	-1.39095831297836	-0.876929653150976
37095	15.2833333333333	14.3939464256636	14.6775484448787	-0.889386907669779	-0.60578488845467
37096	15.2833333333333	14.2698705422569	14.6864110079791	-1.01346279107639	-0.596922325354196
37097	15.2833333333333	14.9257002116919	15.3067904250122	-0.357633121641447	0.0234570916788588
37098	16.975	15.468856863703	15.6219263963524	-1.50614313629704	-1.35307360364764
37099	16.975	15.4975574010747	15.6506269337241	-1.47744259892528	-1.32437306627588
37100	16.975	15.4592900179124	15.6506269337241	-1.51570998208763	-1.32437306627588
37101	16.975	14.6843755088748	14.8757124246865	-2.29062449112525	-2.09928757531349
37102	16.975	14.6939423546653	16.2246376811594	-2.28105764533466	-0.750362318840608
37103	16.975	14.6748086630842	14.8757124246865	-2.30019133691584	-2.09928757531349
37104	16.975	15.90893177007	16.1768034522065	-1.06606822993001	-0.798196547793545
37105	16.975	16.0333007653476	16.3011724474841	-0.941699234652361	-0.673827552515903
37106	16.975	14.6748086630842	14.8470118873147	-2.30019133691584	-2.12798811268526
37107	16.975	14.6461081257124	14.8374450415242	-2.3288918742876	-2.13755495847584
37109	17.4583333333333	16.2629050643217	16.5403435922488	-1.19542826901159	-0.917989741084536
37110	17.6416666666667	16.2820387559029	16.6360120501547	-1.35962791076374	-1.00565461651199
37111	17.6416666666667	16.2246376811594	16.4542419801335	-1.41702898550727	-1.18742468653316
37112	17.6416666666667	16.23420452695	16.6264452043641	-1.40746213971669	-1.01522146230258
37113	17.4583333333333	16.1481029148347	16.4638088259241	-1.31023041849864	-0.994524507409242
37114	17.4583333333333	15.9854665363947	16.2820387559029	-1.47286679693863	-1.17629457743041
37115	17.6416666666667	16.1098355316723	16.3872740595994	-1.53183113499432	-1.25439260706728
37116	17.6416666666667	16.1194023774629	16.511643054877	-1.52226428920374	-1.13002361178964
37117	17.2166666666667	16.1002686858818	16.4159745969712	-1.11639798078491	-0.800692069695511
37118	17.2166666666667	16.0811349943006	16.4542419801335	-1.13553167236609	-0.762424686533162
37119	17.2166666666667	14.4165038267383	14.7417765836183	-2.80016283992837	-2.47489008304838
37120	17.4583333333333	16.0524344569288	16.3585735222276	-1.40589887640452	-1.09975981110571
37121	17.2166666666667	16.186370297997	16.5977446669923	-1.03029636866962	-0.618921999674345
37122	17.2166666666667	14.3112685230418	16.5403435922488	-2.90539814362484	-0.676323074417869
37123	17.2166666666667	14.4547712099006	16.2629050643217	-2.76189545676602	-0.953761602344919
37124	17.2166666666667	16.0524344569288	16.3872740595994	-1.16423220973785	-0.829392607067277
37125	17.2166666666667	14.4547712099006	16.2437713727406	-2.76189545676602	-0.972895293926094
37126	17.4583333333333	14.5217391304348	16.3681403680182	-2.93659420289857	-1.09019296531512
37127	17.2166666666667	16.0333007653476	16.2820387559029	-1.18336590131902	-0.934627910763741
37128	17.2166666666667	14.3591027519948	14.6748086630842	-2.8575639146719	-2.5418580035825
37129	17.4583333333333	14.3399690604136	14.7322097378277	-3.11836427291974	-2.72612359550564
37130	17.4583333333333	14.2634342940889	14.6078407425501	-3.19489903924444	-2.85049259078328
37131	17.4583333333333	16.0333007653476	16.4064077511806	-1.42503256798569	-1.05192558215277
37132	17.4583333333333	15.9567659990229	16.3394398306464	-1.5015673343104	-1.11889350268688
37133	17.4583333333333	16.0907018400912	16.4064077511806	-1.36763149324217	-1.05192558215277
37134	17.4583333333333	16.2437713727406	16.5690441296206	-1.21456196059276	-0.889289203712774
37135	17.4583333333333	16.2150708353688	16.5690441296206	-1.24326249796453	-0.889289203712774
37136	17.2166666666667	16.1672366064159	16.4925093632959	-1.0494300602508	-0.724157303370813
37137	17.2166666666667	15.9854665363947	16.39684090539	-1.23120013027197	-0.819825761276686
37138	17.2166666666667	16.1194023774629	16.4446751343429	-1.09726428920374	-0.771991532323749
37139	17.4583333333333	16.0811349943006	16.3394398306464	-1.37719833903276	-1.11889350268688
37140	17.6416666666667	16.2055039895782	16.5977446669923	-1.43616267708845	-1.04392199967435
37141	17.2166666666667	16.1289692232535	16.4064077511806	-1.08769744341315	-0.810258915486099
37142	17.6083333333333	16.1098355316723	16.4638088259241	-1.49849780166099	-1.14452450740924
37143	17.4583333333333	16.23420452695	16.5403435922488	-1.22412880638335	-0.917989741084536
37144	17.4583333333333	16.1385360690441	16.4351082885523	-1.31979726428923	-1.023225044781
37145	17.4583333333333	14.1868995277642	16.4064077511806	-3.27143380556915	-1.05192558215277
37146	17.4583333333333	16.0620013027194	16.3777072138088	-1.39633203061393	-1.08062611952453
37147	17.4583333333333	15.9184986158606	16.2629050643217	-1.53983471747275	-1.19542826901159
37148	17.4583333333333	14.4643380556912	16.0333007653476	-2.9939952776421	-1.42503256798569
37149	17.4583333333333	16.0141670737665	16.3394398306464	-1.44416625956687	-1.11889350268688
37150	17.4583333333333	16.1672366064159	16.511643054877	-1.29109672691746	-0.946690278456302
37151	15.7666666666667	15.8897980784888	16.5212099006676	0.123131411822154	0.75454323400095
37152	15.7666666666667	15.8802312326982	16.23420452695	0.113564566031565	0.467537860283313
37153	15.7666666666667	16.0620013027194	16.3394398306464	0.295334636052734	0.572773163979781
37154	15.7666666666667	15.3923220973783	16.0811349943006	-0.374344569288414	0.314468327633909
37155	15.7666666666667	14.9522471910112	16.0333007653476	-0.814419475655454	0.266634098680973
37156	15.7666666666667	16.3011724474841	16.7125468164794	0.534505780817431	0.945880149812707
37157	15.7666666666667	16.0524344569288	16.5307767464582	0.285767790262147	0.764110079791541
37158	15.7666666666667	16.0811349943006	16.5403435922488	0.314468327633909	0.773676925582128
37159	15.7666666666667	16.0333007653476	16.511643054877	0.266634098680973	0.744976388210363
37160	16	16.1194023774629	16.4733756717147	0.119402377462929	0.473375671714678
37161	16	16.1385360690441	16.4925093632959	0.138536069044104	0.492509363295852
37162	16	16.7125468164794	17.0091190359876	0.712546816479374	1.0091190359876
37163	15.8416666666667	16.186370297997	16.6455788959453	0.344703631330377	0.803912229278593
37164	15.8416666666667	14.4643380556912	14.7130760462465	-1.37732861097543	-1.12859062042015
37165	15.8416666666667	16.0907018400912	16.4542419801335	0.249035173424497	0.612575313466836
37166	15.8416666666667	15.9184986158606	16.349006676437	0.0768319491939184	0.507340009770369
37167	15.8416666666667	16.1098355316723	16.72211366227	0.268168865005675	0.880446995603295
37168	15.8416666666667	14.5504396678065	14.8948461162677	-1.29122699886014	-0.94682055039898
37169	15.8416666666667	14.5982738967595	14.8757124246865	-1.2433927699072	-0.965954241980157
37170	15.8416666666667	14.5695733593877	14.8565787331053	-1.27209330727897	-0.985087933561331
37171	15.8416666666667	14.5887070509689	14.980947728383	-1.25295961569779	-0.860718938283689
37172	15.8416666666667	16.6168783585735	16.8464826575476	0.775211691906827	1.00481599088094
37173	15.8416666666667	16.3011724474841	16.6838462791076	0.459505780817432	0.842179612440946
37174	15.8416666666667	16.1768034522065	16.5020762090864	0.33513678553979	0.660409542419776
37175	15.8416666666667	16.186370297997	16.4925093632959	0.344703631330377	0.650842696629185
37176	15.8416666666667	16.2629050643217	16.55947728383	0.421238397655079	0.717810617163304
37177	15.8416666666667	16.3011724474841	16.6360120501547	0.459505780817432	0.794345383488006
37178	15.8416666666667	14.4069369809477	14.6843755088748	-1.43472968571896	-1.15729115779191
37179	15.8416666666667	16.2055039895782	16.5307767464582	0.363837322911552	0.689110079791542
37180	15.8416666666667	16.0333007653476	16.3872740595994	0.191634098680973	0.545607392932721
37181	15.8416666666667	14.5791402051783	14.9235466536395	-1.26252646148838	-0.918120013027217
37182	15.8416666666667	16.0428676111382	16.4064077511806	0.201200944471561	0.5647410845139
37183	15.8416666666667	14.655674971503	14.9139798078489	-1.18599169516368	-0.927686858817806
37184	15.8416666666667	14.6748086630842	16.5212099006676	-1.1668580035825	0.679543234000951
37186	14.35	15.998070346849	16.5741369483797	1.64807034684902	2.22413694837972
37187	17.025	15.7175948542582	16.0237339195571	-1.30740514574176	-1.00126608044295
37188	17.025	15.7941296205829	16.0428676111382	-1.23087037941706	-0.982132388861771
37189	17.7583333333333	15.6612929490311	16.0778334147533	-2.09704038430225	-1.68049991858006
37190	17.7583333333333	15.1649894154046	15.7676437062367	-2.5933439179287	-1.99068962709659
37191	17.7583333333333	15.7233308907344	16.1398713564566	-2.03500244259895	-1.61846197687675
37192	17.7583333333333	15.679018075232	16.0335205992509	-2.07931525810131	-1.72481273408242
37193	17.7583333333333	15.6081175704282	16.0955585409542	-2.15021576290509	-1.66277479237911
37194	17.0583333333333	15.5549421918254	15.9803452206481	-1.50339114150792	-1.07798811268525
37195	17.0583333333333	15.7233308907344	16.1044211040547	-1.33500244259895	-0.953912229278643
37196	18	15.6169801335287	16.1398713564566	-2.38301986647128	-1.86012864354342
37197	18	15.9448949682462	16.1930467350594	-2.05510503175381	-1.80695326494059
37198	18	14.5002971828692	14.9434253378928	-3.49970281713078	-3.05657466210717
37199	18	14.7573115127829	15.2890652988112	-3.24268848721709	-2.71093470118875
37200	18	14.4382592411659	14.9700130271942	-3.56174075883409	-3.02998697280575
37201	18	15.6878806383325	16.1044211040547	-2.3121193616675	-1.89557889594531
37202	18	15.9094447158443	16.1575964826575	-2.0905552841557	-1.84240351734248
37203	18	15.9271698420452	16.3082600553656	-2.07283015795475	-1.69173994463445
37204	16.6083333333333	16.0778334147533	16.4677861911741	-0.530499918580059	-0.140547142159281
37205	18	15.9714826575476	16.334847744667	-2.02851734245239	-1.66515225533303
37206	18	15.847406774141	16.2019092981599	-2.152593225859	-1.79809070184012
37207	18	15.5726673180264	16.0955585409542	-2.42733268197364	-1.90444145904578
37208	17.0583333333333	14.9611504640938	15.2447524833089	-2.09718286923956	-1.81358085002445
37209	15.9583333333333	16.0232046897899	16.2689627096564	0.0648713564565799	0.310629376323051
37210	15.9583333333333	16.1373066275851	16.330402214623	0.178973294251728	0.372068881289669
37211	15.9583333333333	16.128529555447	16.3216251424849	0.170196222113637	0.363291809151578
37212	16.2583333333333	16.1021983390327	16.2952939260706	-0.156134994300626	0.0369605927373158
37213	15.9	16.0495359062042	16.3830646474515	0.149535906204177	0.483064647451529
37214	17.7583333333333	16.01579547305	16.2639472398632	-1.74253786028336	-1.49438609347014
37215	15.4083333333333	16.01579547305	16.2019092981599	0.607462139716636	0.79357596482655
37216	15.4083333333333	15.9448949682462	16.1221462302556	0.536561634912857	0.713812896922304
37217	15.6166666666667	16.2284969874613	16.5386866959778	0.611830320794635	0.922020029311163
37218	15.6166666666667	16.6273123269826	16.8134261520925	1.01064566031589	1.1967594854258
37219	15.6166666666667	16.653900016284	16.8488764044944	1.0372333496173	1.23220973782769
37220	15.6166666666667	16.1575964826575	16.4146108125712	0.540929815990857	0.797944145904552
37221	15.6166666666667	16.1487339195571	16.3702979970689	0.532067252890386	0.753631330402193
37222	15.4916666666667	16.2196344243608	16.4589236280736	0.727967757694163	0.96725696140691
37223	15.4916666666667	15.9714826575476	16.2284969874613	0.47981599088094	0.736830320794635
37224	13.9916666666667	14.7750366389839	15.3245155512131	0.783369972317191	1.33284888454647
37225	10.2666666666667	12.354388536069	13.047777234978	2.08772186940236	2.78111056831133
37226	16.2083333333333	15.7853688324377	16.1930467350594	-0.42296450089564	-0.0152865982739208
37227	16.2083333333333	15.8917195896434	16.2019092981599	-0.316613743689974	-0.00642403517344903
37228	16.2083333333333	14.9966007164957	15.6878806383325	-1.21173261683767	-0.520452695000834
37229	16.2083333333333	15.7942313955382	16.1221462302556	-0.414101937795168	-0.0861871030776946
37230	16.2083333333333	15.3865534929164	15.9714826575476	-0.821779840416891	-0.236850675785725
37231	15.7666666666667	16.2246376811594	16.72211366227	0.457971014492726	0.955446995603294
37232	17.0083333333333	15.74629539163	16.0907018400912	-1.26203794170333	-0.917631493242169
37233	17.1333333333333	15.2802027357108	15.9094447158443	-1.85313059762256	-1.22388861748903
37234	16.0583333333333	15.9714826575476	16.5032364435759	-0.0868506757857261	0.44490311024261
37235	16.1583333333333	14.0660315909461	14.8282120175867	-2.09230174238725	-1.33012131574664
37236	15.4083333333333	14.9700130271942	15.377690929816	-0.438320306139087	-0.0306424035173638
37237	15.4083333333333	14.8813873961895	15.2358899202084	-0.526945937143807	-0.172443413124919
37238	17.525	15.8515306953265	16.1194023774629	-1.67346930467353	-1.40559762253707
37240	17.525	14.93311349943	15.2488194105194	-2.59188650056996	-2.27618058948056
37241	17.525	15.2966536394724	15.468856863703	-2.22834636052762	-2.05614313629704
37246	15.175	16.1221462302556	16.3525728708679	0.947146230255637	1.17757287086791
37247	15.175	16.0246580361504	16.2905349291646	0.849658036150441	1.11553492916461
37248	15.175	15.9537575313467	16.2196344243608	0.778757531346663	1.04463442436083
37249	15.1416666666667	16.1221462302556	16.3791605601693	0.98047956358897	1.23749389350266
37250	14.9416666666667	15.6524303859306	15.998070346849	0.710763719263941	1.05640368018236
37251	15.1416666666667	15.8739944634424	16.1398713564566	0.732327796775746	0.998204689789914
37252	15.1416666666667	15.7587811431363	16.0512457254519	0.617114476469608	0.909579058785189
37253	15.1416666666667	16.0069329099495	16.2284969874613	0.86526624328283	1.08683032079463
37254	15.1416666666667	15.7144683276339	16.0335205992509	0.572801660967245	0.891853932584246
37255	15.1416666666667	15.7676437062367	16.1398713564566	0.625977039570079	0.998204689789914
37256	15.1416666666667	15.8651319003419	16.1575964826575	0.723465233675274	1.01592981599086
37257	15.1416666666667	15.5903924442273	16.0689708516528	0.448725777560636	0.927304184986133
37258	14.85	15.8562693372415	16.1221462302556	1.00626933724147	1.27214623025564
37259	15.1416666666667	15.3422406774141	15.6701555121316	0.200574010747413	0.528488845464885
37260	15.1416666666667	16.0955585409542	16.3437103077674	0.953891874287551	1.20204364110077
37261	15.1416666666667	15.9714826575476	16.2373595505618	0.82981599088094	1.09569288389511
37262	15.1416666666667	15.7056057645334	15.9448949682462	0.563939097866774	0.803228301579523
37263	15.1416666666667	15.8562693372415	16.2639472398632	0.714602670574802	1.12228057319652
37264	15.1416666666667	15.8119565217391	16.1310087933561	0.67028985507244	0.989342126689442
37265	15.1416666666667	16.0069329099495	16.2728098029637	0.86526624328283	1.131143136297
37266	15.1416666666667	15.0497760950985	15.2979278619117	-0.0918905715681699	0.156261195245053
37267	15.1416666666667	15.9448949682462	16.1930467350594	0.803228301579523	1.05138006839274
37268	15.1416666666667	15.2447524833089	16.1310087933561	0.103085816642219	0.989342126689442
37269	15.1416666666667	16.0069329099495	16.2373595505618	0.86526624328283	1.09569288389511
37270	15.1416666666667	14.9611504640938	15.8651319003419	-0.180516202572893	0.723465233675274
37271	15.1416666666667	15.0231884057971	15.3245155512131	-0.118478260869587	0.182848884546468
37272	15.1416666666667	14.9257002116919	15.1738519785051	-0.215966454974781	0.0321853118384414
37273	15.1416666666667	16.2462221136622	16.5298241328774	1.10455544699558	1.38815746621069
37274	15.1416666666667	15.0231884057971	15.2979278619117	-0.118478260869587	0.156261195245053
37275	15.1416666666667	14.9700130271942	15.2181647940075	-0.171653639472421	0.0764981273408019
37276	15.1416666666667	15.0231884057971	15.4574539977202	-0.118478260869587	0.315787331053551
37277	15.1416666666667	16.1221462302556	16.2993974922651	0.98047956358897	1.15773082559841
37278	15.1416666666667	16.1310087933561	16.3614354339684	0.989342126689442	1.21976876730172
37279	15.1416666666667	15.7942313955382	16.1487339195571	0.652564728871496	1.00706725289039
37280	15.1416666666667	15.9448949682462	16.2019092981599	0.803228301579523	1.06024263149322
37281	15.1416666666667	15.9094447158443	16.166459045758	0.767778049177634	1.02479237909133
37282	15.1416666666667	16.2816723660641	16.5652743852792	1.14000569939747	1.42360771861258
37283	15.1416666666667	15.4397288715193	15.9360324051457	0.298062204852608	0.794365738479051
37284	15.1416666666667	15.998070346849	16.2728098029637	0.856403680182357	1.131143136297
37285	15.1416666666667	15.9803452206481	16.2196344243608	0.838678553981413	1.07796775769416
37286	15.1416666666667	16.166459045758	16.3968856863703	1.02479237909133	1.25521901970361
37287	15.1416666666667	16.0246580361504	16.2284969874613	0.882991369483774	1.08683032079463
37288	15.075	15.7765062693372	16.0423831623514	0.701506269337219	0.967383162351386
37289	15.075	15.8030939586386	16.0246580361504	0.728093958638636	0.949658036150442
37290	15.075	15.8385442110405	16.0689708516528	0.763544211040525	0.993970851652801
37291	15.075	15.8208190848396	16.01579547305	0.745819084839582	0.94079547304997
37292	15.3666666666667	15.6612929490311	15.8828570265429	0.294626282364414	0.516190359876219
37293	14.75	15.8828570265429	16.0601082885523	1.13285702654289	1.31010828855233
37294	14.75	15.679018075232	15.9448949682462	0.929018075232024	1.19489496824619
37295	14.75	15.7144683276339	15.9626200944471	0.964468327633913	1.21262009444714
37296	14.75	15.9714826575476	16.1575964826575	1.22148265754761	1.40759648265752
37297	14.75	15.9094447158443	16.166459045758	1.1594447158443	1.416459045758
37298	14.75	15.9183072789448	16.1310087933561	1.16830727894478	1.38100879335611
37299	14.75	16.0866959778537	16.3082600553656	1.33669597785375	1.55826005536555
37300	14.875	15.9714826575476	16.1487339195571	1.09648265754761	1.27373391955705
37301	14.875	15.7765062693372	15.9803452206481	0.901506269337219	1.10534522064808
37302	15.075	15.9537575313467	16.2462221136622	0.878757531346665	1.17122211366225
37304	14.3916666666667	14.3399690604136	14.6269744341312	-0.0516976062530752	0.23530776746456
37305	14.3916666666667	14.2730011398795	14.7035092004559	-0.11866552678719	0.311842533789262
37306	14.3916666666667	14.330402214623	14.6365412799218	-0.0612644520436643	0.244874613255147
37307	14.8666666666667	15.468856863703	15.8132633121641	0.60219019703629	0.946596645497451
37308	14.8666666666667	15.4305894805406	15.8036964663735	0.563922813873939	0.937029799706863
37309	14.8666666666667	14.7322097378277	14.980947728383	-0.134456928838974	0.11428106171631
37310	13.5583333333333	15.9094447158443	16.2639472398632	2.35111138251097	2.70561390652986
37311	17.8666666666667	15.1384017261032	15.9714826575476	-2.72826494056345	-1.89518400911906
37312	17.8666666666667	15.9537575313467	16.4500610649731	-1.91290913532	-1.41660560169356
37313	12.7916666666667	15.6347052597297	16.0423831623514	2.843038593063	3.25071649568472
37314	18.625	16.2462221136622	16.5918620745807	-2.37877788633775	-2.03313792541934
37315	18.625	15.5194919394235	16.0689708516528	-3.10550806057648	-2.5560291483472
37316	13.7583333333333	15.6878806383325	16.2728098029637	1.92954730499916	2.51447646963033
37317	16.1833333333333	16.1753216088585	16.8666015306953	-0.00801172447486564	0.683268197361969
37318	16.1416666666667	16.3702979970689	16.8754640937958	0.228631330402195	0.733797427129108
37319	16.1416666666667	16.3791605601693	16.7957010258915	0.237493893502666	0.654034359224859
37320	16.1416666666667	16.3968856863703	16.8666015306953	0.25521901970361	0.724934864028636
37321	16.1416666666667	16.3880231232698	16.8222887151929	0.246356456603138	0.680622048526274
37322	16.1416666666667	16.2905349291646	16.5741369483797	0.148868262497942	0.432470281713051
37323	16.1416666666667	16.3082600553656	16.7248005210877	0.166593388698885	0.583133854421082
37324	16.1416666666667	17.912383976551	18.3289244422732	1.77071730988436	2.18725777560655
37325	16.1416666666667	16.3437103077674	16.7957010258915	0.202043641100776	0.654034359224859
37326	16.1833333333333	15.8917195896434	16.2019092981599	-0.291613743689975	0.0185759648265496
37327	16.3083333333333	16.2993974922651	16.5475492590783	-0.00893584106825429	0.239215925744968
37328	16.3083333333333	20.6863662269988	21.0142810617163	4.37803289366549	4.70594772838297
37330	16.3083333333333	16.3525728708679	16.5209615697769	0.0442395375345797	0.212628236443553
37331	16.3083333333333	16.2639472398632	16.6716251424849	-0.0443860934701412	0.36329180915158
37332	16.3083333333333	20.1812001302719	20.3761765184823	3.87286679693858	4.06784318514897
37337	16.3083333333333	16.2728098029637	16.4589236280736	-0.0355235303696695	0.150590294740244
37339	16.3083333333333	14.9788755902947	15.7587811431363	-1.32945774303861	-0.549552190197058
37340	16.3083333333333	20.5888780328936	20.8990677414102	4.2805446995603	4.59073440807683
37342	16.3083333333333	16.0689708516528	16.5564118221788	-0.239362481680534	0.24807848884544
37343	16.3083333333333	16.4057482494707	16.6627625793844	0.0974149161374136	0.354429246051108
37344	16.5416666666667	15.8917195896434	16.5741369483797	-0.64994707702331	0.0324702817130493
37347	16.5416666666667	16.3880231232698	16.653900016284	-0.153643543396864	0.112233349617302
37348	16.1833333333333	15.7587811431363	16.1753216088585	-0.424552190197058	-0.00801172447486564
37349	16.1833333333333	15.7942313955382	16.0778334147533	-0.38910193779517	-0.105499918580058
