36455	1	2.96042989741085	3.05422569614069	1.96042989741085	2.05422569614069
36456	1	3.00146555935515	5.08255984367367	2.00146555935515	4.08255984367367
36457	1	2.05764533463605	2.14557889594529	1.05764533463605	1.14557889594529
36458	1	2.95456765999023	3.06008793356131	1.95456765999023	2.06008793356131
36459	1	1.9990229604299	2.03419638495359	0.999022960429897	1.03419638495359
36460	1	4.93600390815828	5.24084025403029	3.93600390815828	4.24084025403029
36461	7	6.51880801172447	6.88812896922325	-0.481191988275525	-0.111871030776746
36463	7	6.00293111871031	6.8295065950171	-0.997068881289692	-0.170493404982902
36465	7	6.57743038593063	6.99364924279433	-0.42256961406937	-0.00635075720566736
36466	7	6.80019540791402	7.08744504152418	-0.19980459208598	0.0874450415241812
36467	7	6.31362970200293	6.65363947239863	-0.686370297997069	-0.346360527601368
36468	7	6.72984855886663	6.99364924279433	-0.270151441133367	-0.00635075720566736
36469	7	6.24328285295554	6.87640449438202	-0.756717147044456	-0.123595505617978
36470	7	6.60674157303371	6.89985344406448	-0.393258426966292	-0.100146555935516
36471	7	6.7181240840254	6.93502686858818	-0.281875915974597	-0.064973131411822
36472	7	6.60674157303371	6.85881778212018	-0.393258426966292	-0.141182217879824
36473	7	6.41328773815339	6.88226673180264	-0.586712261846605	-0.117733268197362
36474	7	6.61846604787494	6.87640449438202	-0.381533952125062	-0.123595505617978
36475	7	6.32535417684416	6.68295065950171	-0.674645823155838	-0.31704934049829
36476	7	6.72398632144602	6.9819247679531	-0.276013678553982	-0.0180752320468978
36477	7	6.72984855886663	6.9819247679531	-0.270151441133367	-0.0180752320468978
36478	10	6.88812896922325	7.02882266731803	-3.11187103077675	-2.97117733268197
36479	10	6.88812896922325	7.03468490473864	-3.11187103077675	-2.96531509526136
36480	10	6.84709330727894	6.99364924279433	-3.15290669272106	-3.00635075720567
36481	10	6.85295554469956	7.00537371763556	-3.14704445530044	-2.99462628236444
36482	10	6.86468001954079	7.02882266731803	-3.13531998045921	-2.97117733268197
36483	10	7.03468490473864	7.1695163654128	-2.96531509526136	-2.8304836345872
36484	9	6.89399120664387	7.07572056668295	-2.10600879335613	-1.92427943331705
36485	9	6.97606253053249	7.15779189057157	-2.02393746946751	-1.84220810942843
36486	9	6.74157303370786	6.92330239374695	-2.25842696629214	-2.07669760625305
36487	10	6.88226673180264	7.00537371763556	-3.11773326819736	-2.99462628236444
36488	3	3.04250122129946	4.11529066927211	0.0425012212994624	1.11529066927211
36493	5	6.53639472398632	6.91744015632633	1.53639472398632	1.91744015632633
36494	5	5.97361993160723	6.10258915486077	0.97361993160723	1.10258915486077
36496	5	5.80947728383	6.28431851489985	0.809477283829995	1.28431851489985
36498	10	6.73571079628725	7.02296042989741	-3.26428920371275	-2.97703957010259
36499	11	6.038104543234	6.91744015632633	-4.961895456766	-4.08255984367367
36501	6	1.99316072300928	2.04592085979482	-4.00683927699072	-3.95407914020518
36502	6	5.25842696629213	5.79775280898876	-0.741573033707866	-0.202247191011236
36503	6	5.92085979482169	6.26086956521739	-0.0791402051783097	0.260869565217391
36504	6	5.94430874450415	6.26673180263801	-0.055691255495848	0.266731802638007
36505	6	5.83878847093307	6.09672691744016	-0.161211529066927	0.0967269174401562
36506	6	5.87396189545677	6.114313629702	-0.126038104543234	0.114313629702003
36507	6	5.99120664386908	6.36638983878847	-0.00879335613092369	0.366389838788471
36508	6	5.84465070835369	6.10258915486077	-0.155349291646312	0.102589154860771
36509	6	5.79775280898876	6.06741573033708	-0.202247191011236	0.0674157303370784
36510	6	5.89154860771861	6.13190034196385	-0.108451392281387	0.131900341963849
36511	6	5.8505129457743	6.09672691744016	-0.149487054225697	0.0967269174401562
36512	6	5.87982413287738	6.13190034196385	-0.120175867122619	0.131900341963849
36513	6	5.90327308255984	6.20224719101124	-0.0967269174401562	0.202247191011236
36514	6	5.85637518319492	6.12017586712262	-0.14362481680508	0.120175867122619
36515	6	5.96775769418661	6.36052760136786	-0.0322423058133854	0.360527601367855
36516	6	6.02638006839277	6.36638983878847	0.0263800683927702	0.366389838788471
36517	6	5.8505129457743	6.12017586712262	-0.149487054225697	0.120175867122619
36518	6	5.99120664386908	6.31949193942355	-0.00879335613092369	0.319491939423546
36519	6	5.95603321934538	6.34880312652662	-0.0439667806546167	0.348803126526624
36520	6	5.94430874450415	6.24328285295554	-0.055691255495848	0.243282852955544
36521	8	6.2256961406937	6.79433317049341	-1.7743038593063	-1.20566682950659
36522	8	6.038104543234	6.27845627747924	-1.961895456766	-1.72154372252076
36523	8	6.68881289692233	6.93502686858818	-1.31118710307767	-1.06497313141182
36524	8	6.67122618466048	6.89985344406448	-1.32877381533952	-1.10014655593552
36525	8	5.85637518319492	6.18466047874939	-2.14362481680508	-1.81533952125061
36526	8	6.02051783097215	6.35466536394724	-1.97948216902785	-1.64533463605276
36527	2	3.00146555935515	3.7342452369321	1.00146555935515	1.7342452369321
36528	2	4.85393258426966	5.14118221787982	2.85393258426966	3.14118221787982
36529	2	4.97703957010259	6.06155349291646	2.97703957010259	4.06155349291646
36530	2	4.97117733268197	5.22911577918906	2.97117733268197	3.22911577918906
36531	2	4.89496824621397	5.15876893014167	2.89496824621397	3.15876893014167
36532	2	5.72154372252076	6.48363458720078	3.72154372252076	4.48363458720078
36533	2	5.57498778700537	6.17879824132877	3.57498778700537	4.17879824132877
36534	8	5.01221299462628	5.30532486565706	-2.98778700537372	-2.69467513434294
36536	7	6.29604298974108	6.51880801172447	-0.703957010258915	-0.481191988275525
36537	7	6.79433317049341	6.91744015632633	-0.205666829506595	-0.0825598436736694
36538	6	2.96042989741085	3.07181240840254	-3.03957010258915	-2.92818759159746
36539	6	3.93942354665364	4.03321934538349	-2.06057645334636	-1.96678065461651
36540	6	3.87493893502687	4.08011724474841	-2.12506106497313	-1.91988275525159
36541	6	3.91597459697118	4.01563263312164	-2.08402540302882	-1.98436736687836
36542	6	3.85735222276502	4.01563263312164	-2.14264777723498	-1.98436736687836
36543	6	5.86809965803615	6.00879335613092	-0.13190034196385	0.0087933561309228
36544	6	5.91499755740107	6.00879335613092	-0.0850024425989258	0.0087933561309228
36545	6	5.885686370298	6.16121152906693	-0.114313629702004	0.161211529066927
36546	6	5.87982413287738	6.12017586712262	-0.120175867122619	0.120175867122619
36547	6	5.90327308255984	6.17879824132877	-0.0967269174401562	0.178798241328773
36548	6	5.99706888128969	6.26673180263801	-0.0029311187103076	0.266731802638007
36549	6	5.90913531998046	6.21397166585247	-0.090864680019541	0.213971665852467
36550	6	5.73913043478261	6.07914020517831	-0.260869565217392	0.0791402051783097
36551	6	5.92085979482169	6.31949193942355	-0.0791402051783097	0.319491939423546
36552	6	5.85637518319492	6.13190034196385	-0.14362481680508	0.131900341963849
36553	6	5.83292623351246	6.12017586712262	-0.167073766487543	0.120175867122619
36554	6	5.79189057156815	6.15534929164631	-0.208109428431852	0.155349291646312
36555	6	5.98534440644846	6.34294088910601	-0.0146555935515389	0.342940889106009
36556	6	5.82120175867123	6.14362481680508	-0.178798241328774	0.14362481680508
36557	6	5.87396189545677	6.26086956521739	-0.126038104543234	0.260869565217391
36558	6	5.84465070835369	6.12603810454323	-0.155349291646312	0.126038104543234
36559	6	5.76257938446507	6.17879824132877	-0.237420615534929	0.178798241328773
36560	6	3.08939912066439	3.5466536394724	-2.91060087933561	-2.4533463605276
36561	6	2.98974108451392	3.32388861748901	-3.01025891548608	-2.67611138251099
36562	6	5.5456765999023	5.94430874450415	-0.454323400097704	-0.055691255495848
36563	6	5.72154372252076	6.05569125549585	-0.278456277479238	0.0556912554958471
36564	6	5.66292134831461	6.17293600390816	-0.337078651685394	0.172936003908158
36566	6	2.01660967269174	2.09868099658036	-3.98339032730826	-3.90131900341964
36567	6	5.36980947728383	5.85637518319492	-0.63019052271617	-0.14362481680508
36568	6	4.9829018075232	5.12359550561798	-1.0170981924768	-0.876404494382022
36569	6	5.93258426966292	6.06741573033708	-0.0674157303370784	0.0674157303370784
36570	6	2.09281875915975	2.20420127015144	-3.90718124084025	-3.79579872984856
36571	6	5.91499755740107	6.038104543234	-0.0850024425989258	0.0381045432340006
36572	4	3.92183683439179	4.05666829506595	-0.0781631656082071	0.0566682950659505
36573	4	3.91597459697118	4.05080605764533	-0.0840254030288228	0.0508060576453344
36574	7	6.21983390327308	6.61846604787494	-0.780166096726918	-0.381533952125062
36575	7	6.87054225696141	7.01123595505618	-0.129457743038593	0.0112359550561791
36576	7	5.94430874450415	6.33707865168539	-1.05569125549585	-0.662921348314607
36577	5	5.66878358573522	6.13776257938447	0.668783585735222	1.13776257938447
36578	6	1.96971177332682	2.06350757205667	-4.03028822667318	-3.93649242794333
36580	4	5.31704934049829	6.38983878847093	1.31704934049829	2.38983878847093
36581	4	3.95701025891549	4.06253053248657	-0.0429897410845141	0.0625305324865657
36582	4	3.94528578407426	4.08597948216903	-0.054714215925745	0.0859794821690274
36583	4	5.96775769418661	6.114313629702	1.96775769418661	2.114313629702
36584	4	4.04494382022472	6.08500244259892	0.0449438202247192	2.08500244259892
36585	4	5.97948216902785	6.12603810454323	1.97948216902785	2.12603810454323
36586	4	3.94528578407426	4.10356619443087	-0.054714215925745	0.103566194430874
36587	4	3.93356130923302	4.09184171958964	-0.0664386907669763	0.0918417195896435
36588	4	3.95114802149487	4.09770395701026	-0.0488519785051293	0.0977039570102587
36589	4	3.98045920859795	6.10258915486077	-0.019540791402052	2.10258915486077
36590	4	3.98045920859795	4.0742550073278	-0.019540791402052	0.074255007327797
36591	4	3.98632144601856	4.0742550073278	-0.0136785539814364	0.074255007327797
36592	4	5.93258426966292	6.07914020517831	1.93258426966292	2.07914020517831
36593	4	3.99218368343918	4.12115290669272	-0.00781631656082071	0.121152906692721
36594	4	3.96873473375672	4.09770395701026	-0.0312652662432829	0.0977039570102587
36595	5	3.97459697117733	4.09184171958964	-1.02540302882267	-0.908158280410357
36596	5	3.97459697117733	4.0742550073278	-1.02540302882267	-0.925744992672203
36597	5	3.97459697117733	4.06839276990718	-1.02540302882267	-0.931607230092819
36598	5	3.98632144601856	4.08011724474841	-1.01367855398144	-0.919882755251588
36599	5	3.95701025891549	4.06253053248657	-1.04298974108451	-0.937469467513434
36600	5	3.97459697117733	4.09770395701026	-1.02540302882267	-0.902296042989741
36601	5	3.95701025891549	4.0742550073278	-1.04298974108451	-0.925744992672203
36602	5	3.96873473375672	4.12701514411334	-1.03126526624328	-0.872984855886664
36607	1	1.9990229604299	2.11626770884221	0.999022960429897	1.11626770884221
36608	1	4.96531509526136	5.27601367855398	3.96531509526136	4.27601367855398
36609	1	4.95359062042013	5.21739130434783	3.95359062042013	4.21739130434783
36610	1	5.00635075720567	5.4342940889106	4.00635075720567	4.4342940889106
36611	1	5.75671714704445	6.02051783097215	4.75671714704445	5.02051783097215
36612	8	6.1494870542257	6.49535906204201	-1.8505129457743	-1.50464093795799
36613	8	7.06985832926233	7.22227650219834	-0.930141670737665	-0.777723497801661
36614	8	7.13434294088911	7.48607718612604	-0.865657059110895	-0.513922813873962
36615	8	6.87640449438202	6.97020029311187	-1.12359550561798	-1.02979970688813
36616	8	7.19882755251588	7.59159745969712	-0.801172447484124	-0.408402540302882
36618	8	7.01123595505618	7.11675622862726	-0.988764044943821	-0.883243771372741
36619	8	10.0654616511969	10.2296042989741	2.06546165119687	2.22960429897411
36620	8	7.2457254518808	7.56228627259404	-0.754274548119199	-0.43771372740596
36621	8	10.0302882266732	10.200293111871	2.03028822667318	2.20029311187103
36622	8	7.06985832926233	7.3571079628725	-0.930141670737665	-0.642892037127504
36623	3	2.91939423546654	3.2066438690767	-0.0806057645334635	0.206643869076697
36624	3	3.47630679042501	3.95701025891549	0.476306790425012	0.957010258915486
36625	3	2.98974108451392	3.31802638006839	-0.0102589154860775	0.318026380068392
36626	3	2.98387884709331	3.31216414264778	-0.0161211529066927	0.312164142647777
36627	3	3.04836345872008	3.52906692721055	0.0483634587200781	0.529066927210552
36628	3	2.82559843673669	3.21836834391793	-0.174401563263312	0.218368343917929
36629	6	6.24328285295554	6.55398143624817	0.243282852955544	0.553981436248168
36630	6	6.25500732779678	6.52467024914509	0.255007327796775	0.52467024914509
36631	1	5.84465070835369	6.15534929164631	4.84465070835369	5.15534929164631
36632	1	6.28431851489985	6.61260381045432	5.28431851489985	5.61260381045432
36633	1	2.02833414753298	2.11626770884221	1.02833414753298	1.11626770884221
36634	10	6.63019052271617	6.91744015632633	-3.36980947728383	-3.08255984367367
36635	10	6.89985344406448	7.12261846604788	-3.10014655593552	-2.87738153395212
36636	1	2.02833414753298	2.21006350757206	1.02833414753298	1.21006350757206
36637	1	2.04005862237421	2.2628236443576	1.04005862237421	1.2628236443576
36638	1	2.0752320468979	2.2276502198339	1.0752320468979	1.2276502198339
36639	2	4.88324377137274	5.18221787982413	2.88324377137274	3.18221787982413
36640	4	4.96531509526136	5.25256472887152	0.965315095261358	1.25256472887152
36641	4	1.98729848558867	2.06936980947728	-2.01270151441133	-1.93063019052272
36642	4	4.91255495847582	5.36980947728383	0.912554958475818	1.36980947728383
36643	4	2.942843185149	3.04836345872008	-1.057156814851	-0.951636541279922
36644	4	1.98729848558867	2.06936980947728	-2.01270151441133	-1.93063019052272
36645	4	5.87396189545677	6.19052271617	1.87396189545677	2.19052271617
36648	2	2.01074743527113	2.2628236443576	0.0107474352711283	0.262823644357597
36649	2	1.94626282364436	3.21836834391793	-0.0537371763556425	1.21836834391793
36650	2	3.66976062530532	4.03321934538349	1.66976062530532	2.03321934538349
36651	7	3.8104543234001	4.05080605764533	-3.1895456765999	-2.94919394235467
36652	7	5.76844162188569	6.03224230581339	-1.23155837811431	-0.967757694186615
36653	7	3.04250122129946	3.38251099169516	-3.95749877870054	-3.61748900830484
36654	7	3.02491450903762	3.30630190522716	-3.97508549096238	-3.69369809477284
36655	7	3.06008793356131	3.37078651685393	-3.93991206643869	-3.62921348314607
36656	7	3.03663898387885	3.34733756717147	-3.96336101612115	-3.65266243282853
36657	7	3.05422569614069	3.30043966780655	-3.94577430385931	-3.69956033219345
36658	7	3.62872496336102	4.0390815828041	-3.37127503663898	-2.9609184171959
36659	7	5.73913043478261	5.97361993160723	-1.26086956521739	-1.02638006839277
36660	9	6.85295554469956	7.08158280410357	-2.14704445530044	-1.91841719589643
36661	9	6.76502198339033	7.02296042989741	-2.23497801660967	-1.97703957010259
36662	9	6.7532975085491	7.03468490473864	-2.2467024914509	-1.96531509526136
36663	9	6.87054225696141	7.14606741573034	-2.12945774303859	-1.85393258426966
36664	9	6.47191011235955	6.92330239374695	-2.52808988764045	-2.07669760625305
36665	9	6.66536394723986	6.94088910600879	-2.33463605276014	-2.05911089399121
36666	9	6.77088422081094	7.04640937957987	-2.22911577918906	-1.95359062042013
36667	9	6.91157791890572	7.21055202735711	-2.08842208109428	-1.78944797264289
36668	9	6.30776746458232	6.60674157303371	-2.69223253541768	-2.39325842696629
36669	9	6.51880801172447	6.95847581827064	-2.48119198827553	-2.04152418172936
36670	7	6.07914020517831	6.27259404005862	-0.92085979482169	-0.727405959941378
36671	7	6.91744015632633	7.01123595505618	-0.0825598436736694	0.0112359550561791
36672	7	6.77674645823156	7.06985832926233	-0.223253541768441	0.0698583292623347
36673	4	6.15534929164631	6.60087933561309	2.15534929164631	2.60087933561309
36674	4	6.05569125549585	6.4543234000977	2.05569125549585	2.4543234000977
36675	0	1.95798729848559	2.0752320468979	1.95798729848559	2.0752320468979
36676	6	5.52808988764045	5.97361993160723	-0.47191011235955	-0.0263800683927702
36677	6	5.95603321934538	6.23155837811431	-0.0439667806546167	0.231558378114314
36678	6	5.99120664386908	6.32535417684416	-0.00879335613092369	0.325354176844162
36679	6	6.20224719101124	6.60674157303371	0.202247191011236	0.606741573033708
36680	6	6.04982901807523	6.38983878847093	0.0498290180752319	0.389838788470933
36681	6	6.07914020517831	6.30776746458232	0.0791402051783097	0.307767464582316
36682	6	6.17879824132877	6.52467024914509	0.178798241328773	0.52467024914509
36683	6	5.885686370298	6.16121152906693	-0.114313629702004	0.161211529066927
36684	6	5.67464582315584	6.02051783097215	-0.325354176844162	0.0205178309721541
36685	6	6.01465559355154	6.32535417684416	0.0146555935515389	0.325354176844162
36686	6	5.99120664386908	6.24328285295554	-0.00879335613092369	0.243282852955544
36687	6	5.75671714704445	6.02638006839277	-0.243282852955545	0.0263800683927702
36688	6	5.80361504640938	6.06741573033708	-0.196384953590621	0.0674157303370784
36689	8	6.7181240840254	6.88812896922325	-1.2818759159746	-1.11187103077675
36690	8	6.72984855886663	6.87640449438202	-1.27015144113337	-1.12359550561798
36691	8	6.76502198339033	6.91744015632633	-1.23497801660967	-1.08255984367367
36692	8	6.43087445041524	6.55984367366878	-1.56912554958476	-1.44015632633122
36693	8	6.80019540791402	6.97020029311187	-1.19980459208598	-1.02979970688813
36694	10	6.21983390327308	6.61846604787494	-3.78016609672692	-3.38153395212506
36695	10	6.00293111871031	6.2256961406937	-3.99706888128969	-3.7743038593063
36696	10	5.92672203224231	6.26086956521739	-4.07327796775769	-3.73913043478261
36697	6	5.92672203224231	6.3781143136297	-0.0732779677576945	0.378114313629702
36698	6	6.04396678065462	6.33707865168539	0.0439667806546167	0.337078651685393
36699	6	5.59843673668784	5.99706888128969	-0.401563263312164	-0.0029311187103076
36700	6	5.59843673668784	6.09086468001954	-0.401563263312164	0.090864680019541
36701	6	6.17293600390816	6.60087933561309	0.172936003908158	0.600879335613092
36702	6	5.92085979482169	6.40742550073278	-0.0791402051783097	0.40742550073278
36704	5	5.7743038593063	6.3781143136297	0.774303859306301	1.3781143136297
36705	5	1.97557401074744	2.09281875915975	-3.02442598925256	-2.90718124084025
36706	7	2.96629213483146	3.99804592085979	-4.03370786516854	-3.00195407914021
36708	7	6.01465559355154	6.21983390327308	-0.985344406448461	-0.780166096726918
36709	7	4.98876404494382	5.19394235466536	-2.01123595505618	-1.80605764533464
36710	7	5.00635075720567	5.10600879335613	-1.99364924279433	-1.89399120664387
36711	7	5.89741084513923	6.08500244259892	-1.10258915486077	-0.914997557401075
36712	7	5.84465070835369	6.02638006839277	-1.15534929164631	-0.97361993160723
36713	8	6.00879335613092	6.09086468001954	-1.99120664386908	-1.90913531998046
36714	7	5.89741084513923	6.10845139228139	-1.10258915486077	-0.891548607718613
36715	7	5.81533952125061	5.99120664386908	-1.18466047874939	-1.00879335613092
36716	7	4.00977039570103	4.11529066927211	-2.99022960429897	-2.88470933072789
36717	7	5.86809965803615	6.07327796775769	-1.13190034196385	-0.926722032242306
36718	7	3.76355642403517	4.11529066927211	-3.23644357596483	-2.88470933072789
36719	7	3.6990718124084	4.10942843185149	-3.3009281875916	-2.89057156814851
36720	7	5.95603321934538	6.114313629702	-1.04396678065462	-0.885686370297997
36721	7	2.89594528578407	3.18905715681485	-4.10405471421593	-3.81094284318515
36722	7	2.98387884709331	3.32975085490962	-4.01612115290669	-3.67024914509038
36723	7	2.95456765999023	3.17733268197362	-4.04543234000977	-3.82266731802638
36724	0	6.02638006839277	6.50708353688324	6.02638006839277	6.50708353688324
36725	7	6.39570102589155	7.0581338544211	-0.604298974108452	0.0581338544211043
36726	7	6.10258915486077	6.36052760136786	-0.897410845139229	-0.639472398632145
36727	7	5.86223742061553	6.07914020517831	-1.13776257938447	-0.92085979482169
36728	7	5.99706888128969	6.31362970200293	-1.00293111871031	-0.686370297997069
36729	7	5.86809965803615	6.15534929164631	-1.13190034196385	-0.844650708353688
36730	7	5.93258426966292	6.07914020517831	-1.06741573033708	-0.92085979482169
36731	7	5.00048851978505	6.00293111871031	-1.99951148021495	-0.997068881289692
36732	9	6.87640449438202	7.0581338544211	-2.12359550561798	-1.9418661455789
36733	9	6.85881778212018	7.07572056668295	-2.14118221787982	-1.92427943331705
36734	9	6.98778700537372	7.21641426477772	-2.01221299462628	-1.78358573522228
36735	9	6.87640449438202	7.07572056668295	-2.12359550561798	-1.92427943331705
36736	9	6.86468001954079	7.02882266731803	-2.13531998045921	-1.97117733268197
36737	9	6.9819247679531	7.25744992672203	-2.0180752320469	-1.74255007327797
36738	9	6.88226673180264	7.12848070346849	-2.11773326819736	-1.87151929653151
36739	9	6.85295554469956	7.0581338544211	-2.14704445530044	-1.9418661455789
36740	9	6.83536883243771	7.07572056668295	-2.16463116756229	-1.92427943331705
36741	9	6.92330239374695	7.13434294088911	-2.07669760625305	-1.86565705911089
36742	9	6.99364924279433	7.21055202735711	-2.00635075720567	-1.78944797264289
36743	9	7.01123595505618	7.26331216414265	-1.98876404494382	-1.73668783585735
36744	9	6.95847581827064	7.14020517830972	-2.04152418172936	-1.85979482169028
36745	5	3.86907669760625	5.14704445530044	-1.13092330239375	0.147044455300439
36746	5	5.76844162188569	6.26673180263801	0.768441621885686	1.26673180263801
36747	10	6.55984367366878	7.0581338544211	-3.44015632633122	-2.9418661455789
36748	10	6.68881289692233	6.96433805569126	-3.31118710307767	-3.03566194430874
36749	10	7.4333170493405	7.90229604298974	-2.5666829506595	-2.09770395701026
36750	10	7.22813873961895	7.7733268197362	-2.77186126038105	-2.2266731802638
36751	10	7.30434782608696	7.63263312164143	-2.69565217391304	-2.36736687835857
36752	10	6.87640449438202	7.0933072789448	-3.12359550561798	-2.9066927210552
36753	11	5.20566682950659	5.79775280898876	-5.79433317049341	-5.20224719101124
36754	10	6.91157791890572	7.03468490473864	-3.08842208109428	-2.96531509526136
36755	10	6.29604298974108	6.99951148021495	-3.70395701025892	-3.00048851978505
36756	10	9.93649242794333	10.0420127015144	-0.0635075720566682	0.0420127015144107
36757	7	6.038104543234	6.41914997557401	-0.961895456765999	-0.580850024425989
36758	7	6.61260381045432	6.91157791890572	-0.387396189545677	-0.0884220810942846
36759	7	6.21397166585247	6.53053248656571	-0.786028334147533	-0.469467513434294
36760	7	6.48363458720078	6.85295554469956	-0.516365412799218	-0.14704445530044
36761	7	5.84465070835369	6.27845627747924	-1.15534929164631	-0.721543722520762
36762	7	6.76502198339033	6.97020029311187	-0.234978016609673	-0.0297997068881291
36766	12	9.99511480214949	10.1827063996092	-2.00488519785051	-1.81729360039082
36771	12	10.0713238886175	10.2530532486566	-1.92867611138251	-1.74694675134343
36772	12	10.0537371763556	10.2530532486566	-1.94626282364436	-1.74694675134343
36773	11	6.31949193942355	6.74743527112848	-4.68050806057645	-4.25256472887152
36774	11	6.3019052271617	6.7532975085491	-4.6980947728383	-4.2467024914509
36775	11	5.80947728383	6.07327796775769	-5.19052271617	-4.92672203224231
36776	11	6.84709330727894	7.28089887640449	-4.15290669272106	-3.71910112359551
36777	11	7.45090376160235	7.90815828041036	-3.54909623839765	-3.09184171958964
36778	11	7.1695163654128	7.6619443087445	-3.8304836345872	-3.3380556912555
36779	11	7.68539325842697	7.97850512945774	-3.31460674157303	-3.02149487054226
36780	11	7.16365412799218	7.71470444553004	-3.83634587200782	-3.28529555446996
36781	11	6.8295065950171	7.33952125061065	-4.1704934049829	-3.66047874938935
36782	11	6.83536883243771	7.3219345383488	-4.16463116756229	-3.6780654616512
36783	11	7.35124572545188	7.73815339521251	-3.64875427454812	-3.26184660478749
36784	11	6.31949193942355	6.89399120664387	-4.68050806057645	-4.10600879335613
36785	11	6.08500244259892	6.46604787493894	-4.91499755740108	-4.53395212506106
36786	11	6.30776746458232	6.88226673180264	-4.69223253541768	-4.11773326819736
36787	11	7.12848070346849	7.57987298485589	-3.87151929653151	-3.42012701514411
36788	11	7.57987298485589	7.87298485588666	-3.42012701514411	-3.12701514411334
36789	11	6.8295065950171	7.07572056668295	-4.1704934049829	-3.92427943331705
36790	11	5.92085979482169	6.17293600390816	-5.07914020517831	-4.82706399609184
36791	7	5.92085979482169	6.02638006839277	-1.07914020517831	-0.97361993160723
36792	7	5.961895456766	6.07914020517831	-1.038104543234	-0.92085979482169
36793	7	6.038104543234	6.14362481680508	-0.961895456765999	-0.85637518319492
36794	7	6.06155349291646	6.16121152906693	-0.938446507083537	-0.838788470933073
36795	7	6.02638006839277	6.13776257938447	-0.97361993160723	-0.862237420615535
36796	7	6.00879335613092	6.08500244259892	-0.991206643869077	-0.914997557401075
36797	7	6.02638006839277	6.15534929164631	-0.97361993160723	-0.844650708353688
36798	7	5.98534440644846	6.09086468001954	-1.01465559355154	-0.909135319980459
36799	7	6.02051783097215	6.12603810454323	-0.979482169027846	-0.873961895456766
36800	7	6.00879335613092	6.13776257938447	-0.991206643869077	-0.862237420615535
36801	7	6.02051783097215	6.10845139228139	-0.979482169027846	-0.891548607718613
36802	8	5.98534440644846	6.09672691744016	-2.01465559355154	-1.90327308255984
36803	7	6.01465559355154	6.10845139228139	-0.985344406448461	-0.891548607718613
36804	7	5.961895456766	6.04982901807523	-1.038104543234	-0.950170981924768
36805	8	5.96775769418661	6.07327796775769	-2.03224230581339	-1.92672203224231
36806	8	6.92330239374695	7.03468490473864	-1.07669760625305	-0.965315095261358
36807	7	6.02051783097215	6.13190034196385	-0.979482169027846	-0.868099658036151
36808	7	6.88812896922325	6.99951148021495	-0.111871030776746	-0.000488519785051267
36809	7	6.00293111871031	6.09672691744016	-0.997068881289692	-0.903273082559844
36810	7	5.99120664386908	6.09086468001954	-1.00879335613092	-0.909135319980459
36811	7	6.02638006839277	6.12017586712262	-0.97361993160723	-0.879824132877381
36812	7	6.02051783097215	6.114313629702	-0.979482169027846	-0.885686370297997
36813	7	6.92330239374695	7.0170981924768	-0.0766976062530533	0.0170981924767952
36814	7	6.92916463116756	7.02296042989741	-0.0708353688324381	0.0229604298974104
36815	7	7.79091353199805	7.89643380556913	0.790913531998045	0.896433805569125
36816	7	5.99706888128969	6.09672691744016	-1.00293111871031	-0.903273082559844
36817	7	6.05569125549585	6.16121152906693	-0.944308744504153	-0.838788470933073
36818	7	6.89985344406448	6.99951148021495	-0.100146555935516	-0.000488519785051267
36819	7	5.99706888128969	6.09672691744016	-1.00293111871031	-0.903273082559844
36820	7	6.00879335613092	6.114313629702	-0.991206643869077	-0.885686370297997
36821	7	7.06399609184172	7.14606741573034	0.0639960918417195	0.146067415730337
36822	7	7.07572056668295	7.16365412799218	0.0757205666829508	0.163654127992183
36823	7	6.07327796775769	6.24914509037616	-0.926722032242306	-0.75085490962384
36824	7	8.04885197850513	8.1895456765999	1.04885197850513	1.1895456765999
36825	7	6.03224230581339	6.1494870542257	-0.967757694186615	-0.850512945774304
36826	7	6.02638006839277	6.13776257938447	-0.97361993160723	-0.862237420615535
36827	10	6.53053248656571	6.81778212017587	-3.46946751343429	-3.18221787982413
36828	10	6.79433317049341	6.94675134342941	-3.20566682950659	-3.05324865657059
36829	10	6.78260869565217	6.92330239374695	-3.21739130434783	-3.07669760625305
36830	4	5.89154860771861	6.23742061553493	1.89154860771861	2.23742061553493
36831	11	6.91157791890572	7.03468490473864	-4.08842208109428	-3.96531509526136
36832	11	6.68295065950171	6.89985344406448	-4.31704934049829	-4.10014655593552
36833	11	7.74401563263312	7.94919394235466	-3.25598436736688	-3.05080605764534
36834	4	3.95114802149487	4.0742550073278	-0.0488519785051293	0.074255007327797
36835	4	3.92183683439179	4.0390815828041	-0.0781631656082071	0.0390815828041031
36836	4	3.91597459697118	4.03321934538349	-0.0840254030288228	0.0332193453834879
36837	4	2.95456765999023	3.08939912066439	-1.04543234000977	-0.910600879335613
36838	4	3.92769907181241	4.04494382022472	-0.0723009281875919	0.0449438202247192
36839	4	3.91597459697118	4.03321934538349	-0.0840254030288228	0.0332193453834879
36840	4	2.91939423546654	3.06008793356131	-1.08060576453346	-0.939912066438691
36841	4	3.9628724963361	4.09184171958964	-0.0371275036638985	0.0918417195896435
36842	4	3.97459697117733	6.114313629702	-0.0254030288226677	2.114313629702
36843	4	2.90180752320469	3.15388373229116	-1.09819247679531	-0.846116267708842
36844	0	2.93111871030777	3.06595017098192	2.93111871030777	3.06595017098192
36845	0	2.91939423546654	3.08353688324377	2.91939423546654	3.08353688324377
36847	3	3.76355642403517	4.06839276990718	0.763556424035174	1.06839276990718
36848	3	2.80801172447484	3.24767953102101	-0.191988275525159	0.247679531021006
36849	6	5.75085490962384	5.95603321934538	-0.24914509037616	-0.0439667806546167
36850	3	2.73766487542745	3.15974596971177	-0.262335124572545	0.159745969711773
36851	3	2.85490962383977	3.74596971177333	-0.145090376160235	0.745969711773327
36852	3	3.03663898387885	4.06839276990718	0.0366389838788468	1.06839276990718
36853	3	2.74352711284807	3.16560820713239	-0.25647288715193	0.165608207132389
36854	3	5.45188080117245	6.14362481680508	2.45188080117245	3.14362481680508
36855	3	6.03224230581339	6.49535906204201	3.03224230581339	3.49535906204201
36856	3	2.80801172447484	3.15974596971177	-0.191988275525159	0.159745969711773
36857	3	6.14362481680508	6.67122618466048	3.14362481680508	3.67122618466048
36858	3	5.41670737664875	6.12603810454323	2.41670737664875	3.12603810454323
36859	12	10.2706399609184	10.5696140693698	-1.72936003908158	-1.43038593063019
36860	12	6.95261358085002	9.16267708842208	-5.04738641914998	-2.83732291157792
36861	12	9.90131900341964	10.3820224719101	-2.09868099658036	-1.61797752808989
36862	12	6.93502686858818	7.0581338544211	-5.06497313141182	-4.9418661455789
36863	12	6.96433805569126	7.19296531509526	-5.03566194430874	-4.80703468490474
36864	12	6.96433805569126	7.12261846604788	-5.03566194430874	-4.87738153395212
36865	12	6.78260869565217	6.97606253053249	-5.21739130434783	-5.02393746946751
36866	12	6.9057156814851	7.14606741573034	-5.0942843185149	-4.85393258426966
36867	12	6.83536883243771	6.97606253053249	-5.16463116756229	-5.02393746946751
36868	12	6.68295065950171	6.97606253053249	-5.31704934049829	-5.02393746946751
36869	10	7.00537371763556	7.16365412799218	-2.99462628236444	-2.83634587200782
36870	10	7.80263800683928	7.9609184171959	-2.19736199316072	-2.0390815828041
36871	10	6.99951148021495	7.84367366878359	-3.00048851978505	-2.15632633121641
36872	10	7.0170981924768	7.86126038104543	-2.9829018075232	-2.13873961895457
36873	10	7.73229115779189	7.89643380556913	-2.26770884220811	-2.10356619443087
36874	10	6.97020029311187	7.13434294088911	-3.02979970688813	-2.86565705911089
36875	10	7.13434294088911	7.23986321446019	-2.86565705911089	-2.76013678553981
36876	11	6.73571079628725	7.0581338544211	-4.26428920371275	-3.9418661455789
36877	11	6.92330239374695	7.12261846604788	-4.07669760625305	-3.87738153395212
36878	11	6.9057156814851	7.04640937957987	-4.0942843185149	-3.95359062042013
36879	11	7.68539325842697	7.94333170493405	-3.31460674157303	-3.05666829506595
36880	11	6.88812896922325	7.08158280410357	-4.11187103077675	-3.91841719589643
36881	2	2.94870542256961	3.41768441621886	0.948705422569614	1.41768441621886
36882	5	1.96971177332682	2.04592085979482	-3.03028822667318	-2.95407914020518
36884	1	5.65705911089399	5.91499755740107	4.65705911089399	4.91499755740107
36885	1	5.73913043478261	6.03224230581339	4.73913043478261	5.03224230581339
36886	1	1.84660478749389	2.18661455788959	0.846604787493893	1.18661455788959
36887	1	3.72838299951148	4.23253541768442	2.72838299951148	3.23253541768442
36889	1	5.75085490962384	6.01465559355154	4.75085490962384	5.01465559355154
36900	7	5.70395701025892	6.19638495359062	-1.29604298974108	-0.80361504640938
36902	5	2.03419638495359	3.10112359550562	-2.96580361504641	-1.89887640449438
36903	5	2.4152418172936	4.58426966292135	-2.5847581827064	-0.415730337078652
36904	5	4.72496336101612	5.52808988764045	-0.275036638983879	0.52808988764045
36905	5	2.50903761602345	4.95359062042013	-2.49096238397655	-0.046409379579873
36917	7	5.69223253541768	6.16707376648754	-1.30776746458232	-0.832926233512458
36918	7	6.01465559355154	6.61846604787494	-0.985344406448461	-0.381533952125062
36920	8	5.65119687347338	6.38983878847093	-2.34880312652662	-1.61016121152907
36921	8	6.3019052271617	7.13434294088911	-1.6980947728383	-0.865657059110895
36922	8	3.71079628724963	4.14460185637518	-4.28920371275037	-3.85539814362482
36924	8	5.63947239863214	6.40742550073278	-2.36052760136786	-1.59257449926722
36925	8	6.8295065950171	6.94675134342941	-1.1704934049829	-1.05324865657059
36928	8	3.97459697117733	4.1504640937958	-4.02540302882267	-3.8495359062042
36929	8	5.92085979482169	6.03224230581339	-2.07914020517831	-1.96775769418661
36931	11	6.23155837811431	6.74743527112848	-4.76844162188569	-4.25256472887152
36932	11	6.61846604787494	6.95261358085002	-4.38153395212506	-4.04738641914998
36933	9	5.99120664386908	6.33707865168539	-3.00879335613092	-2.66292134831461
36934	9	6.91157791890572	7.36883243771373	-2.08842208109428	-1.63116756228627
36935	9	5.98534440644846	6.33707865168539	-3.01465559355154	-2.66292134831461
36936	9	7.60918417195896	8.04298974108451	-1.39081582804104	-0.957010258915487
36937	11	6.00879335613092	6.41914997557401	-4.99120664386908	-4.58085002442599
36938	7	6.81191988275525	7.23400097703957	-0.188080117244748	0.23400097703957
36939	7	5.73913043478261	6.114313629702	-1.26086956521739	-0.885686370297997
36940	7	6.51294577430386	7.1695163654128	-0.487054225696141	0.169516365412799
36941	7	7.35124572545188	9.00439667806546	0.35124572545188	2.00439667806546
36942	7	6.43087445041524	7.34538348803127	-0.569125549584759	0.345383488031265
36943	3	2.00488519785051	2.13971665852467	-0.995114802149487	-0.86028334147533
36944	2	2.7552515876893	3.16560820713239	0.755251587689301	1.16560820713239
36946	2	2.89594528578407	3.37078651685393	0.895945285784074	1.37078651685393
36947	2	2.87835857352223	3.21836834391793	0.878358573522227	1.21836834391793
36948	2	2.97801660967269	3.32975085490962	0.978016609672692	1.32975085490962
36949	7	6.73571079628725	7.06399609184172	-0.26428920371275	0.0639960918417195
36950	6	6.71226184660479	7.07572056668295	0.712261846604787	1.07572056668295
36951	6	6.63605276013678	7.04640937957987	0.636052760136785	1.04640937957987
36952	6	6.61846604787494	6.98778700537372	0.618466047874938	0.987787005373717
36953	6	6.81778212017587	7.05227161700049	0.817782120175867	1.05227161700049
36954	6	6.8295065950171	7.06399609184172	0.829506595017098	1.06399609184172
36955	6	5.17635564240352	5.66878358573522	-0.823644357596483	-0.331216414264778
36956	6	5.32291157791891	5.71568148510015	-0.677088422081095	-0.284318514899853
36957	6	5.5867122618466	5.92672203224231	-0.413287738153396	-0.0732779677576945
36958	6	6.94088910600879	7.19296531509526	0.940889106008793	1.19296531509526
36959	6	6.13190034196385	6.8295065950171	0.131900341963849	0.829506595017098
36960	6	6.86468001954079	7.15192965315095	0.864680019540791	1.15192965315095
36961	6	5.68637029799707	6.00293111871031	-0.313629702002931	0.0029311187103076
36962	6	5.53981436248168	5.885686370298	-0.46018563751832	-0.114313629702004
36963	6	5.45188080117245	5.81533952125061	-0.548119198827552	-0.18466047874939
36964	6	5.2467024914509	5.60429897410845	-0.753297508549096	-0.395701025891549
36965	6	5.42843185148998	5.78602833414753	-0.571568148510015	-0.213971665852467
36966	6	5.66878358573522	6.04396678065462	-0.331216414264778	0.0439667806546167
36967	6	6.46018563751832	6.95847581827064	0.460185637518319	0.95847581827064
36968	6	5.18808011724475	5.61602344894968	-0.811919882755252	-0.383976551050318
36969	6	5.55740107474353	5.85637518319492	-0.442598925256473	-0.14362481680508
36970	6	6.42501221299463	6.95261358085002	0.425012212994626	0.952613580850024
36971	6	6.87054225696141	7.14606741573034	0.870542256961407	1.14606741573034
36972	6	6.28431851489985	6.89399120664387	0.284318514899853	0.893991206643869
36973	6	6.92330239374695	7.21055202735711	0.923302393746947	1.21055202735711
36974	6	5.75085490962384	6.04396678065462	-0.24914509037616	0.0439667806546167
36975	6	7.00537371763556	7.84367366878359	1.00537371763556	1.84367366878359
36976	6	6.85881778212018	7.14020517830972	0.858817782120176	1.14020517830972
36977	6	6.89985344406448	7.17537860283341	0.899853444064484	1.17537860283341
36978	6	7.09916951636541	7.40400586223742	1.09916951636541	1.40400586223742
36979	6	6.89399120664387	7.14020517830972	0.893991206643869	1.14020517830972
36980	6	6.89985344406448	7.14020517830972	0.899853444064484	1.14020517830972
36981	6	6.8295065950171	7.0581338544211	0.829506595017098	1.0581338544211
36982	6	6.96433805569126	7.22227650219834	0.964338055691256	1.22227650219834
36983	6	6.80019540791402	7.01123595505618	0.80019540791402	1.01123595505618
36984	6	6.78260869565217	7.01123595505618	0.782608695652174	1.01123595505618
36985	6	6.81778212017587	7.08158280410357	0.817782120175867	1.08158280410357
36986	6	6.7532975085491	6.98778700537372	0.753297508549096	0.987787005373717
36987	6	6.81778212017587	7.11675622862726	0.817782120175867	1.11675622862726
36988	6	6.87640449438202	7.11675622862726	0.876404494382022	1.11675622862726
36989	6	5.36394723986321	5.84465070835369	-0.636052760136786	-0.155349291646312
36990	6	6.7532975085491	7.08158280410357	0.753297508549096	1.08158280410357
36991	6	6.61260381045432	7.09916951636541	0.612603810454323	1.09916951636541
36992	6	6.00293111871031	6.29018075232047	0.0029311187103076	0.290180752320468
36993	6	5.57498778700537	5.85637518319492	-0.425012212994626	-0.14362481680508
36994	6	6.9819247679531	7.29262335124572	0.981924767953102	1.29262335124572
36995	6	7.04640937957987	7.36883243771373	1.04640937957987	1.36883243771373
36996	6	6.9057156814851	7.22813873961895	0.9057156814851	1.22813873961895
36997	6	7.04054714215926	7.3571079628725	1.04054714215926	1.3571079628725
36998	6	6.89399120664387	7.12848070346849	0.893991206643869	1.12848070346849
36999	4	6.32535417684416	6.78847093307279	2.32535417684416	2.78847093307279
37000	4	6.84709330727894	7.14020517830972	2.84709330727894	3.14020517830972
37001	4	5.2818759159746	5.60429897410845	1.2818759159746	1.60429897410845
37002	2	2.00488519785051	2.11040547142159	0.00488519785051267	0.110405471421593
37008	12	10.1944308744504	10.4582315583781	-1.80556912554959	-1.54176844162189
37011	12	7.0170981924768	7.43917928676111	-4.9829018075232	-4.56082071323889
37013	12	6.94088910600879	7.08158280410357	-5.05911089399121	-4.91841719589643
37014	12	7.31607230092819	7.96678065461651	-4.68392769907181	-4.03321934538349
37017	12	6.89985344406448	7.08744504152418	-5.10014655593552	-4.91255495847582
37020	12	7.42745481191988	8.06057645334636	-4.57254518808012	-3.93942354665364
37021	12	9.94821690278456	10.276502198339	-2.05178309721544	-1.72349780166097
37025	12	6.9057156814851	7.32779677576942	-5.0942843185149	-4.67220322423058
37026	2	3.80459208597948	4.06253053248657	1.80459208597948	2.06253053248657
37028	4	3.93356130923302	4.05666829506595	-0.0664386907669763	0.0566682950659505
37029	11	9.90131900341964	10.124084025403	-1.09868099658036	-0.875915974596971
37030	11	6.96433805569126	7.22813873961895	-4.03566194430874	-3.77186126038105
37031	11	7.52125061064973	7.93746946751343	-3.47874938935027	-3.06253053248657
37032	11	7.04640937957987	10.1592574499267	-3.95359062042013	-0.840742550073278
37035	11	7.06985832926233	7.37469467513434	-3.93014167073767	-3.62530532486566
37036	11	10.0009770395701	10.2589154860772	-0.999022960429897	-0.741084513922814
37037	11	9.97752808988764	10.2354665363947	-1.02247191011236	-0.764533463605277
37038	11	9.99511480214949	10.1885686370298	-1.00488519785051	-0.8114313629702
37039	11	6.89399120664387	7.03468490473864	-4.10600879335613	-3.96531509526136
37041	11	6.80605764533464	7.29848558866634	-4.19394235466536	-3.70151441133366
37042	11	7.59745969711773	7.87884709330728	-3.40254030288227	-3.12115290669272
37043	11	6.92916463116756	7.06399609184172	-4.07083536883244	-3.93600390815828
37044	11	10.0244259892526	10.2237420615535	-0.975574010747435	-0.776257938446507
37045	11	10.0889106008793	10.3585735222276	-0.911089399120664	-0.641426477772351
37046	11	7.6971177332682	7.99022960429897	-3.3028822667318	-3.00977039570103
37047	11	7.04054714215926	7.41573033707865	-3.95945285784074	-3.58426966292135
37048	11	7.66780654616512	7.96678065461651	-3.33219345383488	-3.03321934538349
37049	11	6.81191988275525	7.21055202735711	-4.18808011724475	-3.78944797264289
37050	9	5.94430874450415	6.14362481680508	-3.05569125549585	-2.85637518319492
37051	7	6.79433317049341	6.94088910600879	-0.205666829506595	-0.0591108939912068
37052	7	6.79433317049341	6.92916463116756	-0.205666829506595	-0.0708353688324381
37053	7	5.91499755740107	6.19052271617	-1.08500244259893	-0.809477283829995
37054	6	5.83878847093307	6.12017586712262	-0.161211529066927	0.120175867122619
37055	7	6.87054225696141	7.01123595505618	-0.129457743038593	0.0112359550561791
37056	7	6.2256961406937	6.42501221299463	-0.774303859306302	-0.574987787005374
37057	7	6.00293111871031	6.13190034196385	-0.997068881289692	-0.868099658036151
37058	7	6.3781143136297	6.67122618466048	-0.621885686370298	-0.328773815339521
37059	7	5.89154860771861	6.02638006839277	-1.10845139228139	-0.97361993160723
37060	7	3.91011235955056	4.01563263312164	-3.08988764044944	-2.98436736687836
37061	7	6.00293111871031	6.1494870542257	-0.997068881289692	-0.850512945774304
37062	7	6.84123106985833	6.96433805569126	-0.158768930141671	-0.0356619443087443
37063	6	5.94430874450415	6.19052271617	-0.055691255495848	0.190522716170005
37064	6	6.06155349291646	6.85881778212018	0.0615534929164632	0.858817782120176
37065	6	6.00293111871031	6.20224719101124	0.0029311187103076	0.202247191011236
37066	6	5.87396189545677	6.09672691744016	-0.126038104543234	0.0967269174401562
37067	6	5.85637518319492	6.09672691744016	-0.14362481680508	0.0967269174401562
37068	9	6.73571079628725	6.89985344406448	-2.26428920371275	-2.10014655593552
37069	7	6.16121152906693	6.43087445041524	-0.838788470933073	-0.569125549584759
37070	7	7.75574010747435	8.01367855398144	0.755740107474352	1.01367855398144
37071	7	6.23742061553493	6.94675134342941	-0.762579384465071	-0.0532486565705916
37072	7	6.55398143624817	6.92916463116756	-0.446018563751832	-0.0708353688324381
37073	7	6.67708842208109	7.08744504152418	-0.322911577918906	0.0874450415241812
37074	7	5.75671714704445	6.07327796775769	-1.24328285295555	-0.926722032242306
37075	7	5.92672203224231	6.21983390327308	-1.07327796775769	-0.780166096726918
37076	7	6.65950170981925	7.05227161700049	-0.340498290180753	0.0522716170004882
37077	7	7.15192965315095	7.57987298485589	0.151929653150953	0.579872984855887
37078	7	6.18466047874939	6.44259892525647	-0.81533952125061	-0.557401074743527
37079	7	6.16121152906693	6.49535906204201	-0.838788470933073	-0.504640937957987
37080	7	5.83878847093307	6.12603810454323	-1.16121152906693	-0.873961895456766
37081	4	5.86223742061553	6.09086468001954	1.86223742061553	2.09086468001954
37082	4	6.9819247679531	7.31021006350757	2.9819247679531	3.31021006350757
37083	4	6.83536883243771	7.11675622862726	2.83536883243771	3.11675622862726
37084	8	6.00879335613092	6.12017586712262	-1.99120664386908	-1.87982413287738
37085	8	6.95847581827064	7.3219345383488	-1.04152418172936	-0.678065461651197
37086	8	7.46262823644358	7.7733268197362	-0.537371763556425	-0.226673180263801
37087	8	7.21055202735711	7.59159745969712	-0.789447972642892	-0.408402540302882
37088	8	7.34538348803127	7.78505129457743	-0.654616511968735	-0.21494870542257
37089	3	7.26331216414265	7.64435759648266	4.26331216414265	4.64435759648266
37090	3	5.68050806057645	5.99120664386908	2.68050806057645	2.99120664386908
37091	3	5.61016121152907	5.89741084513923	2.61016121152907	2.89741084513923
37092	3	7.82608695652174	7.93160723009282	4.82608695652174	4.93160723009282
37093	2	2.02833414753298	3.25940400586224	0.0283341475329753	1.25940400586224
37094	4	3.74010747435271	4.03321934538349	-0.259892525647289	0.0332193453834879
37095	7	5.99120664386908	6.06741573033708	-1.00879335613092	-0.932584269662922
37096	7	5.97361993160723	6.04396678065462	-1.02638006839277	-0.956033219345383
37097	7	6.01465559355154	6.07914020517831	-0.985344406448461	-0.92085979482169
37098	12	10.0244259892526	10.1182217879824	-1.97557401074743	-1.88177821201759
37099	12	10.0830483634587	10.2178798241329	-1.91695163654128	-1.78212017586712
37100	12	7.02882266731803	7.13434294088911	-4.97117733268197	-4.86565705911089
37101	12	10.1299462628236	10.276502198339	-1.87005373717636	-1.72349780166097
37102	12	10.1182217879824	10.2589154860772	-1.88177821201759	-1.74108451392281
37103	12	10.1123595505618	10.247191011236	-1.8876404494382	-1.75280898876404
37104	12	10.1299462628236	10.2823644357596	-1.87005373717636	-1.71763556424035
37105	12	10.0771861260381	10.2178798241329	-1.9228138739619	-1.78212017586712
37106	12	10.1299462628236	10.2882266731803	-1.87005373717636	-1.71177332681974
37107	12	10.0771861260381	10.1768441621886	-1.9228138739619	-1.82315583781143
37109	8	6.02051783097215	6.13776257938447	-1.97948216902785	-1.86223742061553
37110	8	6.97020029311187	7.06985832926233	-1.02979970688813	-0.930141670737665
37111	8	6.88226673180264	6.99951148021495	-1.11773326819736	-1.00048851978505
37112	8	6.94675134342941	7.30434782608696	-1.05324865657059	-0.695652173913044
37113	8	6.87640449438202	7.0170981924768	-1.12359550561798	-0.982901807523205
37114	8	6.84709330727894	6.98778700537372	-1.15290669272106	-1.01221299462628
37115	8	6.91157791890572	7.04640937957987	-1.08842208109428	-0.953590620420127
37116	8	7.12848070346849	7.84367366878359	-0.87151929653151	-0.156326331216414
37117	8	7.01123595505618	7.11675622862726	-0.988764044943821	-0.883243771372741
37118	8	6.9819247679531	7.13434294088911	-1.0180752320469	-0.865657059110895
37119	8	6.03224230581339	6.114313629702	-1.96775769418661	-1.885686370298
37120	8	6.58915486077186	6.89399120664387	-1.41084513922814	-1.10600879335613
37121	8	7.04640937957987	7.82022471910112	-0.953590620420127	-0.179775280898877
37122	8	6.91157791890572	7.06399609184172	-1.08842208109428	-0.93600390815828
37123	8	6.04982901807523	6.13776257938447	-1.95017098192477	-1.86223742061553
37124	8	6.02051783097215	6.16707376648754	-1.97948216902785	-1.83292623351246
37125	8	6.03224230581339	6.114313629702	-1.96775769418661	-1.885686370298
37126	8	6.00879335613092	6.15534929164631	-1.99120664386908	-1.84465070835369
37127	8	5.99706888128969	6.07327796775769	-2.00293111871031	-1.92672203224231
37128	8	6.85295554469956	6.99951148021495	-1.14704445530044	-1.00048851978505
37129	8	6.89985344406448	7.04640937957987	-1.10014655593552	-0.953590620420127
37130	8	6.92916463116756	7.07572056668295	-1.07083536883244	-0.924279433317049
37131	8	6.88226673180264	7.02882266731803	-1.11773326819736	-0.971177332681973
37132	8	6.92916463116756	7.06399609184172	-1.07083536883244	-0.93600390815828
37133	8	6.86468001954079	7.00537371763556	-1.13531998045921	-0.994626282364436
37134	8	7.04640937957987	7.15779189057157	-0.953590620420127	-0.842208109428432
37135	8	6.92916463116756	7.04640937957987	-1.07083536883244	-0.953590620420127
37136	8	7.01123595505618	7.12261846604788	-0.988764044943821	-0.877381533952125
37137	8	6.00293111871031	6.1494870542257	-1.99706888128969	-1.8505129457743
37138	8	6.99364924279433	7.10503175378603	-1.00635075720567	-0.894968246213972
37139	8	6.88812896922325	7.01123595505618	-1.11187103077675	-0.988764044943821
37140	8	9.96580361504641	10.0654616511969	1.96580361504641	2.06546165119687
37141	8	6.06155349291646	6.1494870542257	-1.93844650708354	-1.8505129457743
37142	9	6.9819247679531	7.0933072789448	-2.0180752320469	-1.9066927210552
37143	8	7.00537371763556	7.07572056668295	-0.994626282364436	-0.924279433317049
37144	8	6.97020029311187	7.08158280410357	-1.02979970688813	-0.918417195896434
37145	8	6.89985344406448	7.04640937957987	-1.10014655593552	-0.953590620420127
37146	8	6.9057156814851	7.05227161700049	-1.0942843185149	-0.947728382999512
37147	8	6.87054225696141	7.0170981924768	-1.12945774303859	-0.982901807523205
37148	8	6.03224230581339	6.114313629702	-1.96775769418661	-1.885686370298
37149	8	6.89399120664387	7.03468490473864	-1.10600879335613	-0.965315095261358
37150	8	6.95847581827064	7.06399609184172	-1.04152418172936	-0.93600390815828
37151	8	6.75915974596971	7.15779189057157	-1.24084025403029	-0.842208109428432
37152	8	5.99120664386908	6.114313629702	-2.00879335613092	-1.885686370298
37153	8	6.94675134342941	7.02296042989741	-1.05324865657059	-0.97703957010259
37154	8	6.00293111871031	6.08500244259892	-1.99706888128969	-1.91499755740108
37155	8	6.97020029311187	7.04640937957987	-1.02979970688813	-0.953590620420127
37156	8	6.9057156814851	7.15779189057157	-1.0942843185149	-0.842208109428432
37157	8	6.95847581827064	7.06399609184172	-1.04152418172936	-0.93600390815828
37158	8	6.89985344406448	7.12261846604788	-1.10014655593552	-0.877381533952125
37159	8	6.95847581827064	7.0581338544211	-1.04152418172936	-0.941866145578896
37160	8	6.93502686858818	7.04054714215926	-1.06497313141182	-0.959452857840743
37161	8	6.76502198339033	7.06399609184172	-1.23497801660967	-0.93600390815828
37162	8	6.93502686858818	7.19296531509526	-1.06497313141182	-0.807034684904739
37163	8	7.6209086468002	7.81436248168051	-0.379091353199804	-0.185637518319492
37164	8	6.93502686858818	7.0170981924768	-1.06497313141182	-0.982901807523205
37165	8	6.94675134342941	7.03468490473864	-1.05324865657059	-0.965315095261358
37166	8	6.95847581827064	7.08158280410357	-1.04152418172936	-0.918417195896434
37167	8	6.9819247679531	7.08744504152418	-1.0180752320469	-0.912554958475819
37168	8	6.04982901807523	6.18466047874939	-1.95017098192477	-1.81533952125061
37169	8	6.04982901807523	6.13776257938447	-1.95017098192477	-1.86223742061553
37170	8	6.95847581827064	7.04054714215926	-1.04152418172936	-0.959452857840743
37171	8	6.96433805569126	7.07572056668295	-1.03566194430874	-0.924279433317049
37172	8	6.94088910600879	7.05227161700049	-1.05911089399121	-0.947728382999512
37173	8	6.06155349291646	7.05227161700049	-1.93844650708354	-0.947728382999512
37174	8	6.02638006839277	6.12603810454323	-1.97361993160723	-1.87396189545677
37175	8	7.81436248168051	7.93746946751343	-0.185637518319492	-0.0625305324865657
37176	8	6.91157791890572	7.0581338544211	-1.08842208109428	-0.941866145578896
37177	8	6.13776257938447	7.0581338544211	-1.86223742061553	-0.941866145578896
37178	8	6.91744015632633	7.0581338544211	-1.08255984367367	-0.941866145578896
37179	8	6.03224230581339	6.15534929164631	-1.96775769418661	-1.84465070835369
37180	8	6.00293111871031	6.12017586712262	-1.99706888128969	-1.87982413287738
37181	8	5.99120664386908	6.07327796775769	-2.00879335613092	-1.92672203224231
37182	8	6.84709330727894	7.02882266731803	-1.15290669272106	-0.971177332681973
37183	8	6.88812896922325	7.08158280410357	-1.11187103077675	-0.918417195896434
37184	8	6.89985344406448	7.12261846604788	-1.10014655593552	-0.877381533952125
37186	4	3.78700537371764	4.80703468490474	-0.212994626282365	0.807034684904739
37187	8	6.51880801172447	6.9057156814851	-1.48119198827553	-1.0942843185149
37188	8	6.88226673180264	6.97020029311187	-1.11773326819736	-1.02979970688813
37189	4	2.0752320468979	2.46800195407914	-1.9247679531021	-1.53199804592086
37190	4	5.82120175867123	6.07327796775769	1.82120175867123	2.07327796775769
37191	4	1.95798729848559	3.07767464582316	-2.04201270151441	-0.922325354176844
37192	4	2.95456765999023	3.05422569614069	-1.04543234000977	-0.945774303859306
37193	4	4.03321934538349	6.12017586712262	0.0332193453834879	2.12017586712262
37194	3	5.71568148510015	5.97948216902785	2.71568148510015	2.97948216902785
37195	3	5.78602833414753	6.02051783097215	2.78602833414753	3.02051783097215
37196	4	5.64533463605276	5.99120664386908	1.64533463605276	1.99120664386908
37197	4	2.91939423546654	3.13629702002931	-1.08060576453346	-0.863702979970689
37198	4	2.03419638495359	2.2628236443576	-1.96580361504641	-1.7371763556424
37199	4	2.09281875915975	2.90766976062531	-1.90718124084025	-1.09233023937469
37200	4	2.04005862237421	2.33317049340498	-1.95994137762579	-1.66682950659502
37201	4	5.70981924767953	5.99706888128969	1.70981924767953	1.99706888128969
37202	4	2.92525647288715	3.16560820713239	-1.07474352711285	-0.834391792867611
37203	4	5.87396189545677	6.24328285295554	1.87396189545677	2.24328285295554
37204	1	4.98876404494382	5.95603321934538	3.98876404494382	4.95603321934538
37205	4	5.74499267220322	6.06155349291646	1.74499267220322	2.06155349291646
37206	4	5.72154372252076	6.00293111871031	1.72154372252076	2.00293111871031
37207	4	1.95212506106497	2.2276502198339	-2.04787493893503	-1.7723497801661
37208	3	2.00488519785051	2.0752320468979	-0.995114802149487	-0.9247679531021
37209	3	3.57010258915486	3.93356130923302	0.570102589154861	0.933561309233024
37210	3	3.89252564728872	6.06741573033708	0.892525647288715	3.06741573033708
37211	3	3.82804103566194	4.15632633121641	0.828041035661944	1.15632633121641
37212	3	3.81631656082071	4.12701514411334	0.816316560820713	1.12701514411334
37213	3	3.05422569614069	3.78700537371764	0.0542256961406937	0.787005373717635
37214	5	3.03077674645823	3.28871519296532	-1.96922325354177	-1.71128480703468
37215	9	7.0170981924768	7.13434294088911	-1.9829018075232	-1.86565705911089
37216	9	7.01123595505618	7.11675622862726	-1.98876404494382	-1.88324377137274
37217	9	6.46604787493894	6.78260869565217	-2.53395212506106	-2.21739130434783
37218	9	6.71226184660479	6.89985344406448	-2.28773815339521	-2.10014655593552
37219	9	6.80605764533464	6.94088910600879	-2.19394235466536	-2.05911089399121
37220	9	6.038104543234	6.19052271617	-2.961895456766	-2.80947728383
37221	9	6.94088910600879	7.04640937957987	-2.05911089399121	-1.95359062042013
37222	9	6.81191988275525	6.95847581827064	-2.18808011724475	-2.04152418172936
37223	9	6.83536883243771	6.97606253053249	-2.16463116756229	-2.02393746946751
37224	3	1.95212506106497	2.08109428431851	-1.04787493893503	-0.918905715681485
37225	0	1.9638495359062	2.05178309721544	1.9638495359062	2.05178309721544
37226	4	2.96629213483146	3.37664875427455	-1.03370786516854	-0.623351245725452
37227	4	5.85637518319492	6.08500244259892	1.85637518319492	2.08500244259892
37228	4	2.942843185149	4.06253053248657	-1.057156814851	0.0625305324865657
37229	4	5.87396189545677	6.09672691744016	1.87396189545677	2.09672691744016
37230	4	2.98974108451392	3.27112848070347	-1.01025891548608	-0.728871519296532
37231	12	6.68295065950171	7.35124572545188	-5.31704934049829	-4.64875427454812
37232	9	5.99120664386908	6.19052271617	-3.00879335613092	-2.80947728383
37233	4	1.9638495359062	2.08109428431851	-2.0361504640938	-1.91890571568149
37234	4	5.00635075720567	5.55740107474353	1.00635075720567	1.55740107474353
37235	2	2.76111382510992	3.26526624328285	0.761113825109917	1.26526624328285
37236	2	1.99316072300928	2.20420127015144	-0.00683927699071818	0.204201270151441
37237	2	1.9638495359062	2.13385442110405	-0.036150464093796	0.133854421104055
37238	9	6.54225696140694	6.8295065950171	-2.45774303859306	-2.1704934049829
37240	9	6.83536883243771	6.97606253053249	-2.16463116756229	-2.02393746946751
37241	9	6.91157791890572	7.01123595505618	-2.08842208109428	-1.98876404494382
37246	7	5.93258426966292	6.07327796775769	-1.06741573033708	-0.926722032242306
37247	7	6.04396678065462	6.31362970200293	-0.956033219345383	-0.686370297997069
37248	7	5.87982413287738	6.038104543234	-1.12017586712262	-0.961895456765999
37249	11	6.48363458720078	6.78847093307279	-4.51636541279922	-4.21152906692721
37250	8	6.17879824132877	6.51294577430386	-1.82120175867123	-1.48705422569614
37251	11	6.54225696140694	6.88812896922325	-4.45774303859306	-4.11187103077675
37252	11	6.43087445041524	6.80019540791402	-4.56912554958476	-4.19980459208598
37253	11	6.49535906204201	6.8295065950171	-4.50464093795799	-4.1704934049829
37254	11	6.28431851489985	6.54811919882755	-4.71568148510015	-4.45188080117245
37255	11	6.79433317049341	7.10503175378603	-4.20566682950659	-3.89496824621397
37256	11	6.75915974596971	7.0581338544211	-4.24084025403029	-3.9418661455789
37257	11	6.8295065950171	6.97020029311187	-4.1704934049829	-4.02979970688813
37258	11	6.31362970200293	6.86468001954079	-4.68637029799707	-4.13531998045921
37259	11	6.43673668783586	6.81191988275525	-4.56326331216414	-4.18808011724475
37260	11	6.10845139228139	6.40742550073278	-4.89154860771861	-4.59257449926722
37261	11	6.43673668783586	6.81191988275525	-4.56326331216414	-4.18808011724475
37262	11	6.46018563751832	6.78847093307279	-4.53981436248168	-4.21152906692721
37263	11	6.00293111871031	6.32535417684416	-4.99706888128969	-4.67464582315584
37264	11	6.80605764533464	6.97606253053249	-4.19394235466536	-4.02393746946751
37265	11	6.00879335613092	6.3019052271617	-4.99120664386908	-4.6980947728383
37266	11	6.88812896922325	7.12261846604788	-4.11187103077675	-3.87738153395212
37267	11	6.17879824132877	6.52467024914509	-4.82120175867123	-4.47532975085491
37268	11	7.11675622862726	7.36883243771373	-3.88324377137274	-3.63116756228627
37269	11	6.3019052271617	6.73571079628725	-4.6980947728383	-4.26428920371275
37270	11	6.57743038593063	6.83536883243771	-4.42256961406937	-4.16463116756229
37271	11	7.01123595505618	7.23400097703957	-3.98876404494382	-3.76599902296043
37272	11	6.43673668783586	6.97606253053249	-4.56326331216414	-4.02393746946751
37273	11	5.90913531998046	6.20810942843185	-5.09086468001954	-4.79189057156815
37274	11	6.79433317049341	7.12848070346849	-4.20566682950659	-3.87151929653151
37275	11	6.82364435759648	7.18710307767465	-4.17635564240352	-3.81289692232535
37276	11	6.66536394723986	6.9819247679531	-4.33463605276014	-4.0180752320469
37277	11	6.09672691744016	6.29604298974108	-4.90327308255984	-4.70395701025892
37278	11	6.30776746458232	6.73571079628725	-4.69223253541768	-4.26428920371275
37279	11	6.62432828529555	6.93502686858818	-4.37567171470445	-4.06497313141182
37280	11	6.16121152906693	6.49535906204201	-4.83878847093307	-4.50464093795799
37281	11	6.14362481680508	6.44846116267709	-4.85637518319492	-4.55153883732291
37282	11	6.21983390327308	6.73571079628725	-4.78016609672692	-4.26428920371275
37283	11	6.85295554469956	6.99951148021495	-4.14704445530044	-4.00048851978505
37284	11	6.60674157303371	6.99364924279433	-4.39325842696629	-4.00635075720567
37285	11	6.49535906204201	6.86468001954079	-4.50464093795799	-4.13531998045921
37286	11	6.77088422081094	7.14020517830972	-4.22911577918906	-3.85979482169028
37287	11	6.55398143624817	6.85295554469956	-4.44601856375183	-4.14704445530044
37288	7	6.3781143136297	6.76502198339033	-0.621885686370298	-0.234978016609673
37289	7	5.96775769418661	6.14362481680508	-1.03224230581339	-0.85637518319492
37290	7	5.93844650708354	6.1494870542257	-1.06155349291646	-0.850512945774304
37291	7	6.02638006839277	6.20810942843185	-0.97361993160723	-0.791890571568149
37292	7	6.06155349291646	6.9819247679531	-0.938446507083537	-0.0180752320468978
37293	6	5.99706888128969	6.09086468001954	-0.0029311187103076	0.090864680019541
37294	6	6.85881778212018	7.0170981924768	0.858817782120176	1.0170981924768
37295	6	6.87054225696141	7.03468490473864	0.870542256961407	1.03468490473864
37296	6	5.98534440644846	6.10845139228139	-0.0146555935515389	0.108451392281387
37297	6	6.7532975085491	6.91744015632633	0.753297508549096	0.917440156326331
37298	6	6.02051783097215	6.12017586712262	0.0205178309721541	0.120175867122619
37299	6	5.92672203224231	6.06155349291646	-0.0732779677576945	0.0615534929164632
37300	6	6.36052760136786	6.58329262335125	0.360527601367855	0.583292623351245
37301	6	6.65950170981925	6.82364435759648	0.659501709819247	0.823644357596482
37302	7	5.87396189545677	6.16121152906693	-1.12603810454323	-0.838788470933073
37304	12	7.0170981924768	7.18710307767465	-4.9829018075232	-4.81289692232535
37305	12	6.97020029311187	7.05227161700049	-5.02979970688813	-4.94772838299951
37306	12	7.00537371763556	7.19882755251588	-4.99462628236444	-4.80117244748412
37307	12	6.72398632144602	6.94675134342941	-5.27601367855398	-5.05324865657059
37308	12	6.89985344406448	7.07572056668295	-5.10014655593552	-4.92427943331705
37309	12	6.96433805569126	7.15192965315095	-5.03566194430874	-4.84807034684905
37310	3	5.74499267220322	6.04396678065462	2.74499267220322	3.04396678065462
37311	7	5.97948216902785	6.06155349291646	-1.02051783097215	-0.938446507083537
37312	7	5.93844650708354	6.06741573033708	-1.06155349291646	-0.932584269662922
37313	1	5.86809965803615	6.04982901807523	4.86809965803615	5.04982901807523
37314	7	3.89838788470933	4.17391304347826	-3.10161211529067	-2.82608695652174
37315	7	5.94430874450415	6.05569125549585	-1.05569125549585	-0.944308744504153
37316	3	5.8505129457743	6.14362481680508	2.8505129457743	3.14362481680508
37317	7	6.8295065950171	6.97020029311187	-0.170493404982902	-0.0297997068881291
37318	7	5.91499755740107	6.16707376648754	-1.08500244259893	-0.832926233512458
37319	7	6.17293600390816	6.50122129946263	-0.827063996091842	-0.498778700537372
37320	7	5.78602833414753	6.09086468001954	-1.21397166585247	-0.909135319980459
37321	7	6.05569125549585	6.49535906204201	-0.944308744504153	-0.504640937957987
37322	7	6.34294088910601	6.71226184660479	-0.657059110893991	-0.287738153395213
37323	7	5.961895456766	6.16121152906693	-1.038104543234	-0.838788470933073
37324	7	5.97361993160723	6.3781143136297	-1.02638006839277	-0.621885686370298
37325	7	5.83878847093307	6.12017586712262	-1.16121152906693	-0.879824132877381
37326	7	6.81191988275525	6.94675134342941	-0.188080117244748	-0.0532486565705916
37327	7	6.57743038593063	6.94088910600879	-0.42256961406937	-0.0591108939912068
37328	7	5.79189057156815	7.21641426477772	-1.20810942843185	0.216414264777724
37330	7	6.80605764533464	6.96433805569126	-0.193942354665364	-0.0356619443087443
37331	7	6.80605764533464	8.14851001465559	-0.193942354665364	1.14851001465559
37332	7	6.18466047874939	7.1695163654128	-0.81533952125061	0.169516365412799
37337	7	6.86468001954079	7.0170981924768	-0.135319980459209	0.0170981924767952
37339	7	5.73913043478261	6.24328285295554	-1.26086956521739	-0.756717147044456
37340	7	6.03224230581339	8.0371275036639	-0.967757694186615	1.0371275036639
37342	7	2.81973619931607	3.08353688324377	-4.18026380068393	-3.91646311675623
37343	7	6.16121152906693	6.66536394723986	-0.838788470933073	-0.334636052760137
37344	7	1.92867611138251	2.11040547142159	-5.07132388861749	-4.88959452857841
37347	7	5.78602833414753	6.038104543234	-1.21397166585247	-0.961895456765999
37348	7	6.59501709819248	6.87054225696141	-0.404982901807523	-0.129457743038593
37349	7	6.64777723497802	6.9057156814851	-0.352222765021984	-0.0942843185148998
