36455	8.89999961853027	10.3515390788397	37.9556432890788	1.45153946030939	29.0556436705485
36456	8.89999961853027	15.2078166713817	43.9620918903808	6.30781705285146	35.0620922718505
36457	8.89999961853027	4.21729369878653	7.79560350381753	-4.68270591974374	-1.10439611471275
36458	8.89999961853027	13.0352714326129	38.4668304040832	4.13527181408264	29.5668307855529
36459	8.89999961853027	0	6.90102605255978	-8.89999961853027	-1.99897356597049
36460	8.89999961853027	14.4410359988751	76.422473693162	5.54103638034482	67.5224740746317
36461	85.7999954223633	64.0261861543046	118.723207459778	-21.7738092680587	32.9232120374151
36463	107.699996948242	35.9108948290611	178.787693472799	-71.7891021191811	71.0876965245565
36465	107.699996948242	43.7064983328786	93.6750388245614	-63.9934986153636	-14.0249581236807
36466	107.699996948242	40.0003917490965	90.0967290195304	-67.6996051991457	-17.6032679287117
36467	107.699996948242	48.0515888104162	116.167271884756	-59.648408137826	8.46727493651409
36468	104.5	70.0326347556066	133.292040237405	-34.4673652443934	28.7920402374046
36469	104.5	81.150954506953	140.959846962471	-23.349045493047	36.459846962471
36470	104.5	56.3583794292382	118.723207459778	-48.1416205707618	14.2232074597784
36471	104.5	61.0868602430292	121.279143034801	-43.4131397569708	16.7791430348006
36472	104.5	59.2977053405137	109.905229725952	-45.2022946594863	5.40522972595203
36473	104.5	32.9715689177856	86.007232099495	-71.5284310822144	-18.492767900505
36474	104.5	71.693992879371	119.234394574783	-32.806007120629	14.7343945747828
36475	104.5	67.2211056230823	113.611336309734	-37.2788943769177	9.11133630973413
36476	104.5	77.0614575869175	121.406939813552	-27.4385424130825	16.9069398135517
36477	104.5	94.4418194970681	153.228337722577	-10.0581805029319	48.7283377225773
36478	145.900009155273	61.3424538005314	115.144897654747	-84.5575553547421	-30.755111500526
36479	145.900009155273	83.579093303224	109.521839389699	-62.3209158520495	-36.3781697655747
36480	145.900009155273	72.0773832156244	108.371668380939	-73.8226259396491	-37.5283407743347
36481	145.900009155273	75.5278962419042	115.272694433499	-70.3721129133692	-30.6273147217749
36482	145.900009155273	75.7834897994065	118.339817123525	-70.116519355867	-27.5601920317483
36483	145.900009155273	101.726235885881	165.752422040186	-44.1737732693923	19.8524128849124
36484	135.899993896484	85.3682482057395	151.950369935066	-50.5317456907449	16.0503760385819
36485	135.899993896484	89.2021515682727	152.078166713817	-46.6978423282117	16.178172817333
36486	135.899993896484	79.1062060469352	119.489988132285	-56.7937878495491	-16.4100057641993
36487	147.300003051758	82.6845158519662	118.212020344774	-64.6154871997916	-29.0879827069838
36488	28.0999984741211	11.2461165300974	66.9655120655801	-16.8538819440237	38.865513591459
36493	53.6999969482422	52.2688825092028	123.707281831072	-1.43111443903942	70.0072848828294
36494	53.6999969482422	47.1570113591585	109.266245832196	-6.5429855890837	55.5662488839543
36496	53.6999969482422	22.6200298389459	178.659896694048	-31.0799671092962	124.959899745805
36498	135.899993896484	62.7482183667935	121.023549477298	-73.1517755296908	-14.876444419186
36499	135.899993896484	36.5498787228166	138.276114608698	-99.3501151736678	2.37612071221341
36501	32.5	0	0.638983893755535	-32.5	-31.8610161062445
36502	32.5	17.5081586889017	57.7641439955004	-14.9918413110983	25.2641439955004
36503	46.8000030517578	25.048168635217	74.5055220118954	-21.7518344165408	27.7055189601376
36504	46.8000030517578	22.2366395026926	77.9560350381753	-24.5633635490652	31.1560319864175
36505	46.8000030517578	22.1088427239415	69.3936508618511	-24.6911603278163	22.5936478100933
36506	46.8000030517578	24.1535911839592	73.3553510031354	-22.6464118677986	26.5553479513776
36507	46.8000030517578	19.0417200339149	81.9177351794596	-27.7582830178429	35.1177321277018
36508	46.8000030517578	20.7030781576793	69.0102605255978	-26.0969248940785	22.21025747384
36509	46.8000030517578	21.7254523876882	65.8153410568201	-25.0745506640696	19.0153380050623
36510	46.8000030517578	22.8756233964482	74.3777252331443	-23.9243796553097	27.5777221813865
36511	46.8000030517578	22.3644362814437	76.8058640294153	-24.4355667703141	30.0058609776575
36512	46.8000030517578	22.3644362814437	70.2882283131089	-24.4355667703141	23.488225261351
36513	46.8000030517578	27.6041042102391	73.0997574456332	-19.1958988415187	26.2997543938754
36514	46.8000030517578	23.897997626457	67.9878862955889	-22.9020054253008	21.1878832438311
36515	46.8000030517578	23.6424040689548	93.8028356033125	-23.157598982803	47.0028325515547
36516	46.8000030517578	23.6424040689548	78.850612489433	-23.157598982803	32.0506094376752
36517	46.8000030517578	18.7861264764127	76.2946769144109	-28.0138765753451	29.4946738626531
36518	46.8000030517578	22.4922330601948	72.2051799943755	-24.307769991563	25.4051769426176
36519	46.8000030517578	24.4091847414614	73.8665381181399	-22.3908183102964	27.066535066382
36520	46.8000030517578	26.5817299802303	75.5278962419042	-20.2182730715276	28.7278931901464
36521	85.0999984741211	38.7224239615854	118.723207459778	-46.3775745125357	33.6232089856573
36522	85.0999984741211	40.639375642852	116.806255778512	-44.4606228312691	31.7062573043907
36523	85.0999984741211	41.2783595366076	116.55066222101	-43.8216389375135	31.4506637468885
36524	85.0999984741211	45.4956532353941	118.339817123525	-39.604345238727	33.239818649404
36525	85.0999984741211	23.0034201751993	113.866929867236	-62.0965782989218	28.7669313931153
36526	85.0999984741211	32.5881785815323	73.6109445606376	-52.5118198925888	-11.4890539134835
36527	11	11.7573036451018	57.5085504379982	0.757303645101844	46.5085504379982
36528	11	15.0800198926306	58.4031278892559	4.08001989263063	47.4031278892559
36529	11	20.1918910426749	59.0421117830114	9.19189104267491	48.0421117830114
36530	11	16.9969715738972	62.3648280305402	5.99697157389723	51.3648280305402
36531	11	16.6135812376439	58.0197375530026	5.61358123764391	47.0197375530026
36532	11	14.5688327776262	72.7163671093799	3.5688327776262	61.7163671093799
36533	11	13.6742553263684	69.3936508618511	2.67425532636845	58.3936508618511
36534	85.0999984741211	19.2973135914172	106.326919920921	-65.8026848827039	21.2269214467999
36536	59.5	57.2529568804959	98.1479260808502	-2.24704311950406	38.6479260808502
36537	59.5	73.4831477818865	112.077774964721	13.9831477818865	52.5777749647208
36538	40.8000030517578	10.6071326363419	38.7224239615854	-30.1928704154159	-2.07757909017239
36539	40.8000030517578	14.8244263351284	45.367856456643	-25.9755767166294	4.56785340488518
36540	40.8000030517578	18.1471425826572	40.639375642852	-22.6528604691006	-0.160627408905782
36541	40.8000030517578	13.0352714326129	38.5946271828343	-27.7647316191449	-2.2053758689235
36542	40.8000030517578	12.7796778751107	36.5498787228166	-28.0203251766471	-4.2501243289412
36543	40.8000030517578	12.3962875388574	50.2241340491851	-28.4037155129004	9.42413099742724
36544	34.4000015258789	26.5817299802303	41.2783595366076	-7.81827154564865	6.87835801072866
36545	32.1000022888184	24.7925750777148	84.729264311984	-7.3074272111036	52.6292620231656
36546	32.1000022888184	20.319687821426	72.7163671093799	-11.7803144673923	40.6163648205615
36547	32.1000022888184	22.3644362814437	80.5119706131974	-9.73556600737463	48.4119683243791
36548	32.1000022888184	26.9651203164836	82.1733287369618	-5.13488197233478	50.0733264481434
36549	32.1000022888184	29.5210558915057	78.4672221531797	-2.57894639731264	46.3672198643613
36550	32.1000022888184	24.6647782989637	86.3906224357483	-7.43522398985471	54.29062014693
36551	32.1000022888184	19.2973135914172	73.994334896891	-12.8026886974012	41.8943326080726
36552	32.1000022888184	26.0705428652258	72.3329767731266	-6.02945942359253	40.2329744843082
36553	32.1000022888184	26.5817299802303	72.4607735518777	-5.5182723085881	40.3607712630593
36554	32.1000022888184	22.747826617697	77.1892543656686	-9.35217567112131	45.0892520768503
36555	32.1000022888184	24.1535911839592	87.9241837807616	-7.94641110485913	55.8241814919433
36556	32.1000022888184	20.5752813789282	82.6845158519662	-11.5247209098901	50.5845135631479
36557	32.1000022888184	21.7254523876882	83.7068900819751	-10.3745499011302	51.6068877931567
36558	32.1000022888184	26.5817299802303	78.7228157106819	-5.5182723085881	46.6228134218636
36559	32.1000022888184	22.2366395026926	75.272302684402	-9.86336278612574	43.1723003955837
36560	34.4000015258789	19.8085007064216	62.3648280305402	-14.5915008194573	27.9648265046613
36561	34.4000015258789	17.6359554676528	61.7258441367847	-16.7640460582261	27.3258426109058
36562	34.4000015258789	20.7030781576793	60.5756731280247	-13.6969233681996	26.1756716021458
36563	34.4000015258789	23.0034201751993	63.6427958180513	-11.3965813506796	29.2427942921724
36564	32.1000022888184	16.2301909013906	83.3234997457218	-15.8698113874278	51.2234974569034
36566	69	9.2013680700797	28.7542752189991	-59.7986319299203	-40.2457247810009
36567	69	23.897997626457	66.9655120655801	-45.102002373543	-2.03448793441993
36568	69	15.5912070076351	71.0550089856155	-53.4087929923649	2.0550089856155
36569	69	27.9874945464924	72.5885703306288	-41.0125054535076	3.58857033062878
36570	69	3.578309805031	7.54000994631531	-65.421690194969	-61.4599900536847
36571	69	28.8820719977502	72.5885703306288	-40.1179280022498	3.58857033062878
36572	31	16.4857844588928	58.0197375530026	-14.5142155411072	27.0197375530026
36573	31	14.0576456626218	50.6075243854384	-16.9423543373782	19.6075243854384
36574	111.899993896484	84.4736707544817	215.465368974366	-27.4263231420026	103.565375077882
36575	111.899993896484	98.4035196383524	200.513145860487	-13.496474258132	88.6131519640025
36576	111.899993896484	36.6776755015677	206.136204125536	-75.2223183949167	94.2362102290512
36577	43.3999977111816	17.2525651313994	113.739133088485	-26.1474325797822	70.3391353773036
36578	49.6000022888184	6.51763571630646	28.1152913252435	-43.0823665725119	-21.4847109635748
36580	27	13.2908649901151	139.426285617458	-13.7091350098849	112.426285617458
36581	31.5	15.4634102288839	58.9143150042603	-16.0365897711161	27.4143150042603
36582	32.5999984741211	20.4474846001771	111.055400734712	-12.152513873944	78.4554022605909
36583	32.5999984741211	25.4315589714703	98.4035196383524	-7.1684395026508	65.8035211642313
36584	32.5999984741211	27.9874945464924	52.0132889517006	-4.61250392762866	19.4132904775795
36585	32.5999984741211	20.7030781576793	102.493016558388	-11.8969203164418	69.8930180842667
36586	31.5	9.84035196383524	114.505913760992	-21.6596480361648	83.0059137609919
36587	31.5	10.734929415093	115.40049121225	-20.765070584907	83.9004912122496
36588	32.5999984741211	19.4251103701683	81.150954506953	-13.1748881039528	48.5509560328319
36589	32.5999984741211	24.4091847414614	74.1221316756421	-8.19081373265966	41.522133201521
36590	32.5999984741211	25.3037621927192	43.4509047753764	-7.29623628140191	10.8509063012553
36591	32.5999984741211	24.7925750777148	46.9014178016563	-7.80742339640634	14.3014193275352
36592	32.5999984741211	22.8756233964482	83.0679061882196	-9.72437507767294	50.4679077140985
36593	32.5999984741211	23.3868105114526	80.5119706131974	-9.21318796266851	47.9119721390763
36594	33.4000015258789	21.469858830186	88.0519805595127	-11.9301426956929	54.6519790336338
36595	44.1999969482422	24.1535911839592	48.0515888104162	-20.046405764283	3.85159186217405
36596	44.1999969482422	24.2813879627103	49.7129469341806	-19.9186089855319	5.51294998593844
36597	44.1999969482422	24.5369815202125	44.0898886691319	-19.6630154280296	-0.110108279110271
36598	44.1999969482422	25.048168635217	46.1346371291496	-19.1518283130252	1.93464018090744
36599	44.1999969482422	19.169516812666	46.2624339079007	-25.0304801355761	2.06243695965855
36600	44.1999969482422	22.4922330601948	54.4414277479716	-21.7077638880474	10.2414307997294
36601	44.1999969482422	16.4857844588928	48.4349791466696	-27.7142124893494	4.23498219842737
36602	44.1999969482422	17.1247683526483	116.678458999761	-27.0752285955938	72.4784620515185
36607	9.39999961853027	11.2461165300974	43.1953112178742	1.84611691156714	33.7953115993439
36608	9.39999961853027	17.2525651313994	48.0515888104162	7.85256551286917	38.651589191886
36609	9.39999961853027	16.9969715738972	48.6905727041718	7.59697195536696	39.2905730856415
36610	9.39999961853027	16.8691747951461	48.8183694829229	7.46917517661585	39.4183698643926
36611	9.39999961853027	19.0417200339149	87.9241837807616	9.64172041538467	78.5241841622314
36612	101.699996948242	41.789546651612	106.326919920921	-59.9104502966302	4.62692297267884
36613	101.699996948242	107.988278044685	153.100540943826	6.28828109644324	51.400543995584
36614	101.699996948242	142.621205086235	193.100932692923	40.9212081379932	91.4009357446805
36615	101.699996948242	76.9336608081664	113.866929867236	-24.7663361400758	12.1669329189942
36616	101.699996948242	121.790330149805	187.733467985376	20.0903332015628	86.033471037134
36618	101.699996948242	136.359162927431	192.334152020416	34.659165979189	90.6341550721739
36619	101.699996948242	145.177140661258	200.768739417989	43.4771437130154	99.0687424697469
36620	101.699996948242	143.13239220124	192.334152020416	41.4323952529977	90.6341550721739
36621	101.699996948242	148.372060130035	198.212803842967	46.672063181793	96.5128068947248
36622	101.699996948242	145.560530997511	200.385349081736	43.8605340492687	98.6853521334936
36623	23.8000011444092	12.6518810963596	35.5275044928078	-11.1481200480496	11.7275033483986
36624	24	14.6966295563773	53.8024438542161	-9.30337044362269	29.8024438542161
36625	23.8000011444092	12.5240843176085	42.3007337666164	-11.2759168268007	18.5007326222072
36626	23.8000011444092	13.2908649901151	49.4573533766784	-10.5091361542941	25.6573522322692
36627	23.8000011444092	13.5464585476173	38.211236846581	-10.2535425967918	14.4112357021718
36628	23.8000011444092	10.734929415093	42.0451402091142	-13.0650717293162	18.245139064705
36629	40.9000015258789	46.6458242441541	104.409968239654	5.74582271827515	63.5099667137755
36630	40.9000015258789	46.0068403503985	106.071326363419	5.10683882451962	65.1713248375399
36631	7.10000038146973	36.5498787228166	81.9177351794596	29.4498783413469	74.8177347979899
36632	7.10000038146973	36.6776755015677	92.3970710370504	29.577675120098	85.2970706555806
36633	7.10000038146973	10.2237423000886	23.6424040689548	3.12374191861883	16.5424036874851
36634	99.9000015258789	47.2848081379096	106.965903814677	-52.6151933879693	7.06590228879766
36635	99.9000015258789	83.579093303224	138.787301723702	-16.3209082226549	38.8873001978233
36636	7.10000038146973	7.41221316756421	28.3708848827458	0.31221278609448	21.270884501276
36637	7.10000038146973	9.84035196383524	44.7288725628875	2.74035158236551	37.6288721814177
36638	7.10000038146973	10.2237423000886	28.626478440248	3.12374191861883	21.5264780587782
36639	8.69999980926514	19.8085007064216	60.5756731280247	11.1085008971564	51.8756733187596
36640	24.7999992370605	17.5081586889017	58.0197375530026	-7.29184054815889	33.219738315942
36641	24.7999992370605	6.90102605255978	23.1312169539504	-17.8989731845008	-1.66878228311018
36642	24.7999992370605	16.1023941226395	79.8729867194419	-8.69760511442106	55.0729874823813
36643	24.7999992370605	9.45696162758192	37.3166593953232	-15.3430376094786	12.5166601582627
36644	24.7999992370605	7.02882283131089	22.6200298389459	-17.7711764057497	-2.17996939811461
36645	32.1999969482422	26.0705428652258	69.9048379768555	-6.12945408301636	37.7048410286133
36648	8.90000152587891	8.69018095507528	42.939717660372	-0.209820570803629	34.039716134493
36649	7.89999961853027	5.62305826504871	157.190037863862	-2.27694135348156	149.290038245331
36650	7.89999961853027	11.1183197513463	43.3231079966253	3.21832013281604	35.423108378095
36651	65.6999969482422	19.0417200339149	43.8342951116297	-46.6582769143272	-21.8657018366125
36652	65.6999969482422	19.6807039276705	56.6139729867404	-46.0192930205717	-9.08602396150178
36653	65.6999969482422	13.6742553263684	41.789546651612	-52.0257416218737	-23.9104502966302
36654	65.6999969482422	13.163068211364	39.1058142978387	-52.5369287368782	-26.5941826504034
36655	65.6999969482422	12.9074746538618	40.8949692003542	-52.7925222943804	-24.8050277478879
36656	65.6999969482422	12.2684907601063	39.361407855341	-53.4315061881359	-26.3385890929012
36657	65.6999969482422	13.4186617688662	45.7512467928963	-52.281335179376	-19.9487501553459
36658	65.6999969482422	13.6742553263684	47.4126049166607	-52.0257416218737	-18.2873920315815
36659	65.6999969482422	19.6807039276705	59.2977053405137	-46.0192930205717	-6.40229160772854
36660	100.799995422363	92.1414774795482	172.781244871497	-8.65851794281512	71.9812494491334
36661	100.799995422363	100.192674540868	204.602642780522	-0.607320881495383	103.802647358159
36662	100.799995422363	92.2692742582993	188.244655100381	-8.53072116406402	87.4446596780173
36663	100.799995422363	93.5472420458103	166.519202712692	-7.25275337655295	65.7192072903292
36664	100.799995422363	67.7322927380867	159.36258310263	-33.0677026842766	58.5625876802672
36665	100.799995422363	83.1957029669707	167.41378016395	-17.6042924553926	66.6137847415869
36666	100.799995422363	93.8028356033125	166.26360915519	-6.99715981905074	65.4636137328269
36667	100.799995422363	102.74861011589	167.030389827697	1.94861469352675	66.2303944053336
36668	100.799995422363	52.6522728454561	114.889304097245	-48.1477225769072	14.0893086748819
36669	100.799995422363	80.5119706131974	147.73307623628	-20.2880248091659	46.9330808139164
36670	82.8000030517578	35.2719109353055	91.3746968070415	-47.5280921164523	8.5746937552837
36671	82.8000030517578	59.9366892342692	106.19912314217	-22.8633138174886	23.3991200904121
36672	82.8000030517578	87.4129966657572	207.925359028051	4.61299361399938	125.125355976293
36673	34.9000015258789	32.7159753602834	81.150954506953	-2.18402616559551	46.2509529810741
36674	34.9000015258789	31.1824140152701	79.8729867194419	-3.71758751060879	44.972985193563
36675	0	4.85627759254207	65.687544278069	4.85627759254207	65.687544278069
36676	62.0999984741211	28.4986816614969	77.4448479231709	-33.6013168126242	15.3448494490498
36677	50.7000007629395	30.7990236790168	80.8953609494507	-19.9009770839227	30.1953601865113
36678	62.0999984741211	33.2271624752878	72.3329767731266	-28.8728359988333	10.2329782990055
36679	57.7999992370605	38.3390336253321	157.956818536368	-19.4609656117284	100.156819299308
36680	57.7999992370605	34.63292704155	73.3553510031354	-23.1670721955105	15.5553517660749
36681	57.7999992370605	31.6936011302745	73.7387413393887	-26.106398106786	15.9387421023282
36682	62.0999984741211	40.2559853065987	77.1892543656686	-21.8440131675224	15.0892558915475
36683	62.0999984741211	33.48275603279	64.537373269309	-28.6172424413311	2.43737479518795
36684	62.0999984741211	22.8756233964482	68.3712766318422	-39.2243750776729	6.27127815772116
36685	59.7000007629395	33.2271624752878	78.9784092681841	-26.4728382876516	19.2784085052447
36686	59.7000007629395	33.2271624752878	69.1380573043489	-26.4728382876516	9.43805654140944
36687	56.4000015258789	27.7319009889902	64.9207636055624	-28.6681005368887	8.52076207968345
36688	56.4000015258789	28.4986816614969	70.6716186493622	-27.901319864382	14.2716171234833
36689	93.4000015258789	47.0292145804074	101.342845549628	-46.3707869454715	7.94284402374895
36690	93.4000015258789	47.795995252914	87.7963870020105	-45.6040062729649	-5.60361452386839
36691	93.4000015258789	58.0197375530026	102.876406894641	-35.3802639728763	9.47640536876224
36692	91.8000030517578	35.1441141565544	50.2241340491851	-56.6558888952034	-41.5758690025728
36693	91.8000030517578	39.361407855341	103.259797230894	-52.4385951964169	11.4597941791367
36694	128.399993896484	41.9173434303631	80.6397673919485	-86.4826504661213	-47.7602265045359
36695	128.399993896484	40.3837820853498	90.0967290195304	-88.0162118111346	-38.3032648769539
36696	125.300003051758	36.0386916078122	84.3458739757306	-89.2613114439456	-40.9541290760272
36697	57.5999984741211	28.8820719977502	93.5472420458103	-28.7179264763709	35.9472435716892
36698	57.5999984741211	32.8437721390345	74.8889123481487	-24.7562263350866	17.2889138740276
36699	57.5999984741211	25.6871525289725	81.0231577282018	-31.9128459451486	23.4231592540807
36700	57.5999984741211	18.2749393614083	74.6333187906465	-39.3250591127128	17.0333203165254
36701	57.5999984741211	36.0386916078122	90.735712913286	-21.5613068663089	33.1357144391649
36702	57.5999984741211	29.5210558915057	95.0808033908236	-28.0789425826154	37.4808049167025
36704	47.5	13.0352714326129	165.496828482684	-34.4647285673871	117.996828482684
36705	47.5	6.00644860130203	46.0068403503985	-41.493551398698	-1.49315964960147
36706	60	10.6071326363419	45.4956532353941	-49.3928673636581	-14.5043467646059
36708	66.9000015258789	28.1152913252435	80.5119706131974	-38.7847102006354	13.6119690873185
36709	66.9000015258789	15.9745973438884	65.0485603843135	-50.9254041819905	-1.85144114156545
36710	66.9000015258789	20.8308749364304	65.8153410568201	-46.0691265894485	-1.08466046905879
36711	66.9000015258789	19.9362974851727	64.4095764905579	-46.9637040407062	-2.49042503532097
36712	66.9000015258789	23.5146072902037	76.8058640294153	-43.3853942356752	9.90586250353641
36713	110	50.4797276066873	106.710310257174	-59.5202723933127	-3.28968974282564
36714	66.9000015258789	19.5529071489194	70.1604315343578	-47.3470943769595	3.26043000847885
36715	66.9000015258789	20.8308749364304	57.8919407742515	-46.0691265894485	-9.00806075162743
36716	66.9000015258789	15.0800198926306	38.5946271828343	-51.8199816332483	-28.3053743430446
36717	66.9000015258789	18.1471425826572	66.7099185080779	-48.7528589432217	-0.190083017801044
36718	66.9000015258789	13.163068211364	54.4414277479716	-53.7369333145149	-12.4585737779073
36719	66.9000015258789	13.4186617688662	57.1251601017448	-53.4813397570127	-9.77484142413407
36720	66.9000015258789	29.3932591127546	68.6268701893445	-37.5067424131243	1.72686866346555
36721	66.9000015258789	13.9298488838707	58.9143150042603	-52.9701526420082	-7.98568652161858
36722	66.9000015258789	13.0352714326129	56.102785871736	-53.864730093266	-10.7972156541429
36723	66.9000015258789	13.2908649901151	52.1410857304517	-53.6091365357638	-14.7589157954272
36724	0	20.8308749364304	156.039866855102	20.8308749364304	156.039866855102
36725	52.5	35.1441141565544	157.829021757617	-17.3558858434456	105.329021757617
36726	52.5	39.1058142978387	145.688327776262	-13.3941857021613	93.188327776262
36727	52.5	22.2366395026926	79.1062060469352	-30.2633604973074	26.6062060469352
36728	52.5	29.6488526702568	171.247683526483	-22.8511473297432	118.747683526483
36729	52.5	29.0098687765013	103.132000452143	-23.4901312234987	50.6320004521434
36730	52.5	30.2878365640124	93.6750388245614	-22.2121634359876	41.1750388245614
36731	52.5	22.6200298389459	53.0356631817094	-29.8799701610541	0.53566318170941
36732	123.100006103516	97.3811454083435	149.138840802542	-25.7188606951721	26.0388346990263
36733	123.100006103516	103.132000452143	180.321254817812	-19.9680056513723	57.2212487142964
36734	123.100006103516	107.477090929681	202.174503984251	-15.6229151738346	79.0744978807357
36735	123.100006103516	96.4865679570858	179.043287030301	-26.6134381464298	55.9432809267853
36736	123.100006103516	95.4641937270769	143.771376094995	-27.6358123764387	20.6713699914798
36737	123.100006103516	126.391014184845	212.39824628434	3.29100808132921	89.2982401808242
36738	123.100006103516	109.64963616845	205.113829895527	-13.4503699350658	82.0138237920111
36739	123.100006103516	83.0679061882196	166.646999491444	-40.0320999152961	43.5469933879279
36740	123.100006103516	92.2692742582993	191.183981011656	-30.8307318452164	68.0839749081404
36741	123.100006103516	76.8058640294153	164.091063916421	-46.2941420741003	40.9910578129058
36742	123.100006103516	105.815732805917	185.305329189105	-17.284273297599	62.2053230855895
36743	123.100006103516	106.454716699672	181.854816162825	-16.6452894038435	58.7548100593096
36744	123.100006103516	106.326919920921	174.187009437759	-16.7730861825946	51.0870033342432
36745	36.8000030517578	13.4186617688662	125.368639954836	-23.3813412828916	88.5686369030782
36746	36.8000030517578	16.6135812376439	108.882855495943	-20.1864218141139	72.0828524441854
36747	50.4000015258789	36.1664883865633	82.428922294464	-14.2335131393156	32.0289207685851
36748	50.4000015258789	36.2942851653144	66.0709346143223	-14.1057163605645	15.6709330884434
36749	50.4000015258789	33.3549592540389	90.2245257982815	-17.04504227184	39.8245242724026
36750	50.4000015258789	39.7447981915943	88.6909644532683	-10.6552033342846	38.2909629273894
36751	50.4000015258789	39.4892046340921	75.0167091268998	-10.9107968917868	24.6167076010209
36752	50.4000015258789	39.2336110765899	75.1445059056509	-11.1663904492891	24.744504379772
36753	56.6000022888184	31.5658043515234	54.0580374117183	-25.0341979372949	-2.54196487710009
36754	42	31.6936011302745	74.7611155693976	-10.3063988697255	32.7611155693976
36755	42	35.3997077140566	118.978801017281	-6.60029228594336	76.9788010172806
36756	42	45.367856456643	97.3811454083435	3.36785645664299	55.3811454083435
36757	122.099998474121	39.8725949703454	172.781244871497	-82.2274035037757	50.6812463973756
36758	122.099998474121	69.7770411981044	129.33034009612	-52.3229572760167	7.2303416219992
36759	122.099998474121	48.4349791466696	118.084223566023	-73.6650193274515	-4.01577490809822
36760	122.099998474121	36.1664883865633	123.451688273569	-85.9335100875578	1.35168979944828
36761	122.099998474121	14.9522231138795	87.5407934445083	-107.147775360242	-34.5592050296128
36762	122.099998474121	14.5688327776262	81.0231577282018	-107.531165696495	-41.0768407459193
36766	205	164.091063916421	220.193849788157	-40.9089360835786	15.1938497881574
36771	205	160.001566996386	217.893507770637	-44.998433003614	12.8935077706375
36772	205	167.030389827697	224.155549929442	-37.9696101723031	19.1555499294417
36773	77.1999969482422	35.0163173778033	103.89878112465	-42.1836795704389	26.6987841764078
36774	77.1999969482422	37.061065837821	85.2404514269884	-40.1389311104212	8.04045447874618
36775	77.1999969482422	23.1312169539504	70.1604315343578	-54.0687799942918	-7.03956541388443
36776	77.1999969482422	42.1729369878653	88.5631676745172	-35.0270599603769	11.363170726275
36777	77.1999969482422	51.6298986154472	161.407331562648	-25.570098332795	84.207334614406
36778	77.1999969482422	47.9237920316651	112.077774964721	-29.2762049165771	34.8777780164787
36779	77.1999969482422	58.7865182255092	137.253740378689	-18.413478722733	60.0537434304467
36780	77.1999969482422	45.8790435716474	129.458136874871	-31.3209533765948	52.2581399266292
36781	77.1999969482422	39.6170014128432	113.355742752232	-37.582995535399	36.1557458039897
36782	77.1999969482422	41.5339530941098	87.6685902232594	-35.6660438541324	10.4685932750172
36783	77.1999969482422	49.7129469341806	96.6143647358369	-27.4870500140616	19.4143677875947
36784	77.1999969482422	40.639375642852	88.4353708957661	-36.5606213053902	11.2353739475239
36785	77.1999969482422	39.6170014128432	105.687936027165	-37.582995535399	28.4879390789233
36786	77.1999969482422	34.8885205990522	77.7004414806731	-42.31147634919	0.500444532430876
36787	77.1999969482422	34.7607238203011	108.627261938441	-42.4392731279411	31.4272649901988
36788	77.1999969482422	51.6298986154472	96.742161514588	-25.570098332795	19.5421645663458
36789	77.1999969482422	45.2400596778919	81.6621416219574	-31.9599372703503	4.46214467371519
36790	77.1999969482422	33.7383495902923	78.4672221531797	-43.4616473579499	1.26722520493752
36791	84.9000015258789	44.6010757841363	95.9753808420814	-40.2989257417426	11.0753793162025
36792	82.5999984741211	66.7099185080779	110.672010398459	-15.8900799660432	28.0720119243376
36793	82.5999984741211	70.2882283131089	111.694384628468	-12.3117701610122	29.0943861543464
36794	82.5999984741211	76.5502704719131	113.611336309734	-6.049728002208	31.011337835613
36795	82.5999984741211	70.9272122068644	111.94997818597	-11.6727862672567	29.3499797118486
36796	82.5999984741211	67.3489024018334	106.838107035925	-15.2510960722877	24.2381085618044
36797	84.9000015258789	70.41602509186	116.295068663507	-14.4839764340189	31.3950671376285
36798	82.5999984741211	66.4543249505756	106.710310257174	-16.1456735235455	24.1103117830533
36799	82.5999984741211	66.0709346143223	109.777432947201	-16.5290638597988	27.1774344730798
36800	82.5999984741211	67.6044959593356	129.458136874871	-14.9955025147855	46.8581384007503
36801	84.9000015258789	71.1828057643666	113.227945973481	-13.7171957615123	28.3279444476019
36802	105.699996948242	67.0933088443312	108.627261938441	-38.606688103911	2.92726499019876
36803	84.5999984741211	74.1221316756421	112.333368522223	-10.477866798479	27.733370048102
36804	96.2999954223633	63.1316087030469	109.266245832196	-33.1683867193164	12.9662504098332
36805	122.400001525879	66.9655120655801	114.889304097245	-55.4344894602988	-7.5106974286337
36806	122.400001525879	79.8729867194419	186.072109861612	-42.527014806437	63.6721083357329
36807	84.8000030517578	71.5661961006199	114.122523424739	-13.2338069511379	29.3225203729807
36808	84.8000030517578	76.1668801356598	118.978801017281	-8.63312291609803	34.1787979655228
36809	84.8000030517578	73.994334896891	98.7869099746057	-10.8056681548669	13.9869069228479
36810	84.8000030517578	71.9495864368732	110.416416840956	-12.8504166148846	25.6164137891986
36811	84.8000030517578	76.1668801356598	110.672010398459	-8.63312291609803	25.8720073467009
36812	84.8000030517578	76.9336608081664	111.438791070965	-7.86634224359139	26.6387880192075
36813	84.8000030517578	76.422473693162	111.438791070965	-8.37752935859582	26.6387880192075
36814	84.8000030517578	71.3106025431177	108.627261938441	-13.4894005086401	23.8272588866831
36815	84.8000030517578	96.4865679570858	151.694776377564	11.686564905328	66.8947733258062
36816	84.8000030517578	66.4543249505756	109.266245832196	-18.3456781011822	24.4662427804387
36817	84.8000030517578	76.0390833569087	114.633710539743	-8.76091969484914	29.8337074879852
36818	84.8000030517578	73.4831477818865	110.160823283454	-11.3168552698713	25.3608202316964
36819	82.5999984741211	65.3041539418157	106.710310257174	-17.2958445323054	24.1103117830533
36820	82.5999984741211	63.3872022605491	110.033026504703	-19.212796213572	27.433028030582
36821	82.5999984741211	104.026577903401	123.835078609823	21.42657942928	41.2350801357016
36822	82.5999984741211	104.793358575908	125.752030291089	22.1933601017867	43.1520318169682
36823	96.0999984741211	69.0102605255978	114.378116982241	-27.0897379485233	18.2781185081197
36824	84.8000030517578	146.710702006271	219.043678779397	61.910698954513	134.24367572764
36825	84.8000030517578	72.0773832156244	113.611336309734	-12.7226198361335	28.8113332579763
36826	84.8000030517578	73.994334896891	110.672010398459	-10.8056681548669	25.8720073467009
36827	116.900001525879	72.5885703306288	117.445239672267	-44.3114311952501	0.545238146388442
36828	116.900001525879	55.7193955354827	136.486959706182	-61.1806059903963	19.5869581803034
36829	116.900001525879	68.4990734105934	117.956426787272	-48.4009281152856	1.05642526139286
36830	35.6999969482422	23.5146072902037	82.428922294464	-12.1853896580385	46.7289253462218
36831	147.899993896484	81.2787512857041	161.790721898901	-66.6212426107803	13.8907280024171
36832	147.899993896484	74.5055220118954	110.160823283454	-73.394471884589	-37.7391706130301
36833	147.899993896484	104.026577903401	152.461557050071	-43.8734159930833	4.56156315358629
36834	38.0999984741211	19.4251103701683	81.2787512857041	-18.6748881039528	43.178752811583
36835	25.8999996185303	13.9298488838707	48.1793855891673	-11.9701507346596	22.2793859706371
36836	25.8999996185303	11.7573036451018	42.1729369878653	-14.1426959734284	16.272937369335
36837	27.9000015258789	12.2684907601063	55.2082084204782	-15.6315107657726	27.3082068945993
36838	34.6999969482422	13.9298488838707	45.367856456643	-20.7701480643715	10.6678595084008
36839	27.9000015258789	10.9905229725952	44.6010757841363	-16.9094785532837	16.7010742582574
36840	27.9000015258789	12.3962875388574	49.4573533766784	-15.5037139870215	21.5573518507995
36841	28	21.0864684939327	50.6075243854384	-6.91353150606734	22.6075243854384
36842	28	21.2142652726838	63.5149990393002	-6.78573472731624	35.5149990393002
36843	24.7999992370605	11.6295068663507	103.643187567148	-13.1704923707098	78.8431883300872
36844	0	11.5017100875996	31.8213979090256	11.5017100875996	31.8213979090256
36845	0	9.96814874258635	37.8278465103277	9.96814874258635	37.8278465103277
36847	18.9000015258789	15.0800198926306	47.2848081379096	-3.81998163324828	28.3848066120307
36848	11.5999994277954	10.0959455213375	48.6905727041718	-1.50405390645796	37.0905732763764
36849	66.9000015258789	48.8183694829229	104.154374682152	-18.081632042956	37.2543731562733
36850	20.7999992370605	8.17899384007085	59.4255021192648	-12.6210053969897	38.6255028822042
36851	20.7999992370605	10.734929415093	71.4383993218688	-10.0650698219676	50.6384000848083
36852	20.7999992370605	11.3739133088485	167.285983385199	-9.42608592821202	146.485984148139
36853	20.7999992370605	9.2013680700797	66.837715286829	-11.5986311669808	46.0377160497684
36854	20.7999992370605	12.1406939813552	77.3170511444197	-8.65930525570538	56.5170519073592
36855	20.7999992370605	13.4186617688662	74.6333187906465	-7.38133746819431	53.833319553586
36856	20.7999992370605	11.2461165300974	65.4319507205668	-9.55388270696313	44.6319514835062
36857	20.7999992370605	22.1088427239415	159.618176660133	1.30884348688097	138.818177423072
36858	20.7999992370605	14.9522231138795	73.8665381181399	-5.84777612318103	53.0665388810793
36859	172.900009155273	156.295460412604	222.494191805677	-16.6045487426696	49.5941826504039
36860	209.5	101.854032664632	179.171083809052	-107.645967335368	-30.328916190948
36861	172.900009155273	139.809675953711	227.606062955722	-33.0903332015624	54.7060538004482
36862	172.900009155273	86.1350288782461	171.758870641488	-86.7649802770273	-1.14113851378562
36863	172.900009155273	128.307965866111	218.276898106891	-44.592043289162	45.3768889516173
36864	172.900009155273	126.518810963596	212.270449505589	-46.3811981916775	39.3704403503153
36865	172.900009155273	93.9306323820636	158.851395987626	-78.9693767732098	-14.0486131676474
36866	172.900009155273	113.611336309734	216.871133540629	-59.2886728455393	43.9711243853552
36867	172.900009155273	78.4672221531797	109.266245832196	-94.4327870020937	-63.6337633230769
36868	172.900009155273	89.2021515682727	168.56395117271	-83.6978575870007	-4.33605798256329
36869	130.100006103516	144.154766431249	193.739916586678	14.0547603277331	63.6399104831626
36870	130.100006103516	145.943921333764	200.768739417989	15.8439152302486	70.6687333144735
36871	130.100006103516	101.981829443383	190.289403560398	-28.1181766601322	60.1893974568827
36872	130.100006103516	136.486959706182	198.340600621718	6.38695360266667	68.2405945182024
36873	130.100006103516	147.094092342524	193.99551014418	16.9940862390085	63.8955040406648
36874	130.100006103516	104.793358575908	193.739916586678	-25.3066475276079	63.6399104831626
36875	130.100006103516	117.956426787272	173.420228765252	-12.1435793162439	43.3202226617366
36876	142	107.221497372179	194.506697259185	-34.7785026278212	52.5066972591849
36877	142	112.205571743472	169.586325402719	-29.7944282565281	27.586325402719
36878	142	71.9495864368732	151.18358926256	-70.0504135631268	9.18358926255959
36879	142	113.227945973481	204.986033116776	-28.7720540265192	62.9860331167756
36880	142	105.815732805917	187.350077649123	-36.1842671940834	45.3500776491229
36881	6.70000076293945	9.32916484883081	91.5024935857926	2.62916408589136	84.8024928228532
36882	35.0999984741211	0.127796778751107	34.3773334840478	-34.97220169537	-0.722664990073305
36884	8	17.891549025155	77.1892543656686	9.89154902515498	69.1892543656686
36885	8	12.7796778751107	72.844163888131	4.7796778751107	64.844163888131
36886	8	3.06712269002657	55.2082084204782	-4.93287730997343	47.2082084204782
36887	8	12.3962875388574	67.7322927380867	4.39628753885738	59.7322927380867
36889	8	17.6359554676528	80.7675641706996	9.63595546765277	72.7675641706996
36900	68.1999969482422	15.5912070076351	76.2946769144109	-52.6087899406071	8.0946799661687
36902	32.5999984741211	7.15661961006199	64.0261861543046	-25.4433788640591	31.4261876801835
36903	32.5999984741211	8.30679061882195	74.1221316756421	-24.2932078552991	41.522133201521
36904	32.5999984741211	14.5688327776262	75.0167091268998	-18.0311656964949	42.4167106527787
36905	32.5999984741211	8.30679061882195	72.9719606668821	-24.2932078552991	40.371962192761
36917	77.5999984741211	16.1023941226395	77.7004414806731	-61.4976043514816	0.10044300655197
36918	77.5999984741211	23.5146072902037	97.5089421870946	-54.0853911839174	19.9089437129736
36920	97.9000015258789	10.3515390788397	173.548025544003	-87.5484624470392	75.6480240181244
36921	97.9000015258789	35.1441141565544	253.548809042196	-62.7558873693245	155.648807516317
36922	97.9000015258789	7.02882283131089	99.4258938683613	-90.871178694568	1.52589234248235
36924	97.9000015258789	10.6071326363419	174.187009437759	-87.292868889537	76.28700791188
36925	97.9000015258789	75.1445059056509	115.783881548503	-22.755495620228	17.883880022624
36928	97.9000015258789	19.2973135914172	44.9844661203897	-78.6026879344618	-52.9155354054892
36929	97.9000015258789	24.4091847414614	50.8631179429406	-73.4908167844175	-47.0368835829383
36931	151.199996948242	26.0705428652258	86.5184192144994	-125.129454083016	-64.6815777337427
36932	151.199996948242	37.1888626165721	104.921155354659	-114.01113433167	-46.2788415935833
36933	68.5999984741211	32.3325850240301	86.3906224357483	-36.267413450091	17.7906239616272
36934	68.5999984741211	44.8566693416386	115.656084769752	-23.7433291324825	47.0560862956307
36935	68.5999984741211	30.4156333427635	108.627261938441	-38.1843651313576	40.0272634643199
36936	68.5999984741211	51.374305057945	174.825993331514	-17.2256934161761	106.225994857393
36937	78.0999984741211	40.0003917490965	118.723207459778	-38.0996067250246	40.6232089856573
36938	47	38.9780175190876	104.409968239654	-8.02198248091236	57.4099682396544
36939	47	26.5817299802303	65.3041539418157	-20.4182700197697	18.3041539418157
36940	45.5	42.0451402091142	159.36258310263	-3.45485979088579	113.86258310263
36941	40	34.63292704155	190.417200339149	-5.36707295845	150.417200339149
36942	40	36.4220819440655	187.989061542878	-3.5779180559345	147.989061542878
36943	26.5	7.54000994631531	58.6587214467581	-18.9599900536847	32.1587214467581
36944	7.50000095367432	12.0128972026041	58.6587214467581	4.51289624892974	51.1587204930838
36946	7.50000095367432	11.885100423853	56.8695665442426	4.38509947017864	49.3695655905683
36947	7.50000095367432	13.0352714326129	57.7641439955004	5.5352704789386	50.2641430418261
36948	7.50000095367432	14.6966295563773	57.2529568804959	7.19662860270299	49.7529559268216
36949	56.1999969482422	69.6492444193533	176.487351455279	13.4492474711111	120.287354507037
36950	46	61.3424538005314	145.816124555013	15.3424538005314	99.8161245550131
36951	46	68.8824637468467	142.110017971231	22.8824637468467	96.110017971231
36952	46	53.5468502967138	179.554474145305	7.54685029671383	133.554474145305
36953	46	61.9814376942869	181.21583226907	15.9814376942869	135.21583226907
36954	46	66.3265281718245	179.554474145305	20.3265281718245	133.554474145305
36955	46	17.891549025155	56.7417697654915	-28.108450974845	10.7417697654915
36956	46	24.7925750777148	72.7163671093799	-21.2074249222852	26.7163671093799
36957	46	23.6424040689548	71.0550089856155	-22.3575959310452	25.0550089856155
36958	46	72.0773832156244	161.151738005146	26.0773832156244	115.151738005146
36959	46	42.1729369878653	99.4258938683613	-3.82706301213469	53.4258938683613
36960	46	51.374305057945	183.388377507839	5.37430505794502	137.388377507839
36961	46	30.6712269002657	86.007232099495	-15.3287730997343	40.007232099495
36962	46	29.2654623340035	80.2563770556952	-16.7345376659965	34.2563770556952
36963	46	27.2207138739858	71.693992879371	-18.7792861260142	25.693992879371
36964	46	22.3644362814437	68.7546669680956	-23.6355637185563	22.7546669680956
36965	46	27.7319009889902	66.1987313930734	-18.2680990110098	20.1987313930734
36966	46	23.897997626457	88.9465580107705	-22.102002373543	42.9465580107705
36967	46	64.4095764905579	143.260188979991	18.4095764905579	97.260188979991
36968	46	22.747826617697	63.6427958180513	-23.252173382303	17.6427958180513
36969	46	27.0929170952347	69.5214476406022	-18.9070829047653	23.5214476406022
36970	46	62.4926248092913	115.017100875996	16.4926248092913	69.0171008759963
36971	46	65.4319507205668	171.503277083986	19.4319507205668	125.503277083986
36972	46	65.5597474993179	148.627653687537	19.5597474993179	102.627653687537
36973	46	59.2977053405137	144.026969652498	13.2977053405137	98.0269696524976
36974	46	26.1983396439769	83.0679061882196	-19.8016603560231	37.0679061882196
36975	46	50.7353211641895	121.406939813552	4.73532116418949	75.4069398135517
36976	46	52.1410857304517	105.176748912161	6.14108573045166	59.1767489121611
36977	46	65.5597474993179	134.570008024916	19.5597474993179	88.5700080249157
36978	46	68.4990734105934	174.442602995261	22.4990734105934	128.442602995261
36979	46	67.3489024018334	119.489988132285	21.3489024018334	73.489988132285
36980	46	65.9431378355712	140.83205018372	19.9431378355712	94.8320501837199
36981	46	66.9655120655801	143.260188979991	20.9655120655801	97.260188979991
36982	46	61.8536409155358	113.355742752232	15.8536409155358	67.3557427522319
36983	46	63.259405481798	177.893116021541	17.259405481798	131.893116021541
36984	46	65.0485603843135	179.426677366554	19.0485603843135	133.426677366554
36985	46	71.1828057643666	137.509333936191	25.1828057643666	91.5093339361912
36986	46	61.8536409155358	147.860873015031	15.8536409155358	101.860873015031
36987	46	49.4573533766784	157.956818536368	3.45735337667841	111.956818536368
36988	46	64.0261861543046	188.755842215385	18.0261861543046	142.755842215385
36989	46	23.897997626457	62.6204215880424	-22.102002373543	16.6204215880424
36990	46	65.0485603843135	156.934444306359	19.0485603843135	110.934444306359
36991	46	63.5149990393002	112.333368522223	17.5149990393002	66.3333685222231
36992	46	44.8566693416386	113.866929867236	-1.14333065836144	67.8669298672364
36993	46	30.9268204577679	86.2628256569972	-15.0731795422321	40.2628256569972
36994	46	60.4478763492736	168.56395117271	14.4478763492736	122.56395117271
36995	46	66.837715286829	148.499856908786	20.837715286829	102.499856908786
36996	46	59.4255021192648	178.404303136545	13.4255021192648	132.404303136545
36997	46	69.9048379768555	182.877190392834	23.9048379768555	136.877190392834
36998	46	66.9655120655801	179.682270924056	20.9655120655801	133.682270924056
36999	41.6000022888184	50.0963372704339	176.742945012781	8.49633498161559	135.142942723963
37000	41.6000022888184	59.0421117830114	158.851395987626	17.4421094941931	117.251393698808
37001	41.6000022888184	28.2430881039946	70.0326347556066	-13.3569141848237	28.4326324667883
37002	9.39999961853027	9.45696162758192	38.4668304040832	0.0569620090516452	29.0668307855529
37008	219.199996948242	110.672010398459	173.548025544003	-108.527986549784	-45.6519714042389
37011	219.199996948242	88.3075741170149	165.496828482684	-130.892422831227	-53.7031684655586
37013	219.199996948242	90.9913064707882	158.21241209387	-128.208690477454	-60.9875848543717
37014	219.199996948242	118.467613902276	228.884030743233	-100.732383045966	9.68403379499046
37017	219.199996948242	103.89878112465	192.717542356669	-115.301215823592	-26.4824545915728
37020	219.199996948242	116.422865442258	218.021304549389	-102.777131505984	-1.17869239885363
37021	224.300003051758	136.103569369929	218.276898106891	-88.1964336818288	-6.02310494486704
37025	219.199996948242	85.4960449844906	163.835470358919	-133.703951963752	-55.364526589323
37026	9.39999961853027	11.6295068663507	60.3200795705225	2.22950724782046	50.9200799519922
37028	40.9000015258789	9.45696162758192	45.4956532353941	-31.443039898297	4.59565170951519
37029	135.899993896484	136.103569369929	192.334152020416	0.203575473444602	56.4341581239317
37030	135.899993896484	80.3841738344463	142.237814749982	-55.5158200620381	6.33782085349773
37031	135.899993896484	142.110017971231	211.24807527558	6.21002407474663	75.3480813790955
37032	135.899993896484	111.566587849716	200.513145860487	-24.333406046768	64.6131519640025
37035	135.899993896484	110.416416840956	182.877190392834	-25.4835770555279	46.9771964963498
37036	135.899993896484	109.138449053445	190.800590675403	-26.761544843039	54.9005967789184
37037	135.899993896484	151.055792483808	223.005378920682	15.1557985873241	87.1053850241973
37038	135.899993896484	147.349685900026	202.941284656758	11.449692003542	67.0412907602736
37039	136	82.6845158519662	176.870741791532	-53.3154841480338	40.8707417915321
37041	136	88.8187612320194	199.490771630478	-47.1812387679806	63.490771630478
37042	136	153.48393128008	199.490771630478	17.4839312800795	63.490771630478
37043	135.899993896484	74.8889123481487	158.851395987626	-61.0110815483357	22.9514020911416
37044	135.899993896484	155.017492625093	216.743336761877	19.1174987286084	80.8433428653931
37045	135.899993896484	158.21241209387	225.177924159451	22.3124181973861	89.2779302629662
37046	135.899993896484	136.359162927431	198.979584515474	0.459169030946811	63.0795906189892
37047	135.899993896484	144.410359988751	207.158578355544	8.51036609226654	71.2585844590601
37048	135.899993896484	146.071718112515	206.391797683038	10.1717242160309	70.4918037865534
37049	135.899993896484	97.7645357445969	196.168055382949	-38.1354581518875	60.2680614864649
37050	54.5	35.1441141565544	76.1668801356598	-19.3558858434456	21.6668801356598
37051	71.5	59.2977053405137	110.033026504703	-12.2022946594863	38.5330265047031
37052	71.5	64.537373269309	106.965903814677	-6.96262673069096	35.4659038146766
37053	71.5	24.9203718564659	68.11568307434	-46.5796281435341	-3.38431692565996
37054	54.9999961853027	25.5593557502214	66.4543249505756	-29.4406404350813	11.4543287652729
37055	71.5	64.4095764905579	107.860481265934	-7.09042350944206	36.3604812659343
37056	71.5	39.361407855341	70.1604315343578	-32.138592144659	-1.33956846564224
37057	71.5	44.217685447883	96.8699582933391	-27.282314552117	25.3699582933391
37058	71.5	58.6587214467581	104.409968239654	-12.8412785532419	32.9099682396544
37059	71.5	25.3037621927192	64.9207636055624	-46.1962378072808	-6.57923639443764
37060	71.5	15.0800198926306	26.8373235377325	-56.4199801073694	-44.6626764622675
37061	71.5	36.9332690590699	102.365219779637	-34.5667309409301	30.8652197796367
37062	71.5	63.0038119242958	109.777432947201	-8.49618807570425	38.2774329472009
37063	54.9999961853027	26.5817299802303	66.7099185080779	-28.4182662050725	11.7099223227751
37064	54.9999961853027	49.7129469341806	91.5024935857926	-5.28704925112211	36.5024974004899
37065	54.9999961853027	33.3549592540389	69.6492444193533	-21.6450369312638	14.6492482340506
37066	54.9999961853027	24.1535911839592	59.0421117830114	-30.8464050013435	4.0421155977087
37067	54.9999961853027	20.1918910426749	58.1475343317537	-34.8081051426278	3.14753814645096
37068	119.699996948242	65.0485603843135	99.8092842046146	-54.6514365639287	-19.8907127436276
37069	46.2999992370605	41.1505627578565	104.921155354659	-5.14943647920409	58.6211561175983
37070	46.2999992370605	50.7353211641895	105.04895213341	4.43532192712894	58.7489528963494
37071	46.2999992370605	35.9108948290611	66.5821217293268	-10.3891044079995	20.2821224922662
37072	46.2999992370605	40.7671724216031	96.1031776208325	-5.53282681545741	49.8031783837719
37073	46.2999992370605	39.4892046340921	77.8282382594242	-6.81079460296848	31.5282390223636
37074	46.2999992370605	26.7095267589814	89.9689322407793	-19.5904724780792	43.6689330037188
37075	46.2999992370605	31.1824140152701	82.428922294464	-15.1175852217904	36.1289230574035
37076	46.2999992370605	44.8566693416386	102.620813337139	-1.44332989542199	56.3208141000784
37077	46.2999992370605	48.4349791466696	95.7197872845792	2.13497990960901	49.4197880475186
37078	46.2999992370605	40.8949692003542	78.3394253744286	-5.40503003670631	32.0394261373681
37079	46.2999992370605	37.3166593953232	70.7994154281133	-8.9833398417373	24.4994161910527
37080	46.2999992370605	28.3708848827458	64.9207636055624	-17.9291143543148	18.6207643685018
37081	31.3999977111816	31.3102107940212	59.1699085617625	-0.0897869171604242	27.7699108505809
37082	31.3999977111816	42.3007337666164	95.591990505828	10.9007360554348	64.1919927946464
37083	31.3999977111816	44.7288725628875	95.8475840633303	13.3288748517058	64.4475863521486
37084	41.7000007629395	38.5946271828343	84.0902804182284	-3.10537358010514	42.390279655289
37085	41.7000007629395	44.9844661203897	95.2086001695747	3.28446535745022	53.5085994066353
37086	41.7000007629395	51.5021018366961	106.071326363419	9.80210107375667	64.3713256004794
37087	41.7000007629395	50.3519308279362	103.259797230894	8.65193006499671	61.559796467955
37088	41.7000007629395	52.2688825092028	108.371668380939	10.5688817462633	66.6716676179993
37089	17.2000007629395	55.7193955354827	107.732684487183	38.5193947725432	90.5326837242438
37090	17.2000007629395	29.0098687765013	64.537373269309	11.8098680135618	47.3373725063696
37091	17.2000007629395	30.7990236790168	54.8248180842249	13.5990229160773	37.6248173212855
37092	17.2000007629395	57.8919407742515	85.2404514269884	40.691940011312	68.0404506640489
37093	4.79999923706055	8.17899384007085	50.8631179429406	3.3789946030103	46.06311870588
37094	17.3999996185303	13.9298488838707	64.4095764905579	-3.47015073465961	47.0095768720277
37095	121.099998474121	70.41602509186	110.672010398459	-50.6839733822611	-10.4279880756624
37096	121.099998474121	65.0485603843135	109.266245832196	-56.0514380898076	-11.8337526419246
37097	121.099998474121	78.2116285956775	112.588962079725	-42.8883698784436	-8.51103639439582
37098	195.399993896484	152.844947386324	199.107381294225	-42.5550465101604	3.70738739774035
37099	195.399993896484	144.538156767502	188.500248657883	-50.8618371289824	-6.89974523860153
37100	195.399993896484	160.001566996386	200.640942639238	-35.3984269000984	5.24094874275363
37101	195.399993896484	168.436154393959	219.810459451904	-26.9638395025253	24.4104655554197
37102	195.399993896484	170.608699632728	218.788085221895	-24.7912942637565	23.3880913254108
37103	195.399993896484	174.570399774012	219.427069115651	-20.8295941224722	24.0270752191664
37104	195.399993896484	178.532099915296	219.938256230655	-16.8678939811879	24.5382623341708
37105	195.399993896484	166.646999491444	216.615539983126	-28.7529944050408	21.215546086642
37106	195.399993896484	184.538548516599	221.471817575668	-10.8614453798859	26.0718236791841
37107	195.399993896484	178.148709579043	217.126727098131	-17.2512843174412	21.7267332016464
37109	147.399993896484	38.4668304040832	60.959063464278	-108.933163492401	-86.4409304322063
37110	156.5	114.761507318494	218.788085221895	-41.7384926815059	62.2880852218952
37111	156.5	103.387594009646	184.794142074101	-53.1124059903544	28.2941420741007
37112	156.5	135.592382254925	229.523014636988	-20.9076177450755	73.0230146369882
37113	147.399993896484	93.163851709557	179.810067702808	-54.2361421869274	32.4100738063232
37114	147.399993896484	90.9913064707882	176.231757897777	-56.4086874256962	28.8317640012922
37115	156.5	97.2533486295924	209.458920373064	-59.2466513704076	52.9589203730644
37116	156.5	155.017492625093	223.005378920682	-1.48250737490719	66.5053789206817
37117	137.800003051758	59.1699085617625	60.959063464278	-78.6300944899953	-76.8409395874798
37118	137.800003051758	103.259797230894	213.165026956847	-34.5402058208633	75.3650239050887
37119	137.800003051758	59.1699085617625	60.959063464278	-78.6300944899953	-76.8409395874798
37120	147.399993896484	105.815732805917	190.672793896652	-41.5842610905678	43.2728000001673
37121	137.800003051758	127.668981972356	226.328095168211	-10.1310210794019	88.5280921164527
37122	137.800003051758	96.4865679570858	208.94773325806	-41.313435094672	71.1477302063022
37123	137.800003051758	59.1699085617625	60.959063464278	-78.6300944899953	-76.8409395874798
37124	137.800003051758	92.5248678158015	212.39824628434	-45.2751352359563	74.598243232582
37125	137.800003051758	59.1699085617625	60.959063464278	-78.6300944899953	-76.8409395874798
37126	147.399993896484	88.9465580107705	176.103961119025	-58.4534358857139	28.7039672225411
37127	137.800003051758	59.1699085617625	60.959063464278	-78.6300944899953	-76.8409395874798
37128	137.800003051758	91.8858839220459	172.01446419899	-45.9141191297119	34.2144611472322
37129	147.399993896484	89.585541904526	181.343629047821	-57.8144519919584	33.9436351513365
37130	147.399993896484	91.1191032495393	183.004987171585	-56.2808906469451	35.6049932751009
37131	147.399993896484	88.6909644532683	180.960238711568	-58.7090294432161	33.5602448150831
37132	147.399993896484	94.8252098333214	218.404694885642	-52.574784063163	71.0047009891575
37133	147.399993896484	93.8028356033125	178.532099915296	-53.5971582931718	31.1321060188121
37134	147.399993896484	59.1699085617625	60.959063464278	-88.2300853347218	-86.4409304322063
37135	147.399993896484	58.9143150042603	60.959063464278	-88.485678892224	-86.4409304322063
37136	137.800003051758	59.1699085617625	60.959063464278	-78.6300944899953	-76.8409395874798
37137	137.800003051758	85.8794353207439	166.774796270195	-51.9205677310139	28.9747932184368
37138	137.800003051758	59.1699085617625	60.959063464278	-78.6300944899953	-76.8409395874798
37139	147.399993896484	95.9753808420814	182.621596835332	-51.424613054403	35.2216029388476
37140	156.5	154.634102288839	225.944704831957	-1.86589771116053	69.4447048319572
37141	137.800003051758	59.1699085617625	60.959063464278	-78.6300944899953	-76.8409395874798
37142	154.600006103516	38.4668304040832	60.959063464278	-116.133175699432	-93.6409426392376
37143	147.399993896484	59.1699085617625	60.959063464278	-88.2300853347218	-86.4409304322063
37144	147.399993896484	59.1699085617625	60.959063464278	-88.2300853347218	-86.4409304322063
37145	147.399993896484	91.5024935857926	181.088035490319	-55.8975003106918	33.6880415938343
37146	147.399993896484	94.4418194970681	197.573819949211	-52.9581743994163	50.1738260527271
37147	147.399993896484	90.4801193557838	181.854816162825	-56.9198745407006	34.4548222663409
37148	147.399993896484	59.1699085617625	60.959063464278	-88.2300853347218	-86.4409304322063
37149	147.399993896484	97.3811454083435	184.794142074101	-50.0188484881408	37.3941481776164
37150	147.399993896484	59.1699085617625	60.959063464278	-88.2300853347218	-86.4409304322063
37151	94.0999984741211	84.0902804182284	186.072109861612	-10.0097180558927	91.9721113874907
37152	94.0999984741211	76.0390833569087	114.505913760992	-18.0609151172124	20.4059152868708
37153	94.0999984741211	81.150954506953	116.806255778512	-12.9490439671681	22.7062573043907
37154	94.0999984741211	76.9336608081664	117.828630008521	-17.1663376659547	23.7286315343996
37155	94.0999984741211	82.0455319582107	193.100932692923	-12.0544665159104	99.0009342188016
37156	94.0999984741211	103.004203673392	197.701616727963	8.90420519927116	103.601618253841
37157	94.0999984741211	98.6591131958546	204.730439559273	4.55911472173352	110.630441085152
37158	94.0999984741211	84.729264311984	200.001958745482	-9.37073416213714	105.901960271361
37159	94.0999984741211	84.8570610907351	184.155158180345	-9.24293738338604	90.0551597062241
37160	105.400001525879	73.3553510031354	175.592774004021	-32.0446505227435	70.1927724781421
37161	105.400001525879	61.2146570217803	173.931415880257	-44.1853445040987	68.5314143543777
37162	105.400001525879	61.0868602430292	133.675430573658	-44.3131412828498	28.275429047779
37163	98.3000030517578	65.5597474993179	146.071718112515	-32.7402555524399	47.7717150607575
37164	98.3000030517578	87.6685902232594	157.701224978866	-10.6314128284984	59.4012219271082
37165	98.3000030517578	87.7963870020105	164.346657473924	-10.5036160497473	66.0466544221658
37166	98.3000030517578	71.0550089856155	138.020521051196	-27.2449940661423	39.7205179994378
37167	98.3000030517578	87.0296063295039	195.017884374189	-11.2703967222539	96.7178813224315
37168	98.3000030517578	73.0997574456332	148.244263351284	-25.2002456061246	49.9442602995263
37169	98.3000030517578	72.9719606668821	112.844555637227	-25.3280423848757	14.5445525854697
37170	98.3000030517578	81.5343448432063	195.401274710443	-16.7656582085515	97.1012716586848
37171	98.3000030517578	93.2916484883081	207.414171913047	-5.0083545634497	109.114168861289
37172	98.3000030517578	120.384565583543	135.208991918671	22.084562531785	36.9089888669134
37173	98.3000030517578	70.2882283131089	197.957210285465	-28.011774738649	99.6572072337069
37174	98.3000030517578	76.2946769144109	137.253740378689	-22.0053261373469	38.9537373269311
37175	98.3000030517578	86.9018095507528	177.637522464039	-11.398193501005	79.3375194122809
37176	98.3000030517578	81.9177351794596	184.921938852852	-16.3822678722982	86.621935801094
37177	98.3000030517578	85.2404514269884	194.634494037936	-13.0595516247694	96.3344909861782
37178	98.3000030517578	92.5248678158015	188.244655100381	-5.77513523595634	89.9446520486228
37179	98.3000030517578	73.0997574456332	116.422865442258	-25.2002456061246	18.1228623905007
37180	98.3000030517578	71.3106025431177	114.889304097245	-26.9894005086401	16.5893010454874
37181	98.3000030517578	69.0102605255978	107.604887708432	-29.28974252616	9.30488465667429
37182	98.3000030517578	79.8729867194419	178.276506357794	-18.4270163323159	79.9765033060365
37183	98.3000030517578	90.9913064707882	192.461948799167	-7.30869658096962	94.1619457474093
37184	98.3000030517578	81.6621416219574	186.327703419114	-16.6378614298004	88.0277003673562
37186	35.2000007629395	12.2684907601063	145.560530997511	-22.9315100028332	110.360530234571
37187	78.4000015258789	64.2817797118068	161.407331562648	-14.1182218140721	83.0073300367692
37188	78.4000015258789	81.7899384007085	102.74861011589	3.38993687482957	24.3486085900111
37189	28.5	11.7573036451018	48.0515888104162	-16.7426963548982	19.5515888104162
37190	28.5	17.891549025155	79.1062060469352	-10.608450974845	50.6062060469352
37191	28.5	7.66780672506642	47.1570113591585	-20.8321932749336	18.6570113591585
37192	28.5	11.6295068663507	23.5146072902037	-16.8704931336493	-4.98539270979631
37193	28.5	18.0193458039061	75.272302684402	-10.4806541960939	46.772302684402
37194	6	17.5081586889017	52.0132889517006	11.5081586889017	46.0132889517006
37195	6	21.5976556089371	52.2688825092028	15.5976556089371	46.2688825092028
37196	36.6999969482422	2.04474846001771	54.5692245267227	-34.6552484882245	17.8692275784805
37197	36.6999969482422	12.9074746538618	46.518027465403	-23.7925222943804	9.81803051716076
37198	36.6999969482422	10.0959455213375	23.2590137327015	-26.6040514269047	-13.4409832155407
37199	36.6999969482422	11.6295068663507	25.048168635217	-25.0704900818914	-11.6518283130252
37200	36.6999969482422	7.66780672506642	46.9014178016563	-29.0321902231758	10.2014208534141
37201	36.6999969482422	7.66780672506642	54.4414277479716	-29.0321902231758	17.7414307997294
37202	36.6999969482422	12.3962875388574	46.3902306866518	-24.3037094093848	9.69023373840966
37203	36.6999969482422	19.2973135914172	86.7740127720017	-17.402683356825	50.0740158237595
37204	0.399999618530273	14.6966295563773	65.8153410568201	14.296629937847	65.4153414382898
37205	36.6999969482422	13.8020521051196	52.1410857304517	-22.8979448431226	15.4410887822095
37206	36.6999969482422	12.3962875388574	50.2241340491851	-24.3037094093848	13.5241371009429
37207	36.6999969482422	6.38983893755535	46.518027465403	-30.3101580106868	9.81803051716076
37208	6	9.84035196383524	38.7224239615854	3.84035196383524	32.7224239615854
37209	24	15.4634102288839	39.4892046340921	-8.53658977111605	15.4892046340921
37210	24	19.5529071489194	50.2241340491851	-4.44709285108063	26.2241340491851
37211	24	19.5529071489194	49.5851501554295	-4.44709285108063	25.5851501554295
37212	26.5	19.6807039276705	55.9749890929849	-6.81929607232952	29.4749890929849
37213	24	12.5240843176085	38.4668304040832	-11.4759156823915	14.4668304040832
37214	44.1999969482422	15.8468005651373	50.3519308279362	-28.3531963831049	6.15193387969398
37215	133.300003051758	101.342845549628	127.413388414854	-31.95715750213	-5.88661463690413
37216	133.300003051758	109.266245832196	149.011044023791	-24.0337572195613	15.7110409720329
37217	136.600006103516	35.5275044928078	110.927603955961	-101.072501610708	-25.6724021475547
37218	136.600006103516	50.2241340491851	112.205571743472	-86.3758720543306	-24.3944343600437
37219	136.600006103516	47.1570113591585	109.138449053445	-89.4429947443571	-27.4615570500702
37220	136.600006103516	38.4668304040832	115.017100875996	-98.1331756994324	-21.5829052275193
37221	136.600006103516	80.2563770556952	118.212020344774	-56.3436290478204	-18.3879857587416
37222	130.600006103516	38.9780175190876	103.387594009646	-91.621988584428	-27.2124120938701
37223	130.600006103516	57.380753659247	111.94997818597	-73.2192524442686	-18.6500279175459
37224	13.2999992370605	1.91695168126661	36.9332690590699	-11.3830475557939	23.6332698220094
37225	0	5.11187115004428	26.326136422728	5.11187115004428	26.326136422728
37226	12.4999980926514	13.4186617688662	89.9689322407793	0.918663676214869	77.468934148128
37227	12.4999980926514	16.741378016395	82.6845158519662	4.24137992374365	70.1845177593149
37228	12.4999980926514	11.1183197513463	71.8217896581221	-1.38167834130506	59.3217915654708
37229	12.4999980926514	13.4186617688662	65.1763571630646	0.918663676214869	52.6763590704132
37230	12.4999980926514	13.8020521051196	48.5627759254207	1.30205401246819	36.0627778327693
37231	216.5	88.5631676745172	248.436937892152	-127.936832325483	31.936937892152
37232	85.5	45.8790435716474	120.128972026041	-39.6209564283526	34.6289720260406
37233	35.9000015258789	4.60068403503985	45.6234500141452	-31.2993174908391	9.7234484882663
37234	20.2000007629395	15.7190037863862	67.6044959593356	-4.48099697655329	47.4044951963962
37235	6.60000038146973	6.26204215880424	108.755058717192	-0.337958222665483	102.155058335722
37236	8.39999961853027	8.30679061882195	44.4732790053852	-0.0932089997083185	36.073279386855
37237	8.39999961853027	7.15661961006199	35.9108948290611	-1.24338000846828	27.5108952105308
37238	89	66.3265281718245	98.7869099746057	-22.6734718281755	9.78690997460572
37240	89	52.3966792879539	95.2086001695747	-36.6033207120461	6.20860016957472
37241	89	66.3265281718245	99.9370809833657	-22.6734718281755	10.9370809833657
37246	59.5	24.1535911839592	62.7482183667935	-35.3464088160408	3.24821836679354
37247	59.5	31.1824140152701	88.1797773382638	-28.3175859847299	28.6797773382638
37248	59.5	15.0800198926306	63.0038119242958	-44.4199801073694	3.50381192429575
37249	159.5	54.3136309692205	167.158186606448	-105.18636903078	7.65818660644797
37250	99	43.0675144391231	82.0455319582107	-55.9324855608769	-16.9544680417893
37251	159.5	48.6905727041718	104.793358575908	-110.809427295828	-54.7066414240923
37252	159.5	53.9302406329672	86.2628256569972	-105.569759367033	-73.2371743430028
37253	159.5	61.0868602430292	103.643187567148	-98.4131397569708	-55.8568124328522
37254	159.5	50.7353211641895	99.6814874258635	-108.764678835811	-59.8185125741365
37255	159.5	53.5468502967138	104.154374682152	-105.953149703286	-55.3456253178478
37256	159.5	55.3360051992293	101.470642328379	-104.163994800771	-58.029357671621
37257	159.5	63.259405481798	76.9336608081664	-96.240594518202	-82.5663391918336
37258	169.600006103516	58.6587214467581	98.4035196383524	-110.941284656758	-71.1964864651632
37259	159.5	32.204788245279	75.4000994631531	-127.295211754721	-84.0999005368469
37260	159.5	38.5946271828343	109.266245832196	-120.905372817166	-50.2337541678035
37261	159.5	65.687544278069	119.234394574783	-93.812455721931	-40.2656054252172
37262	159.5	44.4732790053852	88.0519805595127	-115.026720994615	-71.4480194404873
37263	159.5	35.1441141565544	110.79980717721	-124.355885843446	-48.7001928227902
37264	159.5	50.3519308279362	112.844555637227	-109.148069172064	-46.6554443627725
37265	159.5	30.4156333427635	109.521839389699	-129.084366657237	-49.9781606103013
37266	159.5	64.2817797118068	120.256768804792	-95.2182202881932	-39.2432311952083
37267	159.5	44.4732790053852	105.560139248414	-115.026720994615	-53.9398607515856
37268	159.5	52.9078664029583	107.221497372179	-106.592133597042	-52.2785026278212
37269	159.5	42.6841241028697	96.9977550720902	-116.81587589713	-62.5022449279098
37270	159.5	48.3071823679185	74.6333187906465	-111.192817632082	-84.8666812093535
37271	159.5	68.7546669680956	112.972352415979	-90.7453330319044	-46.5276475840214
37272	159.5	55.3360051992293	109.64963616845	-104.163994800771	-49.8503638315502
37273	159.5	16.8691747951461	76.1668801356598	-142.630825204854	-83.3331198643402
37274	159.5	64.537373269309	114.505913760992	-94.962626730691	-44.9940862390081
37275	159.5	70.1604315343578	114.889304097245	-89.3395684656422	-44.6106959027548
37276	159.5	51.5021018366961	109.777432947201	-107.997898163304	-49.7225670527991
37277	159.5	55.3360051992293	113.994726645987	-104.163994800771	-45.5052733540125
37278	159.5	66.5821217293268	115.528287991001	-92.9178782706732	-43.9717120089993
37279	159.5	44.7288725628875	75.5278962419042	-114.771127437113	-83.9721037580958
37280	159.5	46.3902306866518	93.9306323820636	-113.109769313348	-65.5693676179364
37281	159.5	46.0068403503985	100.703861655872	-113.493159649601	-58.7961383441277
37282	159.5	38.211236846581	175.592774004021	-121.288763153419	16.092774004021
37283	159.5	62.8760151455446	110.544213619708	-96.6239848544554	-48.9557863802924
37284	159.5	56.4861762079893	105.304545690912	-103.013823792011	-54.1954543090878
37285	159.5	54.6970213054738	109.138449053445	-104.802978694526	-50.3615509465546
37286	159.5	63.5149990393002	153.867321616333	-95.9850009606998	-5.63267838366716
37287	159.5	63.6427958180513	162.557502571408	-95.8572041819487	3.05750257140812
37288	61.9000015258789	46.3902306866518	111.566587849716	-15.5097708392271	49.6665863238375
37289	61.9000015258789	35.9108948290611	57.2529568804959	-25.9891066968178	-4.64704464538296
37290	61.9000015258789	34.7607238203011	66.0709346143223	-27.1392777055778	4.17093308844342
37291	61.9000015258789	35.9108948290611	58.1475343317537	-25.9891066968178	-3.75246719412522
37292	90.0999984741211	53.9302406329672	101.59843910713	-36.1697578411539	11.498440633009
37293	42.9000015258789	37.4444561740744	59.4255021192648	-5.45554535180455	16.5255005933858
37294	42.9000015258789	59.4255021192648	116.806255778512	16.5255005933858	73.9062542526329
37295	42.9000015258789	56.102785871736	116.55066222101	13.2027843458571	73.6506606951307
37296	42.9000015258789	30.2878365640124	66.1987313930734	-12.6121649618665	23.2987298671945
37297	42.9000015258789	44.8566693416386	101.342845549628	1.95666781575965	58.4428440237489
37298	42.9000015258789	46.1346371291496	70.5438218706111	3.23463560327072	27.6438203447322
37299	42.9000015258789	26.8373235377325	64.537373269309	-16.0626779881464	21.6373717434301
37300	54.3000030517578	41.9173434303631	77.4448479231709	-12.3826596213947	23.144844871413
37301	54.3000030517578	41.0227659791054	93.163851709557	-13.2772370726525	38.8638486577992
37302	61.9000015258789	26.326136422728	67.9878862955889	-35.5738651031509	6.08788476971003
37304	167.5	100.959455213375	186.838890534118	-66.5405447866255	19.3388905341184
37305	167.5	78.9784092681841	181.854816162825	-88.5215907318159	14.3548161628253
37306	167.5	78.3394253744286	177.76531924279	-89.1605746255714	10.2653192427898
37307	186.800003051758	84.4736707544817	184.155158180345	-102.326332297276	-2.6448448714126
37308	186.800003051758	62.7482183667935	174.698196552763	-124.051784684964	-12.1018064989945
37309	186.800003051758	145.560530997511	187.861264764127	-41.2394720542469	1.06126171236949
37310	13.3000001907349	16.6135812376439	66.3265281718245	3.31358104690905	53.0265279810897
37311	71	59.8088924555181	108.627261938441	-11.1911075444819	37.627261938441
37312	71	28.8820719977502	84.3458739757306	-42.1179280022498	13.3458739757306
37313	0.600000381469727	19.0417200339149	50.9909147216917	18.4417196524452	50.390914340222
37314	91.8000030517578	18.1471425826572	58.9143150042603	-73.6528604691006	-32.8856880474975
37315	91.8000030517578	33.48275603279	94.9530066120725	-58.3172470189678	3.1530035603147
37316	12.5	19.8085007064216	83.0679061882196	7.30850070642159	70.5679061882196
37317	50.5999984741211	31.9491946877768	87.0296063295039	-18.6508037863443	36.4296078553828
37318	45.0999984741211	26.4539332014792	61.2146570217803	-18.6460652726419	16.1146585476592
37319	45.0999984741211	34.2495367052967	82.428922294464	-10.8504617688244	37.3289238203429
37320	45.0999984741211	25.4315589714703	61.7258441367847	-19.6684395026508	16.6258456626636
37321	45.0999984741211	35.2719109353055	89.3299483470238	-9.82808753881556	44.2299498729027
37322	45.0999984741211	38.9780175190876	75.7834897994065	-6.12198095503346	30.6834913252854
37323	45.0999984741211	31.9491946877768	74.3777252331443	-13.1508037863443	29.2777267590232
37324	45.0999984741211	31.6936011302745	85.1126546482373	-13.4063973438466	40.0126561741162
37325	45.0999984741211	24.0257944052081	70.2882283131089	-21.074204068913	25.1882298389878
37326	50.5999984741211	32.7159753602834	86.2628256569972	-17.8840231138377	35.6628271828761
37327	59.3999977111816	38.211236846581	86.5184192144994	-21.1887608646006	27.1184215033178
37328	59.3999977111816	24.7925750777148	243.325066742108	-34.6074226334669	183.925069030926
37330	59.3999977111816	62.7482183667935	88.5631676745172	3.3482206556119	29.1631699633355
37331	59.3999977111816	63.0038119242958	207.158578355544	3.60381421311411	147.758580644363
37332	59.3999977111816	20.8308749364304	119.489988132285	-38.5691227747512	60.0899904211034
37337	59.3999977111816	46.3902306866518	85.7516385419928	-13.0097670245298	26.3516408308112
37339	59.3999977111816	14.313239220124	134.570008024916	-45.0867584910577	75.1700103137341
37340	59.3999977111816	18.2749393614083	187.222280870372	-41.1250583497733	127.82228315919
37342	59.3999977111816	13.0352714326129	53.9302406329672	-46.3647262785687	-5.46975707821449
37343	59.3999977111816	33.6105528115411	78.3394253744286	-25.7894448996405	18.939427663247
37344	68.1999969482422	2.81152913252435	120.895752698547	-65.3884678157178	52.695755750305
37347	68.1999969482422	31.8213979090256	106.582513478423	-36.3785990392165	38.3825165301811
37348	50.5999984741211	20.4474846001771	82.1733287369618	-30.152513873944	31.5733302628407
37349	50.5999984741211	17.1247683526483	78.5950189319308	-33.4752301214728	27.9950204578097
