36455	8.89999961853027	0	62.3999977111816	-8.89999961853027	53.4999980926514
36456	8.89999961853027	0	78.9000015258789	-8.89999961853027	70.0000019073486
36457	8.89999961853027	1	2	-7.89999961853027	-6.89999961853027
36458	8.89999961853027	0	78.9000015258789	-8.89999961853027	70.0000019073486
36459	8.89999961853027	0	5.99999904632568	-8.89999961853027	-2.90000057220459
36460	8.89999961853027	0	78.9000015258789	-8.89999961853027	70.0000019073486
36461	85.7999954223633	37.2999992370605	111.099998474121	-48.4999961853027	25.3000030517578
36462	107.699996948242	17.6000003814697	243.800003051758	-90.0999965667725	136.100006103516
36463	107.699996948242	0	180.300003051758	-107.699996948242	72.6000061035156
36464	107.699996948242	17.6000003814697	243.800003051758	-90.0999965667725	136.100006103516
36465	107.699996948242	11.4999990463257	82.5	-96.1999979019165	-25.1999969482422
36466	107.699996948242	11.4999990463257	82.5	-96.1999979019165	-25.1999969482422
36467	107.699996948242	8.30000114440918	106.199996948242	-99.399995803833	-1.5
36468	104.5	10.6999998092651	111.099998474121	-93.8000001907349	6.59999847412109
36469	104.5	8.30000114440918	111.099998474121	-96.1999988555908	6.59999847412109
36470	104.5	10.6999998092651	111.099998474121	-93.8000001907349	6.59999847412109
36471	104.5	13.3000011444092	111.099998474121	-91.1999988555908	6.59999847412109
36472	104.5	13.3000011444092	111.099998474121	-91.1999988555908	6.59999847412109
36473	104.5	2.69999980926514	82.3000030517578	-101.800000190735	-22.1999969482422
36474	104.5	13.3000011444092	172.5	-91.1999988555908	68
36475	104.5	10.6999998092651	111.099998474121	-93.8000001907349	6.59999847412109
36476	104.5	17.6000003814697	111.099998474121	-86.8999996185303	6.59999847412109
36477	104.5	45.7999992370605	213.699996948242	-58.7000007629395	109.199996948242
36478	145.900009155273	58.7000007629395	114	-87.200008392334	-31.9000091552734
36479	145.900009155273	79.6999969482422	103	-66.2000122070312	-42.9000091552734
36480	145.900009155273	79.6999969482422	103	-66.2000122070312	-42.9000091552734
36481	145.900009155273	79.6999969482422	114	-66.2000122070312	-31.9000091552734
36482	145.900009155273	79.6999969482422	114	-66.2000122070312	-31.9000091552734
36483	145.900009155273	48.9000015258789	154.800003051758	-97.0000076293945	8.89999389648438
36484	135.899993896484	58.7000007629395	125.800003051758	-77.1999931335449	-10.0999908447266
36485	135.899993896484	58.7000007629395	126	-77.1999931335449	-9.89999389648438
36486	135.899993896484	58.7000007629395	133.899993896484	-77.1999931335449	-2
36487	147.300003051758	79.6999969482422	149.399993896484	-67.6000061035156	2.09999084472656
36488	28.0999984741211	0	64.5999984741211	-28.0999984741211	36.5
36489	28.0999984741211	0	186	-28.0999984741211	157.900001525879
36491	53.6999969482422	0	122.699996948242	-53.6999969482422	69
36493	53.6999969482422	10.6999998092651	153.800003051758	-42.9999971389771	100.100006103516
36494	53.6999969482422	10.6999998092651	95.9000015258789	-42.9999971389771	42.2000045776367
36495	53.6999969482422	0	122.699996948242	-53.6999969482422	69
36496	53.6999969482422	0	176.399993896484	-53.6999969482422	122.699996948242
36498	135.899993896484	2	1	-133.899993896484	-134.899993896484
36499	135.899993896484	2	1	-133.899993896484	-134.899993896484
36500	147.899993896484	1	2	-146.899993896484	-145.899993896484
36501	32.5	1	2	-31.5	-30.5
36502	32.5	0	81.1999969482422	-32.5	48.6999969482422
36503	46.8000030517578	10.6999998092651	95.9000015258789	-36.1000032424927	49.0999984741211
36504	46.8000030517578	10.6999998092651	95.9000015258789	-36.1000032424927	49.0999984741211
36505	46.8000030517578	10.6999998092651	95.9000015258789	-36.1000032424927	49.0999984741211
36506	46.8000030517578	10.6999998092651	95.9000015258789	-36.1000032424927	49.0999984741211
36507	46.8000030517578	0	106.300003051758	-46.8000030517578	59.5
36508	46.8000030517578	10.6999998092651	95.9000015258789	-36.1000032424927	49.0999984741211
36509	46.8000030517578	10.6999998092651	95.9000015258789	-36.1000032424927	49.0999984741211
36510	46.8000030517578	10.6999998092651	95.9000015258789	-36.1000032424927	49.0999984741211
36511	46.8000030517578	10.6999998092651	95.9000015258789	-36.1000032424927	49.0999984741211
36512	46.8000030517578	10.6999998092651	95.9000015258789	-36.1000032424927	49.0999984741211
36513	46.8000030517578	10.6999998092651	95.9000015258789	-36.1000032424927	49.0999984741211
36514	46.8000030517578	10.6999998092651	95.9000015258789	-36.1000032424927	49.0999984741211
36515	46.8000030517578	10.6999998092651	136.600006103516	-36.1000032424927	89.8000030517578
36516	46.8000030517578	10.6999998092651	95.9000015258789	-36.1000032424927	49.0999984741211
36517	46.8000030517578	0	95.9000015258789	-46.8000030517578	49.0999984741211
36518	46.8000030517578	10.6999998092651	95.9000015258789	-36.1000032424927	49.0999984741211
36519	46.8000030517578	10.6999998092651	95.9000015258789	-36.1000032424927	49.0999984741211
36520	46.8000030517578	10.6999998092651	95.9000015258789	-36.1000032424927	49.0999984741211
36521	85.0999984741211	10.6999998092651	172.600006103516	-74.399998664856	87.5000076293945
36522	85.0999984741211	10.6999998092651	172.699996948242	-74.399998664856	87.5999984741211
36523	85.0999984741211	10.6999998092651	172.699996948242	-74.399998664856	87.5999984741211
36524	85.0999984741211	10.6999998092651	172.600006103516	-74.399998664856	87.5000076293945
36525	85.0999984741211	0	172.699996948242	-85.0999984741211	87.5999984741211
36526	85.0999984741211	10.6999998092651	72.5	-74.399998664856	-12.5999984741211
36527	11	0	95	-11	84
36528	11	0	95.1999969482422	-11	84.1999969482422
36529	11	0	95.9000015258789	-11	84.9000015258789
36530	11	10.6999998092651	95.1999969482422	-0.300000190734863	84.1999969482422
36531	11	10.6999998092651	95.1999969482422	-0.300000190734863	84.1999969482422
36532	11	10.6999998092651	93.0999984741211	-0.300000190734863	82.0999984741211
36533	11	0	95.9000015258789	-11	84.9000015258789
36534	85.0999984741211	0	172.699996948242	-85.0999984741211	87.5999984741211
36535	159.600006103516	1	2	-158.600006103516	-157.600006103516
36536	59.5	28.3999996185303	157.5	-31.1000003814697	98
36537	59.5	37.2999992370605	149.5	-22.2000007629395	90
36538	40.8000030517578	0	66.2000045776367	-40.8000030517578	25.4000015258789
36539	40.8000030517578	5.39999961853027	66.3000030517578	-35.4000034332275	25.5
36540	40.8000030517578	5.39999961853027	66.2000045776367	-35.4000034332275	25.4000015258789
36541	40.8000030517578	0	66.2000045776367	-40.8000030517578	25.4000015258789
36542	40.8000030517578	2	1	-38.8000030517578	-39.8000030517578
36543	40.8000030517578	7.80000019073486	66.3000030517578	-33.0000028610229	25.5
36544	34.4000015258789	0	36.4000015258789	-34.4000015258789	2
36545	32.1000022888184	0	81.9000015258789	-32.1000022888184	49.7999992370605
36546	32.1000022888184	0	81.9000015258789	-32.1000022888184	49.7999992370605
36547	32.1000022888184	0	81.9000015258789	-32.1000022888184	49.7999992370605
36548	32.1000022888184	0	81.9000015258789	-32.1000022888184	49.7999992370605
36549	32.1000022888184	0	81.9000015258789	-32.1000022888184	49.7999992370605
36550	32.1000022888184	0	88.8000030517578	-32.1000022888184	56.7000007629395
36551	32.1000022888184	0	81.9000015258789	-32.1000022888184	49.7999992370605
36552	32.1000022888184	0	76.4000015258789	-32.1000022888184	44.2999992370605
36553	32.1000022888184	0	81.9000015258789	-32.1000022888184	49.7999992370605
36554	32.1000022888184	0	81.9000015258789	-32.1000022888184	49.7999992370605
36555	32.1000022888184	0	81.9000015258789	-32.1000022888184	49.7999992370605
36556	32.1000022888184	0	81.9000015258789	-32.1000022888184	49.7999992370605
36557	32.1000022888184	0	81.9000015258789	-32.1000022888184	49.7999992370605
36558	32.1000022888184	0	81.9000015258789	-32.1000022888184	49.7999992370605
36559	32.1000022888184	0	81.9000015258789	-32.1000022888184	49.7999992370605
36560	34.4000015258789	0	90.2999954223633	-34.4000015258789	55.8999938964844
36561	34.4000015258789	0	90.2999954223633	-34.4000015258789	55.8999938964844
36562	34.4000015258789	0	90.2999954223633	-34.4000015258789	55.8999938964844
36563	34.4000015258789	0	95.9000015258789	-34.4000015258789	61.5
36564	32.1000022888184	0	81.9000015258789	-32.1000022888184	49.7999992370605
36565	216.399993896484	1	2	-215.399993896484	-214.399993896484
36566	69	1	2	-68	-67
36567	69	0	66.3000030517578	-69	-2.69999694824219
36568	69	0	78.9000015258789	-69	9.90000152587891
36569	69	0	102.300003051758	-69	33.3000030517578
36570	69	1	2	-68	-67
36571	69	10.6999998092651	102.300003051758	-58.3000001907349	33.3000030517578
36572	31	0	125.5	-31	94.5
36573	31	0	125.5	-31	94.5
36574	111.899993896484	10.6999998092651	206.100006103516	-101.199994087219	94.2000122070312
36575	111.899993896484	17.6000003814697	206	-94.2999935150146	94.1000061035156
36576	111.899993896484	2.69999980926514	205.100006103516	-109.199994087219	93.2000122070312
36577	43.3999977111816	0	172.699996948242	-43.3999977111816	129.299999237061
36578	49.6000022888184	0	66.1999969482422	-49.6000022888184	16.5999946594238
36580	27	0	153.800003051758	-27	126.800003051758
36581	31.5	0	124.799995422363	-31.5	93.2999954223633
36582	32.5999984741211	1	126.199996948242	-31.5999984741211	93.5999984741211
36583	32.5999984741211	2.69999980926514	90.1999969482422	-29.899998664856	57.5999984741211
36584	32.5999984741211	21.2999992370605	72.4000015258789	-11.2999992370605	39.8000030517578
36585	32.5999984741211	1	84.8000030517578	-31.5999984741211	52.2000045776367
36586	31.5	0	124.699996948242	-31.5	93.1999969482422
36587	31.5	0	124.699996948242	-31.5	93.1999969482422
36588	32.5999984741211	2.69999980926514	84.6999969482422	-29.899998664856	52.0999984741211
36589	32.5999984741211	21.2999992370605	72.4000015258789	-11.2999992370605	39.8000030517578
36590	32.5999984741211	21.2999992370605	72.4000015258789	-11.2999992370605	39.8000030517578
36591	32.5999984741211	21.2999992370605	72.4000015258789	-11.2999992370605	39.8000030517578
36592	32.5999984741211	2.69999980926514	84.8000030517578	-29.899998664856	52.2000045776367
36593	32.5999984741211	2.69999980926514	90.1999969482422	-29.899998664856	57.5999984741211
36594	33.4000015258789	0	84.8000030517578	-33.4000015258789	51.4000015258789
36595	44.1999969482422	23.6000003814697	72.4000015258789	-20.5999965667725	28.2000045776367
36596	44.1999969482422	23.6000003814697	72.4000015258789	-20.5999965667725	28.2000045776367
36597	44.1999969482422	23.6000003814697	72.4000015258789	-20.5999965667725	28.2000045776367
36598	44.1999969482422	23.6000003814697	72.4000015258789	-20.5999965667725	28.2000045776367
36599	44.1999969482422	0	98.3000030517578	-44.1999969482422	54.1000061035156
36600	44.1999969482422	8.30000114440918	73.3000030517578	-35.899995803833	29.1000061035156
36601	44.1999969482422	0	104.099998474121	-44.1999969482422	59.9000015258789
36602	44.1999969482422	0	126.300003051758	-44.1999969482422	82.1000061035156
36604	23.2999992370605	0	164.699996948242	-23.2999992370605	141.399997711182
36606	23.2999992370605	0	243.100006103516	-23.2999992370605	219.800006866455
36607	9.39999961853027	0	36.4000015258789	-9.39999961853027	27.0000019073486
36608	9.39999961853027	0	77.7999954223633	-9.39999961853027	68.399995803833
36609	9.39999961853027	0	77.7999954223633	-9.39999961853027	68.399995803833
36610	9.39999961853027	0	77.7999954223633	-9.39999961853027	68.399995803833
36611	9.39999961853027	0	95.9000015258789	-9.39999961853027	86.5000019073486
36612	101.699996948242	22.2000007629395	160.300003051758	-79.4999961853027	58.6000061035156
36613	101.699996948242	2	1	-99.6999969482422	-100.699996948242
36614	101.699996948242	2	1	-99.6999969482422	-100.699996948242
36615	101.699996948242	2	1	-99.6999969482422	-100.699996948242
36616	101.699996948242	2	1	-99.6999969482422	-100.699996948242
36617	101.699996948242	1	2	-100.699996948242	-99.6999969482422
36618	101.699996948242	2	1	-99.6999969482422	-100.699996948242
36619	101.699996948242	2	1	-99.6999969482422	-100.699996948242
36620	101.699996948242	2	1	-99.6999969482422	-100.699996948242
36621	101.699996948242	2	1	-99.6999969482422	-100.699996948242
36622	101.699996948242	2	1	-99.6999969482422	-100.699996948242
36623	23.8000011444092	0	79.4000015258789	-23.8000011444092	55.6000003814697
36624	24	0	84.5	-24	60.5
36625	23.8000011444092	0	84.5	-23.8000011444092	60.6999988555908
36626	23.8000011444092	0	84.5	-23.8000011444092	60.6999988555908
36627	23.8000011444092	0	84.5	-23.8000011444092	60.6999988555908
36628	23.8000011444092	0	84.5	-23.8000011444092	60.6999988555908
36629	40.9000015258789	13.3000011444092	149.5	-27.6000003814697	108.599998474121
36630	40.9000015258789	13.3000011444092	119.200004577637	-27.6000003814697	78.3000030517578
36631	7.10000038146973	12.5999994277954	104.099998474121	5.49999904632568	96.9999980926514
36632	7.10000038146973	0	95.9000015258789	-7.10000038146973	88.8000011444092
36633	7.10000038146973	4.10000038146973	20.2000007629395	-3	13.1000003814697
36634	99.9000015258789	10.6999998092651	119	-89.2000017166138	19.0999984741211
36635	99.9000015258789	18.3999977111816	119.299995422363	-81.5000038146973	19.3999938964844
36636	7.10000038146973	0	66	-7.10000038146973	58.8999996185303
36637	7.10000038146973	0	66.3000030517578	-7.10000038146973	59.2000026702881
36638	7.10000038146973	0	66.3000030517578	-7.10000038146973	59.2000026702881
36639	8.69999980926514	0	90.2000045776367	-8.69999980926514	81.5000047683716
36640	24.7999992370605	12.5999994277954	90.1999969482422	-12.1999998092651	65.3999977111816
36641	24.7999992370605	0	66.3000030517578	-24.7999992370605	41.5000038146973
36642	24.7999992370605	0	95.9000015258789	-24.7999992370605	71.1000022888184
36643	24.7999992370605	0	66.3000030517578	-24.7999992370605	41.5000038146973
36644	24.7999992370605	0	66.0999984741211	-24.7999992370605	41.2999992370605
36645	32.1999969482422	3.30000019073486	90.1999969482422	-28.8999967575073	58
36646	9.19999885559082	0	186	-9.19999885559082	176.800001144409
36647	9.19999885559082	0	186	-9.19999885559082	176.800001144409
36648	8.90000152587891	0	77.0999984741211	-8.90000152587891	68.1999969482422
36649	7.89999961853027	0	172.800003051758	-7.89999961853027	164.900003433228
36650	7.89999961853027	0	58.2000007629395	-7.89999961853027	50.3000011444092
36651	65.6999969482422	0	66.3000030517578	-65.6999969482422	0.600006103515625
36652	65.6999969482422	0	66.3000030517578	-65.6999969482422	0.600006103515625
36653	65.6999969482422	0	66.3000030517578	-65.6999969482422	0.600006103515625
36654	65.6999969482422	0	66.3000030517578	-65.6999969482422	0.600006103515625
36655	65.6999969482422	0	66.3000030517578	-65.6999969482422	0.600006103515625
36656	65.6999969482422	0	66.3000030517578	-65.6999969482422	0.600006103515625
36657	65.6999969482422	0	66.3000030517578	-65.6999969482422	0.600006103515625
36658	65.6999969482422	0	66.1999969482422	-65.6999969482422	0.5
36659	65.6999969482422	0	66.3000030517578	-65.6999969482422	0.600006103515625
36660	100.799995422363	58.7000007629395	133.699996948242	-42.0999946594238	32.9000015258789
36661	100.799995422363	45.7999992370605	212.199996948242	-54.9999961853027	111.400001525879
36662	100.799995422363	45.7999992370605	220.400009155273	-54.9999961853027	119.60001373291
36663	100.799995422363	58.7000007629395	133.699996948242	-42.0999946594238	32.9000015258789
36664	100.799995422363	58.7000007629395	133.699996948242	-42.0999946594238	32.9000015258789
36665	100.799995422363	58.7000007629395	133.699996948242	-42.0999946594238	32.9000015258789
36666	100.799995422363	58.7000007629395	133.699996948242	-42.0999946594238	32.9000015258789
36667	100.799995422363	58.7000007629395	133.699996948242	-42.0999946594238	32.9000015258789
36668	100.799995422363	67.0999984741211	131.300003051758	-33.6999969482422	30.5000076293945
36669	100.799995422363	58.7000007629395	133.899993896484	-42.0999946594238	33.0999984741211
36670	82.8000030517578	2	1	-80.8000030517578	-81.8000030517578
36671	82.8000030517578	62.3000030517578	99.3000030517578	-20.5	16.5
36672	82.8000030517578	37.2999992370605	240.600006103516	-45.5000038146973	157.800003051758
36673	34.9000015258789	6.19999885559082	95.9000015258789	-28.7000026702881	61
36674	34.9000015258789	6.19999885559082	95.9000015258789	-28.7000026702881	61
36675	0	0	92.5999984741211	0	92.5999984741211
36676	62.0999984741211	10.6999998092651	81.9000015258789	-51.399998664856	19.8000030517578
36677	50.7000007629395	10.6999998092651	81.6999969482422	-40.0000009536743	30.9999961853027
36678	62.0999984741211	10.6999998092651	81.9000015258789	-51.399998664856	19.8000030517578
36679	57.7999992370605	8.60000038146973	161.399993896484	-49.1999988555908	103.599994659424
36680	57.7999992370605	10.6999998092651	81.9000015258789	-47.0999994277954	24.1000022888184
36681	57.7999992370605	10.6999998092651	72.5	-47.0999994277954	14.7000007629395
36682	62.0999984741211	10.6999998092651	81.9000015258789	-51.399998664856	19.8000030517578
36683	62.0999984741211	10.6999998092651	81.8000030517578	-51.399998664856	19.7000045776367
36684	62.0999984741211	10.6999998092651	81.8999938964844	-51.399998664856	19.7999954223633
36685	59.7000007629395	10.6999998092651	95.9000015258789	-49.0000009536743	36.2000007629395
36686	59.7000007629395	10.6999998092651	95.9000015258789	-49.0000009536743	36.2000007629395
36687	56.4000015258789	10.6999998092651	95.9000015258789	-45.7000017166138	39.5
36688	56.4000015258789	10.6999998092651	95.9000015258789	-45.7000017166138	39.5
36689	93.4000015258789	1	2	-92.4000015258789	-91.4000015258789
36690	93.4000015258789	1	2	-92.4000015258789	-91.4000015258789
36691	93.4000015258789	58.2999992370605	95.5	-35.1000022888184	2.09999847412109
36692	91.8000030517578	1	1	-90.8000030517578	-90.8000030517578
36693	91.8000030517578	1	2	-90.8000030517578	-89.8000030517578
36694	128.399993896484	10.6999998092651	119.199996948242	-117.699994087219	-9.19999694824219
36695	128.399993896484	10.6999998092651	119.199996948242	-117.699994087219	-9.19999694824219
36696	125.300003051758	10.6999998092651	119.199996948242	-114.600003242493	-6.10000610351562
36697	57.5999984741211	10.6999998092651	95.9000015258789	-46.899998664856	38.3000030517578
36698	57.5999984741211	10.6999998092651	95.9000015258789	-46.899998664856	38.3000030517578
36699	57.5999984741211	10.6999998092651	94.9000015258789	-46.899998664856	37.3000030517578
36700	57.5999984741211	0	95.9000015258789	-57.5999984741211	38.3000030517578
36701	57.5999984741211	10.6999998092651	95.9000015258789	-46.899998664856	38.3000030517578
36702	57.5999984741211	10.6999998092651	95.8000030517578	-46.899998664856	38.2000045776367
36703	47.5	0	164.699996948242	-47.5	117.199996948242
36704	47.5	0	168.399993896484	-47.5	120.899993896484
36705	47.5	0	66	-47.5	18.5
36706	60	0	66.1999969482422	-60	6.19999694824219
36708	66.9000015258789	10.6999998092651	120.900001525879	-56.2000017166138	54
36709	66.9000015258789	10.6999998092651	66.3000030517578	-56.2000017166138	-0.599998474121094
36710	66.9000015258789	10.6999998092651	120.900001525879	-56.2000017166138	54
36711	66.9000015258789	0	120.900001525879	-66.9000015258789	54
36712	66.9000015258789	10.6999998092651	104.099998474121	-56.2000017166138	37.1999969482422
36713	110	2	1	-108	-109
36714	66.9000015258789	10.6999998092651	74.0999984741211	-56.2000017166138	7.19999694824219
36715	66.9000015258789	12.5999994277954	66.3000030517578	-54.3000020980835	-0.599998474121094
36716	66.9000015258789	12.5999994277954	66.3000030517578	-54.3000020980835	-0.599998474121094
36717	66.9000015258789	10.6999998092651	66.3000030517578	-56.2000017166138	-0.599998474121094
36718	66.9000015258789	0	104.099998474121	-66.9000015258789	37.1999969482422
36719	66.9000015258789	0	66.1999969482422	-66.9000015258789	-0.700004577636719
36720	66.9000015258789	1	2	-65.9000015258789	-64.9000015258789
36721	66.9000015258789	0	74.0999984741211	-66.9000015258789	7.19999694824219
36722	66.9000015258789	0	74.0999984741211	-66.9000015258789	7.19999694824219
36723	66.9000015258789	0	104.399993896484	-66.9000015258789	37.4999923706055
36724	0	0	125.800003051758	0	125.800003051758
36725	52.5	0	129.800003051758	-52.5	77.3000030517578
36726	52.5	10.3999996185303	149.5	-42.1000003814697	97
36727	52.5	0	95.9000015258789	-52.5	43.4000015258789
36728	52.5	0	169.100006103516	-52.5	116.600006103516
36729	52.5	6.29999923706055	129.199996948242	-46.2000007629395	76.6999969482422
36730	52.5	0	126.099998474121	-52.5	73.5999984741211
36731	52.5	0	104.100006103516	-52.5	51.6000061035156
36732	123.100006103516	45.7999992370605	176.199996948242	-77.3000068664551	53.0999908447266
36733	123.100006103516	45.7999992370605	179.100006103516	-77.3000068664551	56
36734	123.100006103516	53.0999984741211	238.600006103516	-70.0000076293945	115.5
36735	123.100006103516	28.3999996185303	176.699996948242	-94.7000064849854	53.5999908447266
36736	123.100006103516	45.7999992370605	176.699996948242	-77.3000068664551	53.5999908447266
36737	123.100006103516	53.0999984741211	209.199996948242	-70.0000076293945	86.0999908447266
36738	123.100006103516	45.7999992370605	209.199996948242	-77.3000068664551	86.0999908447266
36739	123.100006103516	28.3999996185303	176.699996948242	-94.7000064849854	53.5999908447266
36740	123.100006103516	28.3999996185303	178.199996948242	-94.7000064849854	55.0999908447266
36741	123.100006103516	10.6999998092651	176.199996948242	-112.40000629425	53.0999908447266
36742	123.100006103516	53.0999984741211	176.699996948242	-70.0000076293945	53.5999908447266
36743	123.100006103516	53.0999984741211	179.400009155273	-70.0000076293945	56.3000030517578
36744	123.100006103516	53.0999984741211	178.800003051758	-70.0000076293945	55.6999969482422
36745	36.8000030517578	0	153.800003051758	-36.8000030517578	117
36746	36.8000030517578	0	153.800003051758	-36.8000030517578	117
36747	50.4000015258789	3.80000019073486	96.9000015258789	-46.600001335144	46.5
36748	50.4000015258789	3.80000019073486	95.9000015258789	-46.600001335144	45.5
36749	50.4000015258789	3.80000019073486	125.900001525879	-46.600001335144	75.5
36750	50.4000015258789	28.8999977111816	96.9000015258789	-21.5000038146973	46.5
36751	50.4000015258789	28.8999977111816	86.9000015258789	-21.5000038146973	36.5
36752	50.4000015258789	28.8999977111816	95.9000015258789	-21.5000038146973	45.5
36753	56.6000022888184	1	2	-55.6000022888184	-54.6000022888184
36754	42	2	1	-40	-41
36755	42	2	1	-40	-41
36756	42	1	2	-41	-40
36757	122.099998474121	8.30000114440918	160.600006103516	-113.799997329712	38.5000076293945
36758	122.099998474121	37.0999984741211	160.5	-85	38.4000015258789
36759	122.099998474121	37.0999984741211	125.099998474121	-85	3
36760	122.099998474121	37.0999984741211	125.099998474121	-85	3
36761	122.099998474121	8.30000114440918	125	-113.799997329712	2.90000152587891
36762	122.099998474121	37.0999984741211	87.4000015258789	-85	-34.6999969482422
36763	205	2	1	-203	-204
36764	205	2	1	-203	-204
36765	205	2	1	-203	-204
36766	205	2	1	-203	-204
36767	205	2	1	-203	-204
36768	205	2	1	-203	-204
36769	205	2	1	-203	-204
36770	205	2	1	-203	-204
36771	205	2	1	-203	-204
36772	205	2	1	-203	-204
36773	77.1999969482422	1	2	-76.1999969482422	-75.1999969482422
36774	77.1999969482422	1	2	-76.1999969482422	-75.1999969482422
36775	77.1999969482422	10	82.0999984741211	-67.1999969482422	4.90000152587891
36776	77.1999969482422	10	82.0999984741211	-67.1999969482422	4.90000152587891
36777	77.1999969482422	3.80000019073486	156.899993896484	-73.3999967575073	79.6999969482422
36778	77.1999969482422	2	1	-75.1999969482422	-76.1999969482422
36779	77.1999969482422	2	1	-75.1999969482422	-76.1999969482422
36780	77.1999969482422	4.20000028610229	128.699996948242	-72.9999966621399	51.5
36781	77.1999969482422	10	140.5	-67.1999969482422	63.3000030517578
36782	77.1999969482422	10	82.0999984741211	-67.1999969482422	4.90000152587891
36783	77.1999969482422	1	2	-76.1999969482422	-75.1999969482422
36784	77.1999969482422	10	82.0999984741211	-67.1999969482422	4.90000152587891
36785	77.1999969482422	0	99.6999969482422	-77.1999969482422	22.5
36786	77.1999969482422	10	82.0999984741211	-67.1999969482422	4.90000152587891
36787	77.1999969482422	10	156.899993896484	-67.1999969482422	79.6999969482422
36788	77.1999969482422	1	2	-76.1999969482422	-75.1999969482422
36789	77.1999969482422	1	2	-76.1999969482422	-75.1999969482422
36790	77.1999969482422	1	2	-76.1999969482422	-75.1999969482422
36791	84.9000015258789	1	2	-83.9000015258789	-82.9000015258789
36792	82.5999984741211	48.7999992370605	139	-33.7999992370605	56.4000015258789
36793	82.5999984741211	48.7999992370605	139	-33.7999992370605	56.4000015258789
36794	82.5999984741211	48.7999992370605	139	-33.7999992370605	56.4000015258789
36795	82.5999984741211	48.7999992370605	138.900009155273	-33.7999992370605	56.3000106811523
36796	82.5999984741211	61.5999984741211	139	-21	56.4000015258789
36797	84.9000015258789	48.7999992370605	139	-36.1000022888184	54.0999984741211
36798	82.5999984741211	61.5999984741211	139	-21	56.4000015258789
36799	82.5999984741211	61.5999984741211	139	-21	56.4000015258789
36800	82.5999984741211	48.7999992370605	139	-33.7999992370605	56.4000015258789
36801	84.9000015258789	48.7999992370605	138.900009155273	-36.1000022888184	54.0000076293945
36802	105.699996948242	61.5999984741211	113.099998474121	-44.0999984741211	7.40000152587891
36803	84.5999984741211	48.7999992370605	113.099998474121	-35.7999992370605	28.5
36804	96.2999954223633	61.5999984741211	113.099998474121	-34.6999969482422	16.8000030517578
36805	122.400001525879	48.7999992370605	113.099998474121	-73.6000022888184	-9.30000305175781
36806	122.400001525879	13.3000011444092	220.800003051758	-109.10000038147	98.4000015258789
36807	84.8000030517578	61.5999984741211	176.599990844727	-23.2000045776367	91.7999877929688
36808	84.8000030517578	61.5999984741211	176.699996948242	-23.2000045776367	91.8999938964844
36809	84.8000030517578	1	2	-83.8000030517578	-82.8000030517578
36810	84.8000030517578	61.5999984741211	138.699996948242	-23.2000045776367	53.8999938964844
36811	84.8000030517578	61.5999984741211	139	-23.2000045776367	54.1999969482422
36812	84.8000030517578	61.5999984741211	139	-23.2000045776367	54.1999969482422
36813	84.8000030517578	61.5999984741211	138.800003051758	-23.2000045776367	54
36814	84.8000030517578	61.5999984741211	139	-23.2000045776367	54.1999969482422
36815	84.8000030517578	1	2	-83.8000030517578	-82.8000030517578
36816	84.8000030517578	61.5999984741211	139	-23.2000045776367	54.1999969482422
36817	84.8000030517578	48.7999992370605	139	-36.0000038146973	54.1999969482422
36818	84.8000030517578	61.5999984741211	139	-23.2000045776367	54.1999969482422
36819	82.5999984741211	61.5999984741211	113.099998474121	-21	30.5
36820	82.5999984741211	61.5999984741211	113.099998474121	-21	30.5
36821	82.5999984741211	1	1	-81.5999984741211	-81.5999984741211
36822	82.5999984741211	1	1	-81.5999984741211	-81.5999984741211
36823	96.0999984741211	34	113.699996948242	-62.0999984741211	17.5999984741211
36824	84.8000030517578	1	2	-83.8000030517578	-82.8000030517578
36825	84.8000030517578	48.7999992370605	156.699996948242	-36.0000038146973	71.8999938964844
36826	84.8000030517578	48.7999992370605	138.699996948242	-36.0000038146973	53.8999938964844
36827	116.900001525879	2	1	-114.900001525879	-115.900001525879
36828	116.900001525879	2	1	-114.900001525879	-115.900001525879
36829	116.900001525879	2	1	-114.900001525879	-115.900001525879
36830	35.6999969482422	0	64.5999984741211	-35.6999969482422	28.9000015258789
36831	147.899993896484	79.6999969482422	133.100006103516	-68.1999969482422	-14.7999877929688
36832	147.899993896484	79.6999969482422	133.100006103516	-68.1999969482422	-14.7999877929688
36833	147.899993896484	79.6999969482422	115.300003051758	-68.1999969482422	-32.5999908447266
36834	38.0999984741211	0	87.9000015258789	-38.0999984741211	49.8000030517578
36835	25.8999996185303	0	104.099998474121	-25.8999996185303	78.1999988555908
36836	25.8999996185303	0	104.099998474121	-25.8999996185303	78.1999988555908
36837	27.9000015258789	0	99.5999984741211	-27.9000015258789	71.6999969482422
36838	34.6999969482422	0	87.8000030517578	-34.6999969482422	53.1000061035156
36839	27.9000015258789	0	85.9000015258789	-27.9000015258789	58
36840	27.9000015258789	0	103.899993896484	-27.9000015258789	75.9999923706055
36841	28	2.69999980926514	70.5	-25.3000001907349	42.5
36842	28	2.69999980926514	70.5	-25.3000001907349	42.5
36843	24.7999992370605	0	122	-24.7999992370605	97.2000007629395
36844	0	0	66.3000030517578	0	66.3000030517578
36845	0	0	66.3000030517578	0	66.3000030517578
36846	36	0	169.199996948242	-36	133.199996948242
36847	18.9000015258789	0	79.4000015258789	-18.9000015258789	60.5
36848	11.5999994277954	0	66.3000030517578	-11.5999994277954	54.7000036239624
36849	66.9000015258789	1.79999923706055	122.800003051758	-65.1000022888184	55.9000015258789
36850	20.7999992370605	0	66.3000030517578	-20.7999992370605	45.5000038146973
36851	20.7999992370605	0	94.9000015258789	-20.7999992370605	74.1000022888184
36852	20.7999992370605	0	159.699996948242	-20.7999992370605	138.899997711182
36853	20.7999992370605	0	66.2999954223633	-20.7999992370605	45.4999961853027
36854	20.7999992370605	0	95.8999938964844	-20.7999992370605	75.0999946594238
36855	20.7999992370605	0	95.8999938964844	-20.7999992370605	75.0999946594238
36856	20.7999992370605	0	66.3000030517578	-20.7999992370605	45.5000038146973
36857	20.7999992370605	0	172.099990844727	-20.7999992370605	151.299991607666
36858	20.7999992370605	0	95.9000015258789	-20.7999992370605	75.1000022888184
36859	172.900009155273	2	1	-170.900009155273	-171.900009155273
36860	209.5	2	1	-207.5	-208.5
36861	172.900009155273	2	1	-170.900009155273	-171.900009155273
36862	172.900009155273	63.0999984741211	154.800003051758	-109.800010681152	-18.1000061035156
36863	172.900009155273	2	1	-170.900009155273	-171.900009155273
36864	172.900009155273	63.0999984741211	214.899993896484	-109.800010681152	41.9999847412109
36865	172.900009155273	2	1	-170.900009155273	-171.900009155273
36866	172.900009155273	2	1	-170.900009155273	-171.900009155273
36867	172.900009155273	63.0999984741211	103	-109.800010681152	-69.9000091552734
36868	172.900009155273	63.0999984741211	172.600006103516	-109.800010681152	-0.300003051757812
36869	130.100006103516	2	1	-128.100006103516	-129.100006103516
36870	130.100006103516	2	1	-128.100006103516	-129.100006103516
36871	130.100006103516	2	1	-128.100006103516	-129.100006103516
36872	130.100006103516	2	1	-128.100006103516	-129.100006103516
36873	130.100006103516	2	1	-128.100006103516	-129.100006103516
36874	130.100006103516	2	1	-128.100006103516	-129.100006103516
36875	130.100006103516	2	1	-128.100006103516	-129.100006103516
36876	142	10.6999998092651	195.400009155273	-131.300000190735	53.4000091552734
36877	142	45.7999992370605	197.199996948242	-96.2000007629395	55.1999969482422
36878	142	45.7999992370605	154.899993896484	-96.2000007629395	12.8999938964844
36879	142	45.7999992370605	197.199996948242	-96.2000007629395	55.1999969482422
36880	142	11.2000007629395	195.400009155273	-130.799999237061	53.4000091552734
36881	6.70000076293945	0	153.800003051758	-6.70000076293945	147.100002288818
36882	35.0999984741211	0	45.2000007629395	-35.0999984741211	10.1000022888184
36883	8	0	196.199996948242	-8	188.199996948242
36884	8	10.6999998092651	95.9000015258789	2.69999980926514	87.9000015258789
36885	8	0	95.9000015258789	-8	87.9000015258789
36886	8	0	75.9000015258789	-8	67.9000015258789
36887	8	0	95.9000015258789	-8	87.9000015258789
36889	8	10.6999998092651	95.9000015258789	2.69999980926514	87.9000015258789
36890	8	0	196.199996948242	-8	188.199996948242
36891	8	0	196.199996948242	-8	188.199996948242
36892	8	0	104.199996948242	-8	96.1999969482422
36893	8	0	196.199996948242	-8	188.199996948242
36894	8	0	196.199996948242	-8	188.199996948242
36897	61.4000015258789	0	186	-61.4000015258789	124.599998474121
36900	68.1999969482422	0	95.9000015258789	-68.1999969482422	27.7000045776367
36902	32.5999984741211	0	66.2999954223633	-32.5999984741211	33.6999969482422
36903	32.5999984741211	0	94.1999969482422	-32.5999984741211	61.5999984741211
36904	32.5999984741211	0	95.8000030517578	-32.5999984741211	63.2000045776367
36905	32.5999984741211	0	94.1999969482422	-32.5999984741211	61.5999984741211
36917	77.5999984741211	0	129	-77.5999984741211	51.4000015258789
36918	77.5999984741211	0	153.800003051758	-77.5999984741211	76.2000045776367
36920	97.9000015258789	0	172.600006103516	-97.9000015258789	74.7000045776367
36921	97.9000015258789	0	240.5	-97.9000015258789	142.599998474121
36922	97.9000015258789	0	104.099998474121	-97.9000015258789	6.19999694824219
36923	97.9000015258789	0	169.199996948242	-97.9000015258789	71.2999954223633
36924	97.9000015258789	0	172.600006103516	-97.9000015258789	74.7000045776367
36925	97.9000015258789	45.7999992370605	112.900001525879	-52.1000022888184	15
36926	96.5	0	169.199996948242	-96.5	72.6999969482422
36927	96.5	0	169.199996948242	-96.5	72.6999969482422
36928	97.9000015258789	2.69999980926514	85.6999969482422	-95.2000017166138	-12.2000045776367
36929	97.9000015258789	10.5999984741211	85.6999969482422	-87.3000030517578	-12.2000045776367
36930	171.800003051758	2	1	-169.800003051758	-170.800003051758
36931	151.199996948242	1	119.299995422363	-150.199996948242	-31.9000015258789
36932	151.199996948242	11.2000007629395	119.199996948242	-139.999996185303	-32
36933	68.5999984741211	0	134	-68.5999984741211	65.4000015258789
36934	68.5999984741211	0	109.400001525879	-68.5999984741211	40.8000030517578
36935	68.5999984741211	0	109.400001525879	-68.5999984741211	40.8000030517578
36936	68.5999984741211	41.9000015258789	168.199996948242	-26.6999969482422	99.5999984741211
36937	78.0999984741211	0	143.5	-78.0999984741211	65.4000015258789
36938	47	3.59999942779541	95.9000015258789	-43.4000005722046	48.9000015258789
36939	47	3.60000038146973	61.8000030517578	-43.3999996185303	14.8000030517578
36940	45.5	0	178.300003051758	-45.5	132.800003051758
36941	40	0	177.5	-40	137.5
36942	40	0	178.300003051758	-40	138.300003051758
36943	26.5	0	92.6999969482422	-26.5	66.1999969482422
36944	7.50000095367432	0	95.9000015258789	-7.50000095367432	88.4000005722046
36946	7.50000095367432	0	95.8000030517578	-7.50000095367432	88.3000020980835
36947	7.50000095367432	0	95.9000015258789	-7.50000095367432	88.4000005722046
36948	7.50000095367432	0	95.9000015258789	-7.50000095367432	88.4000005722046
36949	56.1999969482422	0	173.699996948242	-56.1999969482422	117.5
36950	46	6.19999885559082	122.300003051758	-39.8000011444092	76.3000030517578
36951	46	6.19999885559082	122.300003051758	-39.8000011444092	76.3000030517578
36952	46	12.6000003814697	173.699996948242	-33.3999996185303	127.699996948242
36953	46	18	173.699996948242	-28	127.699996948242
36954	46	18	173.699996948242	-28	127.699996948242
36955	46	0	90.2999954223633	-46	44.2999954223633
36956	46	0	90.2000045776367	-46	44.2000045776367
36957	46	0	90.1999969482422	-46	44.1999969482422
36958	46	43.5999984741211	150.5	-2.40000152587891	104.5
36959	46	22.2000007629395	95.9000015258789	-23.7999992370605	49.9000015258789
36960	46	44.0999984741211	173.699996948242	-1.90000152587891	127.699996948242
36961	46	0	95.9000015258789	-46	49.9000015258789
36962	46	0	90.2000045776367	-46	44.2000045776367
36963	46	0	90.2999954223633	-46	44.2999954223633
36964	46	0	90.2000045776367	-46	44.2000045776367
36965	46	1	90.2000045776367	-45	44.2000045776367
36966	46	0	95.9000015258789	-46	49.9000015258789
36967	46	2	1	-44	-45
36968	46	0	90.1999969482422	-46	44.1999969482422
36969	46	22.2000007629395	90.2000045776367	-23.7999992370605	44.2000045776367
36970	46	17	154	-29	108
36971	46	22.2000007629395	169	-23.7999992370605	123
36972	46	17	173.699996948242	-29	127.699996948242
36973	46	44.0999984741211	154	-1.90000152587891	108
36974	46	0	95.9000015258789	-46	49.9000015258789
36975	46	22.2000007629395	122.300003051758	-23.7999992370605	76.3000030517578
36976	46	17	122.300003051758	-29	76.3000030517578
36977	46	17	122.300003051758	-29	76.3000030517578
36978	46	2	1	-44	-45
36979	46	22.2000007629395	154	-23.7999992370605	108
36980	46	17	154	-29	108
36981	46	2	1	-44	-45
36982	46	22.2000007629395	154	-23.7999992370605	108
36983	46	18	173.699996948242	-28	127.699996948242
36984	46	12.6000003814697	173.699996948242	-33.3999996185303	127.699996948242
36985	46	6.19999885559082	122.300003051758	-39.8000011444092	76.3000030517578
36986	46	12.6000003814697	173.699996948242	-33.3999996185303	127.699996948242
36987	46	17	154	-29	108
36988	46	17	180.599990844727	-29	134.599990844727
36989	46	11.1999998092651	90.2000045776367	-34.8000001907349	44.2000045776367
36990	46	2	1	-44	-45
36991	46	2	1	-44	-45
36992	46	12.6000003814697	138	-33.3999996185303	92
36993	46	0	90.1999969482422	-46	44.1999969482422
36994	46	44.0999984741211	178.199996948242	-1.90000152587891	132.199996948242
36995	46	22.2000007629395	154	-23.7999992370605	108
36996	46	17	173.699996948242	-29	127.699996948242
36997	46	17	173.699996948242	-29	127.699996948242
36998	46	17	173.699996948242	-29	127.699996948242
36999	41.6000022888184	12.6000003814697	179.699996948242	-29.0000019073486	138.099994659424
37000	41.6000022888184	2	1	-39.6000022888184	-40.6000022888184
37001	41.6000022888184	12.6000003814697	90.1999969482422	-29.0000019073486	48.5999946594238
37002	9.39999961853027	0	66.1999969482422	-9.39999961853027	56.7999973297119
37003	13	0	164.699996948242	-13	151.699996948242
37004	93.2000045776367	2	1	-91.2000045776367	-92.2000045776367
37005	93.2000045776367	2	1	-91.2000045776367	-92.2000045776367
37006	93.2000045776367	2	1	-91.2000045776367	-92.2000045776367
37007	93.2000045776367	2	1	-91.2000045776367	-92.2000045776367
37008	219.199996948242	2	1	-217.199996948242	-218.199996948242
37009	219.199996948242	1	2	-218.199996948242	-217.199996948242
37010	219.199996948242	2	1	-217.199996948242	-218.199996948242
37011	219.199996948242	2	1	-217.199996948242	-218.199996948242
37012	219.199996948242	2	1	-217.199996948242	-218.199996948242
37013	219.199996948242	2	1	-217.199996948242	-218.199996948242
37014	219.199996948242	2	1	-217.199996948242	-218.199996948242
37015	219.199996948242	2	1	-217.199996948242	-218.199996948242
37016	219.199996948242	2	1	-217.199996948242	-218.199996948242
37017	219.199996948242	2	1	-217.199996948242	-218.199996948242
37018	219.199996948242	2	1	-217.199996948242	-218.199996948242
37019	219.199996948242	1	2	-218.199996948242	-217.199996948242
37020	219.199996948242	2	1	-217.199996948242	-218.199996948242
37021	224.300003051758	2	1	-222.300003051758	-223.300003051758
37022	224.300003051758	2	1	-222.300003051758	-223.300003051758
37023	219.199996948242	2	1	-217.199996948242	-218.199996948242
37024	219.199996948242	2	1	-217.199996948242	-218.199996948242
37025	219.199996948242	2	1	-217.199996948242	-218.199996948242
37026	9.39999961853027	0	124.5	-9.39999961853027	115.10000038147
37027	40.9000015258789	0	164.699996948242	-40.9000015258789	123.799995422363
37028	40.9000015258789	0	66.3000030517578	-40.9000015258789	25.4000015258789
37029	135.899993896484	2	1	-133.899993896484	-134.899993896484
37030	135.899993896484	2	1	-133.899993896484	-134.899993896484
37031	135.899993896484	2	1	-133.899993896484	-134.899993896484
37032	135.899993896484	2	1	-133.899993896484	-134.899993896484
37033	135.899993896484	2	1	-133.899993896484	-134.899993896484
37034	135.899993896484	2	1	-133.899993896484	-134.899993896484
37035	135.899993896484	2	1	-133.899993896484	-134.899993896484
37036	135.899993896484	2	1	-133.899993896484	-134.899993896484
37037	135.899993896484	2	1	-133.899993896484	-134.899993896484
37038	135.899993896484	2	1	-133.899993896484	-134.899993896484
37039	136	2	1	-134	-135
37040	136	2	1	-134	-135
37041	136	2	1	-134	-135
37042	136	2	1	-134	-135
37043	135.899993896484	2	1	-133.899993896484	-134.899993896484
37044	135.899993896484	2	1	-133.899993896484	-134.899993896484
37045	135.899993896484	2	1	-133.899993896484	-134.899993896484
37046	135.899993896484	2	1	-133.899993896484	-134.899993896484
37047	135.899993896484	2	1	-133.899993896484	-134.899993896484
37048	135.899993896484	2	1	-133.899993896484	-134.899993896484
37049	135.899993896484	2	1	-133.899993896484	-134.899993896484
37050	54.5	1	2	-53.5	-52.5
37051	71.5	27.4000015258789	141.199996948242	-44.0999984741211	69.6999969482422
37052	71.5	38.4000015258789	95.8000030517578	-33.0999984741211	24.3000030517578
37053	71.5	7.60000038146973	66.1999969482422	-63.8999996185303	-5.30000305175781
37054	54.9999961853027	7.60000038146973	66.3000030517578	-47.399995803833	11.3000068664551
37055	71.5	75	114	3.5	42.5
37056	71.5	1	1	-70.5	-70.5
37057	71.5	30.1999988555908	95.9000015258789	-41.3000011444092	24.4000015258789
37058	71.5	18.3999977111816	113.900001525879	-53.1000022888184	42.4000015258789
37059	71.5	7.80000019073486	66.3000030517578	-63.6999998092651	-5.19999694824219
37060	71.5	2	1	-69.5	-70.5
37061	71.5	18.3999977111816	149.5	-53.1000022888184	78
37062	71.5	43.0999984741211	114	-28.4000015258789	42.5
37063	54.9999961853027	7.60000038146973	104.099998474121	-47.399995803833	49.1000022888184
37064	54.9999961853027	18.3999977111816	114	-36.5999984741211	59.0000038146973
37065	54.9999961853027	27.4000015258789	66.3000030517578	-27.5999946594238	11.3000068664551
37066	54.9999961853027	7.60000038146973	66.1999969482422	-47.399995803833	11.2000007629395
37067	54.9999961853027	7.60000038146973	85.6999969482422	-47.399995803833	30.7000007629395
37068	119.699996948242	79.6999969482422	95.8000030517578	-40	-23.8999938964844
37069	46.2999992370605	22.2000007629395	136.800003051758	-24.0999984741211	90.5000038146973
37070	46.2999992370605	2	1	-44.2999992370605	-45.2999992370605
37071	46.2999992370605	22.2000007629395	61.8999977111816	-24.0999984741211	15.5999984741211
37072	46.2999992370605	7.09999942779541	95.9000015258789	-39.1999998092651	49.6000022888184
37073	46.2999992370605	25.6000003814697	95.7000045776367	-20.6999988555908	49.4000053405762
37074	46.2999992370605	0	95.9000015258789	-46.2999992370605	49.6000022888184
37075	46.2999992370605	0	90.2000045776367	-46.2999992370605	43.9000053405762
37076	46.2999992370605	22.2000007629395	136.699996948242	-24.0999984741211	90.3999977111816
37077	46.2999992370605	32.9000015258789	78.6999969482422	-13.3999977111816	32.3999977111816
37078	46.2999992370605	5.89999961853027	129.100006103516	-40.3999996185303	82.8000068664551
37079	46.2999992370605	3.60000038146973	61.8999977111816	-42.6999988555908	15.5999984741211
37080	46.2999992370605	3.60000038146973	61.7999992370605	-42.6999988555908	15.5
37081	31.3999977111816	12.6999998092651	59.5999984741211	-18.6999979019165	28.2000007629395
37082	31.3999977111816	3.60000038146973	95.7000045776367	-27.7999973297119	64.3000068664551
37083	31.3999977111816	3.60000038146973	95.6999969482422	-27.7999973297119	64.2999992370605
37084	41.7000007629395	0	64.1999969482422	-41.7000007629395	22.4999961853027
37085	41.7000007629395	7.09999942779541	104.800003051758	-34.600001335144	63.1000022888184
37086	41.7000007629395	7.09999942779541	104.800003051758	-34.600001335144	63.1000022888184
37087	41.7000007629395	7.09999942779541	104.800003051758	-34.600001335144	63.1000022888184
37088	41.7000007629395	7.09999942779541	104.800003051758	-34.600001335144	63.1000022888184
37089	17.2000007629395	25.6000003814697	104.800003051758	8.39999961853027	87.6000022888184
37090	17.2000007629395	0	64.2999954223633	-17.2000007629395	47.0999946594238
37091	17.2000007629395	7.09999942779541	64.2999954223633	-10.100001335144	47.0999946594238
37092	17.2000007629395	28.7999992370605	95.9000015258789	11.5999984741211	78.7000007629395
37093	4.79999923706055	0	66.3000030517578	-4.79999923706055	61.5000038146973
37094	17.3999996185303	0	66.3000030517578	-17.3999996185303	48.9000034332275
37095	121.099998474121	16.1999988555908	104.100006103516	-104.89999961853	-16.9999923706055
37096	121.099998474121	16.1999988555908	104.100006103516	-104.89999961853	-16.9999923706055
37097	121.099998474121	16.1999988555908	104.100006103516	-104.89999961853	-16.9999923706055
37098	195.399993896484	1	2	-194.399993896484	-193.399993896484
37099	195.399993896484	1	2	-194.399993896484	-193.399993896484
37100	195.399993896484	1	2	-194.399993896484	-193.399993896484
37101	195.399993896484	1	2	-194.399993896484	-193.399993896484
37102	195.399993896484	1	2	-194.399993896484	-193.399993896484
37103	195.399993896484	1	2	-194.399993896484	-193.399993896484
37104	195.399993896484	1	2	-194.399993896484	-193.399993896484
37105	195.399993896484	1	2	-194.399993896484	-193.399993896484
37106	195.399993896484	1	2	-194.399993896484	-193.399993896484
37107	195.399993896484	1	2	-194.399993896484	-193.399993896484
37108	195.399993896484	1	2	-194.399993896484	-193.399993896484
37109	147.399993896484	10.6999998092651	59.9000015258789	-136.699994087219	-87.4999923706055
37110	156.5	63.5999984741211	224.300003051758	-92.9000015258789	67.8000030517578
37111	156.5	1	2	-155.5	-154.5
37112	156.5	63.5999984741211	224.300003051758	-92.9000015258789	67.8000030517578
37113	147.399993896484	1	2	-146.399993896484	-145.399993896484
37114	147.399993896484	1	2	-146.399993896484	-145.399993896484
37115	156.5	1	2	-155.5	-154.5
37116	156.5	2	1	-154.5	-155.5
37117	137.800003051758	1	1	-136.800003051758	-136.800003051758
37118	137.800003051758	1	2	-136.800003051758	-135.800003051758
37119	137.800003051758	1	1	-136.800003051758	-136.800003051758
37120	147.399993896484	1	2	-146.399993896484	-145.399993896484
37121	137.800003051758	63.5999984741211	224.300003051758	-74.2000045776367	86.5
37122	137.800003051758	1	2	-136.800003051758	-135.800003051758
37123	137.800003051758	1	1	-136.800003051758	-136.800003051758
37124	137.800003051758	1	2	-136.800003051758	-135.800003051758
37125	137.800003051758	1	1	-136.800003051758	-136.800003051758
37126	147.399993896484	1	2	-146.399993896484	-145.399993896484
37127	137.800003051758	1	1	-136.800003051758	-136.800003051758
37128	137.800003051758	1	2	-136.800003051758	-135.800003051758
37129	147.399993896484	1	2	-146.399993896484	-145.399993896484
37130	147.399993896484	1	2	-146.399993896484	-145.399993896484
37131	147.399993896484	1	2	-146.399993896484	-145.399993896484
37132	147.399993896484	1	2	-146.399993896484	-145.399993896484
37133	147.399993896484	1	2	-146.399993896484	-145.399993896484
37134	147.399993896484	1	1	-146.399993896484	-146.399993896484
37135	147.399993896484	1	1	-146.399993896484	-146.399993896484
37136	137.800003051758	1	1	-136.800003051758	-136.800003051758
37137	137.800003051758	1	2	-136.800003051758	-135.800003051758
37138	137.800003051758	1	1	-136.800003051758	-136.800003051758
37139	147.399993896484	1	2	-146.399993896484	-145.399993896484
37140	156.5	2	1	-154.5	-155.5
37141	137.800003051758	1	1	-136.800003051758	-136.800003051758
37142	154.600006103516	1	1	-153.600006103516	-153.600006103516
37143	147.399993896484	1	1	-146.399993896484	-146.399993896484
37144	147.399993896484	1	1	-146.399993896484	-146.399993896484
37145	147.399993896484	1	2	-146.399993896484	-145.399993896484
37146	147.399993896484	1	2	-146.399993896484	-145.399993896484
37147	147.399993896484	1	2	-146.399993896484	-145.399993896484
37148	147.399993896484	1	1	-146.399993896484	-146.399993896484
37149	147.399993896484	1	2	-146.399993896484	-145.399993896484
37150	147.399993896484	1	1	-146.399993896484	-146.399993896484
37151	94.0999984741211	2	1	-92.0999984741211	-93.0999984741211
37152	94.0999984741211	1.5	208.100006103516	-92.5999984741211	114.000007629395
37153	94.0999984741211	2	1	-92.0999984741211	-93.0999984741211
37154	94.0999984741211	2	1	-92.0999984741211	-93.0999984741211
37155	94.0999984741211	2	1	-92.0999984741211	-93.0999984741211
37156	94.0999984741211	1	2	-93.0999984741211	-92.0999984741211
37157	94.0999984741211	2	1	-92.0999984741211	-93.0999984741211
37158	94.0999984741211	2	1	-92.0999984741211	-93.0999984741211
37159	94.0999984741211	2	1	-92.0999984741211	-93.0999984741211
37160	105.400001525879	2	1	-103.400001525879	-104.400001525879
37161	105.400001525879	2	1	-103.400001525879	-104.400001525879
37162	105.400001525879	18	126.900001525879	-87.4000015258789	21.5
37163	98.3000030517578	2	1	-96.3000030517578	-97.3000030517578
37164	98.3000030517578	1	2	-97.3000030517578	-96.3000030517578
37165	98.3000030517578	1	2	-97.3000030517578	-96.3000030517578
37166	98.3000030517578	2	1	-96.3000030517578	-97.3000030517578
37167	98.3000030517578	2	1	-96.3000030517578	-97.3000030517578
37168	98.3000030517578	6.39999961853027	197.199996948242	-91.9000034332275	98.8999938964844
37169	98.3000030517578	2	1	-96.3000030517578	-97.3000030517578
37170	98.3000030517578	2	1	-96.3000030517578	-97.3000030517578
37171	98.3000030517578	2	1	-96.3000030517578	-97.3000030517578
37172	98.3000030517578	2	1	-96.3000030517578	-97.3000030517578
37173	98.3000030517578	10.6999998092651	197.199996948242	-87.6000032424927	98.8999938964844
37174	98.3000030517578	36.5999984741211	197.199996948242	-61.7000045776367	98.8999938964844
37175	98.3000030517578	2	1	-96.3000030517578	-97.3000030517578
37176	98.3000030517578	36.5999984741211	206.5	-61.7000045776367	108.199996948242
37177	98.3000030517578	1	2	-97.3000030517578	-96.3000030517578
37178	98.3000030517578	1	2	-97.3000030517578	-96.3000030517578
37179	98.3000030517578	36.5999984741211	206.5	-61.7000045776367	108.199996948242
37180	98.3000030517578	36.5999984741211	206.5	-61.7000045776367	108.199996948242
37181	98.3000030517578	3.60000038146973	114.200004577637	-94.7000026702881	15.9000015258789
37182	98.3000030517578	2	1	-96.3000030517578	-97.3000030517578
37183	98.3000030517578	2	1	-96.3000030517578	-97.3000030517578
37184	98.3000030517578	2	1	-96.3000030517578	-97.3000030517578
37186	35.2000007629395	0	168.399993896484	-35.2000007629395	133.199993133545
37187	78.4000015258789	2	1	-76.4000015258789	-77.4000015258789
37188	78.4000015258789	2	1	-76.4000015258789	-77.4000015258789
37189	28.5	0	86.8000030517578	-28.5	58.3000030517578
37190	28.5	0	149.399993896484	-28.5	120.899993896484
37191	28.5	0	86.8000030517578	-28.5	58.3000030517578
37192	28.5	0	66.3000030517578	-28.5	37.8000030517578
37193	28.5	0	149.399993896484	-28.5	120.899993896484
37194	6	0	46.7999992370605	-6	40.7999992370605
37195	6	0	46.8000030517578	-6	40.8000030517578
37196	36.6999969482422	0	46.7000007629395	-36.6999969482422	10.0000038146973
37197	36.6999969482422	0	46.8999977111816	-36.6999969482422	10.2000007629395
37198	36.6999969482422	0	46.8000030517578	-36.6999969482422	10.1000061035156
37199	36.6999969482422	0	46.8999977111816	-36.6999969482422	10.2000007629395
37200	36.6999969482422	0	46.8000030517578	-36.6999969482422	10.1000061035156
37201	36.6999969482422	0	46.7000007629395	-36.6999969482422	10.0000038146973
37202	36.6999969482422	0	46.8999977111816	-36.6999969482422	10.2000007629395
37203	36.6999969482422	0	160.600006103516	-36.6999969482422	123.900009155273
37204	0.399999618530273	0	66.3000030517578	-0.399999618530273	65.9000034332275
37205	36.6999969482422	0	46.7999992370605	-36.6999969482422	10.1000022888184
37206	36.6999969482422	0	46.8999977111816	-36.6999969482422	10.2000007629395
37207	36.6999969482422	0	46.7999992370605	-36.6999969482422	10.1000022888184
37208	6	0	45.2999992370605	-6	39.2999992370605
37209	24	0	71.9000015258789	-24	47.9000015258789
37210	24	2.69999980926514	69.4000015258789	-21.3000001907349	45.4000015258789
37211	24	2.69999980926514	69.4000015258789	-21.3000001907349	45.4000015258789
37212	26.5	2.69999980926514	69.4000015258789	-23.8000001907349	42.9000015258789
37213	24	0	84.5	-24	60.5
37214	44.1999969482422	0	66.1999969482422	-44.1999969482422	22
37215	133.300003051758	79.6999969482422	145.800003051758	-53.6000061035156	12.5
37216	133.300003051758	79.6999969482422	145.800003051758	-53.6000061035156	12.5
37217	136.600006103516	58.7000007629395	102.5	-77.9000053405762	-34.1000061035156
37218	136.600006103516	67.0999984741211	102.900001525879	-69.5000076293945	-33.7000045776367
37219	136.600006103516	67.0999984741211	102.800003051758	-69.5000076293945	-33.8000030517578
37220	136.600006103516	58.7000007629395	133.599990844727	-77.9000053405762	-3.00001525878906
37221	136.600006103516	79.6999969482422	102.900001525879	-56.9000091552734	-33.7000045776367
37222	130.600006103516	58.7000007629395	102.900001525879	-71.9000053405762	-27.7000045776367
37223	130.600006103516	58.7000007629395	102.900001525879	-71.9000053405762	-27.7000045776367
37224	13.2999992370605	0	37.4000015258789	-13.2999992370605	24.1000022888184
37225	0	0	27.1000022888184	0	27.1000022888184
37226	12.4999980926514	0	160.199996948242	-12.4999980926514	147.699998855591
37227	12.4999980926514	0	128.899993896484	-12.4999980926514	116.399995803833
37228	12.4999980926514	0	131.100006103516	-12.4999980926514	118.600008010864
37229	12.4999980926514	0	66.2000045776367	-12.4999980926514	53.7000064849854
37230	12.4999980926514	0	66.3000030517578	-12.4999980926514	53.8000049591064
37231	216.5	6.19999885559082	245.699996948242	-210.300001144409	29.1999969482422
37232	85.5	11.1999998092651	160.5	-74.3000001907349	75
37233	35.9000015258789	0	66	-35.9000015258789	30.0999984741211
37234	20.2000007629395	0	95.9000015258789	-20.2000007629395	75.7000007629395
37235	6.60000038146973	0	121	-6.60000038146973	114.39999961853
37236	8.39999961853027	0	84.2999954223633	-8.39999961853027	75.899995803833
37237	8.39999961853027	0	102.400001525879	-8.39999961853027	94.0000019073486
37238	89	63.5999984741211	86.3999938964844	-25.4000015258789	-2.60000610351562
37239	89	1	1	-88	-88
37240	89	1	2	-88	-87
37241	89	1	2	-88	-87
37242	89	1	2	-88	-87
37243	89	1	2	-88	-87
37244	89	1	2	-88	-87
37245	89	1	2	-88	-87
37246	59.5	7.80000019073486	66.1999969482422	-51.6999998092651	6.69999694824219
37247	59.5	18.3999977111816	113.900001525879	-41.1000022888184	54.4000015258789
37248	59.5	2.19999980926514	102.800003051758	-57.3000001907349	43.3000030517578
37249	159.5	2	1	-157.5	-158.5
37250	99	1	2	-98	-97
37251	159.5	45.7999992370605	113.800003051758	-113.700000762939	-45.6999969482422
37252	159.5	1	2	-158.5	-157.5
37253	159.5	1	2	-158.5	-157.5
37254	159.5	45.7999992370605	114	-113.700000762939	-45.5
37255	159.5	1	2	-158.5	-157.5
37256	159.5	1	2	-158.5	-157.5
37257	159.5	45.7999992370605	114	-113.700000762939	-45.5
37258	169.600006103516	1	2	-168.600006103516	-167.600006103516
37259	159.5	18.3999977111816	131.100006103516	-141.100002288818	-28.3999938964844
37260	159.5	8.30000114440918	147.399993896484	-151.199998855591	-12.1000061035156
37261	159.5	45.7999992370605	147.600006103516	-113.700000762939	-11.8999938964844
37262	159.5	1	2	-158.5	-157.5
37263	159.5	11.1999998092651	149.5	-148.300000190735	-10
37264	159.5	10.6999998092651	149.5	-148.800000190735	-10
37265	159.5	10.6999998092651	149.5	-148.800000190735	-10
37266	159.5	2	1	-157.5	-158.5
37267	159.5	12.5999994277954	80.7999954223633	-146.900000572205	-78.7000045776367
37268	159.5	1	2	-158.5	-157.5
37269	159.5	1	2	-158.5	-157.5
37270	159.5	1	2	-158.5	-157.5
37271	159.5	2	1	-157.5	-158.5
37272	159.5	1	2	-158.5	-157.5
37273	159.5	0	84.8000030517578	-159.5	-74.6999969482422
37274	159.5	45.7999992370605	114	-113.700000762939	-45.5
37275	159.5	2	1	-157.5	-158.5
37276	159.5	45.7999992370605	114	-113.700000762939	-45.5
37277	159.5	45.7999992370605	114	-113.700000762939	-45.5
37278	159.5	45.7999992370605	147.600006103516	-113.700000762939	-11.8999938964844
37279	159.5	10.6999998092651	90.1999969482422	-148.800000190735	-69.3000030517578
37280	159.5	1	2	-158.5	-157.5
37281	159.5	1	2	-158.5	-157.5
37282	159.5	45.7999992370605	172.699996948242	-113.700000762939	13.1999969482422
37283	159.5	1	2	-158.5	-157.5
37284	159.5	1	2	-158.5	-157.5
37285	159.5	2	1	-157.5	-158.5
37286	159.5	2	1	-157.5	-158.5
37287	159.5	45.7999992370605	147.600006103516	-113.700000762939	-11.8999938964844
37288	61.9000015258789	18.3999977111816	126	-43.5000038146973	64.0999984741211
37289	61.9000015258789	2.19999980926514	66.3000030517578	-59.7000017166138	4.40000152587891
37290	61.9000015258789	10.6999998092651	66.3000030517578	-51.2000017166138	4.40000152587891
37291	61.9000015258789	2.19999980926514	66.3000030517578	-59.7000017166138	4.40000152587891
37292	90.0999984741211	13.3000011444092	133.100006103516	-76.7999973297119	43.0000076293945
37293	42.9000015258789	10.6999998092651	66.3000030517578	-32.2000017166138	23.4000015258789
37294	42.9000015258789	10.6999998092651	126	-32.2000017166138	83.0999984741211
37295	42.9000015258789	10.6999998092651	126	-32.2000017166138	83.0999984741211
37296	42.9000015258789	2.19999980926514	66.3000030517578	-40.7000017166138	23.4000015258789
37297	42.9000015258789	2.19999980926514	106	-40.7000017166138	63.0999984741211
37298	42.9000015258789	10.6999998092651	66.3000030517578	-32.2000017166138	23.4000015258789
37299	42.9000015258789	7.80000019073486	66.3000030517578	-35.100001335144	23.4000015258789
37300	54.3000030517578	10.8999996185303	99.4000015258789	-43.4000034332275	45.0999984741211
37301	54.3000030517578	10.6999998092651	126	-43.6000032424927	71.6999969482422
37302	61.9000015258789	0.600000381469727	66.3000030517578	-61.3000011444092	4.40000152587891
37303	186.800003051758	2	1	-184.800003051758	-185.800003051758
37304	167.5	2	1	-165.5	-166.5
37305	167.5	2	1	-165.5	-166.5
37306	167.5	2	1	-165.5	-166.5
37307	186.800003051758	2	1	-184.800003051758	-185.800003051758
37308	186.800003051758	46	172.5	-140.800003051758	-14.3000030517578
37309	186.800003051758	2	1	-184.800003051758	-185.800003051758
37310	13.3000001907349	0	74.5999984741211	-13.3000001907349	61.2999982833862
37311	71	36.0999984741211	115	-34.9000015258789	44
37312	71	7.80000019073486	106.199996948242	-63.1999998092651	35.1999969482422
37313	0.600000381469727	0	46.7000007629395	-0.600000381469727	46.1000003814697
37314	91.8000030517578	7.90000057220459	85.6999969482422	-83.9000024795532	-6.10000610351562
37315	91.8000030517578	16.2999992370605	149.5	-75.5000038146973	57.6999969482422
37316	12.5	0	119.099998474121	-12.5	106.599998474121
37317	50.5999984741211	1.19999980926514	84.8000030517578	-49.399998664856	34.2000045776367
37318	45.0999984741211	3.60000038146973	51.3999977111816	-41.4999980926514	6.29999923706055
37319	45.0999984741211	1.19999980926514	119.299995422363	-43.899998664856	74.1999969482422
37320	45.0999984741211	3.60000038146973	51.3999977111816	-41.4999980926514	6.29999923706055
37321	45.0999984741211	1.19999980926514	112.900001525879	-43.899998664856	67.8000030517578
37322	45.0999984741211	10.3999996185303	64.5999984741211	-34.6999988555908	19.5
37323	45.0999984741211	1.19999980926514	81.9000015258789	-43.899998664856	36.8000030517578
37324	45.0999984741211	0	119	-45.0999984741211	73.9000015258789
37325	45.0999984741211	0	119.299995422363	-45.0999984741211	74.1999969482422
37326	50.5999984741211	10.6999998092651	95.9000015258789	-39.899998664856	45.3000030517578
37327	59.3999977111816	0	85	-59.3999977111816	25.6000022888184
37328	59.3999977111816	0	242.099990844727	-59.3999977111816	182.699993133545
37330	59.3999977111816	45.7999992370605	92.6999969482422	-13.5999984741211	33.2999992370605
37331	59.3999977111816	45.7999992370605	212.800003051758	-13.5999984741211	153.400005340576
37332	59.3999977111816	0	114.300003051758	-59.3999977111816	54.9000053405762
37333	59.3999977111816	0	169.199996948242	-59.3999977111816	109.799999237061
37334	59.3999977111816	0	169.199996948242	-59.3999977111816	109.799999237061
37335	59.3999977111816	0	169.199996948242	-59.3999977111816	109.799999237061
37336	59.3999977111816	0	186	-59.3999977111816	126.600002288818
37337	59.3999977111816	45.7999992370605	85	-13.5999984741211	25.6000022888184
37339	59.3999977111816	0	169.199996948242	-59.3999977111816	109.799999237061
37340	59.3999977111816	0	186	-59.3999977111816	126.600002288818
37341	59.3999977111816	0	105.5	-59.3999977111816	46.1000022888184
37342	59.3999977111816	0	85	-59.3999977111816	25.6000022888184
37343	59.3999977111816	10.3999996185303	84	-48.9999980926514	24.6000022888184
37344	68.1999969482422	0	118.300003051758	-68.1999969482422	50.1000061035156
37345	68.1999969482422	0	186	-68.1999969482422	117.800003051758
37346	68.1999969482422	0	87.4000015258789	-68.1999969482422	19.2000045776367
37347	68.1999969482422	3.29999923706055	104	-64.8999977111816	35.8000030517578
37348	50.5999984741211	10.6999998092651	95.9000015258789	-39.899998664856	45.3000030517578
37349	50.5999984741211	10.6999998092651	84.9000015258789	-39.899998664856	34.3000030517578
