36455	8.89999961853027	28.3708848827458	57.380753659247	19.4708852642155	48.4807540407168
36456	8.89999961853027	34.8885205990522	66.4543249505756	25.9885209805219	57.5543253320454
36457	8.89999961853027	3.32271624752878	11.2461165300974	-5.57728337100149	2.34611691156714
36458	8.89999961853027	31.9491946877768	64.6651700480601	23.0491950692465	55.7651704295299
36459	8.89999961853027	3.45051302627989	10.8627261938441	-5.44948659225038	1.96272657531382
36460	8.89999961853027	30.7990236790168	82.1733287369618	21.8990240604865	73.2733291184315
36461	85.7999954223633	69.6492444193533	132.7808531224	-16.15075100301	46.9808577000369
36463	107.699996948242	68.6268701893445	142.876798643738	-39.0731267588977	35.1768016954954
36465	107.699996948242	61.3424538005314	111.94997818597	-46.3575431477108	4.24998123772755
36466	107.699996948242	58.7865182255092	110.416416840956	-48.913478722733	2.71641989271427
36467	107.699996948242	62.8760151455446	112.588962079725	-44.8239818026975	4.88896513148309
36468	104.5	81.2787512857041	138.915098502453	-23.2212487142959	34.4150985024533
36469	104.5	91.8858839220459	153.356134501328	-12.6141160779541	48.8561345013284
36470	104.5	77.0614575869175	137.509333936191	-27.4385424130825	33.0093339361912
36471	104.5	69.1380573043489	134.953398361169	-35.3619426956511	30.453398361169
36472	104.5	59.9366892342692	119.873378468538	-44.5633107657308	15.3733784685384
36473	104.5	37.5722529528255	89.9689322407793	-66.9277470471745	-14.5310677592207
36474	104.5	75.0167091268998	146.455108448769	-29.4832908731002	41.9551084487686
36475	104.5	76.9336608081664	124.857452839832	-27.5663391918336	20.3574528398316
36476	104.5	89.7133386832771	141.726627634978	-14.7866613167229	37.2266276349777
36477	104.5	106.19912314217	163.068689686413	1.69912314216992	58.5686896864125
36478	145.900009155273	76.0390833569087	122.557110822312	-69.8609257983648	-23.3428983329618
36479	145.900009155273	85.2404514269884	128.052372308609	-60.6595577282851	-17.8476368466642
36480	145.900009155273	79.8729867194419	121.023549477298	-66.0270224358316	-24.8764596779751
36481	145.900009155273	79.1062060469352	122.940501158565	-66.7938031083382	-22.9595079967085
36482	145.900009155273	83.1957029669707	132.7808531224	-62.7043061883028	-13.1191560328733
36483	145.900009155273	111.566587849716	157.573428200115	-34.333421305557	11.6734190448415
36484	135.899993896484	102.620813337139	146.838498785022	-33.2791805593454	10.9385048885376
36485	135.899993896484	101.854032664632	146.838498785022	-34.0459612318521	10.9385048885376
36486	135.899993896484	95.4641937270769	138.148317829947	-40.4358001694074	2.2483239334623
36487	147.300003051758	86.7740127720017	133.675430573658	-60.5259902797562	-13.6245724780999
36488	28.0999984741211	19.5529071489194	79.4895963831886	-8.54709132520172	51.3895979090675
36493	53.6999969482422	76.2946769144109	137.892724272444	22.5946799661687	84.1927273242023
36494	53.6999969482422	55.5915987567315	103.004203673392	1.89160180848936	49.3042067251501
36496	53.6999969482422	62.6204215880424	142.749001864987	8.92042463980025	89.0490049167443
36498	135.899993896484	84.6014675332328	133.419837016156	-51.2985263632515	-2.48015688032865
36499	135.899993896484	44.3454822266341	134.953398361169	-91.5545116698502	-0.946595535315367
36501	32.5	2.30034201751993	9.32916484883081	-30.1996579824801	-23.1708351511692
36502	32.5	35.9108948290611	72.844163888131	3.41089482906107	40.344163888131
36503	46.8000030517578	37.9556432890788	92.0136807007971	-8.84435976267903	45.2136776490392
36504	46.8000030517578	41.6617498728609	93.8028356033125	-5.13825317889692	47.0028325515547
36505	46.8000030517578	38.211236846581	82.6845158519662	-8.58876620517682	35.8845128002084
36506	46.8000030517578	41.9173434303631	86.6462159932506	-4.88265962139472	39.8462129414927
36507	46.8000030517578	49.3295565979273	101.215048770877	2.5295535461695	54.4150457191189
36508	46.8000030517578	42.4285305453675	87.7963870020105	-4.37147250639028	40.9963839502527
36509	46.8000030517578	38.5946271828343	82.8123126307173	-8.2053758689235	36.0123095789595
36510	46.8000030517578	45.6234500141452	90.3523225770327	-1.17655303761261	43.5523195252748
36511	46.8000030517578	41.4061563153587	87.9241837807616	-5.39384673639914	41.1241807290038
36512	46.8000030517578	43.1953112178742	88.8187612320194	-3.60469183388364	42.0187581802616
36513	46.8000030517578	42.8119208816208	90.0967290195304	-3.98808217013696	43.2967259677726
36514	46.8000030517578	40.8949692003542	86.5184192144994	-5.90503385140357	39.7184161627416
36515	46.8000030517578	53.8024438542161	123.068297937316	7.00244080245824	76.2682948855582
36516	46.8000030517578	46.1346371291496	98.9147067533568	-0.665365922608181	52.114703701599
36517	46.8000030517578	41.6617498728609	89.2021515682727	-5.13825317889692	42.4021485165149
36518	46.8000030517578	48.5627759254207	98.0201293020991	1.76277287366285	51.2201262503413
36519	46.8000030517578	32.204788245279	90.6079161345349	-14.5952148064788	43.8079130827771
36520	46.8000030517578	47.4126049166607	96.4865679570858	0.612601864902885	49.686564905328
36521	85.0999984741211	53.1634599604605	135.720179033676	-31.9365385136606	50.6201805595545
36522	85.0999984741211	75.4000994631531	132.525259564898	-9.69989901096795	47.4252610907769
36523	85.0999984741211	69.1380573043489	135.975772591178	-15.9619411697722	50.8757741170568
36524	85.0999984741211	75.0167091268998	134.953398361169	-10.0832893472213	49.8533998870479
36525	85.0999984741211	58.0197375530026	131.502885334889	-27.0802609211185	46.402886860768
36526	85.0999984741211	36.5498787228166	81.9177351794596	-48.5501197513045	-3.1822632946615
36527	11	23.6424040689548	73.7387413393887	12.6424040689548	62.7387413393887
36528	11	31.4380075727723	79.4895963831886	20.4380075727723	68.4895963831886
36529	11	44.4732790053852	94.6974130545703	33.4732790053852	83.6974130545703
36530	11	34.2495367052967	79.2340028256863	23.2495367052967	68.2340028256863
36531	11	33.2271624752878	78.7228157106819	22.2271624752878	67.7228157106819
36532	11	24.0257944052081	84.0902804182284	13.0257944052081	73.0902804182284
36533	11	30.0322430065101	88.5631676745172	19.0322430065101	77.5631676745172
36534	85.0999984741211	42.3007337666164	117.317442893516	-42.7992647075047	32.2174444193951
36536	59.5	76.8058640294153	118.212020344774	17.3058640294153	58.712020344774
36537	59.5	83.1957029669707	119.489988132285	23.6957029669707	59.989988132285
36538	40.8000030517578	23.5146072902037	65.8153410568201	-17.2853957615541	25.0153380050623
36539	40.8000030517578	39.4892046340921	72.2051799943755	-1.31079841766574	31.4051769426176
36540	40.8000030517578	40.3837820853498	74.3777252331443	-0.416220966407998	33.5777221813865
36541	40.8000030517578	32.9715689177856	66.4543249505756	-7.8284341339722	25.6543218988178
36542	40.8000030517578	31.4380075727723	75.5278962419042	-9.36199547898549	34.7278931901464
36543	40.8000030517578	31.054617236519	79.4895963831886	-9.74538581523881	38.6895933314307
36544	34.4000015258789	29.904446227759	63.0038119242958	-4.49555529811986	28.6038103984168
36545	32.1000022888184	52.1410857304517	92.2692742582993	20.0410834416333	60.1692719694809
36546	32.1000022888184	45.6234500141452	81.6621416219574	13.5234477253268	49.562139333139
36547	32.1000022888184	50.0963372704339	91.5024935857926	17.9963349816156	59.4024912969743
36548	32.1000022888184	54.952614862976	100.320471319619	22.8526125741577	68.2204690308006
36549	32.1000022888184	55.7193955354827	97.892332523348	23.6193932466643	65.7923302345296
36550	32.1000022888184	50.6075243854384	97.2533486295924	18.50752209662	65.1533463407741
36551	32.1000022888184	37.3166593953232	87.7963870020105	5.21665710650489	55.6963847131922
36552	32.1000022888184	47.5404016954118	82.6845158519662	15.4403994065934	50.5845135631479
36553	32.1000022888184	51.7576953941983	88.1797773382638	19.65769310538	56.0797750494455
36554	32.1000022888184	38.211236846581	89.0743547895216	6.11123455776264	56.9743525007032
36555	32.1000022888184	45.1122628991408	97.892332523348	13.0122606103224	65.7923302345296
36556	32.1000022888184	44.4732790053852	94.5696162758192	12.3732767165669	62.4696139870008
36557	32.1000022888184	39.4892046340921	99.2980970896102	7.38920234527371	67.1980948007918
36558	32.1000022888184	58.2753311105048	104.026577903401	26.1753288216864	71.9265756145827
36559	32.1000022888184	48.8183694829229	96.8699582933391	16.7183671941045	64.7699560045208
36560	34.4000015258789	43.7064983328786	84.2180771969795	9.30649680699969	49.8180756711006
36561	34.4000015258789	45.367856456643	79.4895963831886	10.9678549307641	45.0895948573096
36562	34.4000015258789	46.7736210229052	84.729264311984	12.3736194970263	50.329262786105
36563	34.4000015258789	52.1410857304517	90.6079161345349	17.7410842045728	56.207914608656
36564	32.1000022888184	27.476307431488	91.5024935857926	-4.62369485733035	59.4024912969743
36566	69	16.4857844588928	43.8342951116297	-52.5142155411072	-25.1657048883703
36567	69	43.7064983328786	80.000783498193	-25.2935016671214	11.000783498193
36568	69	37.5722529528255	73.2275542243843	-31.4277470471745	4.22755422438432
36569	69	47.1570113591585	90.0967290195304	-21.8429886408415	21.0967290195304
36570	69	1.66135812376439	9.0735712913286	-67.3386418762356	-59.9264287086714
36571	69	51.374305057945	88.3075741170149	-17.625694942055	19.3075741170149
36572	31	37.5722529528255	102.620813337139	6.57225295282546	71.6208133371389
36573	31	34.3773334840478	103.89878112465	3.37733348404779	72.89878112465
36574	111.899993896484	98.9147067533568	200.001958745482	-12.9852871431276	88.1019648489981
36575	111.899993896484	114.889304097245	175.209383667768	2.98931020076083	63.3093897712833
36576	111.899993896484	58.1475343317537	196.168055382949	-53.7524595647307	84.2680614864649
36577	43.3999977111816	45.4956532353941	125.240843176085	2.09565552421245	81.8408454649032
36578	49.6000022888184	19.5529071489194	67.8600895168378	-30.047095139899	18.2600872280195
36580	27	35.6553012715589	140.193066289964	8.65530127155886	113.193066289964
36581	31.5	24.9203718564659	100.192674540868	-6.57962814353413	68.6926745408679
36582	32.5999984741211	44.6010757841363	117.956426787272	12.0010773100153	85.3564283131507
36583	32.5999984741211	45.2400596778919	98.2757228596013	12.6400612037708	65.6757243854802
36584	32.5999984741211	40.5115788641009	75.1445059056509	7.91158038997983	42.5445074315298
36585	32.5999984741211	42.939717660372	109.138449053445	10.3397191862509	76.5384505793243
36586	31.5	17.891549025155	115.40049121225	-13.608450974845	83.9004912122496
36587	31.5	19.5529071489194	110.033026504703	-11.9470928510806	78.5330265047031
36588	32.5999984741211	36.5498787228166	86.9018095507528	3.94988024869551	54.3018110766317
36589	32.5999984741211	37.7000497315766	71.4383993218688	5.10005125745548	38.8384008477477
36590	32.5999984741211	38.4668304040832	64.9207636055624	5.86683192996212	32.3207651314413
36591	32.5999984741211	42.939717660372	73.2275542243843	10.3397191862509	40.6275557502632
36592	32.5999984741211	46.9014178016563	91.2469000282904	14.3014193275352	58.6469015541693
36593	32.5999984741211	46.7736210229052	93.163851709557	14.1736225487841	60.5638532354359
36594	33.4000015258789	48.1793855891673	96.6143647358369	14.7793840632884	63.214363209958
36595	44.1999969482422	32.8437721390345	70.1604315343578	-11.3562248092077	25.9604345861156
36596	44.1999969482422	39.6170014128432	71.9495864368732	-4.58299553539901	27.7495894886311
36597	44.1999969482422	39.4892046340921	69.6492444193533	-4.71079231415012	25.4492474711111
36598	44.1999969482422	35.0163173778033	66.7099185080779	-9.18367957043887	22.5099215598357
36599	44.1999969482422	27.476307431488	76.422473693162	-16.7236895167542	32.2224767449198
36600	44.1999969482422	34.8885205990522	76.6780672506642	-9.31147634918997	32.478070302422
36601	44.1999969482422	31.1824140152701	81.5343448432063	-13.0175829329721	37.3343478949641
36602	44.1999969482422	40.8949692003542	118.212020344774	-3.30502774788795	74.0120233965318
36607	9.39999961853027	26.9651203164836	52.2688825092028	17.5651206979533	42.8688828906725
36608	9.39999961853027	46.518027465403	81.5343448432063	37.1180278468727	72.134345224676
36609	9.39999961853027	45.7512467928963	80.8953609494507	36.351247174366	71.4953613309205
36610	9.39999961853027	42.5563273241186	77.1892543656686	33.1563277055884	67.7892547471384
36611	9.39999961853027	48.8183694829229	91.7580871432948	39.4183698643926	82.3580875247646
36612	101.699996948242	68.4990734105934	124.218468946076	-33.2009235376488	22.5184719978338
36613	101.699996948242	113.866929867236	150.161215032551	12.1669329189942	48.4612180843085
36614	101.699996948242	121.918126928556	166.902593048946	20.2181299803139	65.2025961007036
36615	101.699996948242	93.2916484883081	130.863901441134	-8.40834845993407	29.1639044928914
36616	101.699996948242	121.534736592303	166.008015597688	19.8347396440606	64.3080186494458
36618	101.699996948242	122.301517264809	170.353106075226	20.6015203165672	68.6531091269835
36619	101.699996948242	130.991698219885	172.781244871497	29.2917012716425	71.0812479232545
36620	101.699996948242	129.33034009612	166.902593048946	27.6303431478781	65.2025961007036
36621	101.699996948242	131.758478892391	173.548025544003	30.0584819441492	71.8480285957611
36622	101.699996948242	129.585933653623	178.276506357794	27.8859367053803	76.5765094095521
36623	23.8000011444092	23.7702008477059	61.2146570217803	-0.0298002967032751	37.4146558773711
36624	24	38.7224239615854	90.4801193557838	14.7224239615854	66.4801193557838
36625	23.8000011444092	26.0705428652258	66.5821217293268	2.27054172081665	42.7821205849176
36626	23.8000011444092	29.5210558915057	73.3553510031354	5.72105474709654	49.5553498587262
36627	23.8000011444092	26.8373235377325	65.1763571630646	3.03732239332329	41.3763560186554
36628	23.8000011444092	18.2749393614083	63.8983893755535	-5.52506178300088	40.0983882311443
36629	40.9000015258789	63.1316087030469	113.10014919473	22.231607177168	72.2001476688508
36630	40.9000015258789	64.6651700480601	108.627261938441	23.7651685221812	67.727260412562
36631	7.10000038146973	48.946166261674	95.0808033908236	41.8461658802043	87.9808030093539
36632	7.10000038146973	52.7800696242072	98.5313164171035	45.6800692427375	91.4313160356338
36633	7.10000038146973	14.5688327776262	35.9108948290611	7.46883239615647	28.8108944475913
36634	99.9000015258789	65.8153410568201	122.429314043561	-34.0846604690588	22.5293125176816
36635	99.9000015258789	88.9465580107705	136.103569369929	-10.9534435151084	36.2035678440501
36636	7.10000038146973	15.7190037863862	52.9078664029583	8.61900340491644	45.8078660214886
36637	7.10000038146973	24.2813879627103	61.9814376942869	17.1813875812406	54.8814373128172
36638	7.10000038146973	25.9427460864747	57.8919407742515	18.842745705005	50.7919403927817
36639	8.69999980926514	31.1824140152701	68.4990734105934	22.482414206005	59.7990736013282
36640	24.7999992370605	31.9491946877768	69.1380573043489	7.14919545071621	44.3380580672883
36641	24.7999992370605	18.7861264764127	58.0197375530026	-6.01387276064782	33.219738315942
36642	24.7999992370605	32.7159753602834	79.6173931619397	7.91597612322285	54.8173939248791
36643	24.7999992370605	24.6647782989637	64.2817797118068	-0.135220938096893	39.4817804747463
36644	24.7999992370605	21.469858830186	57.8919407742515	-3.33014040687457	33.0919415371909
36645	32.1999969482422	36.4220819440655	74.7611155693976	4.22208499582331	42.5611186211554
36648	8.90000152587891	15.7190037863862	68.11568307434	6.81900226050726	59.2156815484611
36649	7.89999961853027	10.4793358575908	137.892724272444	2.5793362390605	129.992724653914
36650	7.89999961853027	15.9745973438884	59.2977053405137	8.0745977253581	51.3977057219834
36651	65.6999969482422	41.2783595366076	75.6556930206553	-24.4216374116346	9.95569607241316
36652	65.6999969482422	37.7000497315766	74.8889123481487	-27.9999472166656	9.18891539990652
36653	65.6999969482422	28.2430881039946	69.1380573043489	-37.4569088442475	3.4380603561067
36654	65.6999969482422	30.0322430065101	70.9272122068644	-35.667753941732	5.22721525862221
36655	65.6999969482422	25.048168635217	67.6044959593356	-40.6518283130252	1.90449901109342
36656	65.6999969482422	25.8149493077236	67.8600895168378	-39.8850476405186	2.16009256859563
36657	65.6999969482422	32.8437721390345	76.6780672506642	-32.8562248092077	10.978070302422
36658	65.6999969482422	29.0098687765013	74.5055220118954	-36.6901281717409	8.80552506365319
36659	65.6999969482422	41.789546651612	81.6621416219574	-23.9104502966302	15.9621446737152
36660	100.799995422363	107.732684487183	160.129363775137	6.93268906481993	59.3293683527738
36661	100.799995422363	113.483539530983	175.337180446519	12.6835441086197	74.5371850241555
36662	100.799995422363	104.921155354659	163.835470358919	4.12115993229557	63.0354749365559
36663	100.799995422363	106.071326363419	160.384957332639	5.27133094105554	59.584961910276
36664	100.799995422363	88.8187612320194	153.611728058831	-11.9812341903439	52.8117326364674
36665	100.799995422363	95.4641937270769	147.605279457529	-5.33580169528635	46.8052840351653
36666	100.799995422363	98.1479260808502	154.506305510088	-2.6520693415131	53.7063100877251
36667	100.799995422363	102.876406894641	159.745973438884	2.07641147227787	58.9459780165205
36668	100.799995422363	76.1668801356598	127.285591636103	-24.6331152867035	26.4855962137393
36669	100.799995422363	84.4736707544817	148.372060130035	-16.3263246678816	47.572064707672
36670	82.8000030517578	70.9272122068644	113.739133088485	-11.8727908448934	30.9391300367274
36671	82.8000030517578	71.3106025431177	110.79980717721	-11.4894005086401	27.999804125452
36672	82.8000030517578	100.44826809837	190.289403560398	17.6482650466123	107.489400508641
36673	34.9000015258789	60.0644860130203	105.815732805917	25.1644844871414	70.9157312800377
36674	34.9000015258789	56.7417697654915	103.89878112465	21.8417682396126	68.9987795987711
36675	0	11.3739133088485	80.3841738344463	11.3739133088485	80.3841738344463
36676	62.0999984741211	36.4220819440655	82.0455319582107	-25.6779165300556	19.9455334840896
36677	50.7000007629395	48.8183694829229	91.3746968070415	-1.88163128001658	40.6746960441021
36678	62.0999984741211	47.9237920316651	93.4194452670592	-14.176206442456	31.3194467929381
36679	57.7999992370605	67.4766991805845	143.515782537493	9.67669994352396	85.7157833004326
36680	57.7999992370605	47.2848081379096	95.9753808420814	-10.515191099151	38.1753816050208
36681	57.7999992370605	51.2465082791939	90.2245257982815	-6.55349095786664	32.424526561221
36682	62.0999984741211	50.9909147216917	99.2980970896102	-11.1090837524294	37.1980986154891
36683	62.0999984741211	42.1729369878653	83.7068900819751	-19.9270614862558	21.606891607854
36684	62.0999984741211	32.0769914665279	77.1892543656686	-30.0230070075932	15.0892558915475
36685	59.7000007629395	51.7576953941983	99.0425035321079	-7.94230536874112	39.3425027691685
36686	59.7000007629395	53.5468502967138	93.4194452670592	-6.15315046622562	33.7194445041198
36687	56.4000015258789	44.9844661203897	81.9177351794596	-11.4155354054892	25.5177336535807
36688	56.4000015258789	49.7129469341806	92.3970710370504	-6.68705459169828	35.9970695111715
36689	93.4000015258789	66.4543249505756	101.726235885881	-26.9456765753033	8.32623436000227
36690	93.4000015258789	71.3106025431177	102.237423000886	-22.0893989827612	8.83742147500671
36691	93.4000015258789	73.7387413393887	105.432342469663	-19.6612601864902	12.0323409437844
36692	91.8000030517578	44.8566693416386	72.0773832156244	-46.9433337101193	-19.7226198361335
36693	91.8000030517578	62.8760151455446	104.026577903401	-28.9239879062132	12.2265748516433
36694	128.399993896484	63.0038119242958	102.74861011589	-65.3961819721886	-25.6513837805943
36695	128.399993896484	65.687544278069	111.94997818597	-62.7124496184154	-16.4500157105146
36696	125.300003051758	58.6587214467581	100.320471319619	-66.6412816049997	-24.9795317321388
36697	57.5999984741211	39.2336110765899	98.5313164171035	-18.3663873975312	40.9313179429824
36698	57.5999984741211	54.1858341904694	96.8699582933391	-3.41416428365172	39.269959819218
36699	57.5999984741211	31.6936011302745	82.5567190732151	-25.9063973438466	24.956720599094
36700	57.5999984741211	25.1759654139681	87.5407934445083	-32.424033060153	29.9407949703872
36701	57.5999984741211	45.4956532353941	97.5089421870946	-12.104345238727	39.9089437129736
36702	57.5999984741211	36.2942851653144	96.2309743995836	-21.3057133088067	38.6309759254625
36704	47.5	25.1759654139681	131.886275671142	-22.3240345860319	84.3862756711424
36705	47.5	12.3962875388574	70.6716186493622	-35.1037124611426	23.1716186493622
36706	60	30.1600397852613	78.850612489433	-29.8399602147387	18.850612489433
36708	66.9000015258789	55.8471923142338	106.965903814677	-11.0528092116451	40.0659022887977
36709	66.9000015258789	26.5817299802303	67.6044959593356	-40.3182715456486	0.704494433456702
36710	66.9000015258789	52.1410857304517	96.6143647358369	-14.7589157954272	29.714363209958
36711	66.9000015258789	49.8407437129317	97.5089421870946	-17.0592578129472	30.6089406612157
36712	66.9000015258789	47.9237920316651	92.3970710370504	-18.9762094942138	25.4970695111715
36713	110	75.4000994631531	121.790330149805	-34.5999005368469	11.790330149805
36714	66.9000015258789	39.7447981915943	80.8953609494507	-27.1552033342846	13.9953594235718
36715	66.9000015258789	42.1729369878653	75.5278962419042	-24.7270645380136	8.62789471602534
36716	66.9000015258789	33.48275603279	66.5821217293268	-33.4172454930889	-0.317879796552148
36717	66.9000015258789	35.0163173778033	76.422473693162	-31.8836841480756	9.52247216728308
36718	66.9000015258789	31.8213979090256	80.2563770556952	-35.0786036168533	13.3563755298163
36719	66.9000015258789	24.7925750777148	68.7546669680956	-42.1074264481641	1.85466544221667
36720	66.9000015258789	48.8183694829229	86.007232099495	-18.081632042956	19.1072305736161
36721	66.9000015258789	31.1824140152701	76.9336608081664	-35.7175875106088	10.0336592822875
36722	66.9000015258789	25.8149493077236	73.994334896891	-41.0850522181553	7.09433337101206
36723	66.9000015258789	30.6712269002657	78.3394253744286	-36.2287746256132	11.4394238485497
36724	0	42.4285305453675	127.0299980786	42.4285305453675	127.0299980786
36725	52.5	65.0485603843135	158.723599208875	12.5485603843135	106.223599208875
36726	52.5	73.2275542243843	130.48051110488	20.7275542243843	77.9805111048803
36727	52.5	40.7671724216031	98.0201293020991	-11.7328275783969	45.5201293020991
36728	52.5	72.4607735518777	143.643579316244	19.9607735518777	91.1435793162443
36729	52.5	64.537373269309	123.57948505232	12.037373269309	71.0794850523205
36730	52.5	63.0038119242958	108.882855495943	10.5038119242958	56.3828554959432
36731	52.5	57.2529568804959	92.3970710370504	4.75295688049594	39.8970710370504
36732	123.100006103516	101.470642328379	157.956818536368	-21.6293637751367	34.8568124328526
36733	123.100006103516	106.582513478423	168.436154393959	-16.5174926250924	45.3361482904434
36734	123.100006103516	122.684907601063	196.2958521617	-0.415098502452892	73.1958460581847
36735	123.100006103516	107.988278044685	165.11343814643	-15.1117280588302	42.0134320429146
36736	123.100006103516	108.116074823437	158.723599208875	-14.9839312800791	35.6235931053593
36737	123.100006103516	125.240843176085	186.96668731287	2.14083707256924	63.8666812093539
36738	123.100006103516	113.483539530983	185.944313082861	-9.6164665725326	62.8443069793451
36739	123.100006103516	98.4035196383524	156.167663633853	-24.6964864651632	33.0676575303371
36740	123.100006103516	105.560139248414	177.126335349034	-17.5398668551012	54.0263292455187
36741	123.100006103516	90.6079161345349	160.640550890141	-32.4920899689807	37.5405447866259
36742	123.100006103516	111.694384628468	173.036838428999	-11.4056214750481	49.9368323254833
36743	123.100006103516	117.956426787272	188.11685832163	-5.14357931624386	65.0168522181139
36744	123.100006103516	116.55066222101	172.270057756492	-6.54934388250604	49.1700516529766
36745	36.8000030517578	35.0163173778033	123.57948505232	-1.78368567395449	86.7794820005627
36746	36.8000030517578	37.9556432890788	115.40049121225	1.15564023732097	78.6004881604918
36747	50.4000015258789	59.0421117830114	101.470642328379	8.64211025713253	51.0706408025001
36748	50.4000015258789	55.0804116417271	85.2404514269884	4.68041011584822	34.8404499011095
36749	50.4000015258789	53.0356631817094	109.777432947201	2.6356616558305	59.377431421322
36750	50.4000015258789	66.7099185080779	104.793358575908	16.309916982199	54.3933570500288
36751	50.4000015258789	62.8760151455446	93.6750388245614	12.4760136196657	43.2750372986825
36752	50.4000015258789	63.5149990393002	94.0584291608148	13.1149975134213	43.6584276349358
36753	56.6000022888184	40.639375642852	64.1539829330557	-15.9606266459663	7.55398064423736
36754	42	50.7353211641895	89.2021515682727	8.73532116418949	47.2021515682727
36755	42	66.0709346143223	134.186617688662	24.0709346143223	92.1866176886624
36756	42	68.2434798530911	106.454716699672	26.2434798530911	64.4547166996721
36757	122.099998474121	65.5597474993179	139.554082396209	-56.5402509748032	17.4540839220878
36758	122.099998474121	89.3299483470238	145.688327776262	-32.7700501270973	23.5883293021409
36759	122.099998474121	62.6204215880424	118.595410681027	-59.4795768860787	-3.50458779309379
36760	122.099998474121	57.380753659247	125.752030291089	-64.719244814874	3.6520318169682
36761	122.099998474121	39.2336110765899	104.409968239654	-82.8663873975312	-17.6900302344667
36762	122.099998474121	26.1983396439769	76.5502704719131	-95.9016588301442	-45.549728002208
36766	205	147.988669793782	190.928387454154	-57.0113302062181	-14.0716125458461
36771	205	141.726627634978	186.711093755367	-63.2733723650223	-18.2889062446327
36772	205	147.988669793782	197.573819949211	-57.0113302062181	-7.42618005078856
36773	77.1999969482422	65.3041539418157	120.767955919796	-11.8958430064265	43.5679589715539
36774	77.1999969482422	62.7482183667935	101.59843910713	-14.4517785814486	24.3984421588879
36775	77.1999969482422	42.3007337666164	78.4672221531797	-34.8992631816258	1.26722520493752
36776	77.1999969482422	65.1763571630646	104.409968239654	-12.0236397851776	27.2099712914122
36777	77.1999969482422	84.8570610907351	146.58290522752	7.65706414249287	69.3829082792776
36778	77.1999969482422	76.6780672506642	122.812704379814	-0.521929697577988	45.6127074315716
36779	77.1999969482422	88.8187612320194	134.314414467413	11.6187642837772	57.1144175191713
36780	77.1999969482422	75.1445059056509	131.63068211364	-2.05549104259127	54.430685165398
36781	77.1999969482422	72.2051799943755	127.668981972356	-4.99481695386673	50.4689850241137
36782	77.1999969482422	63.0038119242958	105.176748912161	-14.1961850239464	27.9767519639189
36783	77.1999969482422	72.0773832156244	110.79980717721	-5.12261373261784	33.5998102289676
36784	77.1999969482422	66.1987313930734	105.943529584668	-11.0012655551688	28.7435326364255
36785	77.1999969482422	67.2211056230823	108.116074823437	-9.97889132515991	30.9160778751943
36786	77.1999969482422	61.2146570217803	96.742161514588	-15.9853399264619	19.5421645663458
36787	77.1999969482422	74.1221316756421	135.847975812427	-3.07786527260012	58.6479788641846
36788	77.1999969482422	77.0614575869175	115.783881548503	-0.138539361324661	38.5838846002608
36789	77.1999969482422	70.0326347556066	104.537765018406	-7.16736219263555	27.3377680701633
36790	77.1999969482422	56.102785871736	93.9306323820636	-21.0972110765062	16.7306354338215
36791	84.9000015258789	49.7129469341806	92.5248678158015	-35.1870545916983	7.62486628992256
36792	82.5999984741211	69.0102605255978	121.790330149805	-13.5897379485233	39.1903316756839
36793	82.5999984741211	88.1797773382638	130.352714326129	5.57977886414274	47.7527158520081
36794	82.5999984741211	94.0584291608148	133.803227352409	11.4584306866937	51.2032288782879
36795	82.5999984741211	81.4065480644552	128.435762644863	-1.19345040966593	45.8357641707414
36796	82.5999984741211	78.7228157106819	122.429314043561	-3.87718276343918	39.8293155694394
36797	84.9000015258789	84.6014675332328	135.464585476173	-0.298533992646071	50.5645839502945
36798	82.5999984741211	75.5278962419042	127.668981972356	-7.07210223221685	45.0689834982348
36799	82.5999984741211	81.7899384007085	128.946949759867	-0.810060073412615	46.3469512857459
36800	82.5999984741211	79.3617996044375	136.359162927431	-3.23819886968364	53.7591644533101
36801	84.9000015258789	77.9560350381753	124.218468946076	-6.94396648770363	39.3184674201971
36802	105.699996948242	72.0773832156244	116.55066222101	-33.6226137326178	10.8506652727674
36803	84.5999984741211	86.5184192144994	126.263217406094	1.91842074037835	41.6632189319726
36804	96.2999954223633	71.8217896581221	113.866929867236	-24.4782057642411	17.5669344448731
36805	122.400001525879	69.5214476406022	117.317442893516	-52.8785538852767	-5.08255863236268
36806	122.400001525879	101.215048770877	166.26360915519	-21.1849527550022	43.8636076293113
36807	84.8000030517578	91.2469000282904	145.816124555013	6.4468969765326	61.0161215032553
36808	84.8000030517578	103.643187567148	153.739524837582	18.84318451539	68.9395217858239
36809	84.8000030517578	70.41602509186	111.055400734712	-14.3839779598978	26.2553976829542
36810	84.8000030517578	80.3841738344463	133.292040237405	-4.4158292173115	48.4920371856468
36811	84.8000030517578	93.0360549308059	136.870350042436	8.23605187904809	52.0703469906778
36812	84.8000030517578	88.3075741170149	135.975772591178	3.50757106525712	51.1757695394201
36813	84.8000030517578	89.7133386832771	134.442211246165	4.9133356315193	49.6422081944067
36814	84.8000030517578	86.6462159932506	130.736104662382	1.84621294149274	45.9361016106247
36815	84.8000030517578	104.026577903401	143.771376094995	19.2265748516433	58.9713730432376
36816	84.8000030517578	73.7387413393887	126.646607742347	-11.0612617123691	41.8466046905892
36817	84.8000030517578	90.4801193557838	133.164243458654	5.68011630402594	48.3642404068957
36818	84.8000030517578	89.9689322407793	131.502885334889	5.16892918902153	46.7028822831313
36819	82.5999984741211	68.4990734105934	116.678458999761	-14.1009250635277	34.0784605256396
36820	82.5999984741211	69.2658540831	114.761507318494	-13.3341443910211	32.161508844373
36821	82.5999984741211	99.5536906471124	133.93102413116	16.9536921729913	51.331025657039
36822	82.5999984741211	99.2980970896102	134.058820909911	16.6980986154891	51.4588224357902
36823	96.0999984741211	76.1668801356598	134.697804803667	-19.9331183384613	38.5978063295457
36824	84.8000030517578	136.23136614868	204.730439559273	51.4313630969223	119.930436507516
36825	84.8000030517578	91.8858839220459	142.237814749982	7.08588087028812	57.4378116982243
36826	84.8000030517578	85.2404514269884	131.375088556138	0.440448375230559	46.5750855043802
36827	116.900001525879	94.6974130545703	129.713730432374	-22.2025884713086	12.8137289064947
36828	116.900001525879	87.2851998870061	134.697804803667	-29.6148016388728	17.7978032777879
36829	116.900001525879	90.8635096920371	131.247291777387	-26.0364918338418	14.347290251508
36830	35.6999969482422	49.8407437129317	104.026577903401	14.1407467646895	68.3265809551589
36831	147.899993896484	104.026577903401	146.327311670018	-43.8734159930833	-1.57268222646684
36832	147.899993896484	87.4129966657572	131.247291777387	-60.4869972307272	-16.6527021190975
36833	147.899993896484	117.445239672267	156.934444306359	-30.454754224217	9.03445040987503
36834	38.0999984741211	36.6776755015677	87.2851998870061	-1.42232297255338	49.185201412885
36835	25.8999996185303	32.204788245279	82.5567190732151	6.3047886267487	56.6567194546849
36836	25.8999996185303	21.2142652726838	75.4000994631531	-4.68573434584651	49.5000998446229
36837	27.9000015258789	28.3708848827458	82.0455319582107	0.47088335686685	54.1455304323318
36838	34.6999969482422	27.9874945464924	71.693992879371	-6.71250240174975	36.9939959311289
36839	27.9000015258789	19.169516812666	64.0261861543046	-8.73048471321286	36.1261846284257
36840	27.9000015258789	28.2430881039946	81.5343448432063	0.343086578115742	53.6343433173274
36841	28	35.3997077140566	69.3936508618511	7.39970771405664	41.3936508618511
36842	28	43.3231079966253	82.8123126307173	15.3231079966253	54.8123126307173
36843	24.7999992370605	38.0834400678299	107.860481265934	13.2834408307693	83.0604820288738
36844	0	30.6712269002657	60.959063464278	30.6712269002657	60.959063464278
36845	0	30.6712269002657	70.0326347556066	30.6712269002657	70.0326347556066
36847	18.9000015258789	38.4668304040832	87.6685902232594	19.5668288782043	68.7685886973805
36848	11.5999994277954	26.1983396439769	72.3329767731266	14.5983402161815	60.7329773453312
36849	66.9000015258789	49.5851501554295	101.59843910713	-17.3148513704494	34.6984375812512
36850	20.7999992370605	23.1312169539504	73.8665381181399	2.33121771688982	53.0665388810793
36851	20.7999992370605	16.3579876801417	80.5119706131974	-4.44201155691885	59.7119713761369
36852	20.7999992370605	46.518027465403	127.285591636103	25.7180282283424	106.485592399042
36853	20.7999992370605	21.8532491664393	72.0773832156244	1.05324992937875	51.2773839785638
36854	20.7999992370605	19.0417200339149	86.007232099495	-1.7582792031456	65.2072328624345
36855	20.7999992370605	34.8885205990522	84.4736707544817	14.0885213619917	63.6736715174212
36856	20.7999992370605	29.0098687765013	75.9112865781576	8.20986953944075	55.111287341097
36857	20.7999992370605	42.939717660372	128.307965866111	22.1397184233114	107.507966629051
36858	20.7999992370605	29.7766494490079	92.2692742582993	8.97665021194739	71.4692750212387
36859	172.900009155273	132.141869228645	196.551445719203	-40.7581399266288	23.6514365639291
36860	209.5	107.860481265934	169.458528623968	-101.639518734066	-40.0414713760321
36861	172.900009155273	130.736104662382	208.308749364304	-42.163904492891	35.408740209031
36862	172.900009155273	107.860481265934	161.918518677653	-65.0395278893391	-10.9814904776209
36863	172.900009155273	122.429314043561	186.96668731287	-50.4706951117129	14.0666781575961
36864	172.900009155273	126.263217406094	173.675822322754	-46.6367917491797	0.775813167480976
36865	172.900009155273	110.79980717721	152.205963492568	-62.1002019780637	-20.694045662705
36866	172.900009155273	121.918126928556	177.893116021541	-50.9818822267173	4.99310686626751
36867	172.900009155273	88.0519805595127	132.141869228645	-84.8480285957607	-40.7581399266288
36868	172.900009155273	101.854032664632	153.228337722577	-71.0459764906412	-19.6716714326961
36869	130.100006103516	123.835078609823	163.707673580168	-6.26492749369294	33.6076674766525
36870	130.100006103516	132.525259564898	174.698196552763	2.42525346138234	44.5981904492477
36871	130.100006103516	111.566587849716	164.474454252675	-18.5334182537992	34.3744481491591
36872	130.100006103516	123.57948505232	174.698196552763	-6.52052105119515	44.5981904492477
36873	130.100006103516	123.57948505232	166.26360915519	-6.52052105119515	36.1636030516746
36874	130.100006103516	118.467613902276	165.241234925181	-11.6323922012394	35.1412288216657
36875	130.100006103516	126.007623848592	158.468005651373	-4.09238225492412	28.3679995478571
36876	142	105.560139248414	166.774796270195	-36.4398607515856	24.7747962701947
36877	142	116.167271884756	166.26360915519	-25.8327281152437	24.2636091551902
36878	142	93.163851709557	154.506305510088	-48.836148290443	12.5063055100884
36879	142	109.138449053445	178.91549025155	-32.8615509465546	36.9154902515498
36880	142	107.860481265934	163.707673580168	-34.1395187340657	21.7076735801681
36881	6.70000076293945	33.6105528115411	111.94997818597	26.9105520486017	105.24997742303
36882	35.0999984741211	11.2461165300974	49.4573533766784	-23.8538819440237	14.3573549025573
36884	8	36.5498787228166	79.7451899406908	28.5498787228166	71.7451899406908
36885	8	26.7095267589814	86.9018095507528	18.7095267589814	78.9018095507528
36886	8	3.7061065837821	61.5980473580336	-4.2938934162179	53.5980473580336
36887	8	25.4315589714703	82.0455319582107	17.4315589714703	74.0455319582107
36889	8	36.4220819440655	87.5407934445083	28.4220819440655	79.5407934445083
36900	68.1999969482422	26.326136422728	85.6238417632417	-41.8738605255141	17.4238448149995
36902	32.5999984741211	11.1183197513463	61.9814376942869	-21.4816787227748	29.3814392201658
36903	32.5999984741211	10.8627261938441	75.5278962419042	-21.737272280277	42.9278977677832
36904	32.5999984741211	19.8085007064216	81.0231577282018	-12.7914977676995	48.4231592540807
36905	32.5999984741211	10.8627261938441	74.8889123481487	-21.737272280277	42.2889138740276
36917	77.5999984741211	31.8213979090256	101.470642328379	-45.7786005650954	23.8706438542579
36918	77.5999984741211	51.1187115004428	128.307965866111	-26.4812869736783	50.7079673919903
36920	97.9000015258789	22.3644362814437	172.270057756492	-75.5355652444352	74.3700562306133
36921	97.9000015258789	56.7417697654915	244.475237750868	-41.1582317603874	146.575236224989
36922	97.9000015258789	9.45696162758192	87.4129966657572	-88.443039898297	-10.4870048601217
36924	97.9000015258789	23.2590137327015	173.931415880257	-74.6409877931774	76.0314143543777
36925	97.9000015258789	91.2469000282904	130.608307883631	-6.65310149758849	32.7083063577525
36928	97.9000015258789	38.4668304040832	74.2499284543932	-59.4331711217957	-23.6500730714857
36929	97.9000015258789	48.1793855891673	83.9624836394773	-49.7206159367116	-13.9375178864016
36931	151.199996948242	49.2017598191762	118.084223566023	-101.998237129066	-33.1157733822193
36932	151.199996948242	57.7641439955004	113.483539530983	-93.4358529527418	-37.7164574172592
36933	68.5999984741211	65.4319507205668	116.55066222101	-3.1680477535543	47.9506637468885
36934	68.5999984741211	80.5119706131974	131.247291777387	11.9119721390763	62.6472933032658
36935	68.5999984741211	66.5821217293268	119.362191353534	-2.01787674479434	50.7621928794129
36936	68.5999984741211	92.5248678158015	157.445631421364	23.9248693416804	88.8456329472427
36937	78.0999984741211	71.3106025431177	130.097120768627	-6.78939593100338	51.9971222945058
36938	47	62.2370312517891	119.617784911036	15.2370312517891	72.6177849110362
36939	47	34.8885205990522	71.4383993218688	-12.1114794009478	24.4383993218688
36940	45.5	82.6845158519662	152.589353828822	37.1845158519662	107.089353828822
36941	40	50.8631179429406	205.241626674278	10.8631179429406	165.241626674278
36942	40	65.4319507205668	178.659896694048	25.4319507205668	138.659896694048
36943	26.5	24.4091847414614	78.7228157106819	-2.09081525853856	52.2228157106819
36944	7.50000095367432	28.4986816614969	88.8187612320194	20.9986807078225	81.3187602783451
36946	7.50000095367432	26.0705428652258	85.6238417632417	18.5705419115515	78.1238408095674
36947	7.50000095367432	25.3037621927192	84.2180771969795	17.8037612390449	76.7180762433052
36948	7.50000095367432	34.5051302627989	89.7133386832771	27.0051293091246	82.2133377296028
36949	56.1999969482422	92.9082581520548	150.544605368804	36.7082612038126	94.3446084205619
36950	46	98.1479260808502	147.477482678777	52.1479260808502	101.477482678777
36951	46	95.7197872845792	145.560530997511	49.7197872845792	99.5605309975109
36952	46	98.0201293020991	146.071718112515	52.0201293020991	100.071718112515
36953	46	103.132000452143	147.988669793782	57.1320004521434	101.988669793782
36954	46	104.409968239654	146.455108448769	58.4099682396544	100.455108448769
36955	46	33.9939431477945	77.572644701922	-12.0060568522055	31.572644701922
36956	46	47.9237920316651	89.9689322407793	1.92379203166513	43.9689322407793
36957	46	52.1410857304517	93.4194452670592	6.14108573045166	47.4194452670592
36958	46	101.342845549628	146.071718112515	55.3428455496279	100.071718112515
36959	46	73.994334896891	119.106597796032	27.994334896891	73.1065977960317
36960	46	95.3363969483258	149.266637581293	49.3363969483258	103.266637581293
36961	46	58.9143150042603	107.477090929681	12.9143150042603	61.477090929681
36962	46	55.0804116417271	94.4418194970681	9.08041164172712	48.4418194970681
36963	46	54.3136309692205	93.4194452670592	8.31363096922048	47.4194452670592
36964	46	43.9620918903808	86.1350288782461	-2.03790810961919	40.1350288782461
36965	46	47.6681984741629	84.6014675332328	1.66819847416291	38.6014675332328
36966	46	50.4797276066873	102.620813337139	4.47972760668727	56.6208133371389
36967	46	95.7197872845792	144.538156767502	49.7197872845792	98.538156767502
36968	46	45.7512467928963	82.0455319582107	-0.24875320710369	36.0455319582107
36969	46	51.6298986154472	85.7516385419928	5.62989861544723	39.7516385419928
36970	46	92.1414774795482	139.937472732462	46.1414774795482	93.9374727324622
36971	46	100.576064877121	149.650027917546	54.5760648771212	103.650027917546
36972	46	98.2757228596013	145.816124555013	52.2757228596013	99.8161245550131
36973	46	97.1255518508413	140.576456626218	51.1255518508413	94.5764566262177
36974	46	60.959063464278	108.627261938441	14.959063464278	62.627261938441
36975	46	83.0679061882196	143.260188979991	37.0679061882196	97.260188979991
36976	46	86.1350288782461	133.803227352409	40.1350288782461	87.803227352409
36977	46	97.5089421870946	142.749001864987	51.5089421870946	96.7490018649865
36978	46	107.477090929681	151.18358926256	61.477090929681	105.18358926256
36979	46	97.892332523348	140.83205018372	51.892332523348	94.8320501837199
36980	46	97.892332523348	143.515782537493	51.892332523348	97.5157825374932
36981	46	97.6367389658458	141.726627634978	51.6367389658458	95.7266276349777
36982	46	95.591990505828	139.554082396209	49.591990505828	93.5540823962089
36983	46	103.004203673392	146.455108448769	57.0042036733923	100.455108448769
36984	46	102.493016558388	146.58290522752	56.4930165583878	100.58290522752
36985	46	99.5536906471124	141.343237298724	53.5536906471124	95.3432372987243
36986	46	95.3363969483258	140.320863068716	49.3363969483258	94.3208630687155
36987	46	91.5024935857926	145.816124555013	45.5024935857926	99.8161245550131
36988	46	103.004203673392	152.589353828822	57.0042036733923	106.589353828822
36989	46	44.217685447883	86.2628256569972	-1.78231455211697	40.2628256569972
36990	46	96.8699582933391	146.327311670018	50.8699582933391	100.327311670018
36991	46	94.0584291608148	142.237814749982	48.0584291608148	96.2378147499821
36992	46	87.6685902232594	134.186617688662	41.6685902232594	88.1866176886624
36993	46	55.0804116417271	93.163851709557	9.08041164172712	47.163851709557
36994	46	102.74861011589	153.995118395084	56.74861011589	107.995118395084
36995	46	97.1255518508413	142.493408307484	51.1255518508413	96.4934083074843
36996	46	95.3363969483258	152.078166713817	49.3363969483258	106.078166713817
36997	46	104.154374682152	150.672402147555	58.1543746821522	104.672402147555
36998	46	102.876406894641	148.627653687537	56.8764068946411	102.627653687537
36999	41.6000022888184	95.9753808420814	145.816124555013	54.375378553263	104.216122266195
37000	41.6000022888184	100.703861655872	144.154766431249	59.103859367054	102.55476414243
37001	41.6000022888184	49.5851501554295	85.3682482057395	7.98514786661116	43.7682459169211
37002	9.39999961853027	26.0705428652258	63.0038119242958	16.6705432466956	53.6038123057655
37008	219.199996948242	122.045923707307	178.91549025155	-97.154073240935	-40.2845066966924
37011	219.199996948242	100.064877762117	166.008015597688	-119.135119186125	-53.1919813505542
37013	219.199996948242	107.604887708432	161.407331562648	-111.59510923981	-57.792665385594
37014	219.199996948242	116.934052557263	203.963658886767	-102.265944390979	-15.2363380614754
37017	219.199996948242	113.483539530983	167.158186606448	-105.716457417259	-52.0418103417942
37020	219.199996948242	115.911678327254	194.506697259185	-103.288318620988	-24.6932996890573
37021	224.300003051758	121.279143034801	189.394826109141	-103.020860016957	-34.9051769426172
37025	219.199996948242	97.7645357445969	168.180560836457	-121.435461203645	-51.0194361117854
37026	9.39999961853027	28.3708848827458	88.5631676745172	18.9708852642155	79.1631680559869
37028	40.9000015258789	19.8085007064216	75.5278962419042	-21.0915008194573	34.6278947160253
37029	135.899993896484	127.0299980786	178.276506357794	-8.869995817884	42.3765124613099
37030	135.899993896484	107.477090929681	154.250711952586	-28.4229029668034	18.3507180561018
37031	135.899993896484	121.534736592303	184.921938852852	-14.3652573041816	49.0219449563675
37032	135.899993896484	118.467613902276	185.688719525358	-17.4323799942082	49.7887256288741
37035	135.899993896484	116.55066222101	163.96326713767	-19.3493316754748	28.0632732411859
37036	135.899993896484	119.234394574783	181.599222605323	-16.6655993217015	45.6992287088387
37037	135.899993896484	131.63068211364	190.417200339149	-4.26931178284414	54.5172064426651
37038	135.899993896484	130.736104662382	178.276506357794	-5.1638892341019	42.3765124613099
37039	136	100.831658434623	155.528679740097	-35.1683415653766	19.5286797400972
37041	136	102.876406894641	175.592774004021	-33.1235931053589	39.592774004021
37042	136	126.646607742347	172.142260977741	-9.35339225765296	36.1422609777411
37043	135.899993896484	93.6750388245614	147.477482678777	-42.2249550719229	11.5774887822931
37044	135.899993896484	140.704253404969	187.605671206625	4.80425950848445	51.7056773101407
37045	135.899993896484	134.825601582418	199.490771630478	-1.07439231406647	63.5907777339937
37046	135.899993896484	126.007623848592	175.46497722527	-9.89237004789287	39.5649833287856
37047	135.899993896484	124.601859282329	176.870741791532	-11.298134614155	40.9707478950477
37048	135.899993896484	123.323891494818	180.960238711568	-12.5761024016661	45.0602448150831
37049	135.899993896484	105.432342469663	170.097512517723	-30.4676514268211	34.1975186212391
37050	54.5	59.5532988980159	95.591990505828	5.05329889801587	41.091990505828
37051	71.5	77.3170511444197	121.151346256049	5.81705114441974	49.6513462560495
37052	71.5	72.5885703306288	111.822181407219	1.08857033062878	40.3221814072186
37053	71.5	37.8278465103277	87.4129966657572	-33.6721534896723	15.9129966657572
37054	54.9999961853027	44.8566693416386	89.4577451257749	-10.1433268436642	34.4577489404722
37055	71.5	75.5278962419042	124.72965606108	4.02789624190424	53.2296560610804
37056	71.5	56.3583794292382	95.0808033908236	-15.1416205707618	23.5808033908236
37057	71.5	59.8088924555181	99.9370809833657	-11.6911075444819	28.4370809833657
37058	71.5	71.3106025431177	117.445239672267	-0.18939745688229	45.9452396722673
37059	71.5	40.5115788641009	79.4895963831886	-30.9884211358991	7.98959638318856
37060	71.5	19.5529071489194	40.5115788641009	-51.9470928510806	-30.9884211358991
37061	71.5	64.4095764905579	113.483539530983	-7.09042350944206	41.983539530983
37062	71.5	82.0455319582107	126.263217406094	10.5455319582107	54.7632174060937
37063	54.9999961853027	50.9909147216917	96.742161514588	-4.00908146361104	41.7421653292853
37064	54.9999961853027	67.9878862955889	110.79980717721	12.9878901102862	55.799810991907
37065	54.9999961853027	50.4797276066873	86.3906224357483	-4.52026857861546	31.3906262504456
37066	54.9999961853027	41.9173434303631	86.3906224357483	-13.0826527549396	31.3906262504456
37067	54.9999961853027	44.6010757841363	90.2245257982815	-10.3989204011664	35.2245296129788
37068	119.699996948242	79.4895963831886	118.85100423853	-40.2104005650536	-0.848992709712675
37069	46.2999992370605	75.6556930206553	115.656084769752	29.3556937835948	69.3560855326913
37070	46.2999992370605	75.4000994631531	107.860481265934	29.1001002260926	61.5604820288738
37071	46.2999992370605	50.6075243854384	80.000783498193	4.30752514837783	33.7007842611324
37072	46.2999992370605	58.1475343317537	97.7645357445969	11.8475350946931	51.4645365075363
37073	46.2999992370605	60.3200795705225	94.6974130545703	14.020080333462	48.3974138175097
37074	46.2999992370605	48.0515888104162	92.0136807007971	1.75158957335569	45.7136814637365
37075	46.2999992370605	52.1410857304517	89.2021515682727	5.84108649339111	42.9021523312122
37076	46.2999992370605	78.0838318169264	120.001175247289	31.7838325798658	73.7011760102289
37077	46.2999992370605	69.9048379768555	106.071326363419	23.604838739795	59.7713271263583
37078	46.2999992370605	68.11568307434	104.282171460903	21.8156838372795	57.9821722238428
37079	46.2999992370605	56.4861762079893	90.6079161345349	10.1861769709287	44.3079168974743
37080	46.2999992370605	42.6841241028697	75.4000994631531	-3.61587513419081	29.1001002260926
37081	31.3999977111816	53.5468502967138	82.8123126307173	22.1468525855322	51.4123149195357
37082	31.3999977111816	64.6651700480601	102.876406894641	33.2651723368785	71.4764091834595
37083	31.3999977111816	63.7705925968024	103.132000452143	32.3705948856208	71.7320027409617
37084	41.7000007629395	65.5597474993179	105.687936027165	23.8597467363784	63.987935264226
37085	41.7000007629395	76.8058640294153	118.084223566023	35.1058632664759	76.3842228030834
37086	41.7000007629395	77.0614575869175	119.489988132285	35.3614568239781	77.7899873693456
37087	41.7000007629395	83.0679061882196	120.895752698547	41.3679054252801	79.1957519356078
37088	41.7000007629395	77.7004414806731	124.218468946076	36.0004407177336	82.5184681831366
37089	17.2000007629395	92.0136807007971	129.585933653623	74.8136799378576	112.385932890683
37090	17.2000007629395	53.9302406329672	88.1797773382638	36.7302398700277	70.9797765753244
37091	17.2000007629395	50.8631179429406	75.5278962419042	33.6631171800011	58.3278954789648
37092	17.2000007629395	78.850612489433	109.394042610948	61.6506117264936	92.1940418480081
37093	4.79999923706055	21.8532491664393	73.4831477818865	17.0532499293788	68.683148544826
37094	17.3999996185303	36.5498787228166	83.1957029669707	19.1498791042863	65.7957033484404
37095	121.099998474121	66.837715286829	108.627261938441	-54.2622831872921	-12.4727365356801
37096	121.099998474121	61.4702505792825	108.882855495943	-59.6297478948386	-12.2171429781779
37097	121.099998474121	79.2340028256863	118.467613902276	-41.8659956484347	-2.6323845718449
37098	195.399993896484	140.959846962471	175.720570782772	-54.4401469340133	-19.6794231137122
37099	195.399993896484	135.464585476173	171.631073862737	-59.9354084203109	-23.7689200337477
37100	195.399993896484	141.343237298724	178.148709579043	-54.05675659776	-17.2512843174412
37101	195.399993896484	154.250711952586	189.906013224145	-41.1492819438982	-5.49398067233935
37102	195.399993896484	154.634102288839	189.267029330389	-40.7658916076449	-6.1329645660949
37103	195.399993896484	154.506305510088	188.883638994136	-40.893688386396	-6.51635490234821
37104	195.399993896484	153.739524837582	189.139232551638	-41.6604690589026	-6.260761344846
37105	195.399993896484	151.055792483808	187.350077649123	-44.3442014126759	-8.04991624736149
37106	195.399993896484	159.873770217635	195.273477931692	-35.5262236788495	-0.126515964792873
37107	195.399993896484	154.250711952586	188.11685832163	-41.1492819438982	-7.28313557485487
37109	147.399993896484	51.7576953941983	97.5089421870946	-95.642298502286	-49.8910517093897
37110	156.5	117.061849336014	178.404303136545	-39.438150663986	21.9043031365454
37111	156.5	119.362191353534	165.11343814643	-37.1378086464661	8.61343814643027
37112	156.5	121.023549477298	188.883638994136	-35.4764505227017	32.3836389941362
37113	147.399993896484	112.333368522223	168.56395117271	-35.0666253742613	21.1639572762258
37114	147.399993896484	111.694384628468	163.96326713767	-35.7056092680168	16.5632732411859
37115	156.5	119.106597796032	177.509725685288	-37.3934022039683	21.0097256852876
37116	156.5	127.413388414854	185.049735631603	-29.0866115851463	28.5497356316029
37117	137.800003051758	63.5149990393002	105.432342469663	-74.2850040124576	-32.3676605820945
37118	137.800003051758	120.128972026041	179.810067702808	-17.6710310257172	42.0100646510498
37119	137.800003051758	60.8312666855269	99.9370809833657	-76.9687363662309	-37.8629220683921
37120	147.399993896484	122.812704379814	178.659896694048	-24.5872895166705	31.2599027975632
37121	137.800003051758	118.212020344774	187.733467985376	-19.5879827069838	49.9334649336184
37122	137.800003051758	115.144897654747	176.231757897777	-22.6551053970104	38.4317548460187
37123	137.800003051758	62.7482183667935	102.493016558388	-75.0517846849643	-35.30698649337
37124	137.800003051758	109.777432947201	173.036838428999	-28.0225701045569	35.2368353772411
37125	137.800003051758	59.681095676767	100.064877762117	-78.1189073749908	-37.735125289641
37126	147.399993896484	106.454716699672	168.691747951461	-40.9452771968122	21.2917540549769
37127	137.800003051758	59.0421117830114	97.6367389658458	-78.7578912687464	-40.1632640859121
37128	137.800003051758	110.160823283454	162.940892907661	-27.6391797683036	25.1408898559036
37129	147.399993896484	110.288620062205	170.097512517723	-37.111373834279	22.6975186212391
37130	147.399993896484	110.672010398459	170.992089968981	-36.7279834980257	23.5920960724968
37131	147.399993896484	107.34929415093	165.624625261435	-40.0506997455545	18.2246313649503
37132	147.399993896484	115.144897654747	175.081586889017	-32.255096241737	27.6815929925322
37133	147.399993896484	112.588962079725	164.730047810177	-34.8110318167591	17.3300539136926
37134	147.399993896484	67.0933088443312	108.49946515969	-80.3066850521532	-38.9005287367945
37135	147.399993896484	53.1634599604605	96.3587711783347	-94.2365339360239	-51.0412227181497
37136	137.800003051758	64.7929668268113	106.838107035925	-73.0070362249466	-30.9618960158324
37137	137.800003051758	100.831658434623	168.56395117271	-36.9683446171344	30.7639481209523
37138	137.800003051758	63.7705925968024	104.793358575908	-74.0294104549554	-33.0066444758501
37139	147.399993896484	118.212020344774	167.669373721452	-29.1879735517104	20.269379824968
37140	156.5	131.758478892391	192.84533913542	-24.7415211076087	36.3453391354205
37141	137.800003051758	65.9431378355712	105.432342469663	-71.8568652161866	-32.3676605820945
37142	154.600006103516	45.4956532353941	90.9913064707882	-109.104352868122	-63.6086996327274
37143	147.399993896484	66.7099185080779	108.627261938441	-80.6900753884065	-38.7727319580434
37144	147.399993896484	66.0709346143223	107.604887708432	-81.329059282162	-39.7951061880523
37145	147.399993896484	110.672010398459	170.992089968981	-36.7279834980257	23.5920960724968
37146	147.399993896484	114.633710539743	173.803619101506	-32.7662833567414	26.4036252050212
37147	147.399993896484	107.860481265934	167.669373721452	-39.5395126305501	20.269379824968
37148	147.399993896484	66.7099185080779	105.432342469663	-80.6900753884065	-41.9676514268211
37149	147.399993896484	116.934052557263	169.330731845217	-30.4659413392215	21.9307379487324
37150	147.399993896484	66.1987313930734	106.326919920921	-81.2012625034109	-41.0730739755633
37151	94.0999984741211	103.259797230894	160.896144447644	9.15979875677337	66.7961459735226
37152	94.0999984741211	85.3682482057395	138.276114608698	-8.73175026838162	44.1761161345767
37153	94.0999984741211	102.237423000886	146.966295563773	8.13742452676452	52.866297089652
37154	94.0999984741211	91.1191032495393	147.860873015031	-2.9808952245818	53.7608745409097
37155	94.0999984741211	108.627261938441	159.873770217635	14.5272634643199	65.7737717435138
37156	94.0999984741211	117.189646114765	174.059212659008	23.089647640644	79.9592141848867
37157	94.0999984741211	105.304545690912	174.187009437759	11.2045472167911	80.0870109636378
37158	94.0999984741211	102.237423000886	163.579876801417	8.13742452676452	69.4798783272959
37159	94.0999984741211	102.74861011589	161.918518677653	8.64861164176894	67.8185202035315
37160	105.400001525879	100.064877762117	154.250711952586	-5.33512376376211	48.8507104267073
37161	105.400001525879	94.314022718317	151.694776377564	-11.0859788075619	46.2947748516851
37162	105.400001525879	95.7197872845792	152.33376027132	-9.68021424129975	46.9337587454407
37163	98.3000030517578	89.8411354620282	147.73307623628	-8.45886758972958	49.4330731845219
37164	98.3000030517578	105.815732805917	149.011044023791	7.5157297541588	50.7110409720329
37165	98.3000030517578	107.860481265934	158.979192766377	9.5604782141765	60.6791897146193
37166	98.3000030517578	96.3587711783347	150.161215032551	-1.94123187342312	51.8612119807929
37167	98.3000030517578	104.665561797157	165.11343814643	6.36555874539883	66.8134350946725
37168	98.3000030517578	92.6526645945526	149.138840802542	-5.64733845720524	50.8388377507841
37169	98.3000030517578	96.1031776208325	140.959846962471	-2.19682543092534	42.6598439107132
37170	98.3000030517578	103.770984345899	156.934444306359	5.47098129414108	58.6344412546016
37171	98.3000030517578	104.921155354659	173.548025544003	6.62115230290104	75.2480224922455
37172	98.3000030517578	109.521839389699	155.017492625093	11.2218363379409	56.717489573335
37173	98.3000030517578	96.8699582933391	157.062241085111	-1.4300447584187	58.7622380333527
37174	98.3000030517578	93.8028356033125	149.905621475049	-4.49716744844527	51.6056184232907
37175	98.3000030517578	101.59843910713	157.573428200115	3.29843605537226	59.2734251483571
37176	98.3000030517578	101.854032664632	159.36258310263	3.55402961287447	61.0625800508726
37177	98.3000030517578	108.116074823437	159.745973438884	9.81607177167872	61.445970387126
37178	98.3000030517578	115.528287991001	165.241234925181	17.2282849392429	66.9412318734236
37179	98.3000030517578	92.5248678158015	150.0334182538	-5.77513523595634	51.7334152020418
37180	98.3000030517578	83.3234997457218	145.943921333764	-14.976503306036	47.6439182820064
37181	98.3000030517578	82.9401094094684	124.985249618583	-15.3598936422894	26.6852465668248
37182	98.3000030517578	98.4035196383524	156.039866855102	0.10351658659458	57.7398638033438
37183	98.3000030517578	108.49946515969	158.979192766377	10.199462107932	60.6791897146193
37184	98.3000030517578	105.560139248414	155.017492625093	7.26013619665657	56.717489573335
37186	35.2000007629395	26.1983396439769	138.915098502453	-9.00166111896252	103.715097739514
37187	78.4000015258789	85.3682482057395	148.372060130035	6.96824667986057	69.9720586041563
37188	78.4000015258789	94.1862259395659	124.218468946076	15.786224413687	45.8184674201971
37189	28.5	39.2336110765899	91.5024935857926	10.7336110765899	63.0024935857926
37190	28.5	40.639375642852	98.6591131958546	12.139375642852	70.1591131958546
37191	28.5	23.6424040689548	82.3011255157129	-4.8575959310452	53.8011255157129
37192	28.5	34.3773334840478	70.6716186493622	5.87733348404779	42.1716186493622
37193	28.5	42.5563273241186	102.109626222134	14.0563273241186	73.6096262221345
37194	6	28.1152913252435	71.0550089856155	22.1152913252435	65.0550089856155
37195	6	33.9939431477945	77.3170511444197	27.9939431477945	71.3170511444197
37196	36.6999969482422	8.56238417632417	65.1763571630646	-28.137612771918	28.4763602148224
37197	36.6999969482422	40.1281885278476	82.6845158519662	3.42819157960541	45.9845189037241
37198	36.6999969482422	20.7030781576793	61.0868602430292	-15.9969187905629	24.386863294787
37199	36.6999969482422	24.9203718564659	64.1539829330557	-11.7796250917763	27.4539859848135
37200	36.6999969482422	22.3644362814437	70.2882283131089	-14.3355606667985	33.5882313648667
37201	36.6999969482422	15.5912070076351	67.8600895168378	-21.1087899406071	31.1600925685956
37202	36.6999969482422	29.5210558915057	68.6268701893445	-7.17894105673647	31.9268732411023
37203	36.6999969482422	38.4668304040832	115.144897654747	1.76683345584102	78.4449007065052
37204	0.399999618530273	34.63292704155	86.1350288782461	34.2329274230197	85.7350292597158
37205	36.6999969482422	21.8532491664393	72.844163888131	-14.8467477818029	36.1441669398888
37206	36.6999969482422	24.4091847414614	65.687544278069	-12.2908122067807	28.9875473298268
37207	36.6999969482422	14.8244263351284	57.7641439955004	-21.8755706131138	21.0641470472582
37208	6	25.048168635217	58.0197375530026	19.048168635217	52.0197375530026
37209	24	29.2654623340035	74.2499284543932	5.26546233400351	50.2499284543932
37210	24	44.6010757841363	89.7133386832771	20.6010757841363	65.7133386832771
37211	24	44.0898886691319	87.0296063295039	20.0898886691319	63.0296063295039
37212	26.5	41.0227659791054	85.4960449844906	14.5227659791054	58.9960449844906
37213	24	24.5369815202125	65.8153410568201	0.536981520212546	41.8153410568201
37214	44.1999969482422	37.8278465103277	82.9401094094684	-6.37215043791451	38.7401124612263
37215	133.300003051758	110.672010398459	151.311386041311	-22.6279926532991	18.0113829895529
37216	133.300003051758	111.055400734712	151.950369935066	-22.2446023170458	18.6503668833084
37217	136.600006103516	56.3583794292382	108.49946515969	-80.2416266742774	-28.1005409438258
37218	136.600006103516	70.41602509186	111.055400734712	-66.1839810116557	-25.5446053688036
37219	136.600006103516	65.8153410568201	106.454716699672	-70.7846650466955	-30.1452894038435
37220	136.600006103516	66.1987313930734	115.911678327254	-70.4012747104422	-20.6883277762616
37221	136.600006103516	82.428922294464	121.534736592303	-54.1710838090516	-15.0652695112129
37222	130.600006103516	64.2817797118068	107.093700593428	-66.3182263917088	-23.506305510088
37223	130.600006103516	65.1763571630646	112.077774964721	-65.423648940451	-18.5222311387948
37224	13.2999992370605	9.2013680700797	41.9173434303631	-4.09863116698084	28.6173441933026
37225	0	7.15661961006199	36.2942851653144	7.15661961006199	36.2942851653144
37226	12.4999980926514	39.2336110765899	107.477090929681	26.7336129839385	94.9770928370296
37227	12.4999980926514	45.4956532353941	98.9147067533568	32.9956551427427	86.4147086607055
37228	12.4999980926514	33.6105528115411	101.981829443383	21.1105547188898	89.481831350732
37229	12.4999980926514	29.2654623340035	78.7228157106819	16.7654642413521	66.2228176180305
37230	12.4999980926514	30.7990236790168	76.422473693162	18.2990255863654	63.9224756005106
37231	216.5	99.0425035321079	226.583688725713	-117.457496467892	10.0836887257127
37232	85.5	72.5885703306288	142.365611528733	-12.9114296693712	56.8656115287332
37233	35.9000015258789	12.2684907601063	69.0102605255978	-23.6315107657726	33.1102589997189
37234	20.2000007629395	27.476307431488	75.5278962419042	7.27630666854855	55.3278954789648
37235	6.60000038146973	6.77322927380867	110.544213619708	0.173228892338945	103.944213238238
37236	8.39999961853027	19.6807039276705	62.6204215880424	11.2807043091402	54.2204219695122
37237	8.39999961853027	18.7861264764127	66.7099185080779	10.3861268578825	58.3099188895476
37238	89	73.7387413393887	116.295068663507	-15.2612586606113	27.2950686635074
37240	89	58.1475343317537	96.9977550720902	-30.8524656682463	7.99775507209021
37241	89	74.8889123481487	108.116074823437	-14.1110876518513	19.1160748234365
37246	59.5	40.5115788641009	78.7228157106819	-18.9884211358991	19.2228157106819
37247	59.5	59.9366892342692	110.033026504703	0.436689234269188	50.5330265047031
37248	59.5	41.6617498728609	98.1479260808502	-17.8382501271391	38.6479260808502
37249	159.5	86.9018095507528	134.570008024916	-72.5981904492472	-24.9299919750843
37250	99	53.4190535179627	90.4801193557838	-45.5809464820373	-8.51988064421624
37251	159.5	65.5597474993179	113.866929867236	-93.9402525006821	-45.6330701327636
37252	159.5	62.6204215880424	100.192674540868	-96.8795784119576	-59.3073254591321
37253	159.5	78.2116285956775	118.467613902276	-81.2883714043225	-41.0323860977238
37254	159.5	75.6556930206553	113.739133088485	-83.8443069793447	-45.7608669115148
37255	159.5	68.3712766318422	114.505913760992	-91.1287233681578	-44.9940862390081
37256	159.5	70.0326347556066	112.461165300974	-89.4673652443934	-47.0388346990258
37257	159.5	79.7451899406908	121.406939813552	-79.7548100593092	-38.0930601864483
37258	169.600006103516	65.5597474993179	105.432342469663	-104.040258604198	-64.1676636338523
37259	159.5	68.3712766318422	118.978801017281	-91.1287233681578	-40.5211989827194
37260	159.5	75.5278962419042	131.502885334889	-83.9721037580958	-27.9971146651109
37261	159.5	90.0967290195304	137.509333936191	-69.4032709804696	-21.9906660638088
37262	159.5	69.0102605255978	106.710310257174	-90.4897394744022	-52.7896897428256
37263	159.5	61.3424538005314	130.863901441134	-98.1575461994686	-28.6360985588664
37264	159.5	81.0231577282018	141.215440519973	-78.4768422717982	-18.2845594800268
37265	159.5	69.6492444193533	129.969323989876	-89.8507555806467	-29.5306760101242
37266	159.5	86.2628256569972	130.48051110488	-73.2371743430028	-29.0194888951197
37267	159.5	57.7641439955004	103.132000452143	-101.7358560045	-56.3679995478566
37268	159.5	75.272302684402	117.956426787272	-84.227697315598	-41.5435732127282
37269	159.5	66.7099185080779	112.588962079725	-92.7900814919221	-46.9110379202747
37270	159.5	69.6492444193533	107.093700593428	-89.8507555806467	-52.4062994065723
37271	159.5	82.0455319582107	131.758478892391	-77.4544680417893	-27.7415211076087
37272	159.5	72.7163671093799	113.739133088485	-86.7836328906201	-45.7608669115148
37273	159.5	42.0451402091142	95.8475840633303	-117.454859790886	-63.6524159366697
37274	159.5	79.2340028256863	128.563559423614	-80.2659971743137	-30.9364405763864
37275	159.5	82.9401094094684	132.014072449894	-76.5598905905316	-27.4859275501065
37276	159.5	78.9784092681841	124.601859282329	-80.5215907318159	-34.8981407176707
37277	159.5	86.6462159932506	129.33034009612	-72.8537840067494	-30.1696599038797
37278	159.5	85.7516385419928	136.103569369929	-73.7483614580072	-23.396430630071
37279	159.5	66.1987313930734	109.138449053445	-93.3012686069266	-50.3615509465546
37280	159.5	67.7322927380867	108.627261938441	-91.7677072619133	-50.872738061559
37281	159.5	63.8983893755535	110.288620062205	-95.6016106244465	-49.2113799377946
37282	159.5	80.8953609494507	156.167663633853	-78.6046390505493	-3.33233636614725
37283	159.5	76.6780672506642	117.956426787272	-82.8219327493358	-41.5435732127282
37284	159.5	81.9177351794596	127.668981972356	-77.5822648205404	-31.8310180276441
37285	159.5	81.2787512857041	127.924575529858	-78.2212487142959	-31.5754244701419
37286	159.5	97.2533486295924	150.289011811302	-62.2466513704076	-9.21098818869817
37287	159.5	93.6750388245614	137.764927493693	-65.8249611754386	-21.7350725063066
37288	61.9000015258789	71.3106025431177	121.023549477298	9.4106010172388	59.1235479514194
37289	61.9000015258789	46.3902306866518	84.2180771969795	-15.5097708392271	22.3180756711006
37290	61.9000015258789	44.7288725628875	87.2851998870061	-17.1711289629915	25.3851983611272
37291	61.9000015258789	53.8024438542161	91.3746968070415	-8.09755767166286	29.4746952811626
37292	90.0999984741211	66.837715286829	107.093700593428	-23.2622831872921	16.9937021193066
37293	42.9000015258789	50.9909147216917	82.8123126307173	8.09091319581279	39.9123111048384
37294	42.9000015258789	68.11568307434	125.752030291089	25.2156815484611	82.8520287652104
37295	42.9000015258789	69.9048379768555	124.346265724827	27.0048364509766	81.4462641989482
37296	42.9000015258789	47.5404016954118	78.4672221531797	4.6404001695329	35.5672206273008
37297	42.9000015258789	64.1539829330557	110.927603955961	21.2539814071768	68.027602430082
37298	42.9000015258789	61.7258441367847	99.9370809833657	18.8258426109058	57.0370794574868
37299	42.9000015258789	42.5563273241186	77.0614575869175	-0.343674201760273	34.1614560610386
37300	54.3000030517578	63.3872022605491	98.5313164171035	9.08719920879126	44.2313133653457
37301	54.3000030517578	65.8153410568201	107.860481265934	11.5153380050623	53.5604782141765
37302	61.9000015258789	42.3007337666164	90.6079161345349	-19.5992677592625	28.707914608656
37304	167.5	113.994726645987	162.940892907661	-53.5052733540125	-4.55910709233856
37305	167.5	101.470642328379	156.551053970106	-66.029357671621	-10.9489460298939
37306	167.5	96.6143647358369	154.250711952586	-70.8856352641631	-13.2492880474138
37307	186.800003051758	107.860481265934	151.822573156315	-78.9395217858235	-34.9774298954427
37308	186.800003051758	76.1668801356598	152.972744165075	-110.633122916098	-33.8272588866827
37309	186.800003051758	118.084223566023	161.407331562648	-68.7157794857349	-25.3926714891097
37310	13.3000001907349	27.3485106527369	78.2116285956775	14.048510462002	64.9116284049426
37311	71	62.6204215880424	106.582513478423	-8.37957841195757	35.5825134784233
37312	71	43.0675144391231	91.3746968070415	-27.9324855608769	20.3746968070415
37313	0.600000381469727	27.6041042102391	63.8983893755535	27.0041038287694	63.2983889940838
37314	91.8000030517578	30.1600397852613	74.5055220118954	-61.6399632664966	-17.2944810398624
37315	91.8000030517578	53.1634599604605	103.89878112465	-38.6365430912973	12.0987780728922
37316	12.5	35.6553012715589	94.4418194970681	23.1553012715589	81.9418194970681
37317	50.5999984741211	38.4668304040832	85.6238417632417	-12.1331680700379	35.0238432891206
37318	45.0999984741211	45.6234500141452	80.6397673919485	0.523451540024112	35.5397689178274
37319	45.0999984741211	63.7705925968024	113.866929867236	18.6705941226813	68.7669313931153
37320	45.0999984741211	41.0227659791054	78.9784092681841	-4.07723249501574	33.878410794063
37321	45.0999984741211	71.1828057643666	122.812704379814	26.0828072902455	77.7127059056927
37322	45.0999984741211	54.3136309692205	87.4129966657572	9.21363249509938	42.3129981916361
37323	45.0999984741211	50.8631179429406	85.3682482057395	5.7631194688195	40.2682497316184
37324	45.0999984741211	57.6363472167493	116.295068663507	12.5363487426282	71.1950701893863
37325	45.0999984741211	58.6587214467581	107.477090929681	13.558722972637	62.3770924555599
37326	50.5999984741211	38.3390336253321	84.2180771969795	-12.260964848789	33.6180787228584
37327	59.3999977111816	50.2241340491851	104.282171460903	-9.17586366199659	44.8821737497217
37328	59.3999977111816	46.2624339079007	233.484714778273	-13.1375638032809	174.084717067091
37330	59.3999977111816	59.2977053405137	112.588962079725	-0.102292370667989	53.1889643685436
37331	59.3999977111816	87.0296063295039	181.21583226907	27.6296086183222	121.815834557888
37332	59.3999977111816	32.9715689177856	141.471034077475	-26.428428793396	82.0710363662938
37337	59.3999977111816	72.0773832156244	113.611336309734	12.6773855044427	54.2113385985525
37339	59.3999977111816	27.2207138739858	144.28256321	-32.1792838371958	84.8825654988182
37340	59.3999977111816	32.5881785815323	172.01446419899	-26.8118191296494	112.614466487808
37342	59.3999977111816	28.7542752189991	71.1828057643666	-30.6457224921826	11.782808053185
37343	59.3999977111816	54.8248180842249	91.6302903645437	-4.57517962695673	32.2302926533621
37344	68.1999969482422	16.2301909013906	147.477482678777	-51.9698060468516	79.2774857305353
37347	68.1999969482422	62.109234473038	105.560139248414	-6.09076247520418	37.3601423001722
37348	50.5999984741211	41.9173434303631	90.6079161345349	-8.682655043758	40.0079176604138
37349	50.5999984741211	36.6776755015677	83.0679061882196	-13.9223229725534	32.4679077140985
