36455	-317.281966126063	-297.31953606413	-284.392599713516	19.9624300619325	32.8893664125468
36456	-317.281966126063	-432.555177885941	-415.650722658215	-115.273211759879	-98.3687565321525
36457	-317.281966126063	-324.167788484637	-309.252092695466	-6.88582235857422	8.0298734305963
36458	-317.281966126063	-434.543937324498	-422.611380693161	-117.261971198435	-105.329414567099
36459	-317.281966126063	-143.190679576036	-125.291844629031	174.091286550027	191.990121497031
36460	-317.281966126063	-326.156547923193	-286.381359152072	-8.87458179713013	30.9006069739909
36461	-567.970881139531	-641.374918934327	-614.52666651382	-73.4040377947962	-46.5557853742895
36463	-650.997925054507	-530.998770094466	-485.257303007677	119.999154960041	165.74062204683
36465	-650.997925054507	-584.69527493548	-562.818921111363	66.3026501190274	88.179003943144
36466	-650.997925054507	-576.740237181255	-548.897605041471	74.2576878732515	102.100320013036
36467	-650.997925054507	-616.515425952377	-527.021251217354	34.4824991021304	123.976673837153
36468	-636.769111706701	-632.425501460825	-609.55476791743	4.34361024587588	27.2143437892705
36469	-636.769111706701	-782.576839071807	-731.863473388627	-145.807727365106	-95.0943616819268
36470	-636.769111706701	-608.560388198152	-583.700895216202	28.2087235085485	53.068216490499
36471	-636.769111706701	-633.419881180103	-608.560388198152	3.34923052659769	28.2087235085485
36472	-636.769111706701	-601.599730163206	-578.728996619811	35.1693815434946	58.0401150868893
36473	-636.769111706701	-533.9819092523	-504.150517673959	102.7872024544	132.618594032741
36474	-636.769111706701	-628.447982583713	-604.58286932104	8.32112912298794	32.1862423856605
36475	-636.769111706701	-606.571628759596	-587.678414093314	30.1974829471044	49.090697613387
36476	-636.769111706701	-630.436742022269	-611.543527355986	6.3323696844318	25.2255843507144
36477	-636.769111706701	-807.436332053757	-782.576839071807	-170.667220347057	-145.807727365106
36478	-857.127063560967	-611.543527355986	-586.684034374036	245.58353620498	270.443029186931
36479	-857.127063560967	-808.430711773035	-793.515015983865	48.6963517879311	63.6120475771014
36480	-857.127063560967	-619.49856511021	-603.588489601762	237.628498450756	253.538573959204
36481	-857.127063560967	-635.408640618659	-612.537907075264	221.718422942308	244.589156485702
36482	-857.127063560967	-698.054562933175	-672.200690231946	159.072500627792	184.926373329021
36483	-857.127063560967	-816.38574952726	-786.554357948919	40.7413140337068	70.5727056120476
36484	-810.164933920168	-622.481704268044	-602.594109882484	187.683229652124	207.570824037684
36485	-810.164933920168	-792.520636264587	-774.621801317583	17.6442976555815	35.5431326025858
36486	-810.164933920168	-607.566008478874	-587.678414093314	202.598925441294	222.486519826855
36487	-867.698153947819	-619.49856511021	-600.605350443928	248.199588837608	267.092803503891
36488	-406.471317983057	-449.459633113668	-415.650722658215	-42.9883151306104	-9.17940467515757
36493	-541.952708429355	-603.588489601762	-570.773958865587	-61.6357811724074	-28.8212504362325
36494	-541.952708429355	-613.532286794542	-598.616591005372	-71.5795783651877	-56.6638825760172
36496	-541.952708429355	-439.515835920888	-411.673203781103	102.436872508467	130.279504648252
36498	-972.843975921208	-630.436742022269	-608.560388198152	342.407233898939	364.283587723056
36499	-712.631897648579	-491.223581323345	-462.386569464282	221.408316325234	250.245328184296
36501	-445.072130564112	-272.460043082179	-258.538727012287	172.612087481933	186.533403551825
36502	-445.072130564112	-456.420291148614	-436.532696763054	-11.3481605845021	8.53943380105841
36503	-502.161114437222	-505.144897393237	-480.285404411287	-2.9837829560156	21.8757100259349
36504	-502.161114437222	-500.172998796847	-469.347227499228	1.98811564037442	32.8138869379934
36505	-502.161114437222	-508.128036551072	-479.291024692009	-5.96692211384971	22.8700897452131
36506	-502.161114437222	-508.128036551072	-482.274163849843	-5.96692211384971	19.886950587379
36507	-502.161114437222	-598.616591005372	-586.684034374036	-96.4554765681501	-84.5229199368139
36508	-502.161114437222	-489.234821884789	-464.375328902838	12.9262925524329	37.7857855343834
36509	-502.161114437222	-499.178619077569	-474.319126095619	2.9824953596526	27.8419883416032
36510	-502.161114437222	-499.178619077569	-474.319126095619	2.9824953596526	27.8419883416032
36511	-502.161114437222	-501.167378516125	-475.313505814897	0.993735921096459	26.8476086223252
36512	-502.161114437222	-505.144897393237	-478.296644972731	-2.9837829560156	23.8644694644911
36513	-502.161114437222	-558.841402234251	-503.156137954682	-56.680287797029	-0.995023517459686
36514	-502.161114437222	-509.12241627035	-480.285404411287	-6.96130183312766	21.8757100259349
36515	-502.161114437222	-570.773958865587	-539.948187567968	-68.6128444283654	-37.7870731307466
36516	-502.161114437222	-572.762718304143	-546.908845602915	-70.6016038669213	-44.7477311656928
36517	-502.161114437222	-498.184239358291	-468.35284777995	3.97687507893056	33.8082666572714
36518	-502.161114437222	-569.779579146309	-547.903225322193	-67.6184647090874	-45.7421108849708
36519	-502.161114437222	-530.004390375188	-489.234821884789	-27.8432759379664	12.9262925524329
36520	-502.161114437222	-561.824541392085	-510.116795989628	-59.6634269548631	-7.95568155240585
36521	-630.827802565265	-590.661553251148	-562.818921111363	40.166249314117	68.0088814539018
36522	-630.827802565265	-578.728996619811	-562.818921111363	52.0988059454534	68.0088814539018
36523	-630.827802565265	-577.734616900533	-560.830161672807	53.0931856647313	69.9976408924578
36524	-630.827802565265	-582.706515496923	-567.790819707753	48.1212870683413	63.0369828575116
36525	-630.827802565265	-573.757098023421	-540.942567287246	57.0707045418434	89.8852352780183
36526	-630.827802565265	-550.886364480027	-516.083074305296	79.941438085238	114.744728259969
36527	-354.109449624868	-456.420291148614	-428.577659008829	-102.310841523746	-74.4682093839611
36528	-354.109449624868	-461.392189745004	-434.543937324498	-107.282740120136	-80.4344876996293
36529	-354.109449624868	-488.240442165511	-455.425911429336	-134.130992540643	-101.316461804468
36530	-354.109449624868	-465.369708622116	-438.52145620161	-111.260258997248	-84.4120065767414
36531	-354.109449624868	-461.392189745004	-436.532696763054	-107.282740120136	-82.4232471381852
36532	-354.109449624868	-491.223581323345	-444.487734517278	-137.114131698477	-90.3782848924096
36533	-354.109449624868	-477.302265253453	-439.515835920888	-123.192815628584	-85.4063862960193
36534	-630.827802565265	-493.212340761901	-454.431531710058	137.615461803363	176.396270855207
36536	-520.621037868334	-563.813300830641	-543.925706445081	-43.1922629623068	-23.3046685767463
36537	-520.621037868334	-609.55476791743	-595.633451847538	-88.9337300490959	-75.0124139792035
36538	-459.886191281122	-291.353257748462	-272.460043082179	168.53293353266	187.426148198943
36539	-459.886191281122	-428.577659008829	-417.639482096771	31.3085322722926	42.2467091843508
36540	-459.886191281122	-419.628241535327	-407.695684903991	40.2579497457949	52.1905063771311
36541	-459.886191281122	-415.650722658215	-401.729406588323	44.235468622907	58.1567846927993
36542	-459.886191281122	-487.246062446233	-467.358468060673	-27.359871165111	-7.4722767795505
36543	-459.886191281122	-460.397810025726	-429.572038728107	-0.511618744604334	30.3141525530147
36544	-453.2181791393	-465.369708622116	-451.448392552224	-12.1515294828167	1.7697865870756
36545	-444.948371584328	-580.717756058368	-559.835781953529	-135.769384474039	-114.887410369201
36546	-444.948371584328	-570.773958865587	-549.891984760749	-125.825587281259	-104.943613176421
36547	-444.948371584328	-579.72337633909	-562.818921111363	-134.775004754762	-117.870549527035
36548	-444.948371584328	-586.684034374036	-566.796439988475	-141.735662789708	-121.848068404147
36549	-444.948371584328	-575.745857461977	-554.863883357139	-130.797485877649	-109.915511772811
36550	-444.948371584328	-551.880744199305	-523.043732340242	-106.932372614977	-78.0953607559138
36551	-444.948371584328	-586.684034374036	-561.824541392085	-141.735662789708	-116.876169807757
36552	-444.948371584328	-566.796439988475	-546.908845602915	-121.848068404147	-101.960474018587
36553	-444.948371584328	-568.785199427031	-536.965048410134	-123.836827842703	-92.0166768258064
36554	-444.948371584328	-578.728996619811	-477.302265253453	-133.780625035483	-32.3538936691248
36555	-444.948371584328	-587.678414093314	-555.858263076417	-142.730042508986	-110.909891492089
36556	-444.948371584328	-591.655932970426	-568.785199427031	-146.707561386098	-123.836827842703
36557	-444.948371584328	-582.706515496923	-538.95380784869	-137.758143912595	-94.0054362643623
36558	-444.948371584328	-570.773958865587	-524.03811205952	-125.825587281259	-79.089740475192
36559	-444.948371584328	-580.717756058368	-489.234821884789	-135.769384474039	-44.286450300461
36560	-453.2181791393	-454.431531710058	-431.560798166664	-1.2133525707585	21.6573809726361
36561	-453.2181791393	-455.425911429336	-436.532696763054	-2.20773229003646	16.6854823762461
36562	-453.2181791393	-449.459633113668	-428.577659008829	3.75854602563174	24.6405201304702
36563	-453.2181791393	-474.319126095619	-450.454012832946	-21.100946956319	2.76416630635356
36564	-444.948371584328	-579.72337633909	-526.026871498076	-134.775004754762	-81.0784999137479
36566	-578.918551730803	-321.184649326803	-289.364498309906	257.733902404001	289.554053420898
36567	-578.918551730803	-473.324746376341	-451.448392552224	105.593805354462	127.470159178579
36568	-578.918551730803	-445.482114236556	-430.566418447386	133.436437494247	148.352133283418
36569	-578.918551730803	-510.116795989628	-488.240442165511	68.8017557411755	90.6781095652922
36570	-578.918551730803	-406.701305184713	-389.796849956986	172.21724654609	189.121701773817
36571	-578.918551730803	-508.128036551072	-451.448392552224	70.7905151797316	127.470159178579
36572	-411.317154280951	-426.588899570273	-408.690064623269	-15.2717452893226	2.62708965768178
36573	-411.317154280951	-424.600140131717	-404.712545746157	-13.2829858507667	6.60460853479384
36574	-664.132894267827	-1135.58163941551	-1089.84017232872	-471.448745147679	-425.70727806089
36575	-664.132894267827	-1126.632221942	-1096.80083036366	-462.499327674177	-432.667936095836
36576	-664.132894267827	-587.678414093314	-537.959428129412	76.4544801745135	126.173466138415
36577	-467.663642543266	-480.285404411287	-449.459633113668	-12.6217618680205	18.2040094295984
36578	-503.439677465982	-290.358878029184	-273.454422801457	213.080799436798	229.985254664525
36580	-404.064061800754	-573.757098023421	-425.594519850995	-169.693036222668	-21.5304580502415
36581	-414.852432924824	-423.605760412439	-402.723786307601	-8.75332748761525	12.1286466172235
36582	-420.151777063014	-465.369708622116	-421.617000973883	-45.2179315591019	-1.46522391086876
36583	-420.151777063014	-501.167378516125	-475.313505814897	-81.0156014531109	-55.1617287518822
36584	-420.151777063014	-442.498975078722	-433.54955760522	-22.3471980157072	-13.3977805422052
36585	-420.151777063014	-587.678414093314	-573.757098023421	-167.526637030299	-153.605320960407
36586	-414.852432924824	-417.639482096771	-390.791229676264	-2.78704917194705	24.0612032485597
36587	-414.852432924824	-418.633861816049	-391.785609395542	-3.781428891225	23.0668235292817
36588	-420.151777063014	-440.510215640166	-415.650722658215	-20.3584385771513	4.50105440479945
36589	-420.151777063014	-435.538317043776	-425.594519850995	-15.3865399807611	-5.44274278798082
36590	-420.151777063014	-433.54955760522	-425.594519850995	-13.3977805422052	-5.44274278798082
36591	-420.151777063014	-437.527076482332	-428.577659008829	-17.3752994193172	-8.42588194581492
36592	-420.151777063014	-500.172998796847	-476.307885534175	-80.0212217338329	-56.1561084711601
36593	-420.151777063014	-452.442772271502	-428.577659008829	-32.2909952084875	-8.42588194581492
36594	-423.933552935322	-441.504595359444	-422.611380693161	-17.5710424241217	1.32217224216089
36595	-465.118752085191	-434.543937324498	-422.611380693161	30.5748147606932	42.5073713920297
36596	-465.118752085191	-437.527076482332	-425.594519850995	27.5916756028591	39.5242322341956
36597	-465.118752085191	-430.566418447386	-419.628241535327	34.5523336378053	45.4905105498638
36598	-465.118752085191	-428.577659008829	-418.633861816049	36.5410930763614	46.4848902691417
36599	-465.118752085191	-418.633861816049	-402.723786307601	46.4848902691417	62.3949657775902
36600	-465.118752085191	-448.46525339439	-431.560798166664	16.6534986908009	33.5579539185273
36601	-465.118752085191	-431.560798166664	-413.661963219659	33.5579539185273	51.4567888655317
36602	-465.118752085191	-453.43715199078	-426.588899570273	11.6816000944107	38.5298525149176
36607	-315.280489631758	-439.515835920888	-427.583279289551	-124.23534628913	-112.302789657794
36608	-315.280489631758	-443.493354798	-430.566418447386	-128.212865166242	-115.285928815628
36609	-315.280489631758	-441.504595359444	-429.572038728107	-126.224105727686	-114.29154909635
36610	-315.280489631758	-446.476493955834	-432.555177885941	-131.196004324076	-117.274688254184
36611	-315.280489631758	-478.296644972731	-435.538317043776	-163.016155340973	-120.257827412018
36612	-783.187672349565	-604.58286932104	-580.717756058368	178.604803028525	202.469916291197
36613	-783.187672349565	-846.217141105601	-824.340787281484	-63.0294687560356	-41.1531149319189
36614	-783.187672349565	-1124.64346250345	-1106.74462755644	-341.455790153883	-323.556955206878
36615	-783.187672349565	-635.408640618659	-617.509805671654	147.779031730906	165.677866677911
36616	-783.187672349565	-1112.71090587211	-1092.82331148655	-329.523233522547	-309.635639136986
36618	-783.187672349565	-1099.7839695215	-1076.9132359781	-316.596297171932	-293.725563628538
36619	-783.187672349565	-1113.70528559139	-1087.85141289016	-330.517613241825	-304.663740540596
36620	-783.187672349565	-1129.61536109984	-1109.72776671428	-346.427688750273	-326.540094364713
36621	-783.187672349565	-1131.60412053839	-1106.74462755644	-348.416448188829	-323.556955206878
36622	-783.187672349565	-1123.64908278417	-1098.78958980222	-340.461410434605	-315.601917452654
36623	-379.287373568304	-420.622621254605	-399.740647149767	-41.335247686301	-20.4532735814623
36624	-383.81382165769	-458.40905058717	-434.543937324498	-74.5952289294801	-50.7301156668075
36625	-379.287373568304	-427.583279289551	-406.701305184713	-48.2959057212472	-27.4139316164087
36626	-379.287373568304	-435.538317043776	-409.684444342547	-56.2509434754713	-30.3970707742425
36627	-379.287373568304	-428.577659008829	-408.690064623269	-49.2902854405251	-29.4026910549646
36628	-379.287373568304	-420.622621254605	-394.768748553377	-41.335247686301	-15.4813749850723
36629	-459.904425047424	-596.627831566816	-574.751477742699	-136.723406519392	-114.847052695276
36630	-459.904425047424	-586.684034374036	-561.824541392085	-126.779609326612	-101.920116344661
36631	-260.790297195282	-516.083074305296	-490.229201604067	-255.292777110013	-229.438904408785
36632	-260.790297195282	-587.678414093314	-558.841402234251	-326.888116898031	-298.051105038968
36633	-260.790297195282	-311.240852134022	-297.31953606413	-50.4505549387399	-36.5292388688476
36634	-702.708977546385	-616.515425952377	-595.633451847538	86.1935515940085	107.075525698847
36635	-702.708977546385	-809.425091492314	-785.559978229641	-106.716113945929	-82.8510006832558
36636	-260.790297195282	-304.280194099076	-282.40384027496	-43.4898969037937	-21.6135430796771
36637	-260.790297195282	-305.274573818354	-280.415080836404	-44.4842766230717	-19.6247836411212
36638	-260.790297195282	-308.257712976188	-290.358878029184	-47.4674157809058	-29.5685808339014
36639	-283.830008380346	-470.341607218507	-452.442772271502	-186.511598838161	-168.612763891156
36640	-412.220396589716	-478.296644972731	-455.425911429336	-66.076248383015	-43.2055148396203
36641	-412.220396589716	-289.364498309906	-271.465663362901	122.85589827981	140.754733226814
36642	-412.220396589716	-477.302265253453	-444.487734517278	-65.081868663737	-32.2673379275621
36643	-412.220396589716	-307.26333325691	-290.358878029184	104.957063332805	121.861518560532
36644	-412.220396589716	-288.370118590628	-270.471283643623	123.850277999088	141.749112946092
36645	-449.506397362843	-516.083074305296	-488.240442165511	-66.5766769424532	-38.7340448026685
36648	-288.610636267725	-307.26333325691	-283.398219994237	-18.6526969891854	5.21241627348746
36649	-284.392439506154	-341.072243712363	-302.29143466052	-56.6798042062088	-17.8989951543657
36650	-284.392439506154	-445.482114236556	-423.605760412439	-161.089674730401	-139.213320906285
36651	-527.563511046002	-435.538317043776	-418.633861816049	92.025194002226	108.929649229952
36652	-527.563511046002	-437.527076482332	-420.622621254605	90.0364345636699	106.940889791396
36653	-527.563511046002	-419.628241535327	-394.768748553377	107.935269510675	132.794762492625
36654	-527.563511046002	-406.701305184713	-385.819331079874	120.862205861289	141.744179966127
36655	-527.563511046002	-412.667583500381	-386.813710799152	114.895927545621	140.749800246849
36656	-527.563511046002	-408.690064623269	-382.83619192204	118.873446422733	144.727319123961
36657	-527.563511046002	-443.493354798	-418.633861816049	84.0701562480017	108.929649229952
36658	-527.563511046002	-440.510215640166	-417.639482096771	87.0532954058358	109.92402894923
36659	-527.563511046002	-481.279784130565	-460.397810025726	46.2837269154368	67.1657010202753
36660	-645.332155543632	-812.408230650148	-787.548737668197	-167.076075106515	-142.216582124565
36661	-645.332155543632	-1126.632221942	-1108.733386995	-481.300066398372	-463.401231451367
36662	-645.332155543632	-820.363268404372	-794.509395703143	-175.03111286074	-149.177240159511
36663	-645.332155543632	-818.374508965816	-794.509395703143	-173.042353422184	-149.177240159511
36664	-645.332155543632	-809.425091492314	-779.593699913973	-164.092935948682	-134.261544370341
36665	-645.332155543632	-799.481294299533	-780.588079633251	-154.149138755901	-135.255924089619
36666	-645.332155543632	-815.391369807982	-794.509395703143	-170.05921426435	-149.177240159511
36667	-645.332155543632	-820.363268404372	-792.520636264587	-175.03111286074	-147.188480720955
36668	-645.332155543632	-555.858263076417	-532.987529533022	89.4738924672154	112.34462601061
36669	-645.332155543632	-789.537497106753	-756.722966370578	-144.205341563121	-111.390810826946
36670	-579.236850911563	-515.088694586018	-490.229201604067	64.1481563255458	89.0076493074963
36671	-579.236850911563	-592.650312689704	-574.751477742699	-13.4134617781402	4.48537316886416
36672	-579.236850911563	-1105.75024783717	-736.835371985018	-526.513396925602	-157.598521073454
36673	-474.289684796945	-551.880744199305	-530.998770094466	-77.5910594023598	-56.7090852975213
36674	-474.289684796945	-542.931326725802	-518.071833743852	-68.6416419288575	-43.7821489469069
36675	-290.145079561191	-286.381359152072	-261.521866170121	3.7637204091194	28.62321339107
36676	-556.821534400058	-527.021251217354	-494.206720481179	29.800283182704	62.6148139188789
36677	-513.207940025443	-530.998770094466	-498.184239358291	-17.7908300690233	15.0237006671516
36678	-556.821534400058	-534.976288971578	-505.144897393237	21.8452454284799	51.6766370068207
36679	-541.58647142526	-602.594109882484	-570.773958865587	-61.0076384572243	-29.1874874403276
36680	-541.58647142526	-558.841402234251	-531.993149813744	-17.2549308089912	9.59332161151553
36681	-541.58647142526	-561.824541392085	-547.903225322193	-20.2380699668253	-6.31675389693294
36682	-556.821534400058	-579.72337633909	-551.880744199305	-22.9018419390314	4.94079020075344
36683	-556.821534400058	-542.931326725802	-499.178619077569	13.8902076742557	57.6429153224889
36684	-556.821534400058	-524.03811205952	-488.240442165511	32.7834223405381	68.5810922345471
36685	-549.525947109235	-572.762718304143	-531.993149813744	-23.2367711949086	17.5327972954905
36686	-549.525947109235	-569.779579146309	-545.914465883636	-20.2536320370747	3.61148122559814
36687	-534.08016891773	-496.195479919735	-476.307885534175	37.884688997995	57.7722833835555
36688	-534.08016891773	-504.150517673959	-484.262923288399	29.9296512437706	49.8172456293312
36689	-669.755671531682	-588.672793812592	-575.745857461977	81.0828777190904	94.0098140697048
36690	-669.755671531682	-588.672793812592	-577.734616900533	81.0828777190904	92.0210546311487
36691	-669.755671531682	-585.689654654758	-574.751477742699	84.0660168769246	95.0041937889828
36692	-664.583954068953	-489.234821884789	-480.285404411287	175.349132184164	184.298549657666
36693	-664.583954068953	-578.728996619811	-567.790819707753	85.8549574491412	96.7931343611995
36694	-775.343898690556	-572.762718304143	-556.852642795695	202.581180386413	218.491255894861
36695	-775.343898690556	-571.768338584865	-551.880744199305	203.575560105691	223.463154491251
36696	-768.42323391681	-561.824541392085	-545.914465883636	206.598692524725	222.508768033173
36697	-540.319066365396	-582.706515496923	-551.880744199305	-42.3874491315272	-11.5616778339084
36698	-540.319066365396	-562.818921111363	-541.936947006524	-22.4998547459667	-1.61788064112818
36699	-540.319066365396	-580.717756058368	-545.914465883636	-40.3986896929713	-5.59539951824024
36700	-540.319066365396	-492.217961042623	-460.397810025726	48.1011053227732	79.9212563396699
36701	-540.319066365396	-575.745857461977	-545.914465883636	-35.426791096581	-5.59539951824024
36702	-540.319066365396	-585.689654654758	-554.863883357139	-45.3705882893613	-14.5448169917426
36704	-490.792291459915	-457.414670867892	-420.622621254605	33.3776205920225	70.1696702053095
36705	-490.792291459915	-332.122826238861	-289.364498309906	158.669465221054	201.427793150009
36706	-537.091702781546	-437.527076482332	-415.650722658215	99.5646262992143	121.440980123331
36708	-557.924764275368	-504.150517673959	-477.302265253453	53.7742466014082	80.6224990219149
36709	-557.924764275368	-440.510215640166	-415.650722658215	117.414548635202	142.274041617153
36710	-557.924764275368	-451.448392552224	-437.527076482332	106.476371723144	120.397687793036
36711	-557.924764275368	-457.414670867892	-425.594519850995	100.510093407475	132.330244424372
36712	-557.924764275368	-478.296644972731	-456.420291148614	79.6281193026369	101.504473126754
36713	-767.358799269704	-603.588489601762	-586.684034374036	163.770309667942	180.674764895668
36714	-557.924764275368	-479.291024692009	-436.532696763054	78.633739583359	121.392067512314
36715	-557.924764275368	-437.527076482332	-416.645102377493	120.397687793036	141.279661897874
36716	-557.924764275368	-427.583279289551	-411.673203781103	130.341484985816	146.251560494265
36717	-557.924764275368	-449.459633113668	-419.628241535327	108.4651311617	138.296522740041
36718	-557.924764275368	-427.583279289551	-407.695684903991	130.341484985816	150.229079371377
36719	-557.924764275368	-421.617000973883	-398.746267430489	136.307763301484	159.178496844879
36720	-557.924764275368	-495.201100200457	-477.302265253453	62.7236640749105	80.6224990219149
36721	-557.924764275368	-409.684444342547	-387.80809051843	148.240319932821	170.116673756937
36722	-557.924764275368	-415.650722658215	-394.768748553377	142.274041617153	163.156015721991
36723	-557.924764275368	-424.600140131717	-402.723786307601	133.32462414365	155.200977967767
36724	-272.749856789663	-473.324746376341	-422.611380693161	-200.574889586678	-149.861523903499
36725	-507.043407059899	-843.234001947767	-765.67238384408	-336.190594887868	-258.628976784181
36726	-507.043407059899	-541.936947006524	-516.083074305296	-34.8935399466255	-9.0396672453968
36727	-507.043407059899	-507.133656831794	-475.313505814897	-0.0902497718947188	31.7299012450022
36728	-507.043407059899	-560.830161672807	-516.083074305296	-53.7867546129081	-9.0396672453968
36729	-507.043407059899	-519.06621346313	-484.262923288399	-12.0228064032309	22.7804837714999
36730	-507.043407059899	-495.201100200457	-479.291024692009	11.8423068594417	27.7523823678902
36731	-507.043407059899	-479.291024692009	-443.493354798	27.7523823678902	63.5500522618989
36732	-740.084125165188	-737.829751704296	-713.964638441623	2.25437346089188	26.1194867235645
36733	-740.084125165188	-892.952987911668	-850.194659982713	-152.86886274648	-110.110534817525
36734	-740.084125165188	-1104.75586811789	-1081.88513457449	-364.6717429527	-341.801009409305
36735	-740.084125165188	-1067.9638185046	-1040.12118636482	-327.879693339413	-300.037061199628
36736	-740.084125165188	-727.885954511515	-700.043322371731	12.1981706536722	40.0408027934568
36737	-740.084125165188	-1106.74462755644	-1084.86827373233	-366.660502391256	-344.784148567139
36738	-740.084125165188	-1095.80645064439	-1061.00316046965	-355.722325479198	-320.919035304467
36739	-740.084125165188	-784.565598510363	-742.801650300686	-44.4814733451753	-2.71752513549836
36740	-740.084125165188	-1101.77272896005	-1070.94695766243	-361.688603794866	-330.862832497247
36741	-740.084125165188	-773.627421598305	-735.840992265739	-33.5432964331171	4.24313289944803
36742	-740.084125165188	-738.824131423574	-715.953397880179	1.25999374161393	24.1307272850086
36743	-740.084125165188	-797.492534860977	-752.745447493466	-57.4084096957897	-12.6613223282786
36744	-740.084125165188	-819.368888685094	-778.599320194695	-79.2847635199064	-38.5151950295071
36745	-456.027008950971	-448.46525339439	-415.650722658215	7.56175555658069	40.3762862927556
36746	-456.027008950971	-525.032491778798	-431.560798166664	-69.0054828278273	24.4662107843071
36747	-544.112954231544	-530.998770094466	-493.212340761901	13.1141841370783	50.9006134696432
36748	-544.112954231544	-572.762718304143	-537.959428129412	-28.6497640725987	6.1535261021321
36749	-544.112954231544	-622.481704268044	-594.63907212826	-78.3687500365	-50.5261178967154
36750	-544.112954231544	-610.549147636708	-587.678414093314	-66.4361934051639	-43.5654598617692
36751	-544.112954231544	-569.779579146309	-548.897605041471	-25.6666249147648	-4.78465080992612
36752	-544.112954231544	-588.672793812592	-570.773958865587	-44.5598395810472	-26.6610046340428
36753	-529.212897202147	-444.487734517278	-428.577659008829	84.7251626848689	100.635238193317
36754	-543.255489726844	-597.622211286094	-518.071833743852	-54.3667215592496	25.1836559829925
36755	-543.255489726844	-638.391779776493	-608.560388198152	-95.1362900496487	-65.3048984713079
36756	-543.255489726844	-638.391779776493	-617.509805671654	-95.1362900496487	-74.2543159448102
36757	-723.977687587463	-588.672793812592	-532.987529533022	135.304893774871	190.990158054441
36758	-723.977687587463	-607.566008478874	-590.661553251148	116.411679108589	133.316134336315
36759	-723.977687587463	-593.644692408982	-569.779579146309	130.332995178481	154.198108441154
36760	-723.977687587463	-598.616591005372	-568.785199427031	125.361096582091	155.192488160432
36761	-723.977687587463	-433.54955760522	-413.661963219659	290.428129982243	310.315724367804
36762	-723.977687587463	-432.555177885941	-414.656342938937	291.422509701521	309.321344648526
36766	-1153.55812052455	-1153.48047436251	-1125.63784222273	0.0776461620414466	27.9202783018263
36771	-1153.55812052455	-1135.58163941551	-1104.75586811789	17.9764811090458	48.8022524066646
36772	-1153.55812052455	-1187.28938481796	-1139.55915829262	-33.7312642934114	13.9989622319338
36773	-650.888277066659	-560.830161672807	-513.099935147462	90.0581153938524	137.788341919198
36774	-650.888277066659	-572.762718304143	-505.144897393237	78.1255587625162	145.743379673422
36775	-650.888277066659	-448.46525339439	-429.572038728107	202.423023672269	221.316238338552
36776	-650.888277066659	-598.616591005372	-572.762718304143	52.2716860612875	78.1255587625162
36777	-650.888277066659	-780.588079633251	-747.773548897076	-129.699802566591	-96.8852718304165
36778	-650.888277066659	-626.459223145157	-604.58286932104	24.4290539215026	46.3054077456193
36779	-650.888277066659	-886.986709596	-846.217141105601	-236.09843252934	-195.328864038941
36780	-650.888277066659	-634.414260899381	-598.616591005372	16.4740161672785	52.2716860612875
36781	-650.888277066659	-634.414260899381	-607.566008478874	16.4740161672785	43.3222685877852
36782	-650.888277066659	-646.346817530717	-626.459223145157	4.54145953594207	24.4290539215026
36783	-650.888277066659	-603.588489601762	-579.72337633909	47.2997874648972	71.1649007275698
36784	-650.888277066659	-516.083074305296	-491.223581323345	134.805202761364	159.664695743314
36785	-650.888277066659	-601.599730163206	-581.712135777645	49.2885469034534	69.1761412890139
36786	-650.888277066659	-516.083074305296	-487.246062446233	134.805202761364	163.642214620426
36787	-650.888277066659	-615.521046233098	-592.650312689704	35.3672308335611	58.2379643769557
36788	-650.888277066659	-623.476083987323	-600.605350443928	27.4121930793367	50.2829266227313
36789	-650.888277066659	-602.594109882484	-561.824541392085	48.2941671841754	89.0637356745744
36790	-650.888277066659	-491.223581323345	-447.470873675112	159.664695743314	203.417403391547
36791	-599.212680595869	-473.324746376341	-457.414670867892	125.887934219529	141.798009727977
36792	-590.593997033665	-588.672793812592	-567.790819707753	1.92120322107337	22.8031773259119
36793	-590.593997033665	-602.594109882484	-582.706515496923	-12.000112848819	7.88748153674157
36794	-590.593997033665	-612.537907075264	-596.627831566816	-21.9439100415992	-6.03383453315098
36795	-590.593997033665	-620.492944829489	-603.588489601762	-29.8989477958236	-12.9944925680971
36796	-590.593997033665	-588.672793812592	-572.762718304143	1.92120322107337	17.8312787295218
36797	-599.212680595869	-601.599730163206	-584.69527493548	-2.38704956733659	14.5174056603898
36798	-590.593997033665	-589.66717353187	-571.768338584865	0.926823501795184	18.8256584487998
36799	-590.593997033665	-585.689654654758	-567.790819707753	4.90434237890747	22.8031773259119
36800	-590.593997033665	-606.571628759596	-586.684034374036	-15.9776317259312	3.90996265962929
36801	-599.212680595869	-600.605350443928	-583.700895216202	-1.39266984805863	15.5117853796678
36802	-695.203858548302	-587.678414093314	-569.779579146309	107.525444454988	125.424279401993
36803	-599.899597122985	-599.61097072465	-583.700895216202	0.288626398334827	16.1987019067831
36804	-640.318421251337	-615.521046233098	-527.021251217354	24.7973750182384	113.297170033983
36805	-781.848693835062	-597.622211286094	-576.740237181255	184.226482548968	205.108456653806
36806	-781.848693835062	-758.711725809134	-620.492944829489	23.1369680259274	161.355749005573
36807	-602.610709239418	-620.492944829489	-595.633451847538	-17.8822355900702	6.97725739188058
36808	-602.610709239418	-610.549147636708	-590.661553251148	-7.93843839728993	11.9491559882706
36809	-602.610709239418	-571.768338584865	-557.847022514973	30.8423706545532	44.7636867244455
36810	-602.610709239418	-606.571628759596	-587.678414093314	-3.96091952017787	14.9322951461047
36811	-602.610709239418	-605.577249040318	-589.66717353187	-2.96653980089968	12.9435357075486
36812	-602.610709239418	-606.571628759596	-586.684034374036	-3.96091952017787	15.9266748653827
36813	-602.610709239418	-609.55476791743	-592.650312689704	-6.94405867801174	9.96039654971469
36814	-602.610709239418	-599.61097072465	-583.700895216202	2.99973851476852	18.9098140232168
36815	-602.610709239418	-618.504185390932	-604.58286932104	-15.8934761515141	-1.97216008162172
36816	-602.610709239418	-597.622211286094	-573.757098023421	4.98849795332444	28.853611215997
36817	-602.610709239418	-598.616591005372	-581.712135777645	3.99411823404648	20.8985734617729
36818	-602.610709239418	-602.594109882484	-586.684034374036	0.0165993569344209	15.9266748653827
36819	-590.593997033665	-579.72337633909	-551.880744199305	10.8706206945755	38.7132528343603
36820	-590.593997033665	-594.63907212826	-560.830161672807	-4.04507509459484	29.763835360858
36821	-590.593997033665	-612.537907075264	-597.622211286094	-21.9439100415992	-7.02821425242894
36822	-590.593997033665	-619.49856511021	-602.594109882484	-28.9045680765454	-12.000112848819
36823	-652.378849240499	-603.588489601762	-577.734616900533	48.7903596387364	74.6442323399651
36824	-602.610709239418	-1075.91885625882	-1047.08184439976	-473.308147019406	-444.471135160343
36825	-602.610709239418	-599.61097072465	-581.712135777645	2.99973851476852	20.8985734617729
36826	-602.610709239418	-598.616591005372	-582.706515496923	3.99411823404648	19.904193742495
36827	-845.502139833715	-619.49856511021	-605.577249040318	226.003574723505	239.924890793397
36828	-845.502139833715	-612.537907075264	-594.63907212826	232.964232758451	250.863067705455
36829	-845.502139833715	-629.442362302991	-613.532286794542	216.059777530725	231.969853039173
36830	-446.549222564364	-571.768338584865	-533.9819092523	-125.219116020501	-87.4326866879359
36831	-865.010375280382	-623.476083987323	-611.543527355986	241.534291293059	253.466847924396
36832	-865.010375280382	-608.560388198152	-594.63907212826	256.44998708223	270.371303152122
36833	-865.010375280382	-799.481294299533	-781.582459352529	65.5290809808488	83.4279159278534
36834	-418.002455815813	-431.560798166664	-412.667583500381	-13.5583423508506	5.33487231543199
36835	-348.221747821954	-422.611380693161	-398.746267430489	-74.3896328712071	-50.5245196085345
36836	-348.221747821954	-401.729406588323	-373.886774448538	-53.5076587663686	-25.6650266265839
36837	-356.107192793622	-448.46525339439	-425.594519850995	-92.3580606007678	-69.4873270573732
36838	-394.241223502991	-427.583279289551	-407.695684903991	-33.3420557865604	-13.4544614009998
36839	-356.107192793622	-420.622621254605	-379.853052764206	-64.5154284609832	-23.7458599705839
36840	-356.107192793622	-436.532696763054	-410.678824061825	-80.4255039694314	-54.5716312682029
36841	-414.45315891243	-439.515835920888	-423.605760412439	-25.0626770084575	-9.15260150000921
36842	-414.45315891243	-443.493354798	-426.588899570273	-29.0401958855697	-12.1357406578431
36843	-401.999003196314	-445.482114236556	-424.600140131717	-43.4831110402417	-22.6011369354032
36844	-231.407963052374	-417.639482096771	-401.729406588323	-186.231519044398	-170.321443535949
36845	-231.407963052374	-424.600140131717	-405.706925465435	-193.192177079344	-174.298962413061
36847	-366.447793838108	-441.504595359444	-419.628241535327	-75.0568015213355	-53.1804476972188
36848	-324.453937938648	-458.40905058717	-430.566418447386	-133.955112648523	-106.112480508738
36849	-488.643327112946	-512.105555428184	-481.279784130565	-23.4622283152376	7.3635429823812
36850	-328.334635238465	-326.156547923193	-297.31953606413	2.17808731527214	31.0150991743348
36851	-328.334635238465	-475.313505814897	-416.645102377493	-146.978870576432	-88.3104671390284
36852	-328.334635238465	-620.492944829489	-600.605350443928	-292.158309591024	-272.270715205463
36853	-328.334635238465	-331.128446519583	-303.285814379798	-2.79381128111811	25.0488208586668
36854	-328.334635238465	-518.071833743852	-454.431531710058	-189.737198505387	-126.096896471593
36855	-328.334635238465	-435.538317043776	-416.645102377493	-107.203681805311	-88.3104671390284
36856	-328.334635238465	-337.094724835251	-308.257712976188	-8.76008959678632	20.0769222622765
36857	-328.334635238465	-562.818921111363	-528.015630936632	-234.484285872898	-199.680995698167
36858	-328.334635238465	-490.229201604067	-442.498975078722	-161.894566365602	-114.164339840257
36859	-1047.02370894188	-1158.4523729589	-1121.66032334561	-111.42866401702	-74.6366144037329
36860	-1290.66808157646	-850.194659982713	-812.408230650148	440.473421593745	478.25985092631
36861	-1047.02370894188	-1169.39054987096	-1099.7839695215	-122.366840929078	-52.7602605796162
36862	-1047.02370894188	-908.863063420116	-873.065393526107	138.160645521765	173.958315415774
36863	-1047.02370894188	-1143.53667716973	-1114.69966531067	-96.5129682278493	-67.6759563687865
36864	-1047.02370894188	-1115.69404502995	-1093.81769120583	-68.6703360880647	-46.793982263948
36865	-1047.02370894188	-1118.67718418778	-1102.76710867933	-71.6534752458988	-55.7433997374501
36866	-1047.02370894188	-1127.62660166128	-1097.79521008294	-80.6028927194009	-50.7715011410601
36867	-1047.02370894188	-607.566008478874	-591.655932970426	439.457700463007	455.367775971455
36868	-1047.02370894188	-1127.62660166128	-1109.72776671428	-80.6028927194009	-62.7040577723965
36869	-823.391027154563	-1112.71090587211	-1100.77834924078	-289.319878717548	-277.387322086212
36870	-823.391027154563	-1192.26128341435	-1114.69966531067	-368.87025625979	-291.308638156104
36871	-823.391027154563	-1132.59850025767	-1117.6828044685	-309.207473103109	-294.291777313938
36872	-823.391027154563	-1120.66594362634	-1104.75586811789	-297.274916471772	-281.364840963324
36873	-823.391027154563	-1106.74462755644	-1095.80645064439	-283.35360040188	-272.415423489822
36874	-823.391027154563	-1103.76148839861	-1092.82331148655	-280.370461244046	-269.432284331988
36875	-823.391027154563	-865.110355771883	-850.194659982713	-41.7193286173197	-26.8036328281494
36876	-844.61623469736	-1128.62098138056	-1106.74462755644	-284.0047466832	-262.128392859083
36877	-844.61623469736	-845.222761386322	-809.425091492314	-0.606526688962163	35.1911432050466
36878	-844.61623469736	-597.622211286094	-575.745857461977	246.994023411266	268.870377235383
36879	-844.61623469736	-1153.48047436251	-1135.58163941551	-308.86423966515	-290.965404718146
36880	-844.61623469736	-1136.57601913478	-1119.67156390706	-291.959784437424	-275.055329209698
36881	-273.366456284986	-434.543937324498	-415.650722658215	-161.177481039512	-142.284266373229
36882	-458.802640021316	-263.510625608677	-234.673613749614	195.292014412639	224.129026271701
36884	-287.078158331445	-481.279784130565	-464.375328902838	-194.20162579912	-177.297170571393
36885	-287.078158331445	-477.302265253453	-453.43715199078	-190.224106922008	-166.358993659335
36886	-287.078158331445	-278.426321397847	-248.594929819507	8.65183693359774	38.4832285119385
36887	-287.078158331445	-466.364088341394	-442.498975078722	-179.285930009949	-155.420816747277
36889	-287.078158331445	-487.246062446233	-468.35284777995	-200.167904114788	-181.274689448505
36900	-561.343670506498	-492.217961042623	-448.46525339439	69.1257094638747	112.878417112108
36902	-445.43595642145	-330.134066800305	-276.437561959291	115.301889621145	168.998394462159
36903	-445.43595642145	-460.397810025726	-427.583279289551	-14.9618536042764	17.8526771318985
36904	-445.43595642145	-472.330366657063	-448.46525339439	-26.8944102356126	-3.02929697293996
36905	-445.43595642145	-462.386569464282	-430.566418447386	-16.9506130428323	14.8695379740644
36917	-599.040908773224	-523.043732340242	-478.296644972731	75.9971764329822	120.744263800493
36918	-599.040908773224	-546.908845602915	-503.156137954682	52.1320631703094	95.8847708185425
36920	-650.436880786917	-591.655932970426	-413.661963219659	58.7809478164917	236.774917567258
36921	-650.436880786917	-1480.63140200498	-1413.01358109408	-830.194521218064	-762.576700307158
36922	-650.436880786917	-426.588899570273	-387.80809051843	223.847981216644	262.628790268487
36924	-650.436880786917	-547.903225322193	-417.639482096771	102.533655464725	232.797398690146
36925	-650.436880786917	-604.58286932104	-588.672793812592	45.8540114658773	61.7640869743258
36928	-650.436880786917	-434.543937324498	-418.633861816049	215.89294346242	231.803018970868
36929	-650.436880786917	-462.386569464282	-445.482114236556	188.050311322635	204.954766550362
36931	-910.696143613335	-539.948187567968	-483.268543569121	370.747956045366	427.427600044214
36932	-910.696143613335	-592.650312689704	-570.773958865587	318.045830923631	339.922184747747
36933	-609.770292697266	-524.03811205952	-488.240442165511	85.7321806377456	121.529850531755
36934	-609.770292697266	-601.599730163206	-574.751477742699	8.17056253405963	35.0188149545663
36935	-609.770292697266	-542.931326725802	-489.234821884789	66.8389659714633	120.535470812477
36936	-609.770292697266	-1214.13763723847	-1192.26128341435	-604.367344541205	-582.490990717088
36937	-658.593593718477	-611.543527355986	-584.69527493548	47.0500663624907	73.8983187829974
36938	-535.044366349543	-603.588489601762	-579.72337633909	-68.5441232522188	-44.6790099895462
36939	-535.044366349543	-499.178619077569	-455.425911429336	35.8657472719741	79.6184549202072
36940	-511.394888217101	-606.571628759596	-578.728996619811	-95.1767405424948	-67.3341084027099
36941	-492.301881552049	-939.688834717735	-871.076634087551	-447.386953165686	-378.774752535503
36942	-492.301881552049	-1150.49733520468	-881.020431280331	-658.195453652628	-388.718549728283
36943	-393.924835702575	-362.94859753648	-343.061003150919	30.9762381660956	50.8638325516562
36944	-340.394544934984	-469.347227499228	-398.746267430489	-128.952682564244	-58.3517224955043
36946	-340.394544934984	-453.43715199078	-416.645102377493	-113.042607055796	-76.2505574425089
36947	-340.394544934984	-445.482114236556	-397.751887711211	-105.087569301572	-57.3573427762263
36948	-340.394544934984	-457.414670867892	-416.645102377493	-117.020125932908	-76.2505574425089
36949	-567.345071028189	-643.363678372883	-604.58286932104	-76.018607344694	-37.2377982928509
36950	-512.803897768946	-613.532286794542	-587.678414093314	-100.728389025597	-74.874516324368
36951	-512.803897768946	-625.464843425879	-601.599730163206	-112.660945656933	-88.7958323942603
36952	-512.803897768946	-608.560388198152	-586.684034374036	-95.7564904292065	-73.88013660509
36953	-512.803897768946	-1135.58163941551	-1113.70528559139	-622.777741646561	-600.901387822444
36954	-512.803897768946	-1135.58163941551	-1114.69966531067	-622.777741646561	-601.895767541722
36955	-512.803897768946	-453.43715199078	-431.560798166664	59.3667457781655	81.2430996022822
36956	-512.803897768946	-514.09431486674	-480.285404411287	-1.29041709779403	32.5184933576588
36957	-512.803897768946	-444.487734517278	-420.622621254605	68.3161632516678	92.1812765143404
36958	-512.803897768946	-1112.71090587211	-1095.80645064439	-599.907008103166	-583.00255287544
36959	-512.803897768946	-611.543527355986	-592.650312689704	-98.7396295870406	-79.846414920758
36960	-512.803897768946	-861.132836894771	-588.672793812592	-348.328939125825	-75.8688960436459
36961	-512.803897768946	-575.745857461977	-538.95380784869	-62.9419596930315	-26.1499100797446
36962	-512.803897768946	-544.920086164359	-518.071833743852	-32.1161883954128	-5.26793597490609
36963	-512.803897768946	-564.807680549919	-542.931326725802	-52.0037827809733	-30.1274289568566
36964	-512.803897768946	-501.167378516125	-453.43715199078	11.6365192528203	59.3667457781655
36965	-512.803897768946	-536.965048410134	-504.150517673959	-24.1611506411887	8.65338009498623
36966	-512.803897768946	-584.69527493548	-550.886364480027	-71.8913771665339	-38.082466711081
36967	-512.803897768946	-622.481704268044	-599.61097072465	-109.677806499099	-86.8070729557041
36968	-512.803897768946	-453.43715199078	-430.566418447386	59.3667457781655	82.2374793215602
36969	-512.803897768946	-556.852642795695	-460.397810025726	-44.0487450267492	52.4060877432194
36970	-512.803897768946	-614.52666651382	-593.644692408982	-101.722768744875	-80.8407946400362
36971	-512.803897768946	-1162.42989183601	-1144.53105688901	-649.625994067067	-631.727159120063
36972	-512.803897768946	-621.487324548767	-597.622211286094	-108.683426779821	-84.8183135171482
36973	-512.803897768946	-1129.61536109984	-1115.69404502995	-616.811463330892	-602.890147261
36974	-512.803897768946	-581.712135777645	-559.835781953529	-68.9082380086998	-47.0318841845833
36975	-512.803897768946	-644.358058092161	-598.616591005372	-131.554160323215	-85.8126932364262
36976	-512.803897768946	-608.560388198152	-585.689654654758	-95.7564904292065	-72.8857568858118
36977	-512.803897768946	-621.487324548767	-600.605350443928	-108.683426779821	-87.8014526749823
36978	-512.803897768946	-1157.45799323962	-1140.5535380119	-644.654095470677	-627.749640242951
36979	-512.803897768946	-1124.64346250345	-603.588489601762	-611.839564734502	-90.7845918328164
36980	-512.803897768946	-1123.64908278417	-1106.74462755644	-610.845185015224	-593.940729787498
36981	-512.803897768946	-1092.82331148655	-1071.94133738171	-580.019413717605	-559.137439612767
36982	-512.803897768946	-1121.66032334561	-1105.75024783717	-608.856425576668	-592.94635006822
36983	-512.803897768946	-1135.58163941551	-1116.68842474922	-622.777741646561	-603.884526980278
36984	-512.803897768946	-614.52666651382	-593.644692408982	-101.722768744875	-80.8407946400362
36985	-512.803897768946	-627.453602864435	-604.58286932104	-114.649705095489	-91.7789715520944
36986	-512.803897768946	-616.515425952377	-595.633451847538	-103.711528183431	-82.8295540785921
36987	-512.803897768946	-1139.55915829262	-1119.67156390706	-626.755260523673	-606.867666138112
36988	-512.803897768946	-1160.44113239746	-1142.54229745045	-647.637234628511	-629.738399681507
36989	-512.803897768946	-467.358468060673	-443.493354798	45.4454297082732	69.3105429709458
36990	-512.803897768946	-1137.57039885406	-1120.66594362634	-624.766501085116	-607.86204585739
36991	-512.803897768946	-619.49856511021	-595.633451847538	-106.694667341265	-82.8295540785921
36992	-512.803897768946	-598.616591005372	-576.740237181255	-85.8126932364262	-63.9363394123097
36993	-512.803897768946	-561.824541392085	-524.03811205952	-49.0206436231392	-11.2342142905743
36994	-512.803897768946	-1169.39054987096	-1150.49733520468	-656.586652102013	-637.693437435731
36995	-512.803897768946	-1117.6828044685	-1094.81207092511	-604.878906699556	-582.008173156161
36996	-512.803897768946	-632.425501460825	-602.594109882484	-119.621603691879	-89.7902121135382
36997	-512.803897768946	-1129.61536109984	-1103.76148839861	-616.811463330892	-590.957590629664
36998	-512.803897768946	-1141.54791773117	-1119.67156390706	-628.744019962229	-606.867666138112
36999	-483.561139960171	-1166.40741071313	-1150.49733520468	-682.846270752954	-666.936195244505
37000	-483.561139960171	-1154.47485408179	-1137.57039885406	-670.913714121617	-654.009258893891
37001	-483.561139960171	-525.032491778798	-489.234821884789	-41.4713518186267	-5.67368192461765
37002	-287.493383157194	-420.622621254605	-403.718166026879	-133.129238097411	-116.224782869684
37008	-1323.0742103421	-1043.10432552265	-989.407820681636	279.969884819445	333.666389660459
37011	-1323.0742103421	-968.525846576798	-846.217141105601	354.548363765298	476.857069236495
37013	-1323.0742103421	-820.363268404372	-792.520636264587	502.710941937723	530.553574077508
37014	-1323.0742103421	-1156.46361352034	-1106.74462755644	166.610596821751	216.329582785652
37017	-1323.0742103421	-1131.60412053839	-1103.76148839861	191.470089803701	219.312721943486
37020	-1323.0742103421	-1157.45799323962	-1111.71652615283	165.616217102473	211.357684189262
37021	-1366.75306392281	-1139.55915829262	-1100.77834924078	227.193905630193	265.974714682036
37025	-1323.0742103421	-891.95860819239	-834.284584474264	431.115602149706	488.789625867831
37026	-301.487463561208	-427.583279289551	-409.684444342547	-126.095815728343	-108.196980781339
37028	-464.544482446167	-437.527076482332	-415.650722658215	27.017405963835	48.8937597879517
37029	-987.395795496348	-1183.31186594085	-1112.71090587211	-195.916070444504	-125.315110375764
37030	-987.395795496348	-1126.632221942	-1108.733386995	-139.236426445656	-121.337591498651
37031	-987.395795496348	-1173.36806874807	-1139.55915829262	-185.972273251723	-152.16336279627
37032	-987.395795496348	-1107.73900727572	-1074.92447653955	-120.343211779374	-87.5286810431986
37035	-987.395795496348	-1099.7839695215	-1075.91885625882	-112.388174025149	-88.5230607624768
37036	-987.395795496348	-1082.87951429377	-1041.11556608409	-95.4837187974227	-53.7197705877458
37037	-987.395795496348	-1161.43551211674	-1110.72214643356	-174.039716620387	-123.326350937208
37038	-987.395795496348	-1132.59850025767	-1101.77272896005	-145.202704761324	-114.376933463706
37039	-982.021587916351	-1116.68842474922	-1098.78958980222	-134.666836832873	-116.768001885868
37041	-982.021587916351	-1166.40741071313	-1136.57601913478	-184.385822796774	-154.554431218433
37042	-982.021587916351	-1118.67718418778	-1092.82331148655	-136.655596271429	-110.8017235702
37043	-987.395795496348	-752.745447493466	-728.880334230793	234.650348002882	258.515461265555
37044	-987.395795496348	-1129.61536109984	-1098.78958980222	-142.21956560349	-111.393794305871
37045	-987.395795496348	-1377.21591120007	-1122.65470306489	-389.820115703719	-135.258907568544
37046	-987.395795496348	-1125.63784222273	-1093.81769120583	-138.242046726378	-106.421895709481
37047	-987.395795496348	-1144.53105688901	-1119.67156390706	-157.13526139266	-132.27576841071
37048	-987.395795496348	-1141.54791773117	-1107.73900727572	-154.152122234827	-120.343211779374
37049	-987.395795496348	-1150.49733520468	-1124.64346250345	-163.101539708329	-137.2476670071
37050	-552.014711605174	-534.976288971578	-510.116795989628	17.0384226335956	41.8979156155461
37051	-559.027859518082	-619.49856511021	-599.61097072465	-60.4707055921289	-40.5831112065683
37052	-559.027859518082	-610.549147636708	-593.644692408982	-51.5212881186268	-34.6168328909004
37053	-559.027859518082	-492.217961042623	-464.375328902838	66.8098984754585	94.6525306152431
37054	-506.676558562178	-467.358468060673	-446.476493955834	39.3180905015059	60.2000646063446
37055	-559.027859518082	-624.470463706601	-608.560388198152	-65.4426041885191	-49.5325286800706
37056	-559.027859518082	-520.060593182408	-497.189859639013	38.9672663356736	61.8379998790682
37057	-559.027859518082	-583.700895216202	-565.802060269197	-24.6730356981201	-6.77420075111547
37058	-559.027859518082	-606.571628759596	-585.689654654758	-47.5437692415147	-26.661795136676
37059	-559.027859518082	-461.392189745004	-444.487734517278	97.6356697730772	114.540125000804
37060	-559.027859518082	-406.701305184713	-396.757507991933	152.326554333369	162.270351526149
37061	-559.027859518082	-522.049352620964	-489.234821884789	36.9785068971177	69.7930376332926
37062	-559.027859518082	-606.571628759596	-589.66717353187	-47.5437692415147	-30.6393140137883
37063	-506.676558562178	-457.414670867892	-439.515835920888	49.2618876942861	67.1607226412908
37064	-506.676558562178	-545.914465883636	-517.077454024574	-39.2379073214581	-10.4008954623955
37065	-506.676558562178	-496.195479919735	-474.319126095619	10.4810786424433	32.3574324665597
37066	-506.676558562178	-471.335986937785	-452.442772271502	35.3405716243938	54.2337862906764
37067	-506.676558562178	-468.35284777995	-446.476493955834	38.3237107822279	60.2000646063446
37068	-756.993065239011	-601.599730163206	-589.66717353187	155.393335075805	167.325891707141
37069	-549.495831001794	-525.032491778798	-503.156137954682	24.463339222996	46.3396930471124
37070	-549.495831001794	-605.577249040318	-563.813300830641	-56.0814180385241	-14.3174698288472
37071	-549.495831001794	-480.285404411287	-459.403430306448	69.210426590507	90.0924006953458
37072	-549.495831001794	-581.712135777645	-551.880744199305	-32.2163047758515	-2.38491319751074
37073	-549.495831001794	-528.015630936632	-502.161758235403	21.4802000651619	47.3340727663906
37074	-549.495831001794	-481.279784130565	-444.487734517278	68.2160468712291	105.008096484516
37075	-549.495831001794	-502.161758235403	-473.324746376341	47.3340727663906	76.1710846254532
37076	-549.495831001794	-548.897605041471	-518.071833743852	0.598225960323362	31.4239972579421
37077	-549.495831001794	-572.762718304143	-540.942567287246	-23.2668873023492	8.55326371454748
37078	-549.495831001794	-541.936947006524	-517.077454024574	7.55888399526953	32.4183769772201
37079	-549.495831001794	-565.802060269197	-511.111175708906	-16.3062292674031	38.3846552928883
37080	-549.495831001794	-509.12241627035	-474.319126095619	40.3734147314444	75.1767049061752
37081	-431.786582352095	-497.189859639013	-475.313505814897	-65.4032772869186	-43.5269234628019
37082	-431.786582352095	-605.577249040318	-576.740237181255	-173.790666688223	-144.953654829161
37083	-431.786582352095	-615.521046233098	-586.684034374036	-183.734463881004	-154.897452021941
37084	-511.054312844789	-580.717756058368	-547.903225322193	-69.6634432135783	-36.8489124774034
37085	-511.054312844789	-601.599730163206	-573.757098023421	-90.5454173184168	-62.7027851786321
37086	-511.054312844789	-636.403020337937	-613.532286794542	-125.348707493148	-102.477973949753
37087	-511.054312844789	-623.476083987323	-601.599730163206	-112.421771142533	-90.5454173184168
37088	-511.054312844789	-622.481704268044	-582.706515496923	-111.427391423255	-71.6522026521342
37089	-271.441520092082	-870.082254368273	-849.200280263434	-598.640734276191	-577.758760171352
37090	-271.441520092082	-531.993149813744	-505.144897393237	-260.551629721662	-233.703377301155
37091	-271.441520092082	-498.184239358291	-454.431531710058	-226.742719266209	-182.990011617976
37092	-271.441520092082	-607.566008478874	-589.66717353187	-336.124488386792	-318.225653439788
37093	-270.669446592441	-365.931736694314	-337.094724835251	-95.2622901018731	-66.4252782428105
37094	-353.852036412915	-432.555177885941	-414.656342938937	-78.7031414730267	-60.8043065260223
37095	-696.278793815023	-614.52666651382	-592.650312689704	81.7521273012022	103.628481125319
37096	-696.278793815023	-617.509805671654	-599.61097072465	78.7689881433681	96.6678230903727
37097	-696.278793815023	-620.492944829489	-604.58286932104	75.785848985534	91.6959244939825
37098	-1058.51002135582	-1088.84579260944	-1073.93009682027	-30.335771253619	-15.4200754644487
37099	-1058.51002135582	-1087.85141289016	-1071.94133738171	-29.341391534341	-13.4313160258926
37100	-1058.51002135582	-1098.78958980222	-1082.87951429377	-40.2795684463995	-24.3694929379508
37101	-1058.51002135582	-1130.60974081912	-1107.73900727572	-72.0997194632962	-49.2289859199016
37102	-1058.51002135582	-1132.59850025767	-1111.71652615283	-74.0884789018523	-53.2065047970136
37103	-1058.51002135582	-1141.54791773117	-1117.6828044685	-83.0378963753546	-59.1727831126818
37104	-1058.51002135582	-1147.51419604684	-1120.66594362634	-89.0041746910226	-62.1559222705159
37105	-1058.51002135582	-1148.50857576612	-1119.67156390706	-89.9985544103006	-61.161542551238
37106	-1058.51002135582	-1138.56477857334	-1114.69966531067	-80.0547572175205	-56.1896439548477
37107	-1058.51002135582	-1135.58163941551	-1112.71090587211	-77.0716180596864	-54.2008845162918
37109	-856.690582391335	-551.880744199305	-539.948187567968	304.80983819203	316.742394823366
37110	-927.959917617952	-1131.60412053839	-1104.75586811789	-203.644202920442	-176.795950499936
37111	-927.959917617952	-1100.77834924078	-1085.8626534516	-172.818431622823	-157.902735833653
37112	-927.959917617952	-1145.52543660829	-1113.70528559139	-217.565518990335	-185.745367973438
37113	-856.690582391335	-981.452782927412	-956.593289945461	-124.762200536077	-99.9027075541269
37114	-856.690582391335	-1108.733386995	-1088.84579260944	-252.042804603665	-232.155210218104
37115	-927.959917617952	-1113.70528559139	-1087.85141289016	-185.745367973438	-159.891495272209
37116	-927.959917617952	-1152.48609464323	-1118.67718418778	-224.526177025281	-190.717266569828
37117	-795.519087459438	-566.796439988475	-554.863883357139	228.722647470962	240.655204102299
37118	-795.519087459438	-982.44716264669	-954.604530506905	-186.928075187253	-159.085443047468
37119	-795.519087459438	-553.869503637861	-542.931326725802	241.649583821577	252.587760733635
37120	-856.690582391335	-1119.67156390706	-1093.81769120583	-262.980981515723	-237.127108814494
37121	-795.519087459438	-1128.62098138056	-1091.82893176727	-333.101893921122	-296.309844307835
37122	-795.519087459438	-1108.733386995	-1068.95819822388	-313.214299535562	-273.439110764441
37123	-795.519087459438	-557.847022514973	-545.914465883636	237.672064944465	249.604621575801
37124	-795.519087459438	-1115.69404502995	-1092.82331148655	-320.174957570508	-297.304224027113
37125	-795.519087459438	-551.880744199305	-539.948187567968	243.638343260133	255.570899891469
37126	-856.690582391335	-621.487324548767	-590.661553251148	235.203257842568	266.029029140187
37127	-795.519087459438	-545.914465883636	-535.970668690856	249.604621575801	259.548418768581
37128	-795.519087459438	-985.430301804524	-957.587669664739	-189.911214345086	-162.068582205302
37129	-856.690582391335	-973.497745173188	-944.660733314125	-116.807162781853	-87.9701509227905
37130	-856.690582391335	-1115.69404502995	-949.632631910515	-259.003462638611	-92.9420495191807
37131	-856.690582391335	-1098.78958980222	-942.671973875569	-242.099007410885	-85.9813914842346
37132	-856.690582391335	-1109.72776671428	-1083.87389401305	-253.037184322943	-227.183311621714
37133	-856.690582391335	-977.4752640503	-950.627011629793	-120.784681658965	-93.9364292384587
37134	-856.690582391335	-572.762718304143	-560.830161672807	283.927864087191	295.860420718528
37135	-856.690582391335	-556.852642795695	-543.925706445081	299.83793959564	312.764875946254
37136	-795.519087459438	-564.807680549919	-551.880744199305	230.711406909519	243.638343260133
37137	-795.519087459438	-618.504185390932	-588.672793812592	177.014902068505	206.846293646846
37138	-795.519087459438	-562.818921111363	-550.886364480027	232.700166348075	244.632722979411
37139	-856.690582391335	-1116.68842474922	-1083.87389401305	-259.997842357889	-227.183311621714
37140	-927.959917617952	-1201.21070088786	-1142.54229745045	-273.250783269904	-214.5823798325
37141	-795.519087459438	-560.830161672807	-548.897605041471	234.688925786631	246.621482417967
37142	-900.334753215268	-559.835781953529	-546.908845602915	340.498971261739	353.425907612353
37143	-856.690582391335	-571.768338584865	-559.835781953529	284.922243806469	296.854800437806
37144	-856.690582391335	-563.813300830641	-551.880744199305	292.877281560694	304.80983819203
37145	-856.690582391335	-974.492124892466	-942.671973875569	-117.801542501131	-85.9813914842346
37146	-856.690582391335	-1111.71652615283	-1087.85141289016	-255.025943761499	-231.160830498826
37147	-856.690582391335	-975.486504611744	-945.655113033403	-118.795922220409	-88.9645306420684
37148	-856.690582391335	-555.858263076417	-543.925706445081	300.832319314918	312.764875946254
37149	-856.690582391335	-1117.6828044685	-1092.82331148655	-260.992222077167	-236.132729095217
37150	-856.690582391335	-562.818921111363	-549.891984760749	293.871661279972	306.798597630586
37151	-573.65716097914	-1160.44113239746	-1028.18862973348	-586.783971418316	-454.531468754339
37152	-573.65716097914	-583.700895216202	-554.863883357139	-10.0437342370612	18.7932776220016
37153	-573.65716097914	-1161.43551211674	-1150.49733520468	-587.778351137595	-576.840174225536
37154	-573.65716097914	-605.577249040318	-574.751477742699	-31.9200880611777	-1.09431676355894
37155	-573.65716097914	-1157.45799323962	-1138.56477857334	-583.800832260482	-564.9076175942
37156	-573.65716097914	-1049.07060383832	-1028.18862973348	-475.413442859177	-454.531468754339
37157	-573.65716097914	-1076.9132359781	-1037.13804720698	-503.256074998962	-463.480886227841
37158	-573.65716097914	-1133.59287997695	-1093.81769120583	-559.93571899781	-520.160530226689
37159	-573.65716097914	-1179.33434706374	-1159.44675267818	-605.677186084599	-585.789591699038
37160	-615.894626839673	-1170.38492959024	-1153.48047436251	-554.490302750564	-537.585847522837
37161	-615.894626839673	-1174.36244846735	-809.425091492314	-558.467821627676	-193.53046465264
37162	-615.894626839673	-811.41385093087	-776.610560756139	-195.519224091196	-160.715933916465
37163	-590.993744823077	-610.549147636708	-582.706515496923	-19.5554028136313	8.28722932615358
37164	-590.993744823077	-778.599320194695	-754.734206932022	-187.605575371618	-163.740462108945
37165	-590.993744823077	-991.396580120192	-973.497745173188	-400.402835297115	-382.504000350111
37166	-590.993744823077	-1151.49171492395	-1136.57601913478	-560.497970100878	-545.582274311707
37167	-590.993744823077	-1170.38492959024	-1140.5535380119	-579.39118476716	-549.559793188819
37168	-590.993744823077	-1139.55915829262	-1123.64908278417	-548.565413469541	-532.655337961093
37169	-590.993744823077	-625.464843425879	-604.58286932104	-34.4710986028016	-13.5891244979631
37170	-590.993744823077	-1140.5535380119	-1124.64346250345	-549.559793188819	-533.649717680371
37171	-590.993744823077	-1177.34558762518	-1152.48609464323	-586.351842802106	-561.492349820156
37172	-590.993744823077	-776.610560756139	-758.711725809134	-185.616815933062	-167.717980986057
37173	-590.993744823077	-1150.49733520468	-1135.58163941551	-559.5035903816	-544.587894592429
37174	-590.993744823077	-624.470463706601	-602.594109882484	-33.4767188835236	-11.600365059407
37175	-590.993744823077	-1091.82893176727	-1057.02564159254	-500.835186944196	-466.031896769465
37176	-590.993744823077	-1113.70528559139	-1083.87389401305	-522.711540768313	-492.880149189972
37177	-590.993744823077	-1153.48047436251	-1141.54791773117	-562.486729539434	-550.554172908097
37178	-590.993744823077	-1119.67156390706	-1099.7839695215	-528.677819083981	-508.79022469842
37179	-590.993744823077	-622.481704268044	-602.594109882484	-31.4879594449675	-11.600365059407
37180	-590.993744823077	-614.52666651382	-590.661553251148	-23.5329216907434	0.332191571929229
37181	-590.993744823077	-588.672793812592	-554.863883357139	2.32095101048537	36.1298614659382
37182	-590.993744823077	-1164.41865127457	-1149.5029554854	-573.424906451492	-558.509210662322
37183	-590.993744823077	-1164.41865127457	-1146.51981632756	-573.424906451492	-555.526071504488
37184	-590.993744823077	-1161.43551211674	-1145.52543660829	-570.441767293658	-554.531691785209
37186	-437.918172721908	-454.431531710058	-415.650722658215	-16.5133589881506	22.2674500636925
37187	-802.522860716129	-847.211520824879	-771.638662159748	-44.6886601087498	30.8841985563803
37188	-802.522860716129	-773.627421598305	-607.566008478874	28.8954391178241	194.956852237255
37189	-411.064678304742	-295.330776625574	-275.443182240013	115.733901679168	135.621496064728
37190	-411.064678304742	-450.454012832946	-423.605760412439	-39.3893345282043	-12.5410821076976
37191	-411.064678304742	-421.617000973883	-388.802470237708	-10.5523226691415	22.2622080670334
37192	-411.064678304742	-316.212750730412	-295.330776625574	94.8519275743294	115.733901679168
37193	-411.064678304742	-440.510215640166	-417.639482096771	-29.445537335424	-6.5748037920294
37194	-304.533528273207	-443.493354798	-425.594519850995	-138.959826524793	-121.060991577788
37195	-304.533528273207	-449.459633113668	-433.54955760522	-144.926104840461	-129.016029332012
37196	-450.113062559489	-457.414670867892	-438.52145620161	-7.30160830840327	11.5916063578793
37197	-450.113062559489	-446.476493955834	-432.555177885941	3.63656860365518	17.5578846735475
37198	-450.113062559489	-278.426321397847	-265.499385047233	171.686741161642	184.613677512256
37199	-450.113062559489	-286.381359152072	-271.465663362901	163.731703407417	178.647399196588
37200	-450.113062559489	-276.437561959291	-259.533106731565	173.675500600198	190.579955827924
37201	-450.113062559489	-457.414670867892	-439.515835920888	-7.30160830840327	10.5972266386013
37202	-450.113062559489	-431.560798166664	-415.650722658215	18.5522643928255	34.4623399012739
37203	-450.113062559489	-520.060593182408	-429.572038728107	-69.947530622919	20.5410238313816
37204	-258.693633254522	-445.482114236556	-410.678824061825	-186.788480982034	-151.985190807303
37205	-450.113062559489	-454.431531710058	-436.532696763054	-4.31846915056917	13.5803657964354
37206	-450.113062559489	-430.566418447386	-410.678824061825	19.5466441121034	39.434238497664
37207	-450.113062559489	-433.54955760522	-415.650722658215	16.5635049542693	34.4623399012739
37208	-304.533528273207	-288.370118590628	-277.43194167857	16.1634096825795	27.1015865946377
37209	-384.15278322408	-415.650722658215	-400.735026869045	-31.497939434135	-16.5822436449647
37210	-384.15278322408	-433.54955760522	-420.622621254605	-49.3967743811396	-36.4698380305252
37211	-384.15278322408	-433.54955760522	-419.628241535327	-49.3967743811396	-35.4754583112471
37212	-398.701193207685	-432.555177885941	-416.645102377493	-33.8539846782563	-17.9439091698081
37213	-383.81382165769	-426.588899570273	-407.695684903991	-42.7750779125832	-23.8818632463008
37214	-481.339718647755	-458.40905058717	-427.583279289551	22.9306680605846	53.7564393582034
37215	-798.380391479147	-827.323926439318	-815.391369807982	-28.9435349601712	-17.0109783288348
37216	-798.380391479147	-824.340787281484	-804.453192895923	-25.9603958023371	-6.07280141677654
37217	-813.369753528091	-586.684034374036	-524.03811205952	226.685719154056	289.331641468571
37218	-813.369753528091	-585.689654654758	-561.824541392085	227.680098873334	251.545212136006
37219	-813.369753528091	-563.813300830641	-533.9819092523	249.55645269745	279.387844275791
37220	-813.369753528091	-553.869503637861	-502.161758235403	259.500249890231	311.207995292688
37221	-813.369753528091	-733.852232827184	-714.959018160901	79.5175207009078	98.4107353671903
37222	-785.63374437899	-551.880744199305	-508.128036551072	233.753000179685	277.505707827918
37223	-785.63374437899	-617.509805671654	-593.644692408982	168.123938707335	191.989051970008
37224	-332.798893162857	-145.179439014592	-126.286224348309	187.619454148265	206.512668814547
37225	-256.777006827365	-260.527486450843	-236.66237318817	-3.75047962347816	20.1146336391947
37226	-330.524382946302	-426.588899570273	-408.690064623269	-96.0645166239714	-78.165681676967
37227	-330.524382946302	-470.341607218507	-444.487734517278	-139.817224272205	-113.963351570976
37228	-330.524382946302	-360.959838097924	-302.29143466052	-30.4354551516219	28.2329482857818
37229	-330.524382946302	-413.661963219659	-375.875533887094	-83.1375802733573	-45.3511509407921
37230	-330.524382946302	-382.83619192204	-356.982319220812	-52.3118089757383	-26.4579362745098
37231	-1337.08254399942	-1469.69322509292	-1417.98547969047	-132.610681093504	-80.9029356910464
37232	-842.345574302937	-604.58286932104	-566.796439988475	237.762704981896	275.549134314461
37233	-437.912813717136	-306.268953537632	-267.488144485789	131.643860179504	170.424669231347
37234	-407.061614860464	-460.397810025726	-431.560798166664	-53.336195165262	-24.4991833061992
37235	-275.408024065888	-348.032901747309	-308.257712976188	-72.6248776814211	-32.8496889103001
37236	-274.42081883365	-309.252092695466	-286.381359152072	-34.8312738618165	-11.9605403184219
37237	-274.42081883365	-295.330776625574	-277.43194167857	-20.9099577919242	-3.01112284491978
37238	-855.07441673193	-572.762718304143	-550.886364480027	282.311698427787	304.188052251904
37240	-855.07441673193	-593.644692408982	-532.987529533022	261.429724322949	322.086887198908
37241	-855.07441673193	-625.464843425879	-609.55476791743	229.609573306052	245.5196488145
37246	-520.621037868334	-476.307885534175	-450.454012832946	44.3131523341597	70.1670250353882
37247	-520.621037868334	-519.06621346313	-492.217961042623	1.5548244052045	28.4030768257112
37248	-520.621037868334	-466.364088341394	-446.476493955834	54.2569495269399	74.1445439125005
37249	-1034.84879426888	-619.49856511021	-594.63907212826	415.350229158668	440.209722140619
37250	-710.070082831339	-595.633451847538	-577.734616900533	114.436630983801	132.335465930805
37251	-1034.84879426888	-611.543527355986	-587.678414093314	423.305266912892	447.170380175565
37252	-1034.84879426888	-599.61097072465	-583.700895216202	435.237823544229	451.147899052677
37253	-1034.84879426888	-612.537907075264	-597.622211286094	422.310887193614	437.226582982785
37254	-1034.84879426888	-605.577249040318	-584.69527493548	429.271545228561	450.153519333399
37255	-1034.84879426888	-612.537907075264	-593.644692408982	422.310887193614	441.204101859897
37256	-1034.84879426888	-619.49856511021	-604.58286932104	415.350229158668	430.265924947839
37257	-1034.84879426888	-721.919676195847	-707.998360125955	312.929118073032	326.850434142924
37258	-1104.55513500393	-614.52666651382	-602.594109882484	490.028468490105	501.961025121442
37259	-1034.84879426888	-485.257303007677	-466.364088341394	549.591491261202	568.484705927484
37260	-1034.84879426888	-586.684034374036	-540.942567287246	448.164759894843	493.906226981632
37261	-1034.84879426888	-617.509805671654	-598.616591005372	417.338988597224	436.232203263507
37262	-1034.84879426888	-607.566008478874	-593.644692408982	427.282785790004	441.204101859897
37263	-1034.84879426888	-605.577249040318	-531.993149813744	429.271545228561	502.855644455135
37264	-1034.84879426888	-605.577249040318	-579.72337633909	429.271545228561	455.125417929789
37265	-1034.84879426888	-553.869503637861	-526.026871498076	480.979290631018	508.821922770803
37266	-1034.84879426888	-765.67238384408	-745.78478945852	269.176410424798	289.064004810359
37267	-1034.84879426888	-609.55476791743	-584.69527493548	425.294026351449	450.153519333399
37268	-1034.84879426888	-622.481704268044	-604.58286932104	412.367090000834	430.265924947839
37269	-1034.84879426888	-598.616591005372	-560.830161672807	436.232203263507	474.018632596072
37270	-1034.84879426888	-710.981499283789	-497.189859639013	323.86729498509	537.658934629865
37271	-1034.84879426888	-626.459223145157	-608.560388198152	408.389571123722	426.288406070727
37272	-1034.84879426888	-613.532286794542	-596.627831566816	421.316507474336	438.220962702063
37273	-1034.84879426888	-499.178619077569	-464.375328902838	535.670175191309	570.47346536604
37274	-1034.84879426888	-630.436742022269	-607.566008478874	404.41205224661	427.282785790004
37275	-1034.84879426888	-650.324336407829	-623.476083987323	384.524457861049	411.372710281556
37276	-1034.84879426888	-614.52666651382	-593.644692408982	420.322127755058	441.204101859897
37277	-1034.84879426888	-615.521046233098	-597.622211286094	419.32774803578	437.226582982785
37278	-1034.84879426888	-620.492944829489	-596.627831566816	414.35584943939	438.220962702063
37279	-1034.84879426888	-708.992739845233	-694.077044056063	325.856054423646	340.771750212816
37280	-1034.84879426888	-605.577249040318	-586.684034374036	429.271545228561	448.164759894843
37281	-1034.84879426888	-605.577249040318	-579.72337633909	429.271545228561	455.125417929789
37282	-1034.84879426888	-604.58286932104	-568.785199427031	430.265924947839	466.063594841848
37283	-1034.84879426888	-623.476083987323	-603.588489601762	411.372710281556	431.260304667117
37284	-1034.84879426888	-619.49856511021	-602.594109882484	415.350229158668	432.254684386395
37285	-1034.84879426888	-616.515425952377	-595.633451847538	418.333368316502	439.215342421341
37286	-1034.84879426888	-963.553947980408	-951.621391349071	71.294846288471	83.2274029198074
37287	-1034.84879426888	-631.431121741547	-608.560388198152	403.417672527332	426.288406070727
37288	-527.11165856518	-580.717756058368	-547.903225322193	-53.6060974931877	-20.7915667570128
37289	-527.11165856518	-479.291024692009	-463.38094918356	47.8206338731711	63.7307093816194
37290	-527.11165856518	-508.128036551072	-483.268543569121	18.9836220141083	43.8431149960588
37291	-527.11165856518	-482.274163849843	-463.38094918356	44.837494715337	63.7307093816194
37292	-636.105451880349	-592.650312689704	-576.740237181255	43.4551391906456	59.3652146990938
37293	-463.533144724706	-488.240442165511	-471.335986937785	-24.7072974408053	-7.80284221307892
37294	-463.533144724706	-613.532286794542	-592.650312689704	-149.999142069837	-129.117167964998
37295	-463.533144724706	-607.566008478874	-584.69527493548	-144.032863754169	-121.162130210774
37296	-463.533144724706	-481.279784130565	-464.375328902838	-17.7466394058592	-0.842184178132754
37297	-463.533144724706	-597.622211286094	-568.785199427031	-134.089066561388	-105.252054702325
37298	-463.533144724706	-582.706515496923	-559.835781953529	-119.173370772218	-96.3026372288234
37299	-463.533144724706	-466.364088341394	-446.476493955834	-2.83094361668867	17.0566507688719
37300	-502.264506568545	-541.936947006524	-524.03811205952	-39.6724404379789	-21.7736054909745
37301	-502.264506568545	-553.869503637861	-532.987529533022	-51.6049970693153	-30.7230229644766
37302	-527.11165856518	-495.201100200457	-468.35284777995	31.9105583647226	58.7588107852293
37304	-1124.372751515	-1097.79521008294	-1083.87389401305	26.577541432056	40.4988575019484
37305	-1124.372751515	-1094.81207092511	-1084.86827373233	29.5606805898901	39.5044777826702
37306	-1124.372751515	-766.666763563358	-739.818511142852	357.705987951639	384.554240372145
37307	-1257.79644942876	-1130.60974081912	-1116.68842474922	127.186708609647	141.108024679539
37308	-1257.79644942876	-636.403020337937	-611.543527355986	621.393429090826	646.252922072777
37309	-1257.79644942876	-1111.71652615283	-1095.80645064439	146.079923275929	161.989998784378
37310	-327.52197899789	-440.510215640166	-416.645102377493	-112.988236642276	-89.1231233796035
37311	-525.272440006292	-533.9819092523	-513.099935147462	-8.70946924600867	12.1725048588301
37312	-525.272440006292	-497.189859639013	-478.296644972731	28.0825803672783	46.9757950335609
37313	-259.861649357174	-443.493354798	-431.560798166664	-183.631705440826	-171.699148809489
37314	-591.752491121834	-426.588899570273	-405.706925465435	165.163591551561	186.045565656399
37315	-591.752491121834	-522.049352620964	-494.206720481179	69.70313850087	97.5457706406546
37316	-326.577121779986	-480.285404411287	-440.510215640166	-153.708282631301	-113.933093860179
37317	-522.374617306107	-427.583279289551	-408.690064623269	94.7913380165555	113.684552682838
37318	-506.070243566478	-519.06621346313	-472.330366657063	-12.9959698966516	33.7398769094156
37319	-506.070243566478	-556.852642795695	-533.9819092523	-50.7823992292168	-27.9116656858221
37320	-506.070243566478	-490.229201604067	-465.369708622116	15.841041962411	40.7005349443618
37321	-506.070243566478	-555.858263076417	-527.021251217354	-49.7880195099386	-20.951007650876
37322	-506.070243566478	-564.807680549919	-542.931326725802	-58.7374369834409	-36.8610831593242
37323	-506.070243566478	-515.088694586018	-489.234821884789	-9.01845101953955	16.8354216816892
37324	-506.070243566478	-537.959428129412	-497.189859639013	-31.8891845629342	8.88038392746483
37325	-506.070243566478	-550.886364480027	-507.133656831794	-44.8161209135486	-1.06341326531543
37326	-522.374617306107	-426.588899570273	-410.678824061825	95.7857177358337	111.695793244282
37327	-554.75017903045	-588.672793812592	-571.768338584865	-33.9226147821421	-17.0181595544157
37328	-554.75017903045	-1504.49651526765	-1422.95737828686	-949.746336237205	-868.207199256406
37330	-554.75017903045	-588.672793812592	-570.773958865587	-33.9226147821421	-16.0237798351377
37331	-554.75017903045	-868.093494929717	-824.340787281484	-313.343315899268	-269.590608251034
37332	-554.75017903045	-621.487324548767	-571.768338584865	-66.737145518317	-17.0181595544157
37337	-554.75017903045	-581.712135777645	-565.802060269197	-26.9619567471959	-11.0518812387475
37339	-554.75017903045	-605.577249040318	-432.555177885941	-50.8270700098685	122.195001144508
37340	-554.75017903045	-693.082664336785	-542.931326725802	-138.332485306335	11.8188523046472
37342	-554.75017903045	-435.538317043776	-416.645102377493	119.211861986674	138.105076652956
37343	-554.75017903045	-532.987529533022	-509.12241627035	21.7626494974274	45.6277627601
37344	-592.279435323161	-738.824131423574	-313.229611572578	-146.544696100413	279.049823750583
37347	-592.279435323161	-569.779579146309	-540.942567287246	22.4998561768516	51.3368680359144
37348	-522.374617306107	-599.61097072465	-587.678414093314	-77.2363534185429	-65.3037967872067
37349	-522.374617306107	-601.599730163206	-589.66717353187	-79.225112857099	-67.2925562257628
