36455	-317.281966126063	-570.695293503047	-177.847695402661	-253.413327376985	139.434270723401
36456	-317.281966126063	-631.017102413105	-177.963975098608	-313.735136287043	139.317991027454
36457	-317.281966126063	2	1	319.281966126063	318.281966126063
36458	-317.281966126063	-631.017102413105	-197.177030494049	-313.735136287043	120.104935632014
36459	-317.281966126063	-360.875854987362	-51.2360361822682	-43.5938888612997	266.045929943794
36460	-317.281966126063	-704.104551061247	-72.3235564730745	-386.822584935185	244.958409652988
36461	-567.970881139531	-720.65573391505	-418.216862457027	-152.684852775519	149.754018682504
36462	-650.997925054507	-1833.97218364562	-390.684605346093	-1182.97425859111	260.313319708414
36463	-650.997925054507	-1108.71732374108	-215.721898789107	-457.719398686569	435.276026265399
36464	-650.997925054507	-1833.97218364562	-390.684605346093	-1182.97425859111	260.313319708414
36465	-650.997925054507	-585.103058553724	-311.39320478893	65.8948665007831	339.604720265577
36466	-650.997925054507	-585.103058553724	-311.498438705283	65.8948665007831	339.499486349224
36467	-650.997925054507	-652.257748501394	-297.946020743099	-1.25982344688691	353.051904311408
36468	-636.769111706701	-720.65573391505	-314.914824913692	-83.8866222083491	321.854286793008
36469	-636.769111706701	-720.65573391505	-298.134015748525	-83.8866222083491	338.635095958176
36470	-636.769111706701	-720.65573391505	-314.874062197297	-83.8866222083491	321.895049509404
36471	-636.769111706701	-720.65573391505	-305.593374564377	-83.8866222083491	331.175737142323
36472	-636.769111706701	-720.65573391505	-314.926713530041	-83.8866222083491	321.84239817666
36473	-636.769111706701	-585.103058553724	-257.80330184707	51.6660531529768	378.965809859631
36474	-636.769111706701	-1135.16624693811	-305.545247330432	-498.39713523141	331.223864376269
36475	-636.769111706701	-720.65573391505	-314.914824913692	-83.8866222083491	321.854286793008
36476	-636.769111706701	-720.65573391505	-363.349514329961	-83.8866222083491	273.41959737674
36477	-636.769111706701	-1293.48508890887	-494.190539460785	-656.715977202168	142.578572245916
36478	-857.127063560967	-733.542342964525	-473.297702553568	123.584720596442	383.829361007399
36479	-857.127063560967	-733.542342964525	-625.059883562319	123.584720596442	232.067179998648
36480	-857.127063560967	-733.542342964525	-625.059883562319	123.584720596442	232.067179998648
36481	-857.127063560967	-733.542342964525	-625.059883562319	123.584720596442	232.067179998648
36482	-857.127063560967	-733.542342964525	-625.059883562319	123.584720596442	232.067179998648
36483	-857.127063560967	-882.614210743251	-494.005703885611	-25.487147182284	363.121359675356
36484	-810.164933920168	-782.416618567657	-494.005703885611	27.7483153525117	316.159230034558
36485	-810.164933920168	-782.416618567657	-473.199440079419	27.7483153525117	336.965493840749
36486	-810.164933920168	-800.303716103074	-473.199440079419	9.86121781709426	336.965493840749
36487	-867.698153947819	-882.614210743251	-625.059883562319	-14.9160567954319	242.6382703855
36488	-406.471317983057	-622.612113415249	-178.288234541121	-216.140795432192	228.183083441937
36489	-403.471317983057	-1218.94869552524	-4.84559521292647	-815.477377542183	398.625722770131
36491	-541.952708429355	-1153.46159328709	-78.5257319820431	-611.508884857732	463.426976447312
36493	-541.952708429355	-936.968294984952	-314.890406708714	-395.015586555597	227.062301720641
36494	-541.952708429355	-649.04858974491	-314.890406708714	-107.095881315555	227.062301720641
36495	-541.952708429355	-1153.46159328709	-78.5257319820431	-611.508884857732	463.426976447312
36496	-541.952708429355	-1153.46159328709	-41.9417435594817	-611.508884857732	500.010964869873
36498	-972.843975921208	2	1	974.843975921208	973.843975921208
36499	-712.631897648579	2	1	714.631897648579	713.631897648579
36500	-891.971595807046	2	1	893.971595807046	892.971595807046
36501	-445.072130564112	1	2	446.072130564112	447.072130564112
36502	-445.072130564112	-611.174387086402	-177.87168115712	-166.10225652229	267.200449406992
36503	-502.161114437222	-757.293674646882	-314.890406708714	-255.132560209661	187.270707728508
36504	-502.161114437222	-757.293674646882	-314.890406708714	-255.132560209661	187.270707728508
36505	-502.161114437222	-722.015784603549	-314.917867131579	-219.854670166328	187.243247305643
36506	-502.161114437222	-722.015784603549	-314.890406708714	-219.854670166328	187.270707728508
36507	-502.161114437222	-722.015784603549	-177.963975098608	-219.854670166328	324.197139338614
36508	-502.161114437222	-722.015784603549	-314.890406708714	-219.854670166328	187.270707728508
36509	-502.161114437222	-722.015784603549	-314.917867131579	-219.854670166328	187.243247305643
36510	-502.161114437222	-722.015784603549	-314.890406708714	-219.854670166328	187.270707728508
36511	-502.161114437222	-722.015784603549	-314.890406708714	-219.854670166328	187.270707728508
36512	-502.161114437222	-722.015784603549	-314.890406708714	-219.854670166328	187.270707728508
36513	-502.161114437222	-757.293674646882	-314.917867131579	-255.132560209661	187.243247305643
36514	-502.161114437222	-722.015784603549	-314.890406708714	-219.854670166328	187.270707728508
36515	-502.161114437222	-811.983158446274	-314.890406708714	-309.822044009052	187.270707728508
36516	-502.161114437222	-757.293674646882	-314.890406708714	-255.132560209661	187.270707728508
36517	-502.161114437222	-722.015784603549	-177.963975098608	-219.854670166328	324.197139338614
36518	-502.161114437222	-757.293674646882	-314.890406708714	-255.132560209661	187.270707728508
36519	-502.161114437222	-757.293674646882	-315.109676475119	-255.132560209661	187.051437962102
36520	-502.161114437222	-757.293674646882	-314.890406708714	-255.132560209661	187.270707728508
36521	-630.827802565265	-1135.16624693811	-314.968839503521	-504.338444372846	315.858963061744
36522	-630.827802565265	-1135.16624693811	-314.890406708714	-504.338444372846	315.937395856551
36523	-630.827802565265	-1135.16624693811	-314.917867131579	-504.338444372846	315.909935433685
36524	-630.827802565265	-1135.16624693811	-314.890406708714	-504.338444372846	315.937395856551
36525	-630.827802565265	-1135.16624693811	-178.340551258825	-504.338444372846	452.487251306439
36526	-630.827802565265	-596.903072158754	-314.968839503521	33.9247304065103	315.858963061744
36527	-354.109449624868	-631.017102413105	-177.963975098608	-276.907652788237	176.14547452626
36528	-354.109449624868	-631.017102413105	-177.819733921745	-276.907652788237	176.289715703123
36529	-354.109449624868	-679.488147754063	-219.394544823773	-325.378698129195	134.714904801095
36530	-354.109449624868	-631.017102413105	-314.956295374987	-276.907652788237	39.153154249881
36531	-354.109449624868	-631.017102413105	-314.874062197297	-276.907652788237	39.2353874275717
36532	-354.109449624868	-631.017102413105	-314.968839503521	-276.907652788237	39.1406101213476
36533	-354.109449624868	-631.017102413105	-177.885952432695	-276.907652788237	176.223497192173
36534	-630.827802565265	-1135.16624693811	-178.288234541121	-504.338444372846	452.539568024144
36535	-768.382305598269	1	2	769.382305598269	770.382305598269
36536	-520.621037868334	-944.44098457587	-379.945682152626	-423.819946707536	140.675355715708
36537	-520.621037868334	-936.968294984952	-417.825780008284	-416.347257116618	102.79525786005
36538	-459.886191281122	-548.928613051241	-239.265346719564	-89.0424217701187	220.620844561558
36539	-459.886191281122	-548.928613051241	-192.335805752699	-89.0424217701187	267.550385528423
36540	-459.886191281122	-548.928613051241	-220.275821132877	-89.0424217701187	239.610370148245
36541	-459.886191281122	-548.928613051241	-239.247764733063	-89.0424217701187	220.638426548059
36542	-459.886191281122	2	1	461.886191281122	460.886191281122
36543	-459.886191281122	-548.928613051241	-307.895034834897	-89.0424217701187	151.991156446225
36544	-453.2181791393	-460.766523702649	-141.997798546952	-7.54834456334913	311.220380592348
36545	-444.948371584328	-701.708072568772	-241.147171077982	-256.759700984444	203.801200506346
36546	-444.948371584328	-701.708072568772	-241.147171077982	-256.759700984444	203.801200506346
36547	-444.948371584328	-701.708072568772	-241.147171077982	-256.759700984444	203.801200506346
36548	-444.948371584328	-757.293674646882	-241.147171077982	-312.345303062554	203.801200506346
36549	-444.948371584328	-757.293674646882	-241.162566121069	-312.345303062554	203.785805463259
36550	-444.948371584328	-664.415580056985	-241.147171077982	-219.467208472657	203.801200506346
36551	-444.948371584328	-757.293674646882	-241.147171077982	-312.345303062554	203.801200506346
36552	-444.948371584328	-605.495700630512	-241.147171077982	-160.547329046184	203.801200506346
36553	-444.948371584328	-701.708072568772	-241.147171077982	-256.759700984444	203.801200506346
36554	-444.948371584328	-757.293674646882	-241.147171077982	-312.345303062554	203.801200506346
36555	-444.948371584328	-757.293674646882	-112.081255589865	-312.345303062554	332.867115994463
36556	-444.948371584328	-757.293674646882	-141.997798546952	-312.345303062554	302.950573037376
36557	-444.948371584328	-757.293674646882	-241.147171077982	-312.345303062554	203.801200506346
36558	-444.948371584328	-757.293674646882	-241.147171077982	-312.345303062554	203.801200506346
36559	-444.948371584328	-757.293674646882	-141.997798546952	-312.345303062554	302.950573037376
36560	-453.2181791393	-757.293674646882	-184.250224395532	-304.075495507583	268.967954743768
36561	-453.2181791393	-701.708072568772	-183.977261160856	-248.489893429473	269.240917978444
36562	-453.2181791393	-757.293674646882	-183.977261160856	-304.075495507583	269.240917978444
36563	-453.2181791393	-746.775532986291	-219.394544823773	-293.557353846992	233.823634315526
36564	-444.948371584328	-757.293674646882	-194.491417222045	-312.345303062554	250.456954362283
36565	-1275.96777905194	1	2	1276.96777905194	1277.96777905194
36566	-578.918551730803	2	1	580.918551730803	579.918551730803
36567	-578.918551730803	-570.695293503047	-219.312211989263	8.22325822775588	359.60633974154
36568	-578.918551730803	-630.594315792187	-219.563504411807	-51.6757640613839	359.355047318996
36569	-578.918551730803	-630.594315792187	-219.353027537313	-51.6757640613839	359.56552419349
36570	-578.918551730803	2	1	580.918551730803	579.918551730803
36571	-578.918551730803	-630.594315792187	-314.860263137543	-51.6757640613839	264.058288593261
36572	-411.317154280951	-775.041625977665	-144.220428854723	-363.724471696715	267.096725426227
36573	-411.317154280951	-775.041625977665	-144.220428854723	-363.724471696715	267.096725426227
36574	-664.132894267827	-1296.66495265121	-315.499199034413	-632.53205838338	348.633695233414
36575	-664.132894267827	-1240.6870019704	-363.379697798557	-576.554107702576	300.75319646927
36576	-664.132894267827	-1296.66495265121	-242.354199662	-632.53205838338	421.778694605828
36577	-467.663642543266	-1111.81482818764	-178.026192345375	-644.15118564437	289.637450197892
36578	-503.439677465982	-570.695293503047	-74.8236032334447	-67.2556160370653	428.616074232537
36580	-404.064061800754	-963.289377169747	-141.758934508188	-559.225315368994	262.305127292566
36581	-414.852432924824	-775.041625977665	-144.137309696767	-360.189193052841	270.715123228057
36582	-420.151777063014	-775.041625977665	-211.545129977152	-354.889848914651	208.606647085863
36583	-420.151777063014	-611.554714279126	-219.735695291675	-191.402937216112	200.416081771339
36584	-420.151777063014	-541.625663467547	-356.213874443106	-121.473886404532	63.9379026199081
36585	-420.151777063014	-613.403515346584	-218.402163960188	-193.25173828357	201.749613102826
36586	-414.852432924824	-775.041625977665	-144.260462640924	-360.189193052841	270.5919702839
36587	-414.852432924824	-775.041625977665	-147.430458536712	-360.189193052841	267.421974388113
36588	-420.151777063014	-611.554714279126	-219.735695291675	-191.402937216112	200.416081771339
36589	-420.151777063014	-541.625663467547	-356.213874443106	-121.473886404532	63.9379026199081
36590	-420.151777063014	-541.625663467547	-356.213874443106	-121.473886404532	63.9379026199081
36591	-420.151777063014	-541.625663467547	-356.213874443106	-121.473886404532	63.9379026199081
36592	-420.151777063014	-611.554714279126	-219.735695291675	-191.402937216112	200.416081771339
36593	-420.151777063014	-611.554714279126	-219.735695291675	-191.402937216112	200.416081771339
36594	-423.933552935322	-613.403515346584	-218.345316264024	-189.469962411262	205.588236671298
36595	-465.118752085191	-541.625663467547	-356.213874443106	-76.5069113823561	108.904877642084
36596	-465.118752085191	-541.625663467547	-356.213874443106	-76.5069113823561	108.904877642084
36597	-465.118752085191	-541.625663467547	-356.213874443106	-76.5069113823561	108.904877642084
36598	-465.118752085191	-541.625663467547	-356.213874443106	-76.5069113823561	108.904877642084
36599	-465.118752085191	-614.581834164376	-187.163202053955	-149.463082079185	277.955550031236
36600	-465.118752085191	-569.651721859394	-283.560119644127	-104.532969774203	181.558632441063
36601	-465.118752085191	-636.95818115906	-145.436632646008	-171.839429073869	319.682119439183
36602	-465.118752085191	-775.041625977665	-144.260462640924	-309.922873892475	320.858289444267
36604	-395.291380460313	-1135.16624693811	-90.5998860528511	-739.874866477798	304.691494407462
36606	-395.291380460313	-1621.94685700558	-8.39462005241658	-1226.65547654526	386.896760407896
36607	-315.280489631758	-460.766523702649	-117.678159005093	-145.486034070891	197.602330626665
36608	-315.280489631758	-586.197071225808	-93.0613666250998	-270.91658159405	222.219123006658
36609	-315.280489631758	-586.197071225808	-93.0422553315355	-270.91658159405	222.238234300222
36610	-315.280489631758	-586.197071225808	-93.0613666250998	-270.91658159405	222.219123006658
36611	-315.280489631758	-631.017102413105	-141.777759466582	-315.736612781347	173.502730165176
36612	-783.187672349565	-1054.36793707468	-322.400803397888	-271.180264725115	460.786868951677
36613	-783.187672349565	2	1	785.187672349565	784.187672349565
36614	-783.187672349565	1	2	784.187672349565	785.187672349565
36615	-783.187672349565	1	2	784.187672349565	785.187672349565
36616	-783.187672349565	1	2	784.187672349565	785.187672349565
36617	-783.187672349565	2	1	785.187672349565	784.187672349565
36618	-783.187672349565	1	2	784.187672349565	785.187672349565
36619	-783.187672349565	1	2	784.187672349565	785.187672349565
36620	-783.187672349565	1	2	784.187672349565	785.187672349565
36621	-783.187672349565	1	2	784.187672349565	785.187672349565
36622	-783.187672349565	1	2	784.187672349565	785.187672349565
36623	-379.287373568304	-600.199346322127	-177.914498659176	-220.911972753822	201.372874909128
36624	-383.81382165769	-714.690073955056	-177.963975098608	-330.876252297366	205.849846559082
36625	-379.287373568304	-630.506765350349	-177.914498659176	-251.219391782045	201.372874909128
36626	-379.287373568304	-714.690073955056	-177.914498659176	-335.402700386751	201.372874909128
36627	-379.287373568304	-630.506765350349	-177.914498659176	-251.219391782045	201.372874909128
36628	-379.287373568304	-714.690073955056	-177.914498659176	-335.402700386751	201.372874909128
36629	-459.904425047424	-936.968294984952	-315.052607326922	-477.063869937529	144.851817720502
36630	-459.904425047424	-825.850365753258	-314.861330332971	-365.945940705835	145.043094714453
36631	-260.790297195282	-733.542342964525	-252.459681162351	-472.752045769242	8.33061603293146
36632	-260.790297195282	-631.017102413105	-190.006865994049	-370.226805217823	70.7834312012337
36633	-260.790297195282	-352.054121500623	-113.082585203975	-91.2638243053402	147.707711991308
36634	-702.708977546385	-810.027002624563	-314.968839503521	-107.318025078178	387.740138042864
36635	-702.708977546385	-810.027002624563	-367.503780294557	-107.318025078178	335.205197251828
36636	-260.790297195282	-570.695293503047	-72.1626893656983	-309.904996307765	188.627607829584
36637	-260.790297195282	-570.695293503047	-72.1626893656983	-309.904996307765	188.627607829584
36638	-260.790297195282	-570.695293503047	-72.2116927534339	-309.904996307765	188.578604441849
36639	-283.830008380346	-677.093501814827	-141.997798546952	-393.263493434482	141.832209833394
36640	-412.220396589716	-677.093501814827	-258.273392224237	-264.873105225112	153.947004365479
36641	-412.220396589716	-570.695293503047	-74.7558523851502	-158.474896913332	337.464544204566
36642	-412.220396589716	-737.105283833544	-141.997798546952	-324.884887243829	270.222598042764
36643	-412.220396589716	-570.695293503047	-72.2116927534339	-158.474896913332	340.008703836282
36644	-412.220396589716	-570.695293503047	-129.803797582755	-158.474896913332	282.41659900696
36645	-449.506397362843	-677.093501814827	-193.788991828505	-227.587104451985	255.717405534337
36646	-296.948829584079	-1218.94869552524	-4.37436943309154	-921.999865941161	292.574460150987
36647	-296.948829584079	-1218.94869552524	-4.37436943309154	-921.999865941161	292.574460150987
36648	-288.610636267725	-565.87466571407	-178.200203582427	-277.264029446345	110.410432685298
36649	-284.392439506154	-1153.46159328709	-144.260462640924	-869.069153780932	140.13197686523
36650	-284.392439506154	-528.924775354823	-178.335303935194	-244.532335848668	106.05713557096
36651	-527.563511046002	-570.695293503047	-239.265346719564	-43.1317824570457	288.298164326438
36652	-527.563511046002	-570.695293503047	-239.282067976183	-43.1317824570457	288.281443069819
36653	-527.563511046002	-570.695293503047	-177.989359142058	-43.1317824570457	349.574151903944
36654	-527.563511046002	-570.695293503047	-144.098239456141	-43.1317824570457	383.465271589861
36655	-527.563511046002	-570.695293503047	-144.109405122348	-43.1317824570457	383.454105923653
36656	-527.563511046002	-570.695293503047	-144.109405122348	-43.1317824570457	383.454105923653
36657	-527.563511046002	-570.695293503047	-219.714793528888	-43.1317824570457	307.848717517113
36658	-527.563511046002	-570.695293503047	-178.279345279467	-43.1317824570457	349.284165766535
36659	-527.563511046002	-570.695293503047	-192.336199087919	-43.1317824570457	335.227311958083
36660	-645.332155543632	-800.303716103074	-494.013760187764	-154.971560559442	151.318395355868
36661	-645.332155543632	-1399.686358624	-494.038632278619	-754.354203080371	151.293523265013
36662	-645.332155543632	-1200.7672478403	-494.005703885611	-555.435092296668	151.326451658021
36663	-645.332155543632	-800.303716103074	-494.085205766151	-154.971560559442	151.246949777481
36664	-645.332155543632	-800.303716103074	-473.199440079419	-154.971560559442	172.132715464213
36665	-645.332155543632	-800.303716103074	-473.297702553568	-154.971560559442	172.034452990064
36666	-645.332155543632	-800.303716103074	-473.297702553568	-154.971560559442	172.034452990064
36667	-645.332155543632	-800.303716103074	-473.297702553568	-154.971560559442	172.034452990064
36668	-645.332155543632	-786.461447926465	-550.041497836633	-141.129292382833	95.290657706999
36669	-645.332155543632	-800.303716103074	-473.297702553568	-154.971560559442	172.034452990064
36670	-579.236850911563	2	1	581.236850911563	580.236850911563
36671	-579.236850911563	-724.51778405013	-489.327135159311	-145.280933138567	89.9097157522523
36672	-579.236850911563	-1524.47619824376	-418.012777092153	-945.239347332194	161.224073819411
36673	-474.289684796945	-631.017102413105	-188.553529868231	-156.72741761616	285.736154928714
36674	-474.289684796945	-631.017102413105	-188.553529868231	-156.72741761616	285.736154928714
36675	-290.145079561191	-538.167284451929	-80.5153418735251	-248.022204890738	209.629737687666
36676	-556.821534400058	-631.017102413105	-314.968839503521	-74.1955680130469	241.852694896537
36677	-513.207940025443	-757.293674646882	-315.003173854468	-244.08573462144	198.204766170975
36678	-556.821534400058	-631.017102413105	-314.860263137543	-74.1955680130469	241.961271262516
36679	-541.58647142526	-857.95657645355	-308.157183644376	-316.370105028291	233.429287780884
36680	-541.58647142526	-757.293674646882	-314.890406708714	-215.707203221623	226.696064716546
36681	-541.58647142526	-567.223208824013	-314.860263137543	-25.6367373987529	226.726208287717
36682	-556.821534400058	-631.017102413105	-314.968839503521	-74.1955680130469	241.852694896537
36683	-556.821534400058	-631.017102413105	-314.890406708714	-74.1955680130469	241.931127691344
36684	-556.821534400058	-631.017102413105	-315.109676475119	-74.1955680130469	241.711857924939
36685	-549.525947109235	-757.293674646882	-315.109676475119	-207.767727537648	234.416270634115
36686	-549.525947109235	-757.293674646882	-314.968839503521	-207.767727537648	234.557107605714
36687	-534.08016891773	-757.293674646882	-314.968839503521	-223.213505729152	219.111329414209
36688	-534.08016891773	-757.293674646882	-314.890406708714	-223.213505729152	219.189762209016
36689	-669.755671531682	2	1	671.755671531682	670.755671531682
36690	-669.755671531682	2	1	671.755671531682	670.755671531682
36691	-669.755671531682	-680.561181952115	-523.079943485176	-10.8055104204325	146.675728046506
36692	-664.583954068953	1	1	665.583954068953	665.583954068953
36693	-664.583954068953	2	1	666.583954068953	665.583954068953
36694	-775.343898690556	-811.983158446274	-314.968839503521	-36.6392597557183	460.375059187035
36695	-775.343898690556	-825.850365753258	-314.882417358627	-50.5064670627027	460.461481331928
36696	-768.42323391681	-812.76091155054	-314.890406708714	-44.33767763373	453.532827208096
36697	-540.319066365396	-757.293674646882	-314.968839503521	-216.974608281486	225.350226861876
36698	-540.319066365396	-757.293674646882	-314.968839503521	-216.974608281486	225.350226861876
36699	-540.319066365396	-713.435357474751	-315.109676475119	-173.116291109355	225.209389890277
36700	-540.319066365396	-757.293674646882	-182.066770063516	-216.974608281486	358.252296301881
36701	-540.319066365396	-757.293674646882	-315.109676475119	-216.974608281486	225.209389890277
36702	-540.319066365396	-757.293674646882	-315.109676475119	-216.974608281486	225.209389890277
36703	-490.792291459915	-1135.16624693811	-89.2135811286666	-644.373955478196	401.578710331248
36704	-490.792291459915	-1005.47614757347	-142.977330124209	-514.683856113556	347.814961335706
36705	-490.792291459915	-570.695293503047	-74.8236032334447	-79.9030020431325	415.96868822647
36706	-537.091702781546	-570.695293503047	-144.174698263359	-33.6035907215013	392.917004518187
36708	-557.924764275368	-722.750699073228	-314.968839503521	-164.825934797861	242.955924771847
36709	-557.924764275368	-570.695293503047	-314.968839503521	-12.7705292276796	242.955924771847
36710	-557.924764275368	-722.750699073228	-314.860263137543	-164.825934797861	243.064501137825
36711	-557.924764275368	-722.750699073228	-183.107103345305	-164.825934797861	374.817660930063
36712	-557.924764275368	-722.750699073228	-314.968839503521	-164.825934797861	242.955924771847
36713	-767.358799269704	1	2	768.358799269704	769.358799269704
36714	-557.924764275368	-714.355600880333	-314.968839503521	-156.430836604966	242.955924771847
36715	-557.924764275368	-570.695293503047	-252.459681162351	-12.7705292276796	305.465083113017
36716	-557.924764275368	-570.695293503047	-252.424133189686	-12.7705292276796	305.500631085681
36717	-557.924764275368	-570.695293503047	-314.968839503521	-12.7705292276796	242.955924771847
36718	-557.924764275368	-722.750699073228	-177.914498659176	-164.825934797861	380.010265616191
36719	-557.924764275368	-570.695293503047	-177.914498659176	-12.7705292276796	380.010265616191
36720	-557.924764275368	2	1	559.924764275368	558.924764275368
36721	-557.924764275368	-714.355600880333	-177.914498659176	-156.430836604966	380.010265616191
36722	-557.924764275368	-714.355600880333	-177.914498659176	-156.430836604966	380.010265616191
36723	-557.924764275368	-722.750699073228	-177.914498659176	-164.825934797861	380.010265616191
36724	-272.749856789663	-782.416618567657	-135.535347225758	-509.666761777994	137.214509563904
36725	-507.043407059899	-912.227079264738	-141.803672067451	-405.183672204839	365.239734992447
36726	-507.043407059899	-933.103363935418	-311.431061566108	-426.059956875519	195.612345493791
36727	-507.043407059899	-746.775532986291	-219.471827533254	-239.732125926392	287.571579526645
36728	-507.043407059899	-1005.47614757347	-219.353027537313	-498.432740513572	287.690379522586
36729	-507.043407059899	-746.775532986291	-304.881814804025	-239.732125926392	202.161592255874
36730	-507.043407059899	-746.775532986291	-219.312211989263	-239.732125926392	287.731195070636
36731	-507.043407059899	-737.105283833544	-241.154009302522	-230.061876773646	265.889397757377
36732	-740.084125165188	-1028.42537689662	-494.627129858712	-288.341251731435	245.456995306476
36733	-740.084125165188	-1184.91860646669	-494.548425241691	-444.834481301506	245.535699923497
36734	-740.084125165188	-1408.50573405235	-522.052276310479	-668.421608887165	218.031848854709
36735	-740.084125165188	-1028.42537689662	-379.926436519352	-288.341251731435	360.157688645835
36736	-740.084125165188	-1028.42537689662	-494.548425241691	-288.341251731435	245.535699923497
36737	-740.084125165188	-1287.79273768667	-521.800744332838	-547.70861252148	218.283380832349
36738	-740.084125165188	-1287.79273768667	-494.548425241691	-547.70861252148	245.535699923497
36739	-740.084125165188	-1028.42537689662	-379.926436519352	-288.341251731435	360.157688645835
36740	-740.084125165188	-1112.48010407723	-379.926436519352	-372.395978912044	360.157688645835
36741	-740.084125165188	-1028.42537689662	-316.313159364548	-288.341251731435	423.77096580064
36742	-740.084125165188	-1028.42537689662	-523.466420172823	-288.341251731435	216.617704992364
36743	-740.084125165188	-1184.91860646669	-521.800744332838	-444.834481301506	218.283380832349
36744	-740.084125165188	-1112.48010407723	-521.800744332838	-372.395978912044	218.283380832349
36745	-456.027008950971	-963.289377169747	-142.286022914828	-507.262368218777	313.740986036143
36746	-456.027008950971	-963.289377169747	-192.618244696902	-507.262368218777	263.408764254068
36747	-544.112954231544	-802.853973924707	-314.142287345133	-258.741019693163	229.970666886411
36748	-544.112954231544	-631.017102413105	-326.598343206629	-86.9041481815606	217.514611024915
36749	-544.112954231544	-832.956952152809	-326.598343206629	-288.843997921264	217.514611024915
36750	-544.112954231544	-743.175340440487	-392.513384872182	-199.062386208943	151.599569359362
36751	-544.112954231544	-743.175340440487	-394.647594734887	-199.062386208943	149.465359496657
36752	-544.112954231544	-631.017102413105	-392.513384872182	-86.9041481815606	151.599569359362
36753	-529.212897202147	2	1	531.212897202147	530.212897202147
36754	-543.255489726844	2	1	545.255489726844	544.255489726844
36755	-543.255489726844	1	2	544.255489726844	545.255489726844
36756	-543.255489726844	2	1	545.255489726844	544.255489726844
36757	-723.977687587463	-1054.36793707468	-285.934888202027	-330.390249487217	438.042799385436
36758	-723.977687587463	-1054.36793707468	-400.357191633123	-330.390249487217	323.62049595434
36759	-723.977687587463	-742.230687457184	-400.326453080342	-18.2529998697215	323.651234507121
36760	-723.977687587463	-742.230687457184	-400.477992448328	-18.2529998697215	323.499695139135
36761	-723.977687587463	-742.230687457184	-286.059758515529	-18.2529998697215	437.917929071934
36762	-723.977687587463	-628.675987173807	-400.415135600721	95.3017004136556	323.562551986742
36763	-1153.55812052455	2	1	1155.55812052455	1154.55812052455
36764	-1153.55812052455	2	1	1155.55812052455	1154.55812052455
36765	-1153.55812052455	1	2	1154.55812052455	1155.55812052455
36766	-1153.55812052455	1	2	1154.55812052455	1155.55812052455
36767	-1153.55812052455	1	2	1154.55812052455	1155.55812052455
36768	-1153.55812052455	1	1	1154.55812052455	1154.55812052455
36769	-1153.55812052455	1	1	1154.55812052455	1154.55812052455
36770	-1153.55812052455	1	1	1154.55812052455	1154.55812052455
36771	-1153.55812052455	1	2	1154.55812052455	1155.55812052455
36772	-1153.55812052455	1	2	1154.55812052455	1155.55812052455
36773	-650.888277066659	2	1	652.888277066659	651.888277066659
36774	-650.888277066659	2	1	652.888277066659	651.888277066659
36775	-650.888277066659	-692.681296272561	-177.270302875643	-41.7930192059013	473.617974191017
36776	-650.888277066659	-692.681296272561	-183.121892992349	-41.7930192059013	467.766384074311
36777	-650.888277066659	-1104.82853175857	-262.339812883592	-453.940254691911	388.548464183067
36778	-650.888277066659	2	1	652.888277066659	651.888277066659
36779	-650.888277066659	2	1	652.888277066659	651.888277066659
36780	-650.888277066659	-946.742353071491	-216.302945837678	-295.854076004831	434.585331228982
36781	-650.888277066659	-946.742353071491	-177.262345086693	-295.854076004831	473.625931979966
36782	-650.888277066659	-692.681296272561	-183.121892992349	-41.7930192059013	467.766384074311
36783	-650.888277066659	2	1	652.888277066659	651.888277066659
36784	-650.888277066659	-692.681296272561	-183.121892992349	-41.7930192059013	467.766384074311
36785	-650.888277066659	-900.736831240406	-137.47097875041	-249.848554173746	513.417298316249
36786	-650.888277066659	-692.681296272561	-183.121892992349	-41.7930192059013	467.766384074311
36787	-650.888277066659	-1104.82853175857	-262.29773558352	-453.940254691911	388.590541483139
36788	-650.888277066659	2	1	652.888277066659	651.888277066659
36789	-650.888277066659	2	1	652.888277066659	651.888277066659
36790	-650.888277066659	2	1	652.888277066659	651.888277066659
36791	-599.212680595869	2	1	601.212680595869	600.212680595869
36792	-590.593997033665	-865.510332997799	-456.210380904835	-274.916335964134	134.38361612883
36793	-590.593997033665	-865.510332997799	-456.210380904835	-274.916335964134	134.38361612883
36794	-590.593997033665	-865.510332997799	-456.210380904835	-274.916335964134	134.38361612883
36795	-590.593997033665	-865.510332997799	-456.288627281111	-274.916335964134	134.305369752554
36796	-590.593997033665	-865.510332997799	-462.486308188321	-274.916335964134	128.107688845344
36797	-599.212680595869	-865.510332997799	-456.43401227475	-266.297652401929	142.77866832112
36798	-590.593997033665	-865.510332997799	-462.416861739382	-274.916335964134	128.177135294283
36799	-590.593997033665	-865.510332997799	-462.472414240485	-274.916335964134	128.12158279318
36800	-590.593997033665	-865.510332997799	-456.210380904835	-274.916335964134	134.38361612883
36801	-599.212680595869	-865.510332997799	-456.210380904835	-266.297652401929	143.002299691034
36802	-695.203858548302	-687.860899097804	-462.472414240485	7.34295945049746	232.731444307817
36803	-599.899597122985	-687.860899097804	-456.159308471062	-87.9613019748197	143.740288651923
36804	-640.318421251337	-687.860899097804	-462.472414240485	-47.5424778464676	177.846007010852
36805	-781.848693835062	-687.860899097804	-456.43401227475	93.9877947372572	325.414681560312
36806	-781.848693835062	-1052.46594103487	-305.563905340909	-270.617247199807	476.284788494152
36807	-602.610709239418	-1028.42537689662	-462.472414240485	-425.814667657204	140.138294998933
36808	-602.610709239418	-1028.42537689662	-462.468810508733	-425.814667657204	140.141898730686
36809	-602.610709239418	2	1	604.610709239418	603.610709239418
36810	-602.610709239418	-865.510332997799	-462.416861739382	-262.89962375838	140.193847500037
36811	-602.610709239418	-865.510332997799	-462.472414240485	-262.89962375838	140.138294998933
36812	-602.610709239418	-865.510332997799	-462.472414240485	-262.89962375838	140.138294998933
36813	-602.610709239418	-865.510332997799	-462.416861739382	-262.89962375838	140.193847500037
36814	-602.610709239418	-865.510332997799	-462.472414240485	-262.89962375838	140.138294998933
36815	-602.610709239418	2	1	604.610709239418	603.610709239418
36816	-602.610709239418	-865.510332997799	-462.472414240485	-262.89962375838	140.138294998933
36817	-602.610709239418	-865.510332997799	-456.159308471062	-262.89962375838	146.451400768356
36818	-602.610709239418	-865.510332997799	-462.472414240485	-262.89962375838	140.138294998933
36819	-590.593997033665	-687.860899097804	-462.472414240485	-97.2669020641393	128.12158279318
36820	-590.593997033665	-687.860899097804	-462.416861739382	-97.2669020641393	128.177135294283
36821	-590.593997033665	1	1	591.593997033665	591.593997033665
36822	-590.593997033665	1	1	591.593997033665	591.593997033665
36823	-652.378849240499	-687.860899097804	-392.425354459898	-35.4820498573058	259.953494780601
36824	-602.610709239418	1	2	603.610709239418	604.610709239418
36825	-602.610709239418	-936.968294984952	-456.43401227475	-334.357585745534	146.176696964669
36826	-602.610709239418	-865.510332997799	-456.210380904835	-262.89962375838	146.400328334583
36827	-845.502139833715	1	2	846.502139833715	847.502139833715
36828	-845.502139833715	1	2	846.502139833715	847.502139833715
36829	-845.502139833715	1	2	846.502139833715	847.502139833715
36830	-446.549222564364	-622.612113415249	-177.963975098608	-176.062890850885	268.585247465756
36831	-865.010375280382	-815.930261934891	-625.059883562319	49.0801133454912	239.950491718063
36832	-865.010375280382	-815.930261934891	-625.059883562319	49.0801133454912	239.950491718063
36833	-865.010375280382	-746.172902209447	-625.059883562319	118.837473070935	239.950491718063
36834	-418.002455815813	-626.716120900402	-219.800857527525	-208.713665084589	198.201598288288
36835	-348.221747821954	-636.95818115906	-219.863230889115	-288.736433337106	128.358516932839
36836	-348.221747821954	-636.95818115906	-144.260462640924	-288.736433337106	203.96128518103
36837	-356.107192793622	-775.041625977665	-219.864787448618	-418.934433184043	136.242405345004
36838	-394.241223502991	-626.716120900402	-145.251033799143	-232.474897397411	248.990189703848
36839	-356.107192793622	-626.716120900402	-145.209065293559	-270.60892810678	210.898127500063
36840	-356.107192793622	-636.95818115906	-144.260462640924	-280.850988365438	211.846730152698
36841	-414.45315891243	-559.138136071755	-219.735695291675	-144.684977159324	194.717463620755
36842	-414.45315891243	-559.138136071755	-219.766962695613	-144.684977159324	194.686196216817
36843	-401.999003196314	-853.090652299079	-72.1283788199777	-451.091649102765	329.870624376336
36844	-231.407963052374	-570.695293503047	-144.137309696767	-339.287330450674	87.2706533556064
36845	-231.407963052374	-570.695293503047	-144.25468356211	-339.287330450674	87.1532794902634
36846	-438.724325527804	-1135.16624693811	-97.1455006714569	-696.441921410307	341.578824856347
36847	-366.447793838108	-600.199346322127	-178.026192345375	-233.751552484018	188.421601492734
36848	-324.453937938648	-548.928613051241	-178.255705579668	-224.474675112593	146.19823235898
36849	-488.643327112946	-838.278352946255	-222.038663555678	-349.635025833309	266.604663557268
36850	-328.334635238465	-570.695293503047	-141.751188252616	-242.360658264583	186.583446985849
36851	-328.334635238465	-730.332705881062	-178.589672608498	-401.998070642597	149.744962629966
36852	-328.334635238465	-937.727816293426	-141.758934508188	-609.393181054961	186.575700730277
36853	-328.334635238465	-570.695293503047	-81.1017547278105	-242.360658264583	247.232880510654
36854	-328.334635238465	-730.332705881062	-178.640294554109	-401.998070642597	149.694340684356
36855	-328.334635238465	-730.332705881062	-178.020831967514	-401.998070642597	150.313803270951
36856	-328.334635238465	-570.695293503047	-87.8748382945013	-242.360658264583	240.459796943964
36857	-328.334635238465	-1135.16624693811	-178.640294554109	-806.831611699646	149.694340684356
36858	-328.334635238465	-730.332705881062	-178.589672608498	-401.998070642597	149.744962629966
36859	-1047.02370894188	1	2	1048.02370894188	1049.02370894188
36860	-1290.66808157646	2	1	1292.66808157646	1291.66808157646
36861	-1047.02370894188	1	2	1048.02370894188	1049.02370894188
36862	-1047.02370894188	-882.614210743251	-479.947650458818	164.40949819863	567.076058483063
36863	-1047.02370894188	1	2	1048.02370894188	1049.02370894188
36864	-1047.02370894188	-1428.24212654148	-480.873318416786	-381.218417599603	566.150390525095
36865	-1047.02370894188	1	2	1048.02370894188	1049.02370894188
36866	-1047.02370894188	1	2	1048.02370894188	1049.02370894188
36867	-1047.02370894188	-891.165342641118	-479.951342434289	155.858366300763	567.072366507593
36868	-1047.02370894188	-1135.16624693811	-479.951342434289	-88.1425379962295	567.072366507593
36869	-823.391027154563	1	2	824.391027154563	825.391027154563
36870	-823.391027154563	1	2	824.391027154563	825.391027154563
36871	-823.391027154563	1	2	824.391027154563	825.391027154563
36872	-823.391027154563	1	2	824.391027154563	825.391027154563
36873	-823.391027154563	1	2	824.391027154563	825.391027154563
36874	-823.391027154563	1	2	824.391027154563	825.391027154563
36875	-823.391027154563	2	1	825.391027154563	824.391027154563
36876	-844.61623469736	-1240.29585388667	-314.890406708714	-395.679619189311	529.725827988646
36877	-844.61623469736	-1240.29585388667	-494.005703885611	-395.679619189311	350.610530811749
36878	-844.61623469736	-882.614210743251	-494.004268571682	-37.9979760458904	350.611966125679
36879	-844.61623469736	-1240.29585388667	-494.005703885611	-395.679619189311	350.610530811749
36880	-844.61623469736	-1200.7672478403	-313.608742930448	-356.15101314294	531.007491766913
36881	-273.366456284986	-947.07687659534	-178.200203582427	-673.710420310354	95.1662527025588
36882	-458.802640021316	-471.306355316471	-80.5998350438337	-12.5037152951554	378.202804977482
36883	-287.078158331445	-1395.5990968128	-4.47054849740034	-1108.52093848135	282.607609834045
36884	-287.078158331445	-722.015784603549	-314.858593716935	-434.937626272104	-27.7804353854899
36885	-287.078158331445	-757.293674646882	-177.914498659176	-470.215516315437	109.163659672269
36886	-287.078158331445	-533.569330073902	-20.4114955534397	-246.491171742457	266.666662778006
36887	-287.078158331445	-757.293674646882	-178.476258879025	-470.215516315437	108.60189945242
36889	-287.078158331445	-757.293674646882	-314.858593716935	-470.215516315437	-27.7804353854899
36890	-287.078158331445	-1395.5990968128	-4.47054849740034	-1108.52093848135	282.607609834045
36891	-287.078158331445	-1395.5990968128	-4.47054849740034	-1108.52093848135	282.607609834045
36892	-287.078158331445	-944.44098457587	-72.1283788199777	-657.362826244425	214.949779511467
36893	-287.078158331445	-1395.5990968128	-4.47054849740034	-1108.52093848135	282.607609834045
36894	-287.078158331445	-1395.5990968128	-4.47054849740034	-1108.52093848135	282.607609834045
36897	-537.857048639065	-1218.94869552524	-4.37436943309154	-681.091646886176	533.482679205973
36900	-561.343670506498	-631.017102413105	-178.026192345375	-69.6734319066072	383.317478161123
36902	-445.43595642145	-570.695293503047	-178.476258879025	-125.259337081597	266.959697542425
36903	-445.43595642145	-631.017102413105	-178.476258879025	-185.581145991655	266.959697542425
36904	-445.43595642145	-631.017102413105	-178.476258879025	-185.581145991655	266.959697542425
36905	-445.43595642145	-631.017102413105	-178.476258879025	-185.581145991655	266.959697542425
36917	-599.040908773224	-936.275748173179	-178.026192345375	-337.234839399955	421.014716427849
36918	-599.040908773224	-963.289377169747	-178.255744434904	-364.248468396523	420.78516433832
36920	-650.436880786917	-1135.16624693811	-90.5998860528511	-484.729366151193	559.836994734066
36921	-650.436880786917	-1621.94685700558	-144.092192165408	-971.509976218659	506.34468862151
36922	-650.436880786917	-773.014049552312	-90.5998860528511	-122.577168765395	559.836994734066
36923	-650.436880786917	-1135.16624693811	-90.5998860528511	-484.729366151193	559.836994734066
36924	-650.436880786917	-1135.16624693811	-90.5998860528511	-484.729366151193	559.836994734066
36925	-650.436880786917	-720.65573391505	-500.11865297233	-70.2188531281323	150.318227814588
36926	-642.438951143398	-1135.16624693811	-90.5998860528511	-492.727295794712	551.839065090547
36927	-642.438951143398	-1135.16624693811	-90.5998860528511	-492.727295794712	551.839065090547
36928	-650.436880786917	-601.328374468875	-219.735695291675	49.108506318042	430.701185495242
36929	-650.436880786917	-601.328374468875	-313.471721119106	49.108506318042	336.965159667812
36930	-1141.62813590399	1	2	1142.62813590399	1143.62813590399
36931	-910.696143613335	-825.850365753258	-211.431378593726	84.8457778600763	699.264765019609
36932	-910.696143613335	-825.850365753258	-314.861330332971	84.8457778600763	595.834813280364
36933	-609.770292697266	-794.457915152189	-187.783165343411	-184.687622454924	421.987127353855
36934	-609.770292697266	-883.50330806724	-314.19256487616	-273.733015369974	295.577727821105
36935	-609.770292697266	-883.50330806724	-137.47097875041	-273.733015369974	472.299313946855
36936	-609.770292697266	-1194.95584323354	-379.23863497373	-585.18555053627	230.531657723536
36937	-658.593593718477	-946.742353071491	-137.47097875041	-288.148759353014	521.122614968067
36938	-535.044366349543	-757.293674646882	-164.822529789514	-222.249308297339	370.22183656003
36939	-535.044366349543	-589.248100548584	-148.94380042239	-54.2037341990406	386.100565927154
36940	-511.394888217101	-1067.88479154434	-204.980660940813	-556.489903327238	306.414227276288
36941	-492.301881552049	-1475.3872014263	-188.64212185609	-983.085319874248	303.659759695959
36942	-492.301881552049	-1168.40708212361	-188.64212185609	-676.105200571559	303.659759695959
36943	-393.924835702575	-693.297065541786	-183.9596289758	-299.372229839211	209.965206726775
36944	-340.394544934984	-631.017102413105	-85.1409485100958	-290.622557478121	255.253596424889
36946	-340.394544934984	-631.017102413105	-144.037557510298	-290.622557478121	196.356987424686
36947	-340.394544934984	-631.017102413105	-142.928495890998	-290.622557478121	197.466049043986
36948	-340.394544934984	-631.017102413105	-84.7615812852757	-290.622557478121	255.632963649709
36949	-567.345071028189	-924.060119391061	-183.132274881528	-356.715048362871	384.212796146661
36950	-512.803897768946	-731.721061602232	-188.532379371992	-218.917163833286	324.271518396954
36951	-512.803897768946	-731.721061602232	-188.532379371992	-218.917163833286	324.271518396954
36952	-512.803897768946	-924.060119391061	-226.23626953887	-411.256221622115	286.567628230076
36953	-512.803897768946	-924.060119391061	-252.087200756933	-411.256221622115	260.716697012013
36954	-512.803897768946	-924.060119391061	-252.024043020048	-411.256221622115	260.779854748897
36955	-512.803897768946	-631.017102413105	-177.94701878254	-118.213204644159	334.856878986406
36956	-512.803897768946	-631.017102413105	-183.082503821363	-118.213204644159	329.721393947582
36957	-512.803897768946	-631.017102413105	-177.94701878254	-118.213204644159	334.856878986406
36958	-512.803897768946	-1085.21646865081	-280.878436193974	-572.412570881862	231.925461574971
36959	-512.803897768946	-631.017102413105	-266.364516628698	-118.213204644159	246.439381140247
36960	-512.803897768946	-924.060119391061	-446.988615828458	-411.256221622115	65.8152819404879
36961	-512.803897768946	-757.293674646882	-183.082503821363	-244.489776877937	329.721393947582
36962	-512.803897768946	-677.093501814827	-177.94701878254	-164.289604045882	334.856878986406
36963	-512.803897768946	-677.093501814827	-183.132274881528	-164.289604045882	329.671622887418
36964	-512.803897768946	-631.017102413105	-183.082503821363	-118.213204644159	329.721393947582
36965	-512.803897768946	-631.017102413105	-211.316321205069	-118.213204644159	301.487576563877
36966	-512.803897768946	-631.017102413105	-183.082503821363	-118.213204644159	329.721393947582
36967	-512.803897768946	2	1	514.803897768946	513.803897768946
36968	-512.803897768946	-631.017102413105	-183.132274881528	-118.213204644159	329.671622887418
36969	-512.803897768946	-631.017102413105	-266.364516628698	-118.213204644159	246.439381140247
36970	-512.803897768946	-924.060119391061	-243.08540261855	-411.256221622115	269.718495150396
36971	-512.803897768946	-1111.40325149928	-266.364516628698	-598.599353730336	246.439381140247
36972	-512.803897768946	-924.060119391061	-243.08540261855	-411.256221622115	269.718495150396
36973	-512.803897768946	-1086.39709273186	-446.988615828458	-573.593194962919	65.8152819404879
36974	-512.803897768946	-631.017102413105	-177.94701878254	-118.213204644159	334.856878986406
36975	-512.803897768946	-731.721061602232	-266.364516628698	-218.917163833286	246.439381140247
36976	-512.803897768946	-731.721061602232	-252.173485959762	-218.917163833286	260.630411809184
36977	-512.803897768946	-731.721061602232	-252.173485959762	-218.917163833286	260.630411809184
36978	-512.803897768946	1	2	513.803897768946	514.803897768946
36979	-512.803897768946	-924.060119391061	-266.364516628698	-411.256221622115	246.439381140247
36980	-512.803897768946	-924.060119391061	-243.08540261855	-411.256221622115	269.718495150396
36981	-512.803897768946	2	1	514.803897768946	513.803897768946
36982	-512.803897768946	-924.060119391061	-266.364516628698	-411.256221622115	246.439381140247
36983	-512.803897768946	-924.060119391061	-252.087200756933	-411.256221622115	260.716697012013
36984	-512.803897768946	-924.060119391061	-226.23626953887	-411.256221622115	286.567628230076
36985	-512.803897768946	-731.721061602232	-211.340713598511	-218.917163833286	301.463184170435
36986	-512.803897768946	-924.060119391061	-226.23626953887	-411.256221622115	286.567628230076
36987	-512.803897768946	-1086.39709273186	-243.08540261855	-573.593194962919	269.718495150396
36988	-512.803897768946	-1111.40325149928	-243.08540261855	-598.599353730336	269.718495150396
36989	-512.803897768946	-677.093501814827	-211.340713598511	-164.289604045882	301.463184170435
36990	-512.803897768946	1	2	513.803897768946	514.803897768946
36991	-512.803897768946	2	1	514.803897768946	513.803897768946
36992	-512.803897768946	-832.806867173608	-251.401017588265	-320.002969404662	261.40288018068
36993	-512.803897768946	-677.093501814827	-183.082503821363	-164.289604045882	329.721393947582
36994	-512.803897768946	-1111.40325149928	-446.988615828458	-598.599353730336	65.8152819404879
36995	-512.803897768946	-924.060119391061	-266.364516628698	-411.256221622115	246.439381140247
36996	-512.803897768946	-924.060119391061	-243.171785738534	-411.256221622115	269.632112030412
36997	-512.803897768946	-924.060119391061	-243.268663854139	-411.256221622115	269.535233914807
36998	-512.803897768946	-924.060119391061	-243.171785738534	-411.256221622115	269.632112030412
36999	-483.561139960171	-1111.40325149928	-226.23626953887	-627.842111539111	257.324870421302
37000	-483.561139960171	1	2	484.561139960171	485.561139960171
37001	-483.561139960171	-677.093501814827	-226.217165699155	-193.532361854656	257.343974261017
37002	-287.493383157194	-570.695293503047	-192.397715916437	-283.201910345853	95.0956672407575
37003	-313.046479289737	-1135.16624693811	-97.1455006714569	-822.119767648374	215.90097861828
37004	-933.670134548998	1	1	934.670134548998	934.670134548998
37005	-933.670134548998	1	1	934.670134548998	934.670134548998
37006	-933.670134548998	1	2	934.670134548998	935.670134548998
37007	-933.670134548998	1	1	934.670134548998	934.670134548998
37008	-1323.0742103421	2	1	1325.0742103421	1324.0742103421
37009	-1323.0742103421	1	2	1324.0742103421	1325.0742103421
37010	-1323.0742103421	1	2	1324.0742103421	1325.0742103421
37011	-1323.0742103421	2	1	1325.0742103421	1324.0742103421
37012	-1323.0742103421	1	2	1324.0742103421	1325.0742103421
37013	-1323.0742103421	1	2	1324.0742103421	1325.0742103421
37014	-1323.0742103421	1	2	1324.0742103421	1325.0742103421
37015	-1323.0742103421	1	2	1324.0742103421	1325.0742103421
37016	-1323.0742103421	1	2	1324.0742103421	1325.0742103421
37017	-1323.0742103421	1	2	1324.0742103421	1325.0742103421
37018	-1323.0742103421	1	1	1324.0742103421	1324.0742103421
37019	-1323.0742103421	1	2	1324.0742103421	1325.0742103421
37020	-1323.0742103421	1	2	1324.0742103421	1325.0742103421
37021	-1366.75306392281	1	2	1367.75306392281	1368.75306392281
37022	-1366.75306392281	1	2	1367.75306392281	1368.75306392281
37023	-1323.0742103421	1	2	1324.0742103421	1325.0742103421
37024	-1323.0742103421	1	2	1324.0742103421	1325.0742103421
37025	-1323.0742103421	2	1	1325.0742103421	1324.0742103421
37026	-301.487463561208	-746.775532986291	-192.544042460988	-445.288069425083	108.94342110022
37027	-464.544482446167	-1135.16624693811	-89.2135811286666	-670.621764491944	375.3309013175
37028	-464.544482446167	-548.928613051241	-144.260462640924	-84.384130605074	320.284019805243
37029	-987.395795496348	1	2	988.395795496348	989.395795496348
37030	-987.395795496348	1	2	988.395795496348	989.395795496348
37031	-987.395795496348	1	2	988.395795496348	989.395795496348
37032	-987.395795496348	1	2	988.395795496348	989.395795496348
37033	-987.395795496348	1	2	988.395795496348	989.395795496348
37034	-987.395795496348	1	2	988.395795496348	989.395795496348
37035	-987.395795496348	1	2	988.395795496348	989.395795496348
37036	-987.395795496348	1	2	988.395795496348	989.395795496348
37037	-987.395795496348	1	2	988.395795496348	989.395795496348
37038	-987.395795496348	1	2	988.395795496348	989.395795496348
37039	-982.021587916351	1	2	983.021587916351	984.021587916351
37040	-982.021587916351	1	2	983.021587916351	984.021587916351
37041	-982.021587916351	1	2	983.021587916351	984.021587916351
37042	-982.021587916351	1	2	983.021587916351	984.021587916351
37043	-987.395795496348	1	2	988.395795496348	989.395795496348
37044	-987.395795496348	1	2	988.395795496348	989.395795496348
37045	-987.395795496348	1	2	988.395795496348	989.395795496348
37046	-987.395795496348	1	2	988.395795496348	989.395795496348
37047	-987.395795496348	1	2	988.395795496348	989.395795496348
37048	-987.395795496348	1	2	988.395795496348	989.395795496348
37049	-987.395795496348	1	2	988.395795496348	989.395795496348
37050	-552.014711605174	2	1	554.014711605174	553.014711605174
37051	-559.027859518082	-931.123808162576	-425.900893379122	-372.095948644495	133.12696613896
37052	-559.027859518082	-643.875433757406	-440.748316650732	-84.8475742393247	118.279542867349
37053	-559.027859518082	-570.695293503047	-287.480098341349	-11.6674339849658	271.547761176733
37054	-506.676558562178	-570.695293503047	-287.48983116894	-64.0187349408689	219.186727393238
37055	-559.027859518082	-733.542342964525	-560.761471489911	-174.514483446443	-1.73361197182942
37056	-559.027859518082	2	1	561.027859518082	560.027859518082
37057	-559.027859518082	-631.017102413105	-417.44691909809	-71.9892428950235	141.580940419991
37058	-559.027859518082	-733.542342964525	-367.228153737373	-174.514483446443	191.799705780708
37059	-559.027859518082	-570.695293503047	-307.75607917271	-11.6674339849658	251.271780345372
37060	-559.027859518082	2	1	561.027859518082	560.027859518082
37061	-559.027859518082	-882.614210743251	-367.228153737373	-323.586351225169	191.799705780708
37062	-559.027859518082	-733.542342964525	-448.878090417608	-174.514483446443	110.149769100474
37063	-506.676558562178	-636.95818115906	-287.480098341349	-130.281622596881	219.196460220829
37064	-506.676558562178	-733.542342964525	-367.450668502065	-226.865784402346	139.225890060114
37065	-506.676558562178	-570.695293503047	-425.952340296557	-64.0187349408689	80.724218265621
37066	-506.676558562178	-570.695293503047	-287.480098341349	-64.0187349408689	219.196460220829
37067	-506.676558562178	-601.328374468875	-287.442200007652	-94.651815906697	219.234358554526
37068	-756.993065239011	-643.875433757406	-625.059883562319	113.117631481605	131.933181676692
37069	-549.495831001794	-858.565320339652	-374.276331055854	-309.069489337858	175.21949994594
37070	-549.495831001794	2	1	551.495831001794	550.495831001794
37071	-549.495831001794	-589.248100548584	-267.498587320221	-39.75226954679	281.997243681573
37072	-549.495831001794	-631.017102413105	-267.50584612255	-81.5212714113111	281.989984879244
37073	-549.495831001794	-631.017102413105	-374.543443159944	-81.5212714113111	174.95238784185
37074	-549.495831001794	-631.017102413105	-141.496294500461	-81.5212714113111	407.999536501333
37075	-549.495831001794	-643.875433757406	-141.511812170418	-94.3796027556123	407.984018831376
37076	-549.495831001794	-858.565320339652	-235.21720070132	-309.069489337858	314.278630300474
37077	-549.495831001794	-652.120230765779	-436.244522765974	-102.624399763985	113.25130823582
37078	-549.495831001794	-794.457915152189	-247.544805830383	-244.962084150396	301.95102517141
37079	-549.495831001794	-589.248100548584	-148.832998369639	-39.75226954679	400.662832632155
37080	-549.495831001794	-589.248100548584	-148.76135507651	-39.75226954679	400.734475925284
37081	-431.786582352095	-553.212586181771	-250.860930165898	-121.426003829677	180.925652186196
37082	-431.786582352095	-812.798538539059	-164.456020705812	-381.011956186964	267.330561646283
37083	-431.786582352095	-812.798538539059	-164.502886754425	-381.011956186964	267.28369559767
37084	-511.054312844789	-621.373324781624	-189.912289783642	-110.319011936835	321.142023061147
37085	-511.054312844789	-794.457915152189	-267.47073020182	-283.4036023074	243.58358264297
37086	-511.054312844789	-858.565320339652	-267.491446908754	-347.511007494863	243.562865936035
37087	-511.054312844789	-858.565320339652	-267.491446908754	-347.511007494863	243.562865936035
37088	-511.054312844789	-900.736831240406	-267.491446908754	-389.682518395616	243.562865936035
37089	-271.441520092082	-858.565320339652	-269.816762616595	-587.12380024757	1.62475747548677
37090	-271.441520092082	-621.373324781624	-189.912289783642	-349.931804689542	81.52923030844
37091	-271.441520092082	-589.248100548584	-254.846932133202	-317.806580456502	16.5945879588801
37092	-271.441520092082	-779.281674971716	-286.092469469228	-507.840154879634	-14.6509493771456
37093	-270.669446592441	-570.695293503047	-192.336199087919	-300.025846910607	78.3332475045218
37094	-353.852036412915	-570.695293503047	-192.336199087919	-216.843257090133	161.515837324996
37095	-696.278793815023	-636.95818115906	-286.079263041576	59.3206126559628	410.199530773447
37096	-696.278793815023	-636.95818115906	-282.51650665505	59.3206126559628	413.762287159973
37097	-696.278793815023	-636.95818115906	-286.079263041576	59.3206126559628	410.199530773447
37098	-1058.51002135582	1	2	1059.51002135582	1060.51002135582
37099	-1058.51002135582	1	2	1059.51002135582	1060.51002135582
37100	-1058.51002135582	1	2	1059.51002135582	1060.51002135582
37101	-1058.51002135582	1	2	1059.51002135582	1060.51002135582
37102	-1058.51002135582	1	2	1059.51002135582	1060.51002135582
37103	-1058.51002135582	1	2	1059.51002135582	1060.51002135582
37104	-1058.51002135582	1	2	1059.51002135582	1060.51002135582
37105	-1058.51002135582	1	2	1059.51002135582	1060.51002135582
37106	-1058.51002135582	1	2	1059.51002135582	1060.51002135582
37107	-1058.51002135582	1	2	1059.51002135582	1060.51002135582
37108	-1058.51002135582	1	2	1059.51002135582	1060.51002135582
37109	-856.690582391335	-539.912428593658	-314.860263137543	316.778153797676	541.830319253792
37110	-927.959917617952	-1412.99596452287	-482.906559009852	-485.036046904919	445.0533586081
37111	-927.959917617952	1	2	928.959917617952	929.959917617952
37112	-927.959917617952	-1412.99596452287	-482.742014441191	-485.036046904919	445.217903176761
37113	-856.690582391335	1	2	857.690582391335	858.690582391335
37114	-856.690582391335	1	2	857.690582391335	858.690582391335
37115	-927.959917617952	1	2	928.959917617952	929.959917617952
37116	-927.959917617952	1	2	928.959917617952	929.959917617952
37117	-795.519087459438	2	1	797.519087459438	796.519087459438
37118	-795.519087459438	1	2	796.519087459438	797.519087459438
37119	-795.519087459438	1	1	796.519087459438	796.519087459438
37120	-856.690582391335	1	2	857.690582391335	858.690582391335
37121	-795.519087459438	-1425.586145116	-482.742014441191	-630.06705765656	312.777073018247
37122	-795.519087459438	1	2	796.519087459438	797.519087459438
37123	-795.519087459438	1	1	796.519087459438	796.519087459438
37124	-795.519087459438	1	2	796.519087459438	797.519087459438
37125	-795.519087459438	1	1	796.519087459438	796.519087459438
37126	-856.690582391335	1	2	857.690582391335	858.690582391335
37127	-795.519087459438	1	1	796.519087459438	796.519087459438
37128	-795.519087459438	1	2	796.519087459438	797.519087459438
37129	-856.690582391335	1	2	857.690582391335	858.690582391335
37130	-856.690582391335	1	2	857.690582391335	858.690582391335
37131	-856.690582391335	1	2	857.690582391335	858.690582391335
37132	-856.690582391335	1	2	857.690582391335	858.690582391335
37133	-856.690582391335	1	2	857.690582391335	858.690582391335
37134	-856.690582391335	1	1	857.690582391335	857.690582391335
37135	-856.690582391335	2	1	858.690582391335	857.690582391335
37136	-795.519087459438	2	1	797.519087459438	796.519087459438
37137	-795.519087459438	1	2	796.519087459438	797.519087459438
37138	-795.519087459438	2	1	797.519087459438	796.519087459438
37139	-856.690582391335	1	2	857.690582391335	858.690582391335
37140	-927.959917617952	1	2	928.959917617952	929.959917617952
37141	-795.519087459438	1	1	796.519087459438	796.519087459438
37142	-900.334753215268	2	1	902.334753215268	901.334753215268
37143	-856.690582391335	1	1	857.690582391335	857.690582391335
37144	-856.690582391335	1	1	857.690582391335	857.690582391335
37145	-856.690582391335	1	2	857.690582391335	858.690582391335
37146	-856.690582391335	1	2	857.690582391335	858.690582391335
37147	-856.690582391335	1	2	857.690582391335	858.690582391335
37148	-856.690582391335	1	1	857.690582391335	857.690582391335
37149	-856.690582391335	1	2	857.690582391335	858.690582391335
37150	-856.690582391335	2	1	858.690582391335	857.690582391335
37151	-573.65716097914	1	2	574.65716097914	575.65716097914
37152	-573.65716097914	-1096.43344421895	-251.706031330619	-522.776283239814	321.951129648521
37153	-573.65716097914	1	2	574.65716097914	575.65716097914
37154	-573.65716097914	1	2	574.65716097914	575.65716097914
37155	-573.65716097914	1	2	574.65716097914	575.65716097914
37156	-573.65716097914	1	2	574.65716097914	575.65716097914
37157	-573.65716097914	1	2	574.65716097914	575.65716097914
37158	-573.65716097914	1	2	574.65716097914	575.65716097914
37159	-573.65716097914	1	2	574.65716097914	575.65716097914
37160	-615.894626839673	1	2	616.894626839673	617.894626839673
37161	-615.894626839673	1	2	616.894626839673	617.894626839673
37162	-615.894626839673	-753.534080835719	-252.002246568149	-137.639453996046	363.892380271524
37163	-590.993744823077	1	2	591.993744823077	592.993744823077
37164	-590.993744823077	2	1	592.993744823077	591.993744823077
37165	-590.993744823077	1	2	591.993744823077	592.993744823077
37166	-590.993744823077	1	2	591.993744823077	592.993744823077
37167	-590.993744823077	1	2	591.993744823077	592.993744823077
37168	-590.993744823077	-1143.78522640411	-242.362644575456	-552.791481581035	348.631100247621
37169	-590.993744823077	2	1	592.993744823077	591.993744823077
37170	-590.993744823077	1	2	591.993744823077	592.993744823077
37171	-590.993744823077	1	2	591.993744823077	592.993744823077
37172	-590.993744823077	2	1	592.993744823077	591.993744823077
37173	-590.993744823077	-1143.78522640411	-242.362644575456	-552.791481581035	348.631100247621
37174	-590.993744823077	-1096.43344421895	-334.671209529695	-505.439699395877	256.322535293382
37175	-590.993744823077	1	2	591.993744823077	592.993744823077
37176	-590.993744823077	-1096.43344421895	-334.671209529695	-505.439699395877	256.322535293382
37177	-590.993744823077	1	2	591.993744823077	592.993744823077
37178	-590.993744823077	1	2	591.993744823077	592.993744823077
37179	-590.993744823077	-1096.43344421895	-334.671209529695	-505.439699395877	256.322535293382
37180	-590.993744823077	-1096.43344421895	-334.671209529695	-505.439699395877	256.322535293382
37181	-590.993744823077	-914.522884342575	-200.702203419523	-323.529139519498	390.291541403554
37182	-590.993744823077	1	2	591.993744823077	592.993744823077
37183	-590.993744823077	1	2	591.993744823077	592.993744823077
37184	-590.993744823077	1	2	591.993744823077	592.993744823077
37186	-437.918172721908	-979.245245733569	-141.835020163216	-541.327073011662	296.083152558692
37187	-802.522860716129	1	2	803.522860716129	804.522860716129
37188	-802.522860716129	1	2	803.522860716129	804.522860716129
37189	-411.064678304742	-586.041112867496	-180.551934690496	-174.976434562754	230.512743614246
37190	-411.064678304742	-944.44098457587	-192.354183103921	-533.376306271128	218.710495200821
37191	-411.064678304742	-586.041112867496	-180.784463681017	-174.976434562754	230.280214623725
37192	-411.064678304742	-548.928613051241	-180.570733662849	-137.863934746499	230.493944641893
37193	-411.064678304742	-944.44098457587	-192.354183103921	-533.376306271128	218.710495200821
37194	-304.533528273207	-443.492390151818	-192.364328798721	-138.958861878611	112.169199474486
37195	-304.533528273207	-443.492390151818	-192.335805752699	-138.958861878611	112.197722520508
37196	-450.113062559489	-443.492390151818	-181.228433665472	6.62067240767067	268.884628894017
37197	-450.113062559489	-443.492390151818	-180.551934690496	6.62067240767067	269.561127868993
37198	-450.113062559489	-443.492390151818	-180.551934690496	6.62067240767067	269.561127868993
37199	-450.113062559489	-443.492390151818	-180.551934690496	6.62067240767067	269.561127868993
37200	-450.113062559489	-443.492390151818	-180.551934690496	6.62067240767067	269.561127868993
37201	-450.113062559489	-443.492390151818	-180.784463681017	6.62067240767067	269.328598878472
37202	-450.113062559489	-443.492390151818	-180.570733662849	6.62067240767067	269.54232889664
37203	-450.113062559489	-1054.36793707468	-192.364328798721	-604.254874515191	257.748733760768
37204	-258.693633254522	-570.695293503047	-142.022256014603	-312.001660248526	116.671377239919
37205	-450.113062559489	-443.492390151818	-180.784463681017	6.62067240767067	269.328598878472
37206	-450.113062559489	-443.492390151818	-180.570733662849	6.62067240767067	269.54232889664
37207	-450.113062559489	-443.492390151818	-180.784463681017	6.62067240767067	269.328598878472
37208	-304.533528273207	-443.492390151818	-180.570733662849	-138.958861878611	123.962794610358
37209	-384.15278322408	-571.677475579495	-141.905908858035	-187.524692355415	242.246874366046
37210	-384.15278322408	-544.814270784257	-219.735695291675	-160.661487560177	164.417087932405
37211	-384.15278322408	-544.814270784257	-219.735695291675	-160.661487560177	164.417087932405
37212	-398.701193207685	-544.814270784257	-219.735695291675	-146.113077576572	178.96549791601
37213	-383.81382165769	-714.690073955056	-177.914498659176	-330.876252297366	205.899322998514
37214	-481.339718647755	-548.928613051241	-177.914498659176	-67.5888944034859	303.425219988578
37215	-798.380391479147	-875.370555407977	-625.049498155429	-76.9901639288303	173.330893323718
37216	-798.380391479147	-875.370555407977	-625.049498155429	-76.9901639288303	173.330893323718
37217	-813.369753528091	-724.51778405013	-473.822355882642	88.851969477961	339.54739764545
37218	-813.369753528091	-724.51778405013	-550.237808791482	88.851969477961	263.131944736609
37219	-813.369753528091	-724.51778405013	-550.154512445268	88.851969477961	263.215241082823
37220	-813.369753528091	-800.303716103074	-473.297702553568	13.0660374250172	340.072050974524
37221	-813.369753528091	-724.51778405013	-625.059883562319	88.851969477961	188.309869965772
37222	-785.63374437899	-724.51778405013	-473.297702553568	61.1159603288594	312.336041825422
37223	-785.63374437899	-724.51778405013	-473.297702553568	61.1159603288594	312.336041825422
37224	-332.798893162857	-430.180810161796	-89.4186414967903	-97.3819169989391	243.380251666066
37225	-256.777006827365	-431.418534878713	-46.9276980172614	-174.641528051349	209.849308810103
37226	-330.524382946302	-947.07687659534	-192.335805752699	-616.552493649038	138.188577193603
37227	-330.524382946302	-746.775532986291	-192.397715916437	-416.251150039989	138.126667029865
37228	-330.524382946302	-817.105616804742	-80.5864666409805	-486.58123385844	249.937916305321
37229	-330.524382946302	-570.695293503047	-192.336199087919	-240.170910556745	138.188183858383
37230	-330.524382946302	-570.695293503047	-192.336199087919	-240.170910556745	138.188183858383
37231	-1337.08254399942	-1646.35210083629	-115.196291288183	-309.269556836876	1221.88625271124
37232	-842.345574302937	-1054.36793707468	-192.549115950732	-212.022362771744	649.796458352204
37233	-437.912813717136	-570.695293503047	-89.4135435097401	-132.782479785911	348.499270207396
37234	-407.061614860464	-737.105283833544	-215.79652949372	-330.04366897308	191.265085366745
37235	-275.408024065888	-944.44098457587	-147.368204846448	-669.032960509982	128.03981921944
37236	-274.42081883365	-611.278765313375	-81.155106120883	-336.857946479725	193.265712712767
37237	-274.42081883365	-731.721061602232	-144.137309696767	-457.300242768582	130.283509136882
37238	-855.07441673193	-647.7034234736	-482.706308346691	207.370993258331	372.36810838524
37239	-855.07441673193	1	1	856.07441673193	856.07441673193
37240	-855.07441673193	2	1	857.07441673193	856.07441673193
37241	-855.07441673193	2	1	857.07441673193	856.07441673193
37242	-855.07441673193	2	1	857.07441673193	856.07441673193
37243	-855.07441673193	2	1	857.07441673193	856.07441673193
37244	-855.07441673193	2	1	857.07441673193	856.07441673193
37245	-855.07441673193	2	1	857.07441673193	856.07441673193
37246	-520.621037868334	-570.695293503047	-307.801030443887	-50.074255634713	212.820007424448
37247	-520.621037868334	-733.542342964525	-375.842397749892	-212.921305096191	144.778640118442
37248	-520.621037868334	-718.270106826111	-210.702982636661	-197.649068957776	309.918055231674
37249	-1034.84879426888	2	1	1036.84879426888	1035.84879426888
37250	-710.070082831339	2	1	712.070082831339	711.070082831339
37251	-1034.84879426888	-733.542342964525	-494.013760187764	301.306451304354	540.835034081114
37252	-1034.84879426888	2	1	1036.84879426888	1035.84879426888
37253	-1034.84879426888	2	1	1036.84879426888	1035.84879426888
37254	-1034.84879426888	-733.542342964525	-494.005703885611	301.306451304354	540.843090383268
37255	-1034.84879426888	2	1	1036.84879426888	1035.84879426888
37256	-1034.84879426888	2	1	1036.84879426888	1035.84879426888
37257	-1034.84879426888	-733.542342964525	-494.005703885611	301.306451304354	540.843090383268
37258	-1104.55513500393	2	1	1106.55513500393	1105.55513500393
37259	-1034.84879426888	-762.770913015744	-375.854819031677	272.077881253134	658.993975237202
37260	-1034.84879426888	-955.754324235121	-285.893409300801	79.0944700337573	748.955384968077
37261	-1034.84879426888	-1028.42537689662	-494.005703885611	6.42341737225615	540.843090383268
37262	-1034.84879426888	2	1	1036.84879426888	1035.84879426888
37263	-1034.84879426888	-955.754324235121	-285.988833619455	79.0944700337573	748.859960649423
37264	-1034.84879426888	-955.754324235121	-314.874062197297	79.0944700337573	719.974732071582
37265	-1034.84879426888	-955.754324235121	-314.861330332971	79.0944700337573	719.987463935908
37266	-1034.84879426888	2	1	1036.84879426888	1035.84879426888
37267	-1034.84879426888	-613.638376462634	-314.966832493781	421.210417806244	719.881961775098
37268	-1034.84879426888	2	1	1036.84879426888	1035.84879426888
37269	-1034.84879426888	2	1	1036.84879426888	1035.84879426888
37270	-1034.84879426888	2	1	1036.84879426888	1035.84879426888
37271	-1034.84879426888	2	1	1036.84879426888	1035.84879426888
37272	-1034.84879426888	2	1	1036.84879426888	1035.84879426888
37273	-1034.84879426888	-788.924996069731	-183.074836907693	245.923798199148	851.773957361186
37274	-1034.84879426888	-733.542342964525	-494.190539460785	301.306451304354	540.658254808094
37275	-1034.84879426888	2	1	1036.84879426888	1035.84879426888
37276	-1034.84879426888	-733.542342964525	-494.005703885611	301.306451304354	540.843090383268
37277	-1034.84879426888	-733.542342964525	-494.005703885611	301.306451304354	540.843090383268
37278	-1034.84879426888	-955.754324235121	-494.005703885611	79.0944700337573	540.843090383268
37279	-1034.84879426888	-657.458469619861	-285.893409300801	377.390324649018	748.955384968077
37280	-1034.84879426888	2	1	1036.84879426888	1035.84879426888
37281	-1034.84879426888	2	1	1036.84879426888	1035.84879426888
37282	-1034.84879426888	-1135.16624693811	-494.005703885611	-100.317452669232	540.843090383268
37283	-1034.84879426888	2	1	1036.84879426888	1035.84879426888
37284	-1034.84879426888	2	1	1036.84879426888	1035.84879426888
37285	-1034.84879426888	2	1	1036.84879426888	1035.84879426888
37286	-1034.84879426888	2	1	1036.84879426888	1035.84879426888
37287	-1034.84879426888	-1028.42537689662	-494.005703885611	6.42341737225615	540.843090383268
37288	-527.11165856518	-782.416618567657	-375.819985268093	-255.304960002477	151.291673297087
37289	-527.11165856518	-570.695293503047	-259.872839029769	-43.5836349378675	267.238819535411
37290	-527.11165856518	-570.695293503047	-314.968839503521	-43.5836349378675	212.142819061659
37291	-527.11165856518	-570.695293503047	-239.265346719564	-43.5836349378675	287.846311845616
37292	-636.105451880349	-815.930261934891	-314.968839503521	-179.824810054542	321.136612376829
37293	-463.533144724706	-570.695293503047	-314.968839503521	-107.162148778342	148.564305221185
37294	-463.533144724706	-782.416618567657	-314.890406708714	-318.883473842951	148.642738015992
37295	-463.533144724706	-782.416618567657	-314.968839503521	-318.883473842951	148.564305221185
37296	-463.533144724706	-570.695293503047	-259.872839029769	-107.162148778342	203.660305694936
37297	-463.533144724706	-693.590947068044	-259.872839029769	-230.057802343338	203.660305694936
37298	-463.533144724706	-570.695293503047	-314.956295374987	-107.162148778342	148.576849349718
37299	-463.533144724706	-570.695293503047	-307.773531655692	-107.162148778342	155.759613069014
37300	-502.264506568545	-724.51778405013	-333.865461572984	-222.253277481585	168.399044995561
37301	-502.264506568545	-782.416618567657	-314.858593716935	-280.152111999111	187.40591285161
37302	-527.11165856518	-570.695293503047	-259.872839029769	-43.5836349378675	267.238819535411
37303	-1257.79644942876	1	2	1258.79644942876	1259.79644942876
37304	-1124.372751515	1	2	1125.372751515	1126.372751515
37305	-1124.372751515	1	2	1125.372751515	1126.372751515
37306	-1124.372751515	1	2	1125.372751515	1126.372751515
37307	-1257.79644942876	1	2	1258.79644942876	1259.79644942876
37308	-1257.79644942876	-1135.16624693811	-480.385078636215	122.630202490652	777.411370792547
37309	-1257.79644942876	1	2	1258.79644942876	1259.79644942876
37310	-327.52197899789	-644.337849402716	-193.217939670384	-316.815870404826	134.304039327506
37311	-525.272440006292	-677.164104464948	-381.676442805859	-151.891664458656	143.595997200433
37312	-525.272440006292	-652.257748501394	-308.157183644376	-126.985308495102	217.115256361916
37313	-259.861649357174	-443.492390151818	-192.336199087919	-183.630740794644	67.5254502692553
37314	-591.752491121834	-601.328374468875	-266.819302971761	-9.57588334704155	324.933188150073
37315	-591.752491121834	-882.614210743251	-330.397834652514	-290.861719621417	261.354656469319
37316	-326.577121779986	-742.230687457184	-193.217939670384	-415.653565677198	133.359182109602
37317	-522.374617306107	-631.017102413105	-215.720548865583	-108.642485106998	306.654068440524
37318	-506.070243566478	-516.647398312149	-197.204698430755	-10.5771547456706	308.865545135723
37319	-506.070243566478	-825.850365753258	-197.383335827086	-319.78012218678	308.686907739392
37320	-506.070243566478	-516.647398312149	-197.249467969639	-10.5771547456706	308.820775596839
37321	-506.070243566478	-782.040359961458	-197.249467969639	-275.970116394979	308.820775596839
37322	-506.070243566478	-622.612113415249	-183.977261160856	-116.541869848771	322.092982405623
37323	-506.070243566478	-626.175791271043	-197.249837694406	-120.105547704565	308.820405872072
37324	-506.070243566478	-825.850365753258	-197.760703460643	-319.78012218678	308.309540105836
37325	-506.070243566478	-825.850365753258	-197.151887563244	-319.78012218678	308.918356003234
37326	-522.374617306107	-631.017102413105	-314.985892050681	-108.642485106998	207.388725255426
37327	-554.75017903045	-788.924996069731	-184.052501628907	-234.174817039281	370.697677401542
37328	-554.75017903045	-1607.17147784983	-10.6543953921522	-1052.42129881938	544.095783638297
37330	-554.75017903045	-737.067045694715	-494.004268571682	-182.316866664265	60.7459104587679
37331	-554.75017903045	-1293.48508890887	-494.093607895662	-738.734909878419	60.6565711347872
37332	-554.75017903045	-742.371631495579	-138.962989501522	-187.62145246513	415.787189528928
37333	-554.75017903045	-1135.16624693811	-90.5998860528511	-580.416067907661	464.150292977598
37334	-554.75017903045	-1135.16624693811	-90.5998860528511	-580.416067907661	464.150292977598
37335	-554.75017903045	-1135.16624693811	-90.5998860528511	-580.416067907661	464.150292977598
37336	-554.75017903045	-1218.94869552524	-4.37436943309154	-664.198516494791	550.375809597358
37337	-554.75017903045	-750.416341332982	-494.117113387363	-195.666162302533	60.6330656430865
37339	-554.75017903045	-1135.16624693811	-89.4090555894922	-580.416067907661	465.341123440957
37340	-554.75017903045	-1218.94869552524	-135.888270167979	-664.198516494791	418.861908862471
37341	-554.75017903045	-743.988596787616	-160.474563379668	-189.238417757166	394.275615650782
37342	-554.75017903045	-601.328374468875	-89.4186414967903	-46.5781954384258	465.331537533659
37343	-554.75017903045	-621.574765823983	-268.375007588741	-66.8245867935335	286.375171441708
37344	-592.279435323161	-756.263462336896	-140.181945539655	-163.984027013735	452.097489783506
37345	-592.279435323161	-1218.94869552524	-4.37436943309154	-626.669260202079	587.905065890069
37346	-592.279435323161	-756.263462336896	-163.042953863404	-163.984027013735	429.236481459757
37347	-592.279435323161	-802.617754810066	-251.739312326887	-210.338319486905	340.540122996274
37348	-522.374617306107	-631.017102413105	-314.895803685591	-108.642485106998	207.478813620516
37349	-522.374617306107	-631.017102413105	-314.860263137543	-108.642485106998	207.514354168564
