36455	-52.8803276876771	0	0	52.8803276876771	52.8803276876771
36456	-52.8803276876771	0	0	52.8803276876771	52.8803276876771
36457	-52.8803276876771	0	0	52.8803276876771	52.8803276876771
36458	-52.8803276876771	0	0	52.8803276876771	52.8803276876771
36459	-52.8803276876771	0	0	52.8803276876771	52.8803276876771
36460	-52.8803276876771	0	0	52.8803276876771	52.8803276876771
36461	-81.1386973056473	-101.02736855351	-72.086312184051	-19.8886712478626	9.05238512159627
36463	-92.9997035792153	0	0	92.9997035792153	92.9997035792153
36465	-92.9997035792153	0	0	92.9997035792153	92.9997035792153
36466	-92.9997035792153	0	0	92.9997035792153	92.9997035792153
36467	-92.9997035792153	0	0	92.9997035792153	92.9997035792153
36468	-90.9670159581001	-84.6925391916067	-84.6925391916067	6.27447676649336	6.27447676649336
36469	-90.9670159581001	-84.6925391916067	-84.6925391916067	6.27447676649336	6.27447676649336
36470	-90.9670159581001	-86.6456166153126	-86.6456166153126	4.32139934278752	4.32139934278752
36471	-90.9670159581001	-110.437650685911	-110.437650685911	-19.4706347278106	-19.4706347278106
36472	-90.9670159581001	0	0	90.9670159581001	90.9670159581001
36473	-90.9670159581001	-76.7026770037193	-56.6392452874687	14.2643389543808	34.3277706706314
36474	-90.9670159581001	-118.427512873798	-82.0292517956443	-27.460496915698	8.93776416245584
36475	-90.9670159581001	-84.8700916846709	-84.8700916846709	6.09692427342918	6.09692427342918
36476	-90.9670159581001	-84.1598817124142	-84.1598817124142	6.80713424568586	6.80713424568586
36477	-90.9670159581001	0	0	90.9670159581001	90.9670159581001
36478	-95.2363403956629	-98.1865286644833	-98.1865286644833	-2.95018826882037	-2.95018826882037
36479	-95.2363403956629	-86.4680641222484	-86.4680641222484	8.76827627341456	8.76827627341456
36480	-95.2363403956629	0	0	95.2363403956629	95.2363403956629
36481	-95.2363403956629	0	0	95.2363403956629	95.2363403956629
36482	-95.2363403956629	-97.1212137060983	-97.1212137060983	-1.88487331043538	-1.88487331043538
36483	-95.2363403956629	0	0	95.2363403956629	95.2363403956629
36484	-90.0183259911298	0	0	90.0183259911298	90.0183259911298
36485	-90.0183259911298	0	0	90.0183259911298	90.0183259911298
36486	-90.0183259911298	0	0	90.0183259911298	90.0183259911298
36487	-96.4109059942021	-82.3843567817726	-82.3843567817726	14.0265492124295	14.0265492124295
36488	-67.7452196638429	-55.9564587484635	-55.9564587484635	11.7887609153794	11.7887609153794
36493	-77.4218154899078	0	0	77.4218154899078	77.4218154899078
36494	-77.4218154899078	0	0	77.4218154899078	77.4218154899078
36496	-77.4218154899078	0	0	77.4218154899078	77.4218154899078
36498	-108.093775102356	0	0	108.093775102356	108.093775102356
36499	-59.3859914707149	-99.7995645529947	-99.7995645529947	-40.4135730822798	-40.4135730822798
36501	-63.5817329377303	0	0	63.5817329377303	63.5817329377303
36502	-63.5817329377303	-111.551324871735	-111.551324871735	-47.9695919340047	-47.9695919340047
36503	-71.7373020624603	0	0	71.7373020624603	71.7373020624603
36504	-71.7373020624603	0	0	71.7373020624603	71.7373020624603
36505	-71.7373020624603	0	0	71.7373020624603	71.7373020624603
36506	-71.7373020624603	0	0	71.7373020624603	71.7373020624603
36507	-71.7373020624603	0	0	71.7373020624603	71.7373020624603
36508	-71.7373020624603	0	0	71.7373020624603	71.7373020624603
36509	-71.7373020624603	-55.5044679669735	-55.5044679669735	16.2328340954868	16.2328340954868
36510	-71.7373020624603	0	0	71.7373020624603	71.7373020624603
36511	-71.7373020624603	0	0	71.7373020624603	71.7373020624603
36512	-71.7373020624603	0	0	71.7373020624603	71.7373020624603
36513	-71.7373020624603	0	0	71.7373020624603	71.7373020624603
36514	-71.7373020624603	0	0	71.7373020624603	71.7373020624603
36515	-71.7373020624603	0	0	71.7373020624603	71.7373020624603
36516	-71.7373020624603	0	0	71.7373020624603	71.7373020624603
36517	-71.7373020624603	0	0	71.7373020624603	71.7373020624603
36518	-71.7373020624603	0	0	71.7373020624603	71.7373020624603
36519	-71.7373020624603	-86.8726282023804	-60.2051720944696	-15.1353261399201	11.5321299679906
36520	-71.7373020624603	0	0	71.7373020624603	71.7373020624603
36521	-70.0919780628072	0	0	70.0919780628072	70.0919780628072
36522	-70.0919780628072	0	0	70.0919780628072	70.0919780628072
36523	-70.0919780628072	0	0	70.0919780628072	70.0919780628072
36524	-70.0919780628072	0	0	70.0919780628072	70.0919780628072
36525	-70.0919780628072	0	0	70.0919780628072	70.0919780628072
36526	-70.0919780628072	-118.873575531873	-118.873575531873	-48.781597469066	-48.781597469066
36527	-50.587064232124	-78.1944051977721	-48.0918191505373	-27.6073409656481	2.49524508158674
36528	-50.587064232124	0	0	50.587064232124	50.587064232124
36529	-50.587064232124	-83.7990908882483	-56.8604403114435	-33.2120266561242	-6.2733760793195
36530	-50.587064232124	0	0	50.587064232124	50.587064232124
36531	-50.587064232124	-97.5396106455446	-97.5396106455446	-46.9525464134206	-46.9525464134206
36532	-50.587064232124	-81.9911277622882	-52.7021251217354	-31.4040635301642	-2.11506088961139
36533	-50.587064232124	-94.4660733314126	-94.4660733314126	-43.8790090992885	-43.8790090992885
36534	-70.0919780628072	0	0	70.0919780628072	70.0919780628072
36536	-74.3744339811906	-109.307927751831	-109.307927751831	-34.9334937706406	-34.9334937706406
36537	-74.3744339811906	0	0	74.3744339811906	74.3744339811906
36538	-65.6980273258746	0	0	65.6980273258746	65.6980273258746
36539	-65.6980273258746	0	0	65.6980273258746	65.6980273258746
36540	-65.6980273258746	0	0	65.6980273258746	65.6980273258746
36541	-65.6980273258746	0	0	65.6980273258746	65.6980273258746
36542	-65.6980273258746	0	0	65.6980273258746	65.6980273258746
36543	-65.6980273258746	0	0	65.6980273258746	65.6980273258746
36544	-56.6522723924125	0	0	56.6522723924125	56.6522723924125
36545	-55.618546448041	0	0	55.618546448041	55.618546448041
36546	-55.618546448041	0	0	55.618546448041	55.618546448041
36547	-55.618546448041	0	0	55.618546448041	55.618546448041
36548	-55.618546448041	0	0	55.618546448041	55.618546448041
36549	-55.618546448041	0	0	55.618546448041	55.618546448041
36550	-55.618546448041	0	0	55.618546448041	55.618546448041
36551	-55.618546448041	0	0	55.618546448041	55.618546448041
36552	-55.618546448041	0	0	55.618546448041	55.618546448041
36553	-55.618546448041	0	0	55.618546448041	55.618546448041
36554	-55.618546448041	-85.2454613890163	-85.2454613890163	-29.6269149409753	-29.6269149409753
36555	-55.618546448041	0	0	55.618546448041	55.618546448041
36556	-55.618546448041	0	0	55.618546448041	55.618546448041
36557	-55.618546448041	0	0	55.618546448041	55.618546448041
36558	-55.618546448041	0	0	55.618546448041	55.618546448041
36559	-55.618546448041	0	0	55.618546448041	55.618546448041
36560	-56.6522723924125	0	0	56.6522723924125	56.6522723924125
36561	-56.6522723924125	0	0	56.6522723924125	56.6522723924125
36562	-56.6522723924125	0	0	56.6522723924125	56.6522723924125
36563	-56.6522723924125	0	0	56.6522723924125	56.6522723924125
36564	-55.618546448041	-93.8332862373265	-93.8332862373265	-38.2147397892855	-38.2147397892855
36566	-72.3648189663504	0	0	72.3648189663504	72.3648189663504
36567	-72.3648189663504	0	0	72.3648189663504	72.3648189663504
36568	-72.3648189663504	-99.9803608655907	-99.9803608655907	-27.6155418992403	-27.6155418992403
36569	-72.3648189663504	-109.833759902073	-109.833759902073	-37.4689409357226	-37.4689409357226
36570	-72.3648189663504	-76.6576365407061	-52.1597361839474	-4.29281757435568	20.205082782403
36571	-72.3648189663504	0	0	72.3648189663504	72.3648189663504
36572	-58.7595934687072	-89.3050794313234	-53.4303894033559	-30.5454859626162	5.32920406535135
36573	-58.7595934687072	-91.5949532628958	-52.4762753068674	-32.8353597941885	6.28331816183987
36574	-94.8761277525467	-131.169513302197	-84.7665349404523	-36.2933855496507	10.1095928120944
36575	-94.8761277525467	-122.706964056894	-122.706964056894	-27.8308363043476	-27.8308363043476
36576	-94.8761277525467	-135.259745437427	-71.3674986353891	-40.3836176848805	23.5086291171576
36577	-66.8090917918952	0	0	66.8090917918952	66.8090917918952
36578	-62.9299596832478	0	0	62.9299596832478	62.9299596832478
36580	-57.7234374001077	-59.3174817602791	-59.2169436556007	-1.59404436017144	-1.493506255493
36581	-59.2646332749749	-88.6722716659162	-51.6342651881776	-29.4076383909414	7.63036808679733
36582	-60.0216824375735	-100.166825400387	-65.1358044953335	-40.1451429628134	-5.11412205776001
36583	-60.0216824375735	-67.8726030035408	-67.8726030035408	-7.85092056596731	-7.85092056596731
36584	-60.0216824375735	0	0	60.0216824375735	60.0216824375735
36585	-60.0216824375735	-64.0410850920506	-64.0410850920506	-4.0194026544771	-4.0194026544771
36586	-59.2646332749749	-64.2235383259311	-64.2235383259311	-4.95890505095621	-4.95890505095621
36587	-59.2646332749749	-65.5007109630945	-65.5007109630945	-6.23607768811961	-6.23607768811961
36588	-60.0216824375735	-76.6303582298041	-57.1078622045922	-16.6086757922306	2.91382023298134
36589	-60.0216824375735	-66.5954303663774	-66.5954303663774	-6.5737479288039	-6.5737479288039
36590	-60.0216824375735	0	0	60.0216824375735	60.0216824375735
36591	-60.0216824375735	0	0	60.0216824375735	60.0216824375735
36592	-60.0216824375735	0	0	60.0216824375735	60.0216824375735
36593	-60.0216824375735	0	0	60.0216824375735	60.0216824375735
36594	-60.5619361336174	0	0	60.5619361336174	60.5619361336174
36595	-66.4455360121701	0	0	66.4455360121701	66.4455360121701
36596	-66.4455360121701	-64.0410850920506	-64.0410850920506	2.40445092011953	2.40445092011953
36597	-66.4455360121701	0	0	66.4455360121701	66.4455360121701
36598	-66.4455360121701	0	0	66.4455360121701	66.4455360121701
36599	-66.4455360121701	-100.714185102028	-100.714185102028	-34.2686490898582	-34.2686490898582
36600	-66.4455360121701	0	0	66.4455360121701	66.4455360121701
36601	-66.4455360121701	0	0	66.4455360121701	66.4455360121701
36602	-66.4455360121701	0	0	66.4455360121701	66.4455360121701
36607	-52.5467482719596	0	0	52.5467482719596	52.5467482719596
36608	-52.5467482719596	0	0	52.5467482719596	52.5467482719596
36609	-52.5467482719596	0	0	52.5467482719596	52.5467482719596
36610	-52.5467482719596	0	0	52.5467482719596	52.5467482719596
36611	-52.5467482719596	0	0	52.5467482719596	52.5467482719596
36612	-87.020852483285	-97.1780180203526	-71.5953397880179	-10.1571655370676	15.4255126952671
36613	-87.020852483285	0	0	87.020852483285	87.020852483285
36614	-87.020852483285	0	0	87.020852483285	87.020852483285
36615	-87.020852483285	0	0	87.020852483285	87.020852483285
36616	-87.020852483285	0	0	87.020852483285	87.020852483285
36618	-87.020852483285	0	0	87.020852483285	87.020852483285
36619	-87.020852483285	0	0	87.020852483285	87.020852483285
36620	-87.020852483285	0	0	87.020852483285	87.020852483285
36621	-87.020852483285	0	0	87.020852483285	87.020852483285
36622	-87.020852483285	0	0	87.020852483285	87.020852483285
36623	-54.1839105097578	-84.2510816697383	-84.2510816697383	-30.0671711599805	-30.0671711599805
36624	-54.8305459510986	-84.4318779823343	-84.4318779823343	-29.6013320312357	-29.6013320312357
36625	-54.1839105097578	0	0	54.1839105097578	54.1839105097578
36626	-54.1839105097578	0	0	54.1839105097578	54.1839105097578
36627	-54.1839105097578	-78.3752015103681	-52.6117269654374	-24.1912910006104	1.57218354432035
36628	-54.1839105097578	-78.3752015103681	-45.1086799927032	-24.1912910006104	9.07523051705453
36629	-65.7006321496319	0	0	65.7006321496319	65.7006321496319
36630	-65.7006321496319	0	0	65.7006321496319	65.7006321496319
36631	-43.4650495325471	0	0	43.4650495325471	43.4650495325471
36632	-43.4650495325471	0	0	43.4650495325471	43.4650495325471
36633	-43.4650495325471	0	0	43.4650495325471	43.4650495325471
36634	-78.0787752829317	-94.5564714877106	-94.5564714877106	-16.4776962047789	-16.4776962047789
36635	-78.0787752829317	-93.1101009869425	-93.1101009869425	-15.0313257040109	-15.0313257040109
36636	-43.4650495325471	-60.7475610322577	-31.9105491731949	-17.2825114997106	11.5545003593522
36637	-43.4650495325471	0	0	43.4650495325471	43.4650495325471
36638	-43.4650495325471	0	0	43.4650495325471	43.4650495325471
36639	-40.5471440543351	0	0	40.5471440543351	40.5471440543351
36640	-58.8886280842451	0	0	58.8886280842451	58.8886280842451
36641	-58.8886280842451	0	0	58.8886280842451	58.8886280842451
36642	-58.8886280842451	0	0	58.8886280842451	58.8886280842451
36643	-58.8886280842451	0	0	58.8886280842451	58.8886280842451
36644	-58.8886280842451	0	0	58.8886280842451	58.8886280842451
36645	-64.2151996232632	-96.0932401447766	-96.0028419884786	-31.8780405215134	-31.7876423652154
36648	-57.722127253545	-55.4140698106755	-55.4140698106755	2.30805744286949	2.30805744286949
36649	-56.8784879012309	-56.5892458425495	-56.5892458425495	0.289242058681353	0.289242058681353
36650	-56.8784879012309	-76.4768402281101	-46.7358468060673	-19.5983523268792	10.1426410951636
36651	-75.3662158637145	0	0	75.3662158637145	75.3662158637145
36652	-75.3662158637145	0	0	75.3662158637145	75.3662158637145
36653	-75.3662158637145	-109.904993206718	-109.904993206718	-34.5387773430037	-34.5387773430037
36654	-75.3662158637145	0	0	75.3662158637145	75.3662158637145
36655	-75.3662158637145	-75.4598095522701	-50.0698030440946	-0.0935936885556288	25.29641281962
36656	-75.3662158637145	-73.3291796355002	-50.2473555371587	2.03703622821435	25.1188603265558
36657	-75.3662158637145	0	0	75.3662158637145	75.3662158637145
36658	-75.3662158637145	-74.9271520730777	-50.4249080302229	0.439063790636865	24.9413078334916
36659	-75.3662158637145	-80.7863843441951	-56.8167977805328	-5.42016848048057	18.5494180831817
36660	-71.7035728381813	-114.343805533322	-89.308904011275	-42.640232695141	-17.6053311730937
36661	-71.7035728381813	0	0	71.7035728381813	71.7035728381813
36662	-71.7035728381813	0	0	71.7035728381813	71.7035728381813
36663	-71.7035728381813	0	0	71.7035728381813	71.7035728381813
36664	-71.7035728381813	0	0	71.7035728381813	71.7035728381813
36665	-71.7035728381813	0	0	71.7035728381813	71.7035728381813
36666	-71.7035728381813	-118.249960380734	-118.249960380734	-46.5463875425526	-46.5463875425526
36667	-71.7035728381813	-93.9252688309433	-93.9252688309433	-22.221695992762	-22.221695992762
36668	-71.7035728381813	0	0	71.7035728381813	71.7035728381813
36669	-71.7035728381813	0	0	71.7035728381813	71.7035728381813
36670	-64.3596501012848	-92.3272963933658	-92.3272963933658	-27.967646292081	-27.967646292081
36671	-64.3596501012848	-84.3374342054784	-84.1598817124142	-19.9777841041936	-19.8002316111294
36672	-64.3596501012848	-140.088917027626	-93.0375063656225	-75.7292669263414	-28.6778562643377
36673	-52.6988538663272	0	0	52.6988538663272	52.6988538663272
36674	-52.6988538663272	0	0	52.6988538663272	52.6988538663272
36675	-41.4492970801701	0	0	41.4492970801701	41.4492970801701
36676	-69.6026918000073	0	0	69.6026918000073	69.6026918000073
36677	-73.3154200036347	-87.9574060779564	-67.1658301294158	-14.6419860743217	6.14958987421888
36678	-69.6026918000073	-87.4150171401684	-87.4150171401684	-17.8123253401611	-17.8123253401611
36679	-67.6983089281575	-107.754602307219	-74.578478945852	-40.0562933790615	-6.88017001769455
36680	-67.6983089281575	-94.0140825499225	-69.6065803494619	-26.3157736217651	-1.90827142130442
36681	-67.6983089281575	-90.0365636728104	-90.0365636728104	-22.338254744653	-22.338254744653
36682	-69.6026918000073	-94.9180641129026	-94.9180641129026	-25.3153723128953	-25.3153723128953
36683	-69.6026918000073	-88.4093968594464	-88.4093968594464	-18.8067050594391	-18.8067050594391
36684	-69.6026918000073	-85.1550632327183	-58.5780052811056	-15.552371432711	11.0246865189017
36685	-68.6907433886543	-86.5110355771883	-67.2562282857138	-17.820292188534	1.43451510294051
36686	-68.6907433886543	-83.3471001067582	-66.2618485664358	-14.6563567181039	2.42889482221854
36687	-76.2971669882472	-81.4487388245002	-64.0018946589857	-5.15157183625304	12.2952723292614
36688	-76.2971669882472	0	0	76.2971669882472	76.2971669882472
36689	-74.4172968368536	-80.4543591052222	-70.1489692872499	-6.03706226836862	4.26832754960367
36690	-74.4172968368536	-80.1831646363282	-71.4145434754219	-5.76586779947461	3.00275336143163
36691	-74.4172968368536	-80.9063498867122	-71.7761361006139	-6.48905304985863	2.64116073623963
36692	-73.842661563217	-75.392062352534	-65.7194596286478	-1.54940078931709	8.12320193456917
36693	-73.842661563217	-81.1775443556062	-69.6969785057599	-7.33488279238925	4.14568305745706
36694	-77.5343898690556	-84.0702853571423	-68.8833950990779	-6.53589548808669	8.65099476997771
36695	-77.5343898690556	-87.1438226712744	-87.1438226712744	-9.60943280221878	-9.60943280221878
36696	-76.842323391681	-84.9742669201223	-67.2562282857138	-8.13194352844131	9.58609510596717
36697	-77.1884380521995	-91.7541286424725	-91.7541286424725	-14.565690590273	-14.565690590273
36698	-77.1884380521995	-90.3077581417044	-68.0698116923958	-13.119320089505	9.11862635980361
36699	-77.1884380521995	-87.3246189838704	-59.3915886877876	-10.1361809316709	17.7968493644119
36700	-77.1884380521995	-95.4604530506906	-54.6908845602915	-18.2720149984911	22.497553491908
36701	-77.1884380521995	-91.6637304861745	-65.7194596286478	-14.475292433975	11.4689784235517
36702	-77.1884380521995	-95.0084622692006	-63.7307001900917	-17.8200242170011	13.4577378621077
36704	-70.1131844942735	-107.977924424644	-51.3749714906824	-37.8647399303701	18.7382130035911
36705	-70.1131844942735	-34.6856461140615	-34.6856461140615	35.427538380212	35.427538380212
36706	-67.1364628476933	0	0	67.1364628476933	67.1364628476933
36708	-79.703537753624	0	0	79.703537753624	79.703537753624
36709	-79.703537753624	0	0	79.703537753624	79.703537753624
36710	-79.703537753624	0	0	79.703537753624	79.703537753624
36711	-79.703537753624	0	0	79.703537753624	79.703537753624
36712	-79.703537753624	0	0	79.703537753624	79.703537753624
36713	-85.2620888077449	0	0	85.2620888077449	85.2620888077449
36714	-79.703537753624	0	0	79.703537753624	79.703537753624
36715	-79.703537753624	0	0	79.703537753624	79.703537753624
36716	-79.703537753624	0	0	79.703537753624	79.703537753624
36717	-79.703537753624	0	0	79.703537753624	79.703537753624
36718	-79.703537753624	0	0	79.703537753624	79.703537753624
36719	-79.703537753624	0	0	79.703537753624	79.703537753624
36720	-79.703537753624	0	0	79.703537753624	79.703537753624
36721	-79.703537753624	0	0	79.703537753624	79.703537753624
36722	-79.703537753624	0	0	79.703537753624	79.703537753624
36723	-79.703537753624	0	0	79.703537753624	79.703537753624
36724	-45.4583094649438	-101.245935053763	-51.0749583083714	-55.787625588819	-5.6166488434276
36725	-72.4347724371284	0	0	72.4347724371284	72.4347724371284
36726	-72.4347724371284	0	0	72.4347724371284	72.4347724371284
36727	-72.4347724371284	0	0	72.4347724371284	72.4347724371284
36728	-72.4347724371284	0	0	72.4347724371284	72.4347724371284
36729	-72.4347724371284	0	0	72.4347724371284	72.4347724371284
36730	-72.4347724371284	0	0	72.4347724371284	72.4347724371284
36731	-72.4347724371284	0	0	72.4347724371284	72.4347724371284
36732	-82.2315694627986	-106.628120490819	-83.3561100662351	-24.3965510280199	-1.1245406034365
36733	-82.2315694627986	-112.833989937374	-86.6000872769346	-30.6024204745755	-4.36851781413601
36734	-82.2315694627986	-130.887428327354	-95.4857639845028	-48.6558588645554	-13.2541945217042
36735	-82.2315694627986	-109.166885264409	-86.4590447895129	-26.9353158016108	-4.2274753267143
36736	-82.2315694627986	-108.602715314723	-87.1642572266215	-26.371145851924	-4.93268776382287
36737	-82.2315694627986	-70.944371173124	-70.944371173124	11.2871982896746	11.2871982896746
36738	-82.2315694627986	-121.437581670099	-90.8313618995861	-39.2060122073003	-8.59979243678752
36739	-82.2315694627986	-104.653525666914	-82.0867276794397	-22.4219562041159	0.144841783358956
36740	-82.2315694627986	-115.936924660652	-87.1642572266215	-33.7053551978533	-4.93268776382287
36741	-82.2315694627986	-105.358738104023	-78.5606654938967	-23.1271686412245	3.6709039689019
36742	-82.2315694627986	-112.975032424796	-87.4463422014649	-30.7434629619972	-5.21477273866633
36743	-82.2315694627986	-122.142794107207	-91.1134468744296	-39.9112246444088	-8.88187741163098
36744	-82.2315694627986	-114.667542273856	-90.8313618995861	-32.4359728110578	-8.59979243678752
36745	-65.1467155644244	-59.7531813129796	-59.7531813129796	5.39353425144476	5.39353425144476
36746	-65.1467155644244	-60.2051720944696	-60.2051720944696	4.94154346995475	4.94154346995475
36747	-45.342746185962	0	0	45.342746185962	45.342746185962
36748	-45.342746185962	0	0	45.342746185962	45.342746185962
36749	-45.342746185962	0	0	45.342746185962	45.342746185962
36750	-45.342746185962	0	0	45.342746185962	45.342746185962
36751	-45.342746185962	0	0	45.342746185962	45.342746185962
36752	-45.342746185962	0	0	45.342746185962	45.342746185962
36753	-44.1010747668456	0	0	44.1010747668456	44.1010747668456
36754	-54.3255489726844	0	0	54.3255489726844	54.3255489726844
36755	-54.3255489726844	-57.8548200307216	-57.8548200307216	-3.52927105803714	-3.52927105803714
36756	-54.3255489726844	0	0	54.3255489726844	54.3255489726844
36757	-80.4419652874959	0	0	80.4419652874959	80.4419652874959
36758	-80.4419652874959	0	0	80.4419652874959	80.4419652874959
36759	-80.4419652874959	-97.4763186922266	-70.4883397464735	-17.0343534047308	9.95362554102235
36760	-80.4419652874959	-103.513103456408	-69.4230247880885	-23.0711381689124	11.0189404994073
36761	-80.4419652874959	-87.7109315736976	-87.7109315736976	-7.2689662862017	-7.2689662862017
36762	-80.4419652874959	-79.8986218788743	-52.2004329608645	0.543343408621581	28.2415323266313
36766	-96.129843377046	-109.200972807987	-109.200972807987	-13.0711294309409	-13.0711294309409
36771	-96.129843377046	-112.364908278417	-112.364908278417	-16.235064901371	-16.235064901371
36772	-96.129843377046	-106.127435493855	-106.037037337557	-9.99759211680885	-9.90719396051085
36773	-65.0888277066659	0	0	65.0888277066659	65.0888277066659
36774	-65.0888277066659	0	0	65.0888277066659	65.0888277066659
36775	-65.0888277066659	0	0	65.0888277066659	65.0888277066659
36776	-65.0888277066659	0	0	65.0888277066659	65.0888277066659
36777	-65.0888277066659	0	0	65.0888277066659	65.0888277066659
36778	-65.0888277066659	0	0	65.0888277066659	65.0888277066659
36779	-65.0888277066659	0	0	65.0888277066659	65.0888277066659
36780	-65.0888277066659	0	0	65.0888277066659	65.0888277066659
36781	-65.0888277066659	0	0	65.0888277066659	65.0888277066659
36782	-65.0888277066659	0	0	65.0888277066659	65.0888277066659
36783	-65.0888277066659	0	0	65.0888277066659	65.0888277066659
36784	-65.0888277066659	0	0	65.0888277066659	65.0888277066659
36785	-65.0888277066659	0	0	65.0888277066659	65.0888277066659
36786	-65.0888277066659	0	0	65.0888277066659	65.0888277066659
36787	-65.0888277066659	-57.4028292492316	-57.4028292492316	7.68599845743438	7.68599845743438
36788	-65.0888277066659	0	0	65.0888277066659	65.0888277066659
36789	-65.0888277066659	0	0	65.0888277066659	65.0888277066659
36790	-65.0888277066659	0	0	65.0888277066659	65.0888277066659
36791	-85.6018115136956	0	0	85.6018115136956	85.6018115136956
36792	-84.3705710048093	0	0	84.3705710048093	84.3705710048093
36793	-84.3705710048093	0	0	84.3705710048093	84.3705710048093
36794	-84.3705710048093	0	0	84.3705710048093	84.3705710048093
36795	-84.3705710048093	0	0	84.3705710048093	84.3705710048093
36796	-84.3705710048093	0	0	84.3705710048093	84.3705710048093
36797	-85.6018115136956	0	0	85.6018115136956	85.6018115136956
36798	-84.3705710048093	0	0	84.3705710048093	84.3705710048093
36799	-84.3705710048093	0	0	84.3705710048093	84.3705710048093
36800	-84.3705710048093	0	0	84.3705710048093	84.3705710048093
36801	-85.6018115136956	0	0	85.6018115136956	85.6018115136956
36802	-86.9004823185377	0	0	86.9004823185377	86.9004823185377
36803	-85.6999424461407	0	0	85.6999424461407	85.6999424461407
36804	-91.4740601787624	0	0	91.4740601787624	91.4740601787624
36805	-86.8720770927846	0	0	86.8720770927846	86.8720770927846
36806	-86.8720770927846	0	0	86.8720770927846	86.8720770927846
36807	-86.0872441770598	0	0	86.0872441770598	86.0872441770598
36808	-86.0872441770598	0	0	86.0872441770598	86.0872441770598
36809	-86.0872441770598	0	0	86.0872441770598	86.0872441770598
36810	-86.0872441770598	0	0	86.0872441770598	86.0872441770598
36811	-86.0872441770598	0	0	86.0872441770598	86.0872441770598
36812	-86.0872441770598	0	0	86.0872441770598	86.0872441770598
36813	-86.0872441770598	0	0	86.0872441770598	86.0872441770598
36814	-86.0872441770598	0	0	86.0872441770598	86.0872441770598
36815	-86.0872441770598	0	0	86.0872441770598	86.0872441770598
36816	-86.0872441770598	0	0	86.0872441770598	86.0872441770598
36817	-86.0872441770598	0	0	86.0872441770598	86.0872441770598
36818	-86.0872441770598	0	0	86.0872441770598	86.0872441770598
36819	-84.3705710048093	-111.460926715437	-111.460926715437	-27.0903557106277	-27.0903557106277
36820	-84.3705710048093	0	0	84.3705710048093	84.3705710048093
36821	-84.3705710048093	0	0	84.3705710048093	84.3705710048093
36822	-84.3705710048093	0	0	84.3705710048093	84.3705710048093
36823	-81.5473561550623	0	0	81.5473561550623	81.5473561550623
36824	-86.0872441770598	-111.370528559139	-80.9967480430102	-25.2832843820792	5.09049613404959
36825	-86.0872441770598	0	0	86.0872441770598	86.0872441770598
36826	-86.0872441770598	0	0	86.0872441770598	86.0872441770598
36827	-84.5502139833715	0	0	84.5502139833715	84.5502139833715
36828	-84.5502139833715	0	0	84.5502139833715	84.5502139833715
36829	-84.5502139833715	0	0	84.5502139833715	84.5502139833715
36830	-63.7927460806235	-96.3644346136706	-96.3644346136706	-32.5716885330471	-32.5716885330471
36831	-96.1122639200425	-98.0245287580938	-98.0245287580938	-1.9122648380513	-1.9122648380513
36832	-96.1122639200425	0	0	96.1122639200425	96.1122639200425
36833	-96.1122639200425	0	0	96.1122639200425	96.1122639200425
36834	-59.7146365451161	-68.8870377664696	-68.8870377664696	-9.17240122135344	-9.17240122135344
36835	-58.0369579703257	0	0	58.0369579703257	58.0369579703257
36836	-58.0369579703257	0	0	58.0369579703257	58.0369579703257
36837	-59.351198798937	-65.0705813805155	-65.0705813805155	-5.71938258157851	-5.71938258157851
36838	-56.3201747861416	0	0	56.3201747861416	56.3201747861416
36839	-59.351198798937	-75.3750136225913	-51.3313383910812	-16.0238148236543	8.01986040785582
36840	-59.351198798937	-56.2927316928214	-56.2927316928214	3.05846710611561	3.05846710611561
36841	-59.2075941303472	0	0	59.2075941303472	59.2075941303472
36842	-59.2075941303472	0	0	59.2075941303472	59.2075941303472
36843	-57.4284290280449	0	0	57.4284290280449	57.4284290280449
36844	-38.5679938420623	0	0	38.5679938420623	38.5679938420623
36845	-38.5679938420623	0	0	38.5679938420623	38.5679938420623
36847	-52.3496848340155	0	0	52.3496848340155	52.3496848340155
36848	-46.3505625626639	-74.759275258448	-45.5606707741932	-28.4087126957841	0.789891788470712
36849	-81.4405545188243	0	0	81.4405545188243	81.4405545188243
36850	-46.9049478912093	-87.7766097653604	-87.7766097653604	-40.8716618741511	-40.8716618741511
36851	-46.9049478912093	-84.3414798260363	-42.5775316163592	-37.436531934827	4.3274162748501
36852	-46.9049478912093	-95.3700548943926	-95.3700548943926	-48.4651070031833	-48.4651070031833
36853	-46.9049478912093	-95.5508512069886	-95.5508512069886	-48.6459033157793	-48.6459033157793
36854	-46.9049478912093	-95.0988604254986	-95.0988604254986	-48.1939125342893	-48.1939125342893
36855	-46.9049478912093	0	0	46.9049478912093	46.9049478912093
36856	-46.9049478912093	-95.0988604254986	-95.0988604254986	-48.1939125342893	-48.1939125342893
36857	-46.9049478912093	-95.0084622692006	-94.9180641129026	-48.1035143779913	-48.0131162216933
36858	-46.9049478912093	-94.9180641129026	-94.9180641129026	-48.0131162216933	-48.0131162216933
36859	-104.702370894188	-127.190205911289	-97.4492124892466	-22.4878350171013	7.25315840494147
36860	-107.555673464705	-111.280130402841	-85.5166558579103	-3.72445693813621	22.0390176067945
36861	-104.702370894188	-127.732594849077	-94.0140825499225	-23.0302239548894	10.6882883442656
36862	-104.702370894188	0	0	104.702370894188	104.702370894188
36863	-104.702370894188	-127.099807754991	-95.2796567380946	-22.3974368608033	9.42271415609353
36864	-104.702370894188	0	0	104.702370894188	104.702370894188
36865	-104.702370894188	0	0	104.702370894188	104.702370894188
36866	-104.702370894188	0	0	104.702370894188	104.702370894188
36867	-104.702370894188	0	0	104.702370894188	104.702370894188
36868	-104.702370894188	0	0	104.702370894188	104.702370894188
36869	-91.4878919060626	0	0	91.4878919060626	91.4878919060626
36870	-91.4878919060626	0	0	91.4878919060626	91.4878919060626
36871	-91.4878919060626	0	0	91.4878919060626	91.4878919060626
36872	-91.4878919060626	0	0	91.4878919060626	91.4878919060626
36873	-91.4878919060626	0	0	91.4878919060626	91.4878919060626
36874	-91.4878919060626	0	0	91.4878919060626	91.4878919060626
36875	-91.4878919060626	0	0	91.4878919060626	91.4878919060626
36876	-93.8462482997067	-94.7474687669842	-94.7474687669842	-0.90122046727754	-0.90122046727754
36877	-93.8462482997067	0	0	93.8462482997067	93.8462482997067
36878	-93.8462482997067	0	0	93.8462482997067	93.8462482997067
36879	-93.8462482997067	0	0	93.8462482997067	93.8462482997067
36880	-93.8462482997067	0	0	93.8462482997067	93.8462482997067
36881	-54.6732912569971	-56.8604403114435	-56.8604403114435	-2.1871490544464	-2.1871490544464
36882	-65.5432342887594	0	0	65.5432342887594	65.5432342887594
36884	-41.0111654759207	0	0	41.0111654759207	41.0111654759207
36885	-41.0111654759207	0	0	41.0111654759207	41.0111654759207
36886	-41.0111654759207	-48.0014209942393	-48.0014209942393	-6.99025551831857	-6.99025551831857
36887	-41.0111654759207	0	0	41.0111654759207	41.0111654759207
36889	-41.0111654759207	0	0	41.0111654759207	41.0111654759207
36900	-70.1679588133122	0	0	70.1679588133122	70.1679588133122
36902	-63.6337080602071	-71.4145434754219	-34.4416975495389	-7.7808354152148	29.1920105106682
36903	-63.6337080602071	-84.4318779823343	-40.6791703341011	-20.7981699221271	22.954537726106
36904	-63.6337080602071	-87.3246189838704	-50.0805785890934	-23.6909109236632	13.5531294711138
36905	-63.6337080602071	-84.5222761386323	-40.3175777089091	-20.8885680784252	23.3161303512981
36917	-66.5601009748027	-52.7021251217354	-52.7021251217354	13.8579758530672	13.8579758530672
36918	-66.5601009748027	-124.207066753455	-124.207066753455	-57.6469657786527	-57.6469657786527
36920	-72.2707645318797	-86.8231691083767	-86.8231691083767	-14.552404576497	-14.552404576497
36921	-72.2707645318797	-87.5333790806334	-87.5333790806334	-15.2626145487537	-15.2626145487537
36922	-72.2707645318797	-94.6354788032	-34.0900786683197	-22.3647142713203	38.18068586356
36924	-72.2707645318797	-88.0660365598259	-88.0660365598259	-15.7952720279462	-15.7952720279462
36925	-72.2707645318797	0	0	72.2707645318797	72.2707645318797
36928	-72.2707645318797	0	0	72.2707645318797	72.2707645318797
36929	-72.2707645318797	-71.7312071979227	-71.7312071979227	0.539557333957021	0.539557333957021
36931	-91.0696143613335	-98.5273425848704	-98.5273425848704	-7.45772822353693	-7.45772822353693
36932	-91.0696143613335	0	0	91.0696143613335	91.0696143613335
36933	-60.9770292697266	0	0	60.9770292697266	60.9770292697266
36934	-60.9770292697266	0	0	60.9770292697266	60.9770292697266
36935	-60.9770292697266	0	0	60.9770292697266	60.9770292697266
36936	-60.9770292697266	0	0	60.9770292697266	60.9770292697266
36937	-65.8593593718477	0	0	65.8593593718477	65.8593593718477
36938	-53.5044366349543	0	0	53.5044366349543	53.5044366349543
36939	-53.5044366349543	0	0	53.5044366349543	53.5044366349543
36940	-51.1394888217101	0	0	51.1394888217101	51.1394888217101
36941	-49.2301881552049	-143.46187404493	-55.5044679669735	-94.231685889725	-6.27427981176863
36942	-49.2301881552049	-132.433298976574	-70.4201637561439	-83.2031108213687	-21.189975600939
36943	-56.2749765289393	-124.478261222349	-124.478261222349	-68.20328469341	-68.20328469341
36944	-48.6277921335692	-140.388336730798	-140.388336730798	-91.7605445972286	-91.7605445972286
36946	-48.6277921335692	-76.2056457592161	-40.8599666466971	-27.5778536256469	7.76782548687208
36947	-48.6277921335692	-123.574279659369	-123.574279659369	-74.9464875258002	-74.9464875258002
36948	-48.6277921335692	-99.9803608655907	-99.9803608655907	-51.3525687320215	-51.3525687320215
36949	-63.0383412253544	0	0	63.0383412253544	63.0383412253544
36950	-56.9782108632162	0	0	56.9782108632162	56.9782108632162
36951	-56.9782108632162	0	0	56.9782108632162	56.9782108632162
36952	-56.9782108632162	0	0	56.9782108632162	56.9782108632162
36953	-56.9782108632162	0	0	56.9782108632162	56.9782108632162
36954	-56.9782108632162	0	0	56.9782108632162	56.9782108632162
36955	-56.9782108632162	0	0	56.9782108632162	56.9782108632162
36956	-56.9782108632162	0	0	56.9782108632162	56.9782108632162
36957	-56.9782108632162	0	0	56.9782108632162	56.9782108632162
36958	-56.9782108632162	0	0	56.9782108632162	56.9782108632162
36959	-56.9782108632162	0	0	56.9782108632162	56.9782108632162
36960	-56.9782108632162	0	0	56.9782108632162	56.9782108632162
36961	-56.9782108632162	0	0	56.9782108632162	56.9782108632162
36962	-56.9782108632162	0	0	56.9782108632162	56.9782108632162
36963	-56.9782108632162	0	0	56.9782108632162	56.9782108632162
36964	-56.9782108632162	0	0	56.9782108632162	56.9782108632162
36965	-56.9782108632162	0	0	56.9782108632162	56.9782108632162
36966	-56.9782108632162	0	0	56.9782108632162	56.9782108632162
36967	-56.9782108632162	0	0	56.9782108632162	56.9782108632162
36968	-56.9782108632162	0	0	56.9782108632162	56.9782108632162
36969	-56.9782108632162	0	0	56.9782108632162	56.9782108632162
36970	-56.9782108632162	0	0	56.9782108632162	56.9782108632162
36971	-56.9782108632162	0	0	56.9782108632162	56.9782108632162
36972	-56.9782108632162	0	0	56.9782108632162	56.9782108632162
36973	-56.9782108632162	0	0	56.9782108632162	56.9782108632162
36974	-56.9782108632162	0	0	56.9782108632162	56.9782108632162
36975	-56.9782108632162	0	0	56.9782108632162	56.9782108632162
36976	-56.9782108632162	0	0	56.9782108632162	56.9782108632162
36977	-56.9782108632162	0	0	56.9782108632162	56.9782108632162
36978	-56.9782108632162	0	0	56.9782108632162	56.9782108632162
36979	-56.9782108632162	0	0	56.9782108632162	56.9782108632162
36980	-56.9782108632162	0	0	56.9782108632162	56.9782108632162
36981	-56.9782108632162	0	0	56.9782108632162	56.9782108632162
36982	-56.9782108632162	0	0	56.9782108632162	56.9782108632162
36983	-56.9782108632162	0	0	56.9782108632162	56.9782108632162
36984	-56.9782108632162	0	0	56.9782108632162	56.9782108632162
36985	-56.9782108632162	0	0	56.9782108632162	56.9782108632162
36986	-56.9782108632162	0	0	56.9782108632162	56.9782108632162
36987	-56.9782108632162	0	0	56.9782108632162	56.9782108632162
36988	-56.9782108632162	0	0	56.9782108632162	56.9782108632162
36989	-56.9782108632162	0	0	56.9782108632162	56.9782108632162
36990	-56.9782108632162	0	0	56.9782108632162	56.9782108632162
36991	-56.9782108632162	0	0	56.9782108632162	56.9782108632162
36992	-56.9782108632162	0	0	56.9782108632162	56.9782108632162
36993	-56.9782108632162	0	0	56.9782108632162	56.9782108632162
36994	-56.9782108632162	0	0	56.9782108632162	56.9782108632162
36995	-56.9782108632162	0	0	56.9782108632162	56.9782108632162
36996	-56.9782108632162	0	0	56.9782108632162	56.9782108632162
36997	-56.9782108632162	0	0	56.9782108632162	56.9782108632162
36998	-56.9782108632162	0	0	56.9782108632162	56.9782108632162
36999	-53.7290155511301	0	0	53.7290155511301	53.7290155511301
37000	-53.7290155511301	0	0	53.7290155511301	53.7290155511301
37001	-53.7290155511301	0	0	53.7290155511301	53.7290155511301
37002	-47.9155638595324	0	0	47.9155638595324	47.9155638595324
37008	-110.256184195175	0	0	110.256184195175	110.256184195175
37011	-110.256184195175	0	0	110.256184195175	110.256184195175
37013	-110.256184195175	0	0	110.256184195175	110.256184195175
37014	-110.256184195175	0	0	110.256184195175	110.256184195175
37017	-110.256184195175	0	0	110.256184195175	110.256184195175
37020	-110.256184195175	-107.483407838325	-107.483407838325	2.7727763568497	2.7727763568497
37021	-113.896088660234	0	0	113.896088660234	113.896088660234
37025	-110.256184195175	0	0	110.256184195175	110.256184195175
37026	-50.2479105935347	-79.5503775422421	-51.8885417150534	-29.3024669487074	-1.64063112151871
37028	-66.3634974923095	0	0	66.3634974923095	66.3634974923095
37029	-98.7395795496348	-107.031417056835	-107.031417056835	-8.29183750720011	-8.29183750720011
37030	-98.7395795496348	0	0	98.7395795496348	98.7395795496348
37031	-98.7395795496348	0	0	98.7395795496348	98.7395795496348
37032	-98.7395795496348	0	0	98.7395795496348	98.7395795496348
37035	-98.7395795496348	0	0	98.7395795496348	98.7395795496348
37036	-98.7395795496348	-104.771463149385	-104.771463149385	-6.03188359975005	-6.03188359975005
37037	-98.7395795496348	0	0	98.7395795496348	98.7395795496348
37038	-98.7395795496348	0	0	98.7395795496348	98.7395795496348
37039	-98.2021587916351	0	0	98.2021587916351	98.2021587916351
37041	-98.2021587916351	-103.053898179723	-103.053898179723	-4.85173938808769	-4.85173938808769
37042	-98.2021587916351	0	0	98.2021587916351	98.2021587916351
37043	-98.7395795496348	-104.952259461981	-81.5391369807982	-6.21267991234605	17.2004425688366
37044	-98.7395795496348	0	0	98.7395795496348	98.7395795496348
37045	-98.7395795496348	0	0	98.7395795496348	98.7395795496348
37046	-98.7395795496348	0	0	98.7395795496348	98.7395795496348
37047	-98.7395795496348	0	0	98.7395795496348	98.7395795496348
37048	-98.7395795496348	0	0	98.7395795496348	98.7395795496348
37049	-98.7395795496348	0	0	98.7395795496348	98.7395795496348
37050	-55.2014711605174	0	0	55.2014711605174	55.2014711605174
37051	-79.8611227882974	0	0	79.8611227882974	79.8611227882974
37052	-79.8611227882974	0	0	79.8611227882974	79.8611227882974
37053	-79.8611227882974	-94.4984665725508	-94.3574240851291	-14.6373437842535	-14.4963012968317
37054	-72.3823655088826	-84.907577427874	-84.907577427874	-12.5252119189914	-12.5252119189914
37055	-79.8611227882974	-105.07665312918	-105.07665312918	-25.2155303408823	-25.2155303408823
37056	-79.8611227882974	-84.4844499656089	-67.1362240127376	-4.6233271773115	12.7248987755598
37057	-79.8611227882974	0	0	79.8611227882974	79.8611227882974
37058	-79.8611227882974	0	0	79.8611227882974	79.8611227882974
37059	-79.8611227882974	-86.3180023020912	-86.3180023020912	-6.45687951379384	-6.45687951379384
37060	-79.8611227882974	-85.6127898649826	-85.6127898649826	-5.75166707668524	-5.75166707668524
37061	-79.8611227882974	-88.5746821008387	-67.8414364498462	-8.71355931254132	12.0196863384512
37062	-79.8611227882974	0	0	79.8611227882974	79.8611227882974
37063	-72.3823655088826	0	0	72.3823655088826	72.3823655088826
37064	-72.3823655088826	0	0	72.3823655088826	72.3823655088826
37065	-72.3823655088826	-83.0740250913917	-64.5974592391467	-10.6916595825091	7.78490626973596
37066	-72.3823655088826	-97.883486270672	-97.883486270672	-25.5011207617894	-25.5011207617894
37067	-72.3823655088826	0	0	72.3823655088826	72.3823655088826
37068	-84.1103405821123	0	0	84.1103405821123	84.1103405821123
37069	-54.9495831001794	0	0	54.9495831001794	54.9495831001794
37070	-54.9495831001794	0	0	54.9495831001794	54.9495831001794
37071	-54.9495831001794	0	0	54.9495831001794	54.9495831001794
37072	-54.9495831001794	0	0	54.9495831001794	54.9495831001794
37073	-54.9495831001794	0	0	54.9495831001794	54.9495831001794
37074	-54.9495831001794	0	0	54.9495831001794	54.9495831001794
37075	-54.9495831001794	0	0	54.9495831001794	54.9495831001794
37076	-54.9495831001794	0	0	54.9495831001794	54.9495831001794
37077	-54.9495831001794	0	0	54.9495831001794	54.9495831001794
37078	-54.9495831001794	0	0	54.9495831001794	54.9495831001794
37079	-54.9495831001794	0	0	54.9495831001794	54.9495831001794
37080	-54.9495831001794	0	0	54.9495831001794	54.9495831001794
37081	-47.9762869280105	0	0	47.9762869280105	47.9762869280105
37082	-47.9762869280105	0	0	47.9762869280105	47.9762869280105
37083	-47.9762869280105	0	0	47.9762869280105	47.9762869280105
37084	-51.1054312844789	0	0	51.1054312844789	51.1054312844789
37085	-51.1054312844789	0	0	51.1054312844789	51.1054312844789
37086	-51.1054312844789	0	0	51.1054312844789	51.1054312844789
37087	-51.1054312844789	0	0	51.1054312844789	51.1054312844789
37088	-51.1054312844789	0	0	51.1054312844789	51.1054312844789
37089	-33.9301900115102	0	0	33.9301900115102	33.9301900115102
37090	-33.9301900115102	0	0	33.9301900115102	33.9301900115102
37091	-33.9301900115102	0	0	33.9301900115102	33.9301900115102
37092	-33.9301900115102	0	0	33.9301900115102	33.9301900115102
37093	-45.1115744320734	-57.9452181870196	-57.9452181870196	-12.8336437549461	-12.8336437549461
37094	-50.5502909161307	0	0	50.5502909161307	50.5502909161307
37095	-99.4683991164318	-92.8972087228778	-73.2922783105822	6.57119039355399	26.1761208058496
37096	-99.4683991164318	-96.2149661772663	-74.398197462045	3.25343293916549	25.0702016543868
37097	-99.4683991164318	-99.9348760503686	-81.4358647895357	-0.466476933936761	18.0325343268961
37098	-88.2091684463183	0	0	88.2091684463183	88.2091684463183
37099	-88.2091684463183	-108.839380182795	-92.0253231113665	-20.6302117364766	-3.81615466504817
37100	-88.2091684463183	0	0	88.2091684463183	88.2091684463183
37101	-88.2091684463183	0	0	88.2091684463183	88.2091684463183
37102	-88.2091684463183	0	0	88.2091684463183	88.2091684463183
37103	-88.2091684463183	0	0	88.2091684463183	88.2091684463183
37104	-88.2091684463183	0	0	88.2091684463183	88.2091684463183
37105	-88.2091684463183	0	0	88.2091684463183	88.2091684463183
37106	-88.2091684463183	0	0	88.2091684463183	88.2091684463183
37107	-88.2091684463183	0	0	88.2091684463183	88.2091684463183
37109	-95.1878424879261	0	0	95.1878424879261	95.1878424879261
37110	-103.106657513106	0	0	103.106657513106	103.106657513106
37111	-103.106657513106	0	0	103.106657513106	103.106657513106
37112	-103.106657513106	0	0	103.106657513106	103.106657513106
37113	-95.1878424879261	0	0	95.1878424879261	95.1878424879261
37114	-95.1878424879261	0	0	95.1878424879261	95.1878424879261
37115	-103.106657513106	0	0	103.106657513106	103.106657513106
37116	-103.106657513106	0	0	103.106657513106	103.106657513106
37117	-88.3910097177153	0	0	88.3910097177153	88.3910097177153
37118	-88.3910097177153	-103.957879742703	-103.957879742703	-15.5668700249875	-15.5668700249875
37119	-88.3910097177153	0	0	88.3910097177153	88.3910097177153
37120	-95.1878424879261	0	0	95.1878424879261	95.1878424879261
37121	-88.3910097177153	0	0	88.3910097177153	88.3910097177153
37122	-88.3910097177153	0	0	88.3910097177153	88.3910097177153
37123	-88.3910097177153	0	0	88.3910097177153	88.3910097177153
37124	-88.3910097177153	0	0	88.3910097177153	88.3910097177153
37125	-88.3910097177153	0	0	88.3910097177153	88.3910097177153
37126	-95.1878424879261	0	0	95.1878424879261	95.1878424879261
37127	-88.3910097177153	0	0	88.3910097177153	88.3910097177153
37128	-88.3910097177153	0	0	88.3910097177153	88.3910097177153
37129	-95.1878424879261	0	0	95.1878424879261	95.1878424879261
37130	-95.1878424879261	0	0	95.1878424879261	95.1878424879261
37131	-95.1878424879261	0	0	95.1878424879261	95.1878424879261
37132	-95.1878424879261	0	0	95.1878424879261	95.1878424879261
37133	-95.1878424879261	0	0	95.1878424879261	95.1878424879261
37134	-95.1878424879261	0	0	95.1878424879261	95.1878424879261
37135	-95.1878424879261	0	0	95.1878424879261	95.1878424879261
37136	-88.3910097177153	0	0	88.3910097177153	88.3910097177153
37137	-88.3910097177153	0	0	88.3910097177153	88.3910097177153
37138	-88.3910097177153	0	0	88.3910097177153	88.3910097177153
37139	-95.1878424879261	0	0	95.1878424879261	95.1878424879261
37140	-103.106657513106	0	0	103.106657513106	103.106657513106
37141	-88.3910097177153	0	0	88.3910097177153	88.3910097177153
37142	-100.037194801696	0	0	100.037194801696	100.037194801696
37143	-95.1878424879261	0	0	95.1878424879261	95.1878424879261
37144	-95.1878424879261	0	0	95.1878424879261	95.1878424879261
37145	-95.1878424879261	0	0	95.1878424879261	95.1878424879261
37146	-95.1878424879261	0	0	95.1878424879261	95.1878424879261
37147	-95.1878424879261	0	0	95.1878424879261	95.1878424879261
37148	-95.1878424879261	0	0	95.1878424879261	95.1878424879261
37149	-95.1878424879261	0	0	95.1878424879261	95.1878424879261
37150	-95.1878424879261	0	0	95.1878424879261	95.1878424879261
37151	-63.7396845532378	0	0	63.7396845532378	63.7396845532378
37152	-63.7396845532378	0	0	63.7396845532378	63.7396845532378
37153	-63.7396845532378	0	0	63.7396845532378	63.7396845532378
37154	-63.7396845532378	0	0	63.7396845532378	63.7396845532378
37155	-63.7396845532378	0	0	63.7396845532378	63.7396845532378
37156	-63.7396845532378	0	0	63.7396845532378	63.7396845532378
37157	-63.7396845532378	0	0	63.7396845532378	63.7396845532378
37158	-63.7396845532378	0	0	63.7396845532378	63.7396845532378
37159	-63.7396845532378	0	0	63.7396845532378	63.7396845532378
37160	-55.9904206217885	0	0	55.9904206217885	55.9904206217885
37161	-55.9904206217885	0	0	55.9904206217885	55.9904206217885
37162	-55.9904206217885	0	0	55.9904206217885	55.9904206217885
37163	-53.7267040748252	0	0	53.7267040748252	53.7267040748252
37164	-53.7267040748252	0	0	53.7267040748252	53.7267040748252
37165	-53.7267040748252	0	0	53.7267040748252	53.7267040748252
37166	-53.7267040748252	0	0	53.7267040748252	53.7267040748252
37167	-53.7267040748252	0	0	53.7267040748252	53.7267040748252
37168	-53.7267040748252	0	0	53.7267040748252	53.7267040748252
37169	-53.7267040748252	0	0	53.7267040748252	53.7267040748252
37170	-53.7267040748252	0	0	53.7267040748252	53.7267040748252
37171	-53.7267040748252	0	0	53.7267040748252	53.7267040748252
37172	-53.7267040748252	0	0	53.7267040748252	53.7267040748252
37173	-53.7267040748252	0	0	53.7267040748252	53.7267040748252
37174	-53.7267040748252	0	0	53.7267040748252	53.7267040748252
37175	-53.7267040748252	0	0	53.7267040748252	53.7267040748252
37176	-53.7267040748252	0	0	53.7267040748252	53.7267040748252
37177	-53.7267040748252	0	0	53.7267040748252	53.7267040748252
37178	-53.7267040748252	0	0	53.7267040748252	53.7267040748252
37179	-53.7267040748252	0	0	53.7267040748252	53.7267040748252
37180	-53.7267040748252	0	0	53.7267040748252	53.7267040748252
37181	-53.7267040748252	0	0	53.7267040748252	53.7267040748252
37182	-53.7267040748252	0	0	53.7267040748252	53.7267040748252
37183	-53.7267040748252	0	0	53.7267040748252	53.7267040748252
37184	-53.7267040748252	0	0	53.7267040748252	53.7267040748252
37186	-62.5597389602725	-57.0412366240396	-57.0412366240396	5.51850233623295	5.51850233623295
37187	-89.1692067462365	-57.2220329366356	-57.2220329366356	31.947173809601	31.947173809601
37188	-89.1692067462365	0	0	89.1692067462365	89.1692067462365
37189	-58.723525472106	0	0	58.723525472106	58.723525472106
37190	-58.723525472106	0	0	58.723525472106	58.723525472106
37191	-58.723525472106	0	0	58.723525472106	58.723525472106
37192	-58.723525472106	0	0	58.723525472106	58.723525472106
37193	-58.723525472106	0	0	58.723525472106	58.723525472106
37194	-50.7555880455345	-61.2277057491695	-61.2277057491695	-10.4721177036349	-10.4721177036349
37195	-50.7555880455345	-87.0659986515283	-87.0659986515283	-36.3104106059938	-36.3104106059938
37196	-64.301866079927	-66.8578396111621	-40.4163180807326	-2.55597353123507	23.8855479991944
37197	-64.301866079927	0	0	64.301866079927	64.301866079927
37198	-64.301866079927	0	0	64.301866079927	64.301866079927
37199	-64.301866079927	0	0	64.301866079927	64.301866079927
37200	-64.301866079927	0	0	64.301866079927	64.301866079927
37201	-64.301866079927	-61.127167644491	-61.127167644491	3.17469843543596	3.17469843543596
37202	-64.301866079927	0	0	64.301866079927	64.301866079927
37203	-64.301866079927	-90.1826798965599	-55.7986480965338	-25.880813816633	8.50321798339324
37204	-43.1156055424203	0	0	43.1156055424203	43.1156055424203
37205	-64.301866079927	-61.0266295398126	-61.0266295398126	3.27523654011442	3.27523654011442
37206	-64.301866079927	0	0	64.301866079927	64.301866079927
37207	-64.301866079927	-61.127167644491	-61.127167644491	3.17469843543596	3.17469843543596
37208	-50.7555880455345	0	0	50.7555880455345	50.7555880455345
37209	-54.8789690320114	-88.6805913283404	-88.6805913283404	-33.801622296329	-33.801622296329
37210	-54.8789690320114	0	0	54.8789690320114	54.8789690320114
37211	-54.8789690320114	0	0	54.8789690320114	54.8789690320114
37212	-56.9573133153836	-87.0534245149764	-87.0534245149764	-30.0961111995928	-30.0961111995928
37213	-54.8305459510986	-71.8665342569119	-71.8665342569119	-17.0359883058134	-17.0359883058134
37214	-68.7628169496793	0	0	68.7628169496793	68.7628169496793
37215	-88.7089323865719	0	0	88.7089323865719	88.7089323865719
37216	-88.7089323865719	0	0	88.7089323865719	88.7089323865719
37217	-90.3744170586768	-90.0191139835317	-64.4515549822919	0.355303075145088	25.9228620763849
37218	-90.3744170586768	-88.9537990251467	-71.3761022117944	1.42061803353008	18.9983148468824
37219	-90.3744170586768	-76.8802294967835	-76.8802294967835	13.4941875618933	13.4941875618933
37220	-90.3744170586768	-90.0191139835317	-68.1801573366394	0.355303075145088	22.1942597220374
37221	-90.3744170586768	-96.9436612130341	-96.9436612130341	-6.56924415435734	-6.56924415435734
37222	-87.2926382643322	-87.5333790806334	-68.0026048435752	-0.240740816301184	19.290033420757
37223	-87.2926382643322	-92.3272963933658	-69.0679198019602	-5.03465812903363	18.224718462372
37224	-55.4664821938094	0	0	55.4664821938094	55.4664821938094
37225	-42.7961678045608	0	0	42.7961678045608	42.7961678045608
37226	-55.087397157717	-111.325413151232	-111.325413151232	-56.2380159935145	-56.2380159935145
37227	-55.087397157717	-88.9537990251467	-61.2556101071369	-33.8664018674298	-6.16821294941996
37228	-55.087397157717	0	0	55.087397157717	55.087397157717
37229	-55.087397157717	-78.3006494412968	-50.602460523287	-23.2132522835798	4.48493663442992
37230	-55.087397157717	-74.0393896077568	-48.8269355926454	-18.9519924500399	6.26046156507159
37231	-111.423545333285	0	0	111.423545333285	111.423545333285
37232	-93.5939527003263	0	0	93.5939527003263	93.5939527003263
37233	-62.5589733881623	-34.6224938621349	-34.6224938621349	27.9364795260273	27.9364795260273
37234	-58.1516592657806	0	0	58.1516592657806	58.1516592657806
37235	-55.0816048131776	-94.6468696440086	-34.532095705837	-39.5652648308309	20.5495091073407
37236	-54.8841637667299	0	0	54.8841637667299	54.8841637667299
37237	-54.8841637667299	0	0	54.8841637667299	54.8841637667299
37238	-95.00826852577	0	0	95.00826852577	95.00826852577
37240	-95.00826852577	-84.9742669201223	-71.4145434754219	10.0340016056477	23.5937250503481
37241	-95.00826852577	0	0	95.00826852577	95.00826852577
37246	-74.3744339811906	-94.921594034816	-94.921594034816	-20.5471600536254	-20.5471600536254
37247	-74.3744339811906	-96.0499339341897	-96.0499339341897	-21.6754999529991	-21.6754999529991
37248	-74.3744339811906	-84.7665349404523	-57.5453348680608	-10.3921009592617	16.8290991131298
37249	-103.484879426888	0	0	103.484879426888	103.484879426888
37250	-88.7587603539173	0	0	88.7587603539173	88.7587603539173
37251	-103.484879426888	0	0	103.484879426888	103.484879426888
37252	-103.484879426888	0	0	103.484879426888	103.484879426888
37253	-103.484879426888	0	0	103.484879426888	103.484879426888
37254	-103.484879426888	0	0	103.484879426888	103.484879426888
37255	-103.484879426888	0	0	103.484879426888	103.484879426888
37256	-103.484879426888	0	0	103.484879426888	103.484879426888
37257	-103.484879426888	0	0	103.484879426888	103.484879426888
37258	-110.455513500393	0	0	110.455513500393	110.455513500393
37259	-103.484879426888	0	0	103.484879426888	103.484879426888
37260	-103.484879426888	0	0	103.484879426888	103.484879426888
37261	-103.484879426888	0	0	103.484879426888	103.484879426888
37262	-103.484879426888	0	0	103.484879426888	103.484879426888
37263	-103.484879426888	0	0	103.484879426888	103.484879426888
37264	-103.484879426888	0	0	103.484879426888	103.484879426888
37265	-103.484879426888	0	0	103.484879426888	103.484879426888
37266	-103.484879426888	0	0	103.484879426888	103.484879426888
37267	-103.484879426888	0	0	103.484879426888	103.484879426888
37268	-103.484879426888	0	0	103.484879426888	103.484879426888
37269	-103.484879426888	0	0	103.484879426888	103.484879426888
37270	-103.484879426888	0	0	103.484879426888	103.484879426888
37271	-103.484879426888	0	0	103.484879426888	103.484879426888
37272	-103.484879426888	0	0	103.484879426888	103.484879426888
37273	-103.484879426888	0	0	103.484879426888	103.484879426888
37274	-103.484879426888	0	0	103.484879426888	103.484879426888
37275	-103.484879426888	0	0	103.484879426888	103.484879426888
37276	-103.484879426888	0	0	103.484879426888	103.484879426888
37277	-103.484879426888	0	0	103.484879426888	103.484879426888
37278	-103.484879426888	0	0	103.484879426888	103.484879426888
37279	-103.484879426888	0	0	103.484879426888	103.484879426888
37280	-103.484879426888	0	0	103.484879426888	103.484879426888
37281	-103.484879426888	0	0	103.484879426888	103.484879426888
37282	-103.484879426888	0	0	103.484879426888	103.484879426888
37283	-103.484879426888	0	0	103.484879426888	103.484879426888
37284	-103.484879426888	0	0	103.484879426888	103.484879426888
37285	-103.484879426888	0	0	103.484879426888	103.484879426888
37286	-103.484879426888	0	0	103.484879426888	103.484879426888
37287	-103.484879426888	0	0	103.484879426888	103.484879426888
37288	-75.3016655093114	0	0	75.3016655093114	75.3016655093114
37289	-75.3016655093114	-83.6381950410785	-83.6381950410785	-8.33652953176714	-8.33652953176714
37290	-75.3016655093114	-85.6127898649826	-85.6127898649826	-10.3111243556712	-10.3111243556712
37291	-75.3016655093114	-85.0486199152957	-85.0486199152957	-9.74695440598434	-9.74695440598434
37292	-79.5131814850437	0	0	79.5131814850437	79.5131814850437
37293	-66.2190206749579	-96.4730613964549	-96.4730613964549	-30.2540407214969	-30.2540407214969
37294	-66.2190206749579	-86.7411297643563	-86.7411297643563	-20.5221090893984	-20.5221090893984
37295	-66.2190206749579	0	0	66.2190206749579	66.2190206749579
37296	-66.2190206749579	-80.1121328555356	-63.6101618271946	-13.8931121805777	2.6088588477633
37297	-66.2190206749579	-126.797196192124	-126.797196192124	-60.5781755171662	-60.5781755171662
37298	-66.2190206749579	-112.410862475109	-112.410862475109	-46.191841800151	-46.191841800151
37299	-66.2190206749579	0	0	66.2190206749579	66.2190206749579
37300	-71.7520723669351	0	0	71.7520723669351	71.7520723669351
37301	-71.7520723669351	0	0	71.7520723669351	71.7520723669351
37302	-75.3016655093114	-82.7919401165483	-58.1095048177477	-7.49027460723686	17.1921606915637
37304	-112.4372751515	-111.912917496927	-111.912917496927	0.524357654572697	0.524357654572697
37305	-112.4372751515	0	0	112.4372751515	112.4372751515
37306	-112.4372751515	-109.924158058371	-87.9574060779564	2.51311709312876	24.4798690735433
37307	-125.779644942876	0	0	125.779644942876	125.779644942876
37308	-125.779644942876	0	0	125.779644942876	125.779644942876
37309	-125.779644942876	0	0	125.779644942876	125.779644942876
37310	-54.5869964996483	-80.8267826090553	-50.3570925510141	-26.239786109407	4.22990394863414
37311	-65.6590550007865	-87.9424587303943	-69.3322288745847	-22.2834037296078	-3.67317387379825
37312	-65.6590550007865	-83.5635811172626	-61.6691930516043	-17.9045261164762	3.98986194918217
37313	-43.3102748928623	-67.8726030035408	-48.7150134460898	-24.5623281106785	-5.40473855322741
37314	-73.9690613902292	-79.1847035041309	-55.6482363335483	-5.21564211390171	18.320825056681
37315	-73.9690613902292	-49.6272796154922	-49.6272796154922	24.341781774737	24.341781774737
37316	-54.4295202966644	-88.3073651981553	-55.2833298657873	-33.8778449014909	-0.853809569122866
37317	-74.6249453294439	-107.935398619815	-107.935398619815	-33.3104532903711	-33.3104532903711
37318	-72.2957490809254	0	0	72.2957490809254	72.2957490809254
37319	-72.2957490809254	-84.2510816697383	-84.2510816697383	-11.9553325888128	-11.9553325888128
37320	-72.2957490809254	0	0	72.2957490809254	72.2957490809254
37321	-72.2957490809254	0	0	72.2957490809254	72.2957490809254
37322	-72.2957490809254	0	0	72.2957490809254	72.2957490809254
37323	-72.2957490809254	0	0	72.2957490809254	72.2957490809254
37324	-72.2957490809254	-87.1438226712744	-87.1438226712744	-14.8480735903489	-14.8480735903489
37325	-72.2957490809254	0	0	72.2957490809254	72.2957490809254
37326	-74.6249453294439	-75.301664196236	-53.4253103721194	-0.676718866792172	21.1996349573244
37327	-69.3437723788062	-117.517603187403	-117.517603187403	-48.173830808597	-48.173830808597
37328	-69.3437723788062	-88.6805913283404	-88.6805913283404	-19.3368189495342	-19.3368189495342
37330	-69.3437723788062	-90.3077581417044	-64.0018946589857	-20.9639857628982	5.34187771982046
37331	-69.3437723788062	-101.065138741167	-100.974740584869	-31.7213663623605	-31.6309682060625
37332	-69.3437723788062	-100.161157178187	-46.3742541808753	-30.8173847993805	22.9695181979309
37337	-69.3437723788062	0	0	69.3437723788062	69.3437723788062
37339	-69.3437723788062	-55.3236716543775	-55.3236716543775	14.0201007244287	14.0201007244287
37340	-69.3437723788062	-55.4140698106755	-55.4140698106755	13.9297025681307	13.9297025681307
37342	-69.3437723788062	0	0	69.3437723788062	69.3437723788062
37343	-69.3437723788062	-83.5278964193543	-83.5278964193543	-14.1841240405481	-14.1841240405481
37344	-65.8088261470179	-90.8501470794925	-34.3512993932409	-25.0413209324746	31.4575267537769
37347	-65.8088261470179	-55.5948661232715	-55.5948661232715	10.2139600237464	10.2139600237464
37348	-74.6249453294439	-80.7255535741162	-56.0468569047615	-6.10060824467233	18.5780884246823
37349	-74.6249453294439	-79.4599793859442	-55.5948661232715	-4.83503405650029	19.0300792061723
