36455	-52.8803276876771	-49.3573933387093	-47.9110228379413	3.52293434896776	4.9693048497358
36456	-52.8803276876771	-49.0861988698153	-47.2782357438553	3.79412881786177	5.60209194382181
36457	-52.8803276876771	-48.7246062446233	-47.3686339001533	4.15572144305377	5.51169378752379
36458	-52.8803276876771	-50.8941619957754	-49.2669951824113	1.9861656919017	3.61333250526575
36459	-52.8803276876771	-45.0182818364052	-43.5719113356372	7.86204585127188	9.30841635203989
36460	-52.8803276876771	-48.1822173068353	-45.1086799927032	4.69811038084179	7.77164769497386
36461	-81.1386973056473	-77.9455444551685	-75.8149145383985	3.19315285047878	5.32378276724876
36463	-92.9997035792153	-59.6576376695594	-56.994350273597	33.3420659096558	36.0053533056183
36465	-92.9997035792153	-61.2556101071369	-57.8821127389178	31.7440934720783	35.1175908402974
36466	-92.9997035792153	-64.2740024892278	-60.5454001348803	28.7257010899875	32.454303444335
36467	-92.9997035792153	-57.7045602458537	-56.1065878082762	35.2951433333616	36.8931157709391
36468	-90.9670159581001	-77.2353344829118	-75.6373620453343	13.7316814751883	15.3296539127658
36469	-90.9670159581001	-79.0108594135535	-76.5251245106551	11.9561565445466	14.441891447445
36470	-90.9670159581001	-74.9271520730777	-73.151627142436	16.0398638850224	17.8153888156641
36471	-90.9670159581001	-75.6373620453343	-72.9740746493719	15.3296539127658	17.9929413087282
36472	-90.9670159581001	-75.8149145383985	-73.6842846216285	15.1521014197016	17.2827313364716
36473	-90.9670159581001	-66.4046324059977	-63.9188975030994	24.5623835521023	27.0481184550007
36474	-90.9670159581001	-75.4598095522701	-72.9740746493719	15.5072064058299	17.9929413087282
36475	-90.9670159581001	-75.6373620453343	-74.216942100821	15.3296539127658	16.7500738572791
36476	-90.9670159581001	-77.5904394690401	-76.347572017591	13.37657648906	14.6194439405091
36477	-90.9670159581001	-78.8333069204893	-77.0577819898476	12.1337090376108	13.9092339682525
36478	-95.2363403956629	-67.825052350511	-64.4515549822919	27.4112880451519	30.7847854133711
36479	-95.2363403956629	-75.8149145383985	-73.3291796355002	19.4214258572644	21.9071607601628
36480	-95.2363403956629	-74.5720470869493	-71.7312071979227	20.6642933087136	23.5051331977403
36481	-95.2363403956629	-72.2638646771152	-67.825052350511	22.9724757185478	27.4112880451519
36482	-95.2363403956629	-74.7495995800135	-72.4414171701794	20.4867408156494	22.7949232254836
36483	-95.2363403956629	-79.3659643996818	-75.8149145383985	15.8703759959812	19.4214258572644
36484	-90.0183259911298	-75.6373620453343	-74.0393896077568	14.3809639457955	15.978936383373
36485	-90.0183259911298	-76.8802294967835	-75.1047045661418	13.1380964943463	14.913621424988
36486	-90.0183259911298	-72.9740746493719	-71.020997225666	17.044251341758	18.9973287654638
36487	-96.4109059942021	-73.6842846216285	-71.9087596909869	22.7266213725735	24.5021463032152
36488	-67.7452196638429	-55.7756624358675	-53.1541159032254	11.9695572279754	14.5911037606175
36493	-77.4218154899078	-72.86091397619	-70.1489692872499	4.56090151371784	7.27284620265792
36494	-77.4218154899078	-51.2557546209674	-49.8093841201994	26.1660608689404	27.6124313697085
36496	-77.4218154899078	-53.7869029973115	-51.3461527772654	23.6349124925963	26.0756627126424
36498	-108.093775102356	-82.8951093252682	-80.9063498867122	25.1986657770882	27.1874252156442
36499	-59.3859914707149	-59.3915886877876	-57.4028292492316	-0.00559721707271166	1.98316222148333
36501	-63.5817329377303	-44.6566892112132	-42.2159389911671	18.9250437265171	21.3657939465631
36502	-63.5817329377303	-47.9110228379413	-45.8318652430872	15.670710099789	17.749867694643
36503	-71.7373020624603	-62.1035333767277	-58.5780052811056	9.63376868573258	13.1592967813547
36504	-71.7373020624603	-57.3124310929336	-54.4196900913975	14.4248709695267	17.3176119710628
36505	-71.7373020624603	-52.7021251217354	-50.1709767453914	19.0351769407248	21.5663253170689
36506	-71.7373020624603	-54.7812827165895	-52.4309306528414	16.9560193458708	19.3063714096188
36507	-71.7373020624603	-50.8941619957754	-48.8150044009213	20.8431400666849	22.9222976615389
36508	-71.7373020624603	-51.9789398713514	-49.0861988698153	19.7583621911089	22.6511031926449
36509	-71.7373020624603	-55.4140698106755	-53.1541159032254	16.3232322517848	18.5831861592348
36510	-71.7373020624603	-54.4196900913975	-52.1597361839474	17.3176119710628	19.5775658785128
36511	-71.7373020624603	-53.9676993099075	-51.2557546209674	17.7696027525528	20.4815474414929
36512	-71.7373020624603	-53.1541159032254	-50.3517730579874	18.5831861592348	21.3855290044729
36513	-71.7373020624603	-55.0524771854835	-52.7021251217354	16.6848248769768	19.0351769407248
36514	-71.7373020624603	-52.4309306528414	-49.3573933387093	19.3063714096188	22.3799087237509
36515	-71.7373020624603	-59.7531813129796	-55.7756624358675	11.9841207494806	15.9616396265928
36516	-71.7373020624603	-55.2332734980795	-52.2501343402454	16.5040285643808	19.4871677222148
36517	-71.7373020624603	-52.5213288091394	-50.3517730579874	19.2159732533208	21.3855290044729
36518	-71.7373020624603	-54.1484956225035	-51.7077454024574	17.5888064399568	20.0295566600029
36519	-71.7373020624603	-64.2730891278797	-61.0187555011517	7.46421293458052	10.7185465613086
36520	-71.7373020624603	-55.5948661232715	-52.7925232780334	16.1424359391887	18.9447787844268
36521	-70.0919780628072	-50.2613749016894	-47.8206246816433	19.8306031611178	22.2713533811639
36522	-70.0919780628072	-51.9789398713514	-50.4421712142854	18.1130381914558	19.6498068485218
36523	-70.0919780628072	-51.2557546209674	-49.1765970261133	18.8362234418398	20.9153810366938
36524	-70.0919780628072	-51.3461527772654	-49.6285878076033	18.7458252855418	20.4633902552038
36525	-70.0919780628072	-54.3292919350995	-50.9845601520734	15.7626861277077	19.1074179107338
36526	-70.0919780628072	-66.5330430353298	-62.5555241582177	3.55893502747739	7.53645390458949
36527	-50.587064232124	-53.3349122158214	-50.2613749016894	-2.7478479836974	0.325689330434692
36528	-50.587064232124	-50.4421712142854	-47.7302265253453	0.144893017838676	2.85683770677874
36529	-50.587064232124	-52.5213288091394	-50.4421712142854	-1.93426457701538	0.144893017838676
36530	-50.587064232124	-51.8885417150534	-48.8150044009213	-1.30147748292936	1.77205983120273
36531	-50.587064232124	-53.3349122158214	-50.1709767453914	-2.7478479836974	0.416087486732685
36532	-50.587064232124	-59.5723850003836	-53.7869029973115	-8.98532076825958	-3.19983876518743
36533	-50.587064232124	-54.6004864039935	-51.7077454024574	-4.01342217186943	-1.12068117033335
36534	-70.0919780628072	-53.2445140595235	-49.0861988698153	16.8474640032837	21.0057791929919
36536	-74.3744339811906	-75.8808582328841	-74.1883483838235	-1.50642425169349	0.186085597367139
36537	-74.3744339811906	-76.0219007203058	-74.7525183335104	-1.6474667391152	-0.378084352319746
36538	-65.6980273258746	-53.455102732831	-52.1857203460355	12.2429245930436	13.512306979839
36539	-65.6980273258746	-53.3140602454093	-52.0446778586138	12.3839670804653	13.6533494672608
36540	-65.6980273258746	-55.8528250190002	-54.5834426322047	9.84520230687438	11.1145846936698
36541	-65.6980273258746	-54.0192726825179	-52.8909327831441	11.6787546433567	12.8070945427305
36542	-65.6980273258746	-55.1476125818916	-53.455102732831	10.550414743983	12.2429245930436
36543	-65.6980273258746	-52.8909327831441	-51.3394654215052	12.8070945427305	14.3585619043694
36544	-56.6522723924125	-50.7133656831794	-48.4534117757293	5.93890670923308	8.19886061668315
36545	-55.618546448041	-51.2557546209674	-49.2669951824113	4.36279182707361	6.35155126562967
36546	-55.618546448041	-51.1653564646694	-49.2669951824113	4.4531899833716	6.35155126562967
36547	-55.618546448041	-52.7925232780334	-50.8037638394774	2.82602317000757	4.81478260856363
36548	-55.618546448041	-52.3405324965434	-50.3517730579874	3.27801395149757	5.26677339005363
36549	-55.618546448041	-52.7021251217354	-50.5325693705834	2.91642132630557	5.08597707745764
36550	-55.618546448041	-52.8829214343314	-50.5325693705834	2.73562501370958	5.08597707745764
36551	-55.618546448041	-53.0637177469274	-49.7189859639014	2.55482870111356	5.89956048413964
36552	-55.618546448041	-51.3461527772654	-49.4477914950074	4.27239367077561	6.17075495303365
36553	-55.618546448041	-51.1653564646694	-49.3573933387093	4.4531899833716	6.26115310933167
36554	-55.618546448041	-53.6965048410135	-50.9845601520734	1.92204160702755	4.63398629596762
36555	-55.618546448041	-50.8037638394774	-48.0918191505373	4.81478260856363	7.5267272975037
36556	-55.618546448041	-50.1709767453914	-47.4590320564513	5.44756970264964	8.15951439158971
36557	-55.618546448041	-54.1484956225035	-51.0749583083714	1.47005082553753	4.54358813966962
36558	-55.618546448041	-50.5325693705834	-48.7246062446233	5.08597707745764	6.89394020341769
36559	-55.618546448041	-50.5325693705834	-48.2726154631333	5.08597707745764	7.34593098490768
36560	-56.6522723924125	-49.5381896513053	-47.2782357438553	7.11408274110711	9.37403664855718
36561	-56.6522723924125	-49.7189859639014	-47.9110228379413	6.9332864285111	8.74124955447117
36562	-56.6522723924125	-50.2613749016894	-48.0918191505373	6.39089749072311	8.56045324187515
36563	-56.6522723924125	-52.9733195906294	-50.9845601520734	3.67895280178301	5.66771224033907
36564	-55.618546448041	-52.5213288091394	-48.9958007135173	3.09721763890158	6.62274573452368
36566	-72.3648189663504	-50.0805785890934	-48.2726154631333	22.284240377257	24.0922035032171
36567	-72.3648189663504	-53.5157085284175	-51.6173472461594	18.8491104379329	20.747471720191
36568	-72.3648189663504	-52.1597361839474	-50.1709767453914	20.205082782403	22.193842220959
36569	-72.3648189663504	-55.6852642795695	-53.6965048410135	16.6795546867809	18.6683141253369
36570	-72.3648189663504	-54.3292919350995	-52.5213288091394	18.0355270312509	19.843490157211
36571	-72.3648189663504	-54.4196900913975	-52.7021251217354	17.9451288749529	19.662693844615
36572	-58.7595934687072	-56.8652001507145	-55.1477947770352	1.89439331799275	3.61179869167205
36573	-58.7595934687072	-56.1019088735237	-54.3845034998444	2.65768459518358	4.37508996886288
36574	-94.8761277525467	-80.1121328555356	-74.7525183335104	14.7639948970111	20.1236094190364
36575	-94.8761277525467	-77.8554530567881	-74.8935608209321	17.0206746957586	19.9825669316147
36576	-94.8761277525467	-65.3026716762553	-58.955759742278	29.5734560762915	35.9203680102688
36577	-66.8090917918952	-58.1260144996156	-55.1428753417815	8.68307729227962	11.6662164501137
36578	-62.9299596832478	-50.4421712142854	-48.1822173068353	12.4877884689624	14.7477423764125
36580	-57.7234374001077	-56.4018767246044	-52.7825049561806	1.32156067550329	4.9409324439271
36581	-59.2646332749749	-56.3780492690702	-54.5535169302653	2.8865840059047	4.71111634470953
36582	-60.0216824375735	-58.0201283739946	-56.1955960351897	2.00155406357893	3.82608640238382
36583	-60.0216824375735	-59.1148477772775	-57.2903154384726	0.90683466029602	2.73136699910085
36584	-60.0216824375735	-59.4797542450385	-58.2025816078751	0.541928192535032	1.81910082969844
36585	-60.0216824375735	-58.932394543397	-56.7429557368312	1.08928789417651	3.27872670074233
36586	-59.2646332749749	-56.1955960351897	-53.4587975269824	3.0690372397852	5.80583574799244
36587	-59.2646332749749	-56.1955960351897	-53.6412507608629	3.0690372397852	5.62338251411195
36588	-60.0216824375735	-58.3850348417556	-56.7429557368312	1.63664759581794	3.27872670074233
36589	-60.0216824375735	-59.8446607127995	-58.7499413095165	0.177021724774043	1.27174112805701
36590	-60.0216824375735	-58.7499413095165	-58.0201283739946	1.27174112805701	2.00155406357893
36591	-60.0216824375735	-57.8376751401141	-56.9254089707117	2.18400729745942	3.09627346686184
36592	-60.0216824375735	-57.2903154384726	-55.8306895674287	2.73136699910085	4.19099287014475
36593	-60.0216824375735	-57.4727686723531	-56.0131428013092	2.54891376522041	4.00853963626425
36594	-60.5619361336174	-57.1078622045922	-55.6482363335483	3.45407392902529	4.91369980006919
36595	-66.4455360121701	-57.8376751401141	-56.5605025029507	8.60786087205605	9.88503350921945
36596	-66.4455360121701	-58.2025816078751	-57.1078622045922	8.24295440429506	9.33767380757797
36597	-66.4455360121701	-57.4727686723531	-56.7429557368312	8.97276733981704	9.70258027533896
36598	-66.4455360121701	-58.3850348417556	-57.4727686723531	8.06050117041457	8.97276733981704
36599	-66.4455360121701	-56.9254089707117	-55.6482363335483	9.52012704145847	10.7972996786219
36600	-66.4455360121701	-58.0201283739946	-56.3780492690702	8.42540763817556	10.0674867430999
36601	-66.4455360121701	-56.1955960351897	-54.5535169302653	10.2499399769804	11.8920190819048
36602	-66.4455360121701	-55.4657830996678	-53.0938910592214	10.9797529125024	13.3516449529487
36607	-52.5467482719596	-48.4534117757293	-47.0974394312593	4.09333649623031	5.44930884070033
36608	-52.5467482719596	-48.9958007135173	-47.7302265253453	3.5509475584423	4.81652174661432
36609	-52.5467482719596	-48.6342080883253	-47.2782357438553	3.9125401836343	5.26851252810435
36610	-52.5467482719596	-47.9110228379413	-46.5550504934713	4.63572543401833	5.99169777848835
36611	-52.5467482719596	-50.1709767453914	-48.8150044009213	2.37577152656826	3.73174387103831
36612	-87.020852483285	-61.6515425952377	-59.1203942188936	25.3693098880473	27.9004582643914
36613	-87.020852483285	-87.8670079216584	-84.9742669201223	-0.846155438373373	2.04658556316269
36614	-87.020852483285	-84.1606835134403	-78.4655996666661	2.86016896984472	8.55525281661888
36615	-87.020852483285	-77.2904236347921	-75.392062352534	9.73042884849291	11.628790130751
36616	-87.020852483285	-90.5789526105984	-88.4997950157444	-3.55810012731345	-1.4789425324594
36618	-87.020852483285	-86.1494429519963	-82.8951093252682	0.871409531288663	4.12574315801676
36619	-87.020852483285	-90.3077581417044	-87.8670079216584	-3.28690565841944	-0.846155438373373
36620	-87.020852483285	-89.4941747350224	-87.5054152964664	-2.47332225173743	-0.48456281318137
36621	-87.020852483285	-89.3133784224264	-86.7822300460823	-2.29252593914141	0.23862243720265
36622	-87.020852483285	-88.0478042342544	-83.2567019504603	-1.02695175096939	3.76415053282474
36623	-54.1839105097578	-53.9676993099075	-52.2501343402454	0.216211199850299	1.93377616951235
36624	-54.8305459510986	-55.0524771854835	-53.2445140595235	-0.221931234384911	1.58603189157513
36625	-54.1839105097578	-53.6061066847155	-51.6173472461594	0.577803825042302	2.56656326359836
36626	-54.1839105097578	-53.2445140595235	-51.2557546209674	0.939396450234305	2.92815588879036
36627	-54.1839105097578	-54.3292919350995	-52.7021251217354	-0.145381425341704	1.48178538802232
36628	-54.1839105097578	-53.6061066847155	-51.1653564646694	0.577803825042302	3.01855404508836
36629	-65.7006321496319	-73.6241784341366	-70.944371173124	-7.92354628450467	-5.24373902349204
36630	-65.7006321496319	-63.7512043146164	-58.955759742278	1.94942783501558	6.74487240735398
36631	-43.4650495325471	-54.4196900913975	-51.7077454024574	-10.9546405588504	-8.24269586991031
36632	-43.4650495325471	-53.2445140595235	-50.7133656831794	-9.77946452697638	-7.2483161506323
36633	-43.4650495325471	-51.5269490898614	-49.9901804327954	-8.06189955731433	-6.52513090024829
36634	-78.0787752829317	-73.493701070276	-70.5105619124419	4.58507421265567	7.56821337048974
36635	-78.0787752829317	-79.7311738548382	-77.2904236347921	-1.6523985719065	0.788351648139567
36636	-43.4650495325471	-53.6061066847155	-51.1653564646694	-10.1410571521684	-7.70030693212232
36637	-43.4650495325471	-49.9901804327954	-47.2782357438553	-6.52513090024829	-3.8131862113082
36638	-43.4650495325471	-50.6229675268814	-48.8150044009213	-7.1579179943343	-5.34995486837423
36639	-40.5471440543351	-54.3292919350995	-51.7981435587554	-13.7821478807644	-11.2509995044203
36640	-58.8886280842451	-49.2669951824113	-45.8318652430872	9.62163290183378	13.0567628411579
36641	-58.8886280842451	-47.7302265253453	-44.4758928986172	11.1584015588998	14.4127351856279
36642	-58.8886280842451	-51.8885417150534	-49.4477914950074	7.00008636919171	9.44083658923776
36643	-58.8886280842451	-51.2557546209674	-49.0861988698153	7.63287346327772	9.80242921442979
36644	-58.8886280842451	-48.4534117757293	-45.1990781490012	10.4352163085158	13.6895499352439
36645	-64.2151996232632	-54.1484956225035	-51.0749583083714	10.0667040007597	13.1402413148918
36648	-57.722127253545	-51.7077454024574	-49.2669951824113	6.0143818510876	8.45513207113365
36649	-56.8784879012309	-54.7812827165895	-52.2501343402454	2.0972051846414	4.62835356098547
36650	-56.8784879012309	-55.2332734980795	-52.7021251217354	1.6452144031514	4.17636277949545
36651	-75.3662158637145	-54.6861678637628	-53.798405398442	20.6800479999517	21.5678104652725
36652	-75.3662158637145	-56.1065878082762	-55.0412728498912	19.2596280554383	20.3249430138233
36653	-75.3662158637145	-54.5086153706987	-53.4433004123137	20.8576004930158	21.9229154514008
36654	-75.3662158637145	-54.3310628776345	-53.2657479192495	21.03515298608	22.100467944465
36655	-75.3662158637145	-55.2188253429553	-53.9759578915062	20.1473905207592	21.3902579722083
36656	-75.3662158637145	-54.863720356827	-53.798405398442	20.5024955068875	21.5678104652725
36657	-75.3662158637145	-54.6861678637628	-53.6208529053778	20.6800479999517	21.7453629583367
36658	-75.3662158637145	-55.5739303290837	-54.3310628776345	19.7922855346308	21.03515298608
36659	-75.3662158637145	-54.863720356827	-53.6208529053778	20.5024955068875	21.7453629583367
36660	-71.7035728381813	-77.5904394690401	-75.282257059206	-5.88686663085878	-3.57868422102467
36661	-71.7035728381813	-78.6557544274251	-74.7495995800135	-6.95218158924376	-3.04602674183218
36662	-71.7035728381813	-68.1801573366394	-64.0964499961636	3.52341550154193	7.60712284201776
36663	-71.7035728381813	-78.6557544274251	-76.5251245106551	-6.95218158924376	-4.82155167247379
36664	-71.7035728381813	-63.0311350377786	-60.5454001348803	8.67243780040275	11.158172703301
36665	-71.7035728381813	-76.5251245106551	-74.5720470869493	-4.82155167247379	-2.868474248768
36666	-71.7035728381813	-77.0577819898476	-74.9271520730777	-5.35420915166628	-3.22357923489631
36667	-71.7035728381813	-81.4965943164518	-78.1230969482326	-9.79302147827042	-6.41952411005127
36668	-71.7035728381813	-60.1902951487519	-58.5923227111745	11.5132776894294	13.1112501270069
36669	-71.7035728381813	-66.0495274198694	-63.3862400239069	5.65404541831191	8.31733281427444
36670	-64.3596501012848	-58.4147702181103	-57.1719027666612	5.94487988317449	7.18774733462367
36671	-64.3596501012848	-71.7312071979227	-69.0679198019602	-7.37155709663786	-4.70826970067539
36672	-64.3596501012848	-68.7128148158319	-64.6291074753561	-4.35316471454708	-0.269457374071251
36673	-52.6988538663272	-46.8262449623653	-44.9278836801072	5.87260890396193	7.77097018621999
36674	-52.6988538663272	-47.1878375875573	-45.1086799927032	5.51101627876992	7.59017387362397
36675	-41.4492970801701	-49.7618383520745	-46.4305018933582	-8.31254127190437	-4.98120481318807
36676	-69.6026918000073	-61.1091536574497	-58.7588015937016	8.49353814255761	10.8438902063057
36677	-73.3154200036347	-60.2955702507676	-58.8491997499996	13.0198497528671	14.4662202536351
36678	-69.6026918000073	-60.8379591885556	-58.9395979062976	8.76473261145162	10.6630938937097
36679	-67.6983089281575	-64.0922928152837	-60.4763665633636	3.60601611287372	7.22194236479382
36680	-67.6983089281575	-59.3915886877876	-57.9452181870196	8.30672024036986	9.7530907411379
36681	-67.6983089281575	-58.7588015937016	-57.4932274055296	8.93950733445587	10.2050815226279
36682	-69.6026918000073	-71.8665342569119	-69.6969785057599	-2.26384245690468	-0.0942867057526229
36683	-69.6026918000073	-52.4309306528414	-50.8037638394774	17.1717611471658	18.7989279605299
36684	-69.6026918000073	-59.5723850003836	-50.1709767453914	10.0303067996236	19.4317150546159
36685	-68.6907433886543	-62.8267186271117	-60.8379591885556	5.86402476154262	7.85278420009868
36686	-68.6907433886543	-61.1995518137477	-59.6627831566816	7.49119157490667	9.02796023197271
36687	-76.2971669882472	-52.0693380276494	-50.8941619957754	24.2278289605977	25.4030049924718
36688	-76.2971669882472	-52.7021251217354	-51.5269490898614	23.5950418665117	24.7702178983858
36689	-74.4172968368536	-72.0473305695079	-71.0529508502299	2.36996626734562	3.36434598662365
36690	-74.4172968368536	-72.499321350998	-71.4145434754219	1.91797548585561	3.00275336143163
36691	-74.4172968368536	-72.589719507296	-71.3241453191239	1.8275773295576	3.09315151772964
36692	-73.842661563217	-63.5499038774957	-62.7363204708137	10.2927576857212	11.1063410924033
36693	-73.842661563217	-70.9625526939319	-68.7025987864819	2.88010886928502	5.14006277673509
36694	-77.5343898690556	-69.7873766620579	-67.5274227546078	7.74701320699768	10.0069671144477
36695	-77.5343898690556	-60.3859684070656	-58.9395979062976	17.1484214619899	18.594791962758
36696	-76.842323391681	-60.2955702507676	-59.1203942188936	16.5467531409134	17.7219291727874
36697	-77.1884380521995	-69.3353858805679	-65.8098577849458	7.85305217163157	11.3785802672537
36698	-77.1884380521995	-53.6965048410135	-52.2501343402454	23.491933211186	24.938303711954
36699	-77.1884380521995	-51.2557546209674	-49.2669951824113	25.9326834312321	27.9214428697881
36700	-77.1884380521995	-61.9227370641317	-58.3068108122116	15.2657009880678	18.8816272399879
36701	-77.1884380521995	-67.5274227546078	-64.6346817530717	9.66101529759163	12.5537562991277
36702	-77.1884380521995	-72.86091397619	-68.5218024738859	4.32752407600948	8.6666355783136
36704	-70.1131844942735	-58.7142531322085	-55.4970337824984	11.3989313620651	14.6161507117751
36705	-70.1131844942735	-52.9835811655375	-48.6604426643646	17.1296033287361	21.452741829909
36706	-67.1364628476933	-52.5814287468237	-50.1685142345412	14.5550341008696	16.9679486131521
36708	-79.703537753624	-56.5892458425495	-54.6004864039935	23.1142919110744	25.1030513496305
36709	-79.703537753624	-50.6229675268814	-48.9958007135173	29.0805702267426	30.7077370401066
36710	-79.703537753624	-51.9789398713514	-50.8037638394774	27.7245978822726	28.8997739141466
36711	-79.703537753624	-54.9620790291855	-53.1541159032254	24.7414587244385	26.5494218503985
36712	-79.703537753624	-52.0693380276494	-50.8037638394774	27.6341997259745	28.8997739141466
36713	-85.2620888077449	-55.5948661232715	-53.0637177469274	29.6672226844733	32.1983710608174
36714	-79.703537753624	-51.4365509335634	-50.2613749016894	28.2669868200606	29.4421628519346
36715	-79.703537753624	-51.3461527772654	-49.6285878076033	28.3573849763586	30.0749499460206
36716	-79.703537753624	-53.2445140595235	-51.6173472461594	26.4590236941005	28.0861905074646
36717	-79.703537753624	-51.8885417150534	-50.6229675268814	27.8149960385706	29.0805702267426
36718	-79.703537753624	-54.0580974662055	-52.0693380276494	25.6454402874185	27.6341997259745
36719	-79.703537753624	-55.4140698106755	-53.2445140595235	24.2894679429485	26.4590236941005
36720	-79.703537753624	-51.5269490898614	-50.4421712142854	28.1765886637626	29.2613665393386
36721	-79.703537753624	-52.4309306528414	-50.7133656831794	27.2726071007825	28.9901720704446
36722	-79.703537753624	-53.6061066847155	-51.5269490898614	26.0974310689085	28.1765886637626
36723	-79.703537753624	-51.8885417150534	-49.9901804327954	27.8149960385706	29.7133573208286
36724	-45.4583094649438	-57.4028292492316	-53.2445140595235	-11.9445197842878	-7.78620459457968
36725	-72.4347724371284	-54.3292919350995	-50.5325693705834	18.105480502029	21.9022030665451
36726	-72.4347724371284	-58.2164126559136	-55.3236716543775	14.2183597812148	17.1111007827509
36727	-72.4347724371284	-51.9789398713514	-48.3630136194313	20.455832565777	24.0717588176971
36728	-72.4347724371284	-54.0580974662055	-51.3461527772654	18.376674970923	21.088619659863
36729	-72.4347724371284	-55.5948661232715	-52.9733195906294	16.8399063138569	19.461452846499
36730	-72.4347724371284	-49.2669951824113	-47.7302265253453	23.1677772547171	24.7045459117831
36731	-72.4347724371284	-50.8941619957754	-49.3573933387093	21.540610441353	23.0773790984191
36732	-82.2315694627986	-79.1248354435836	-76.445028182571	3.10673401921501	5.78654128022767
36733	-82.2315694627986	-81.6636002171745	-78.1375380316316	0.567969245624099	4.09403143116704
36734	-82.2315694627986	-86.7411297643563	-83.4971525536568	-4.50956030155773	-1.26558309085821
36735	-82.2315694627986	-83.2150675788134	-81.2404727549093	-0.983498116014786	0.99109670788927
36736	-82.2315694627986	-79.406920418427	-77.432325594523	2.82464904437158	4.79924386827564
36737	-82.2315694627986	-85.0486199152957	-82.0867276794397	-2.81705045249713	0.144841783358956
36738	-82.2315694627986	-84.3434074781871	-80.6763028052225	-2.11183801538853	1.55526665757613
36739	-82.2315694627986	-80.5352603178008	-78.419623006475	1.69630914499784	3.81194645632361
36740	-82.2315694627986	-84.0613225033437	-80.9583877800659	-1.8297530405451	1.2731816827327
36741	-82.2315694627986	-81.3815152423311	-78.5606654938967	0.850054220467555	3.6709039689019
36742	-82.2315694627986	-84.4844499656089	-81.3815152423311	-2.25288050281024	0.850054220467555
36743	-82.2315694627986	-84.907577427874	-81.3815152423311	-2.67600796507539	0.850054220467555
36744	-82.2315694627986	-84.7665349404523	-82.0867276794397	-2.53496547765367	0.144841783358956
36745	-65.1467155644244	-57.3124310929336	-54.6004864039935	7.83428447149083	10.5462291604309
36746	-65.1467155644244	-58.3972089685096	-55.7756624358675	6.7495065959148	9.37105312855688
36747	-45.342746185962	-49.8093841201994	-47.3686339001533	-4.46663793423732	-2.02588771419126
36748	-45.342746185962	-50.1709767453914	-48.0014209942393	-4.82823055942932	-2.65867480827728
36749	-45.342746185962	-50.7133656831794	-46.1934578682792	-5.37061949721734	-0.850711682317204
36750	-45.342746185962	-49.1765970261133	-46.9166431186633	-3.83385084015131	-1.57389693270124
36751	-45.342746185962	-51.5269490898614	-47.0974394312593	-6.18420290389937	-1.75469324529725
36752	-45.342746185962	-49.9901804327954	-48.1822173068353	-4.64743424683333	-2.83947112087326
36753	-44.1010747668456	-43.7527076482332	-42.5775316163592	0.34836711861238	1.52354315048641
36754	-54.3255489726844	-50.4421712142854	-48.4534117757293	3.88337775839906	5.87213719695512
36755	-54.3255489726844	-52.3405324965434	-49.1765970261133	1.985016476141	5.14895194657109
36756	-54.3255489726844	-49.5381896513053	-47.5494302127493	4.78735932137909	6.77611875993514
36757	-80.4419652874959	-74.7495995800135	-57.3494552597253	5.69236570748234	23.0925100277706
36758	-80.4419652874959	-76.8802294967835	-75.1047045661418	3.56173579071236	5.33726072135403
36759	-80.4419652874959	-74.0393896077568	-62.3209250655219	6.40257567973902	18.1210402219739
36760	-80.4419652874959	-66.2270799129336	-62.1433725724578	14.2148853745623	18.2985927150381
36761	-80.4419652874959	-55.5739303290837	-52.9106429331212	24.8680349584122	27.5313223543747
36762	-80.4419652874959	-57.7045602458537	-55.929035315212	22.7374050416422	24.5129299722839
36766	-96.129843377046	-95.0988604254986	-92.9293046743465	1.03098295154744	3.2005387026995
36771	-96.129843377046	-92.0253231113665	-89.0421839535324	4.10452026567953	7.08765942351361
36772	-96.129843377046	-97.9012032707366	-95.0084622692006	-1.77135989369063	1.12138110784545
36773	-65.0888277066659	-48.0918191505373	-45.6510689304912	16.9970085561286	19.4377587761747
36774	-65.0888277066659	-50.1709767453914	-48.1822173068353	14.9178509612746	16.9066103998306
36775	-65.0888277066659	-47.8206246816433	-45.3798744615972	17.2682030250226	19.7089532450687
36776	-65.0888277066659	-48.7246062446233	-46.7358468060673	16.3642214620426	18.3529809005987
36777	-65.0888277066659	-51.8885417150534	-49.3573933387093	13.2002859916125	15.7314343679566
36778	-65.0888277066659	-48.5438099320273	-46.1030597119812	16.5450177746386	18.9857679946847
36779	-65.0888277066659	-51.7077454024574	-49.2669951824113	13.3810823042085	15.8218325242546
36780	-65.0888277066659	-49.4477914950074	-46.4646523371732	15.6410362116586	18.6241753694927
36781	-65.0888277066659	-51.2557546209674	-48.2726154631333	13.8330730856985	16.8162122435326
36782	-65.0888277066659	-52.0693380276494	-50.0805785890934	13.0194896790165	15.0082491175726
36783	-65.0888277066659	-49.9901804327954	-48.0014209942393	15.0986472738706	17.0874067124266
36784	-65.0888277066659	-50.1709767453914	-48.5438099320273	14.9178509612746	16.5450177746386
36785	-65.0888277066659	-48.0014209942393	-46.0126615556833	17.0874067124266	19.0761661509827
36786	-65.0888277066659	-50.2613749016894	-48.6342080883253	14.8274528049766	16.4546196183406
36787	-65.0888277066659	-52.5213288091394	-50.3517730579874	12.5674988975265	14.7370546486786
36788	-65.0888277066659	-51.1653564646694	-49.3573933387093	13.9234712419965	15.7314343679566
36789	-65.0888277066659	-50.8941619957754	-49.1765970261133	14.1946657108905	15.9122306805526
36790	-65.0888277066659	-46.3742541808753	-43.6623094919352	18.7145735257907	21.4265182147307
36791	-85.6018115136956	-63.1883112523037	-61.0187555011517	22.4135002613919	24.583056012544
36792	-84.3705710048093	-76.3864420718121	-74.21688632066	7.98412893299722	10.1536846841493
36793	-84.3705710048093	-64.3634872841777	-61.9227370641317	20.0070837206316	22.4478339406776
36794	-84.3705710048093	-69.0641914116739	-63.6403020337937	15.3063795931354	20.7302689710156
36795	-84.3705710048093	-76.9288310096001	-75.030469727342	7.4417399952092	9.34010127746726
36796	-84.3705710048093	-76.8384328533021	-75.392062352534	7.53213815150721	8.97850865227525
36797	-85.6018115136956	-76.3864420718121	-73.855293695468	9.21536944188357	11.7465178182276
36798	-84.3705710048093	-77.6520162599841	-76.2056457592161	6.7185547448252	8.16492524559322
36799	-84.3705710048093	-76.1152476029181	-74.578478945852	8.25532340189123	9.79209205895728
36800	-84.3705710048093	-77.2000254784941	-74.940071571044	7.17054552631521	9.43049943376526
36801	-85.6018115136956	-77.2000254784941	-75.301664196236	8.40178603520155	10.3001473174596
36802	-86.9004823185377	-77.7424144162821	-75.9344512903221	9.15806790225562	10.9660310282157
36803	-85.6999424461407	-73.041710288786	-70.2393674435479	12.6582321573547	15.4605750025928
36804	-91.4740601787624	-72.86091397619	-71.1433490065279	18.6131462025724	20.3307111722345
36805	-86.8720770927846	-77.2000254784941	-74.488080789554	9.67205161429054	12.3839963032306
36806	-86.8720770927846	-77.1096273221961	-74.126488164362	9.76244977058853	12.7455889284226
36807	-86.0872441770598	-76.9288310096001	-75.030469727342	9.15841316745968	11.0567744497177
36808	-86.0872441770598	-76.0248494466201	-74.307284476958	10.0623947304397	11.7799597001018
36809	-86.0872441770598	-60.9283573448537	-59.3011905314896	25.1588868322061	26.7860536455702
36810	-86.0872441770598	-76.5672383844081	-74.759275258448	9.5200057926517	11.3279689186117
36811	-86.0872441770598	-75.663256821428	-74.036090008064	10.4239873556317	12.0511541689958
36812	-86.0872441770598	-76.7480346970041	-74.849673414746	9.3392094800557	11.2375707623138
36813	-86.0872441770598	-76.9288310096001	-75.211266039938	9.15841316745968	10.8759781371217
36814	-86.0872441770598	-76.1152476029181	-74.488080789554	9.97199657414171	11.5991633875058
36815	-86.0872441770598	-73.945691851766	-72.318525038402	12.1415523252938	13.7687191386578
36816	-86.0872441770598	-76.5672383844081	-74.849673414746	9.5200057926517	11.2375707623138
36817	-86.0872441770598	-74.036090008064	-72.137728725806	12.0511541689958	13.9495154512538
36818	-86.0872441770598	-75.392062352534	-74.036090008064	10.6951818245257	12.0511541689958
36819	-84.3705710048093	-78.4655996666661	-76.6576365407061	5.90497133814317	7.71293446410321
36820	-84.3705710048093	-77.4712199473881	-75.753654977726	6.8993510574212	8.61691602708325
36821	-84.3705710048093	-75.482460508832	-73.674497382872	8.88811049597724	10.6960736219373
36822	-84.3705710048093	-76.3864420718121	-74.578478945852	7.98412893299722	9.79209205895728
36823	-81.5473561550623	-74.849673414746	-71.8665342569119	6.6976827403163	9.68082189815037
36824	-86.0872441770598	-88.5901931720424	-82.1719240748842	-2.50294899498262	3.91532010217556
36825	-86.0872441770598	-75.482460508832	-73.76489553917	10.6047836682277	12.3223486378898
36826	-86.0872441770598	-75.663256821428	-73.76489553917	10.4239873556317	12.3223486378898
36827	-84.5502139833715	-76.1152476029181	-74.307284476958	8.43496638045346	10.2429295064135
36828	-84.5502139833715	-59.5723850003836	-57.8548200307216	24.9778289829879	26.69539395265
36829	-84.5502139833715	-77.3808217910901	-75.57285866513	7.16939219228142	8.97735531824148
36830	-63.7927460806235	-58.8491997499996	-56.1372550610595	4.94354633062389	7.65549101956395
36831	-96.1122639200425	-76.1629432077275	-74.7525183335104	19.9493207123149	21.3597455865321
36832	-96.1122639200425	-63.6101618271946	-61.2124395410254	32.5021020928478	34.899824379017
36833	-96.1122639200425	-83.6381950410785	-78.9837929561619	12.4740688789639	17.1284709638806
36834	-59.7146365451161	-57.0560229700122	-55.5294404156306	2.65861357510396	4.18519612948556
36835	-58.0369579703257	-55.1477947770352	-54.002857861249	2.8891631932905	4.03410010907672
36836	-58.0369579703257	-55.3386175963329	-54.1936806805467	2.69834037399281	3.84327728977902
36837	-59.351198798937	-55.1477947770352	-53.8120350419513	4.20340402190183	5.53916375698574
36838	-56.3201747861416	-55.5294404156306	-54.3845034998444	0.790734370511011	1.93567128629723
36839	-59.351198798937	-55.1477947770352	-54.002857861249	4.20340402190183	5.34834093768805
36840	-59.351198798937	-54.9569719577375	-53.6212122226536	4.39422684119953	5.72998657628344
36841	-59.2075941303472	-56.1372550610595	-54.7812827165895	3.07033906928763	4.42631141375768
36842	-59.2075941303472	-56.4988476862515	-55.0524771854835	2.70874644409563	4.15511694486367
36843	-57.4284290280449	-50.8037638394774	-48.2726154631333	6.62466518856751	9.15581356491156
36844	-38.5679938420623	-52.5213288091394	-51.4365509335634	-13.9533349670771	-12.8685570915011
36845	-38.5679938420623	-51.4365509335634	-49.6285878076033	-12.8685570915011	-11.0605939655411
36847	-52.3496848340155	-54.2388937788015	-52.7021251217354	-1.889208944786	-0.352440287719965
36848	-46.3505625626639	-53.7869029973115	-51.7981435587554	-7.43634043464753	-5.44758099609147
36849	-81.4405545188243	-67.3252433018994	-63.6761786242897	14.115311216925	17.7643758945347
36850	-46.9049478912093	-51.4365509335634	-48.9958007135173	-4.53160304235413	-2.09085282230807
36851	-46.9049478912093	-51.4365509335634	-46.4646523371732	-4.53160304235413	0.440295554036005
36852	-46.9049478912093	-52.7925232780334	-50.4421712142854	-5.88757538682417	-3.53722332307611
36853	-46.9049478912093	-48.0918191505373	-44.5662910549152	-1.18687125932805	2.33865683629404
36854	-46.9049478912093	-50.5325693705834	-46.0126615556833	-3.62762147937411	0.892286335526002
36855	-46.9049478912093	-49.0861988698153	-46.8262449623653	-2.18125097860607	0.078702928843974
36856	-46.9049478912093	-50.3517730579874	-48.0014209942393	-3.44682516677812	-1.09647310303006
36857	-46.9049478912093	-51.4365509335634	-47.7302265253453	-4.53160304235413	-0.825278634136048
36858	-46.9049478912093	-52.3405324965434	-48.8150044009213	-5.43558460533418	-1.91005650971206
36859	-104.702370894188	-92.7485083617505	-87.1438226712744	11.9538625324376	17.5585482229138
36860	-107.555673464705	-84.1606835134403	-75.663256821428	23.3949899512645	31.8924166432767
36861	-104.702370894188	-96.0932401447766	-91.6637304861745	8.60913074941151	13.0386404080136
36862	-104.702370894188	-78.1944051977721	-75.030469727342	26.507965696416	29.6719011668461
36863	-104.702370894188	-89.3133784224264	-85.5166558579103	15.3889924717617	19.1857150362778
36864	-104.702370894188	-80.4543591052222	-77.3808217910901	24.2480117889659	27.321549103098
36865	-104.702370894188	-75.482460508832	-73.041710288786	29.2199103853561	31.6606606054021
36866	-104.702370894188	-78.1040070414741	-74.759275258448	26.598363852714	29.9430956357401
36867	-104.702370894188	-73.76489553917	-71.5049416317199	30.9374753550181	33.1974292624682
36868	-104.702370894188	-74.036090008064	-63.9114965026877	30.6662808861241	40.7908743915004
36869	-91.4878919060626	-83.2455506737476	-80.7320980567867	8.24234123231494	10.7557938492759
36870	-91.4878919060626	-88.9762226404187	-87.0659986515283	2.5116692656439	4.42189325453425
36871	-91.4878919060626	-79.7267170100023	-77.615416811755	11.7611748960603	13.8724750943075
36872	-91.4878919060626	-86.764384337493	-83.8487793018183	4.72350756856957	7.6391126042443
36873	-91.4878919060626	-83.2455506737476	-80.9331742661436	8.24234123231494	10.554717639919
36874	-91.4878919060626	-82.1396315222848	-80.0283313240376	9.34826038377777	11.459560582025
36875	-91.4878919060626	-84.250931720532	-82.3407077316417	7.23696018553055	9.14718417442089
36876	-93.8462482997067	-62.2394849775794	-60.1571230266566	31.6067633221273	33.6891252730501
36877	-93.8462482997067	-77.2787657342436	-74.8493434581671	16.5674825654631	18.9969048415396
36878	-93.8462482997067	-74.386596357962	-71.6101137567317	19.4596519417447	22.236134542975
36879	-93.8462482997067	-76.0062112086797	-72.651294732193	17.840037091027	21.1949535675137
36880	-93.8462482997067	-64.2061601534509	-61.7767378773743	29.6400881462558	32.0695104223324
36881	-54.6732912569971	-53.7869029973115	-51.0749583083714	0.886388259685667	3.59833294862576
36882	-65.5432342887594	-46.2838560245773	-43.0295223978492	19.2593782641821	22.5137118909102
36884	-41.0111654759207	-50.8941619957754	-49.3573933387093	-9.88299651985465	-8.34622786278859
36885	-41.0111654759207	-54.3292919350995	-51.9789398713514	-13.3181264591787	-10.9677743954307
36886	-41.0111654759207	-52.7021251217354	-47.5494302127493	-11.6909596458147	-6.53826473682854
36887	-41.0111654759207	-53.9676993099075	-51.6173472461594	-12.9565338339867	-10.6061817702387
36889	-41.0111654759207	-51.1653564646694	-49.7189859639014	-10.1541909887487	-8.70782048798062
36900	-70.1679588133122	-54.3292919350995	-50.2613749016894	15.8386668782128	19.9065839116229
36902	-63.6337080602071	-54.0580974662055	-46.3742541808753	9.57561059400169	17.2594538793319
36903	-63.6337080602071	-56.2276532173575	-50.8941619957754	7.40605484284961	12.7395460644317
36904	-63.6337080602071	-58.3972089685096	-55.3236716543775	5.23649909169755	8.31003640582963
36905	-63.6337080602071	-56.2276532173575	-50.8941619957754	7.40605484284961	12.7395460644317
36917	-66.5601009748027	-54.4196900913975	-50.7133656831794	12.1404108834052	15.8467352916233
36918	-66.5601009748027	-58.2164126559136	-53.9676993099075	8.34368831888909	12.5924016648952
36920	-72.2707645318797	-53.9759578915062	-48.2942781134529	18.2948066403735	23.9764864184268
36921	-72.2707645318797	-61.0780576140728	-55.3963778360195	11.1927069178069	16.8743866958602
36922	-72.2707645318797	-59.124980190367	-54.863720356827	13.1457843415128	17.4070441750527
36924	-72.2707645318797	-53.9759578915062	-48.2942781134529	18.2948066403735	23.9764864184268
36925	-72.2707645318797	-75.1047045661418	-73.8618371146927	-2.83394003426213	-1.59107258281296
36928	-72.2707645318797	-56.1065878082762	-55.2188253429553	16.1641767236035	17.0519391889244
36929	-72.2707645318797	-57.5270077527895	-56.6392452874687	14.7437567790902	15.631519244411
36931	-91.0696143613335	-61.3282438538479	-58.1110245041378	29.7413705074856	32.9585898571956
36932	-91.0696143613335	-65.5508442503424	-63.8416964708089	25.5187701109911	27.2279178905246
36933	-60.9770292697266	-49.3573933387093	-47.0974394312593	11.6196359310172	13.8795898384673
36934	-60.9770292697266	-51.7077454024574	-49.5381896513053	9.26928386726917	11.4388396184212
36935	-60.9770292697266	-51.1653564646694	-48.8150044009213	9.81167280505716	12.1620248688053
36936	-60.9770292697266	-52.0693380276494	-49.5381896513053	8.90769124207714	11.4388396184212
36937	-65.8593593718477	-50.3517730579874	-47.7302265253453	15.5075863138603	18.1291328465024
36938	-53.5044366349543	-51.7077454024574	-48.9054025572193	1.79669123249694	4.599034077735
36939	-53.5044366349543	-44.4758928986172	-43.1199205541472	9.02854373633711	10.3845160808072
36940	-51.1394888217101	-51.0749583083714	-48.3630136194313	0.0645305133387666	2.77647520227883
36941	-49.2301881552049	-53.6965048410135	-46.4646523371732	-4.46631668580859	2.76553581803162
36942	-49.2301881552049	-53.1541159032254	-48.6342080883253	-3.92392774802057	0.595980066879541
36943	-56.2749765289393	-50.4421712142854	-48.4534117757293	5.83280531465395	7.82156475321001
36944	-48.6277921335692	-47.0974394312593	-44.1143002734252	1.5303527023099	4.513491860144
36946	-48.6277921335692	-50.7133656831794	-46.0126615556833	-2.08557354961019	2.61513057788594
36947	-48.6277921335692	-45.4702726178952	-41.8543463659751	3.15751951567395	6.77344576759404
36948	-48.6277921335692	-47.3686339001533	-44.5662910549152	1.25915823341589	4.06150107865398
36949	-63.0383412253544	-47.2782357438553	-45.1990781490012	15.7601054814991	17.8392630763531
36950	-56.9782108632162	-48.5438099320273	-46.7358468060673	8.43440093118886	10.2423640571489
36951	-56.9782108632162	-47.6398283690473	-45.9222633993853	9.33838249416891	11.0559474638309
36952	-56.9782108632162	-50.5325693705834	-48.5438099320273	6.44564149263283	8.43440093118886
36953	-56.9782108632162	-50.3517730579874	-48.7246062446233	6.62643780522882	8.25360461859287
36954	-56.9782108632162	-50.5325693705834	-48.9054025572193	6.44564149263283	8.07280830599686
36955	-56.9782108632162	-49.5381896513053	-46.9166431186633	7.44002121191085	10.0615677445529
36956	-56.9782108632162	-48.3630136194313	-46.3742541808753	8.61519724378488	10.6039566823409
36957	-56.9782108632162	-48.5438099320273	-46.7358468060673	8.43440093118886	10.2423640571489
36958	-56.9782108632162	-51.6173472461594	-49.5381896513053	5.36086361705679	7.44002121191085
36959	-56.9782108632162	-49.1765970261133	-47.2782357438553	7.80161383710285	9.69997511936091
36960	-56.9782108632162	-51.4365509335634	-49.1765970261133	5.54165992965281	7.80161383710285
36961	-56.9782108632162	-48.0014209942393	-46.1030597119812	8.97678986897688	10.8751511512349
36962	-56.9782108632162	-47.2782357438553	-45.7414670867892	9.69997511936091	11.2367437764269
36963	-56.9782108632162	-47.8206246816433	-46.1934578682792	9.1575861815729	10.784752994937
36964	-56.9782108632162	-48.2726154631333	-46.4646523371732	8.70559540008287	10.5135585260429
36965	-56.9782108632162	-48.5438099320273	-46.8262449623653	8.43440093118886	10.1519659008509
36966	-56.9782108632162	-49.9901804327954	-47.5494302127493	6.98803043042082	9.4287806504669
36967	-56.9782108632162	-48.1822173068353	-46.4646523371732	8.79599355638089	10.5135585260429
36968	-56.9782108632162	-48.0014209942393	-46.1934578682792	8.97678986897688	10.784752994937
36969	-56.9782108632162	-48.5438099320273	-46.9166431186633	8.43440093118886	10.0615677445529
36970	-56.9782108632162	-48.7246062446233	-46.8262449623653	8.25360461859287	10.1519659008509
36971	-56.9782108632162	-49.9901804327954	-48.0918191505373	6.98803043042082	8.88639171267889
36972	-56.9782108632162	-48.4534117757293	-46.7358468060673	8.52479908748688	10.2423640571489
36973	-56.9782108632162	-49.2669951824113	-47.4590320564513	7.71121568080486	9.5191788067649
36974	-56.9782108632162	-49.1765970261133	-47.0974394312593	7.80161383710285	9.8807714319569
36975	-56.9782108632162	-47.0974394312593	-44.6566892112132	9.8807714319569	12.321521652003
36976	-56.9782108632162	-47.2782357438553	-45.2894763052992	9.69997511936091	11.688734557917
36977	-56.9782108632162	-49.6285878076033	-47.7302265253453	7.34962305561285	9.24798433787089
36978	-56.9782108632162	-54.0580974662055	-52.2501343402454	2.92011339701074	4.72807652297078
36979	-56.9782108632162	-49.5381896513053	-47.7302265253453	7.44002121191085	9.24798433787089
36980	-56.9782108632162	-48.3630136194313	-46.6454486497693	8.61519724378488	10.3327622134469
36981	-56.9782108632162	-50.0805785890934	-48.2726154631333	6.89763227412283	8.70559540008287
36982	-56.9782108632162	-49.0861988698153	-47.2782357438553	7.89201199340087	9.69997511936091
36983	-56.9782108632162	-50.8037638394774	-49.2669951824113	6.17444702373882	7.71121568080486
36984	-56.9782108632162	-50.8037638394774	-49.1765970261133	6.17444702373882	7.80161383710285
36985	-56.9782108632162	-49.2669951824113	-47.4590320564513	7.71121568080486	9.5191788067649
36986	-56.9782108632162	-49.8093841201994	-48.1822173068353	7.16882674301684	8.79599355638089
36987	-56.9782108632162	-48.7246062446233	-46.5550504934713	8.25360461859287	10.4231603697449
36988	-56.9782108632162	-50.0805785890934	-48.1822173068353	6.89763227412283	8.79599355638089
36989	-56.9782108632162	-52.5213288091394	-49.8997822764973	4.45688205407677	7.07842858671884
36990	-56.9782108632162	-48.9054025572193	-46.9166431186633	8.07280830599686	10.0615677445529
36991	-56.9782108632162	-48.3630136194313	-46.6454486497693	8.61519724378488	10.3327622134469
36992	-56.9782108632162	-49.7189859639014	-47.9110228379413	7.25922489931483	9.0671880252749
36993	-56.9782108632162	-47.3686339001533	-45.7414670867892	9.60957696306289	11.2367437764269
36994	-56.9782108632162	-52.6117269654374	-50.3517730579874	4.36648389777878	6.62643780522882
36995	-56.9782108632162	-48.9054025572193	-47.1878375875573	8.07280830599686	9.79037327565891
36996	-56.9782108632162	-48.3630136194313	-46.2838560245773	8.61519724378488	10.6943548386389
36997	-56.9782108632162	-50.4421712142854	-48.4534117757293	6.53603964893082	8.52479908748688
36998	-56.9782108632162	-49.9901804327954	-48.1822173068353	6.98803043042082	8.79599355638089
36999	-53.7290155511301	-48.1822173068353	-46.5550504934713	5.54679824429485	7.17396505765888
37000	-53.7290155511301	-49.8997822764973	-48.1822173068353	3.8292332746328	5.54679824429485
37001	-53.7290155511301	-47.3686339001533	-45.6510689304912	6.36038165097685	8.0779466206389
37002	-47.9155638595324	-52.883043060859	-51.0733571766471	-4.96747920132662	-3.1577933171147
37008	-110.256184195175	-94.1948788625186	-90.3981562980024	16.0613053326561	19.8580278971722
37011	-110.256184195175	-93.4716936121345	-90.7597489231945	16.7844905830401	19.4964352719802
37013	-110.256184195175	-88.5901931720424	-85.9686466394003	21.6659910231322	24.2875375557743
37014	-110.256184195175	-95.6412493632866	-91.7541286424725	14.614934831888	18.5020555527021
37017	-110.256184195175	-90.3981562980024	-88.3189987031484	19.8580278971722	21.9371854920262
37020	-110.256184195175	-94.4660733314126	-90.7597489231945	15.7901108637621	19.4964352719802
37021	-113.896088660234	-93.4716936121345	-89.9461655165124	20.4243950480997	23.9499231437218
37025	-110.256184195175	-81.0871461993082	-75.301664196236	29.1690379958664	34.9545199989386
37026	-50.2479105935347	-54.8716808728875	-52.9733195906294	-4.62377027935278	-2.72540899709475
37028	-66.3634974923095	-54.8938051544278	-52.5814287468237	11.4696923378817	13.7820687454858
37029	-98.7395795496348	-95.7316475195846	-93.3812954558365	3.0079320300502	5.35828409379826
37030	-98.7395795496348	-88.9517857972344	-85.7878503268043	9.78779375240038	12.9517292228305
37031	-98.7395795496348	-89.8557673602144	-85.7878503268043	8.88381218942035	12.9517292228305
37032	-98.7395795496348	-90.7597489231945	-87.4150171401684	7.97983062644033	11.3245624094664
37035	-98.7395795496348	-90.1269618291084	-87.7766097653604	8.61261772052634	10.9629697842744
37036	-98.7395795496348	-94.9180641129026	-92.2061194239625	3.82151543673221	6.53346012567229
37037	-98.7395795496348	-94.0140825499225	-91.6637304861745	4.72549699971223	7.07584906346031
37038	-98.7395795496348	-92.7485083617505	-90.6693507668965	5.99107118788427	8.07022878273833
37039	-98.2021587916351	-80.4543591052222	-77.2000254784941	17.7477996864129	21.002133313141
37041	-98.2021587916351	-88.5901931720424	-84.3414798260363	9.6119656195927	13.8606789655988
37042	-98.2021587916351	-90.7597489231945	-88.4093968594464	7.44240986844063	9.7927619321887
37043	-98.7395795496348	-85.7878503268043	-82.9855074815662	12.9517292228305	15.7540720680685
37044	-98.7395795496348	-93.8332862373265	-91.7541286424725	4.90629331230825	6.9854509071623
37045	-98.7395795496348	-96.2740364573726	-93.2004991432405	2.46554309226218	5.53908040639426
37046	-98.7395795496348	-93.6524899247305	-91.2117397046845	5.08708962490425	7.52783984495032
37047	-98.7395795496348	-92.9293046743465	-90.4885544543004	5.81027487528827	8.25102509533434
37048	-98.7395795496348	-94.1044807062205	-91.5733323298765	4.63509884341424	7.1662472197583
37049	-98.7395795496348	-78.4655996666661	-73.222506601382	20.2739798829687	25.5170729482528
37050	-55.2014711605174	-52.4309306528414	-50.2613749016894	2.77054050767596	4.94009625882804
37051	-79.8611227882974	-75.4577307706189	-74.4704333586669	4.40339201767844	5.39068942963044
37052	-79.8611227882974	-75.5987732580407	-74.6114758460886	4.2623495302567	5.24964694220873
37053	-79.8611227882974	-58.6736747674345	-56.8401224309522	21.1874480208628	23.0210003573451
37054	-72.3823655088826	-57.9684623303259	-56.416994968687	14.4139031785567	15.9653705401956
37055	-79.8611227882974	-75.1756457957755	-73.3420934592932	4.68547699252187	6.51902932900418
37056	-79.8611227882974	-60.7893120787603	-59.0968022296997	19.0718107095371	20.7643205585977
37057	-79.8611227882974	-60.0840996416517	-57.8274198429042	19.7770231466457	22.0337029453931
37058	-79.8611227882974	-74.3293908712452	-72.3547960473412	5.53173191705218	7.50632674095621
37059	-79.8611227882974	-57.9684623303259	-56.416994968687	21.8926604579714	23.4441278196103
37060	-79.8611227882974	-56.2759524812653	-55.0065700944699	23.585170307032	24.8545526938275
37061	-79.8611227882974	-59.3788872045431	-57.4042923806391	20.4822355837542	22.4568304076583
37062	-79.8611227882974	-72.3547960473412	-69.5339462989068	7.50632674095621	10.3271764893906
37063	-72.3823655088826	-57.5453348680608	-55.8528250190002	14.8370306408218	16.5295404898824
37064	-72.3823655088826	-60.5072271039169	-59.0968022296997	11.8751384049658	13.285563279183
37065	-72.3823655088826	-58.8147172548562	-57.4042923806391	13.5676482540264	14.9780731282436
37066	-72.3823655088826	-57.1222074057956	-55.5707400441567	15.260158103087	16.8116254647259
37067	-72.3823655088826	-56.8401224309522	-55.2886550693133	15.5422430779304	17.0937104395693
37068	-84.1103405821123	-62.0586944655558	-60.2251421290734	22.0516461165566	23.8851984530389
37069	-54.9495831001794	-48.9958007135173	-47.0974394312593	5.95378238666207	7.85214366892011
37070	-54.9495831001794	-48.7246062446233	-46.9166431186633	6.22497685555608	8.03293998151612
37071	-54.9495831001794	-45.5606707741932	-43.9335039608292	9.38891232598617	11.0160791393502
37072	-54.9495831001794	-48.0918191505373	-45.5606707741932	6.85776394964209	9.38891232598617
37073	-54.9495831001794	-50.4421712142854	-48.7246062446233	4.50741188589403	6.22497685555608
37074	-54.9495831001794	-48.6342080883253	-46.5550504934713	6.31537501185407	8.39453260670813
37075	-54.9495831001794	-48.1822173068353	-46.1030597119812	6.7673657933441	8.84652338819815
37076	-54.9495831001794	-49.6285878076033	-47.6398283690473	5.32099529257606	7.30975473113212
37077	-54.9495831001794	-49.7189859639014	-47.7302265253453	5.23059713627804	7.21935657483409
37078	-54.9495831001794	-48.9958007135173	-47.2782357438553	5.95378238666207	7.67134735632412
37079	-54.9495831001794	-46.4646523371732	-44.7470873675112	8.48493076300615	10.2024957326682
37080	-54.9495831001794	-46.9166431186633	-44.8374855238092	8.03293998151612	10.1120975763702
37081	-47.9762869280105	-47.2782357438553	-45.8318652430872	0.698051184155247	2.14442168492329
37082	-47.9762869280105	-48.2726154631333	-46.3742541808753	-0.296328535122797	1.60203274713527
37083	-47.9762869280105	-48.4534117757293	-46.2838560245773	-0.477124847718784	1.69243090343326
37084	-51.1054312844789	-48.3630136194313	-46.6454486497693	2.74241766504761	4.45998263470966
37085	-51.1054312844789	-47.2782357438553	-45.4702726178952	3.82719554062365	5.63515866658369
37086	-51.1054312844789	-49.2669951824113	-47.1878375875573	1.83843610206759	3.91759369692164
37087	-51.1054312844789	-49.3573933387093	-47.7302265253453	1.7480379457696	3.37520475913362
37088	-51.1054312844789	-51.9789398713514	-49.1765970261133	-0.873508586872475	1.92883425836558
37089	-33.9301900115102	-49.4477914950074	-47.8206246816433	-15.5176014834971	-13.890434670133
37090	-33.9301900115102	-48.1822173068353	-46.2838560245773	-14.252027295325	-12.353666013067
37091	-33.9301900115102	-46.1030597119812	-45.0182818364052	-12.172869700471	-11.088091824895
37092	-33.9301900115102	-48.4534117757293	-47.0974394312593	-14.5232217642191	-13.167249419749
37093	-45.1115744320734	-52.7021251217354	-50.5325693705834	-7.590550689662	-5.42099493850992
37094	-50.5502909161307	-53.6873478982865	-52.0787382234315	-3.13705698215585	-1.52844730730084
37095	-99.4683991164318	-76.8111119743275	-75.0014260901156	22.6572871421043	24.4669730263162
37096	-99.4683991164318	-79.0229502772532	-76.5094976602922	20.4454488391786	22.9589014561396
37097	-99.4683991164318	-77.2132643930413	-75.4035785088294	22.2551347233905	24.0648206076024
37098	-88.2091684463183	-87.9574060779564	-85.3358595453143	0.251762368361938	2.87330890100401
37099	-88.2091684463183	-88.3189987031484	-86.0590447956983	-0.10983025683008	2.15012365061999
37100	-88.2091684463183	-88.3189987031484	-86.0590447956983	-0.10983025683008	2.15012365061999
37101	-88.2091684463183	-92.7485083617505	-90.9405452357905	-4.53933991543219	-2.73137678947214
37102	-88.2091684463183	-92.6581102054525	-90.8501470794925	-4.44894175913419	-2.64097863317414
37103	-88.2091684463183	-92.6581102054525	-90.7597489231945	-4.44894175913419	-2.55058047687614
37104	-88.2091684463183	-92.4773138928565	-90.4885544543004	-4.26814544653818	-2.27938600798213
37105	-88.2091684463183	-92.9293046743465	-90.6693507668965	-4.7201362280282	-2.46018232057814
37106	-88.2091684463183	-94.8276659566046	-92.9293046743465	-6.61849751028625	-4.7201362280282
37107	-88.2091684463183	-91.6637304861745	-89.7653692039164	-3.45456203985616	-1.55620075759811
37109	-95.1878424879261	-57.5836255618276	-55.2332734980795	37.6042169260985	39.9545689898466
37110	-103.106657513106	-78.3752015103681	-74.940071571044	24.7314560027376	28.1665859420617
37111	-103.106657513106	-60.3859684070656	-58.2164126559136	42.7206891060401	44.8902448571922
37112	-103.106657513106	-84.9742669201223	-77.9232107288781	18.1323905929834	25.1834467842276
37113	-95.1878424879261	-78.1040070414741	-75.57285866513	17.0838354464519	19.614983822796
37114	-95.1878424879261	-60.1147739381716	-57.6740237181256	35.0730685497544	37.5138187698005
37115	-103.106657513106	-79.9119701674342	-77.2904236347921	23.1946873456716	25.8162338783137
37116	-103.106657513106	-65.4482651597538	-62.1035333767277	37.658392353352	41.0031241363781
37117	-88.3910097177153	-77.3808217910901	-75.753654977726	11.0101879266252	12.6373547399892
37118	-88.3910097177153	-86.5110355771883	-80.3639609489242	1.87997414052695	8.02704876879112
37119	-88.3910097177153	-77.2000254784941	-75.753654977726	11.1909842392212	12.6373547399892
37120	-95.1878424879261	-61.2899499700457	-58.9395979062976	33.8978925178804	36.2482445816285
37121	-88.3910097177153	-81.0871461993082	-76.4768402281101	7.3038635184071	11.9141694896052
37122	-88.3910097177153	-79.0079886044541	-76.0248494466201	9.38302111326115	12.3661602710952
37123	-88.3910097177153	-57.1316347803375	-55.3236716543775	31.2593749373777	33.0673380633378
37124	-88.3910097177153	-62.5555241582177	-58.3068108122116	25.8354855594976	30.0841989055037
37125	-88.3910097177153	-76.8384328533021	-56.4084495299535	11.5525768644132	31.9825601877618
37126	-95.1878424879261	-61.5611444389397	-58.4876071248076	33.6266980489864	36.7002353631185
37127	-88.3910097177153	-57.4932274055296	-55.6852642795695	30.8977823121857	32.7057454381458
37128	-88.3910097177153	-79.4599793859442	-76.9288310096001	8.93103033177114	11.4621787081152
37129	-95.1878424879261	-77.8328125725801	-58.1260144996156	17.355029915346	37.0618279883105
37130	-95.1878424879261	-79.7311738548382	-76.4768402281101	15.4566686330879	18.711002259816
37131	-95.1878424879261	-61.0187555011517	-57.2220329366356	34.1690869867744	37.9658095512905
37132	-95.1878424879261	-76.9288310096001	-74.21688632066	18.259011478326	20.9709561672661
37133	-95.1878424879261	-79.0079886044541	-76.4768402281101	16.1798538834719	18.711002259816
37134	-95.1878424879261	-77.8328125725801	-76.2960439155141	17.355029915346	18.891798572412
37135	-95.1878424879261	-63.8210983463897	-57.7644218744236	31.3667441415363	37.4234206135025
37136	-88.3910097177153	-77.8328125725801	-76.3864420718121	10.5581971451352	12.0045676459032
37137	-88.3910097177153	-64.2730891278797	-61.1091536574497	24.1179205898355	27.2818560602656
37138	-88.3910097177153	-58.9395979062976	-56.4988476862515	29.4514118114177	31.8921620314638
37139	-95.1878424879261	-79.7311738548382	-77.5616181036861	15.4566686330879	17.62622438424
37140	-103.106657513106	-89.9461655165124	-80.2735627926262	13.1604919965933	22.8330947204796
37141	-88.3910097177153	-77.8328125725801	-76.4768402281101	10.5581971451352	11.9141694896052
37142	-100.037194801696	-56.4988476862515	-54.6004864039935	43.5383471154449	45.4367083977029
37143	-95.1878424879261	-77.5616181036861	-76.0248494466201	17.62622438424	19.162993041306
37144	-95.1878424879261	-77.6520162599841	-76.1152476029181	17.535826227942	19.072594885008
37145	-95.1878424879261	-78.9175904481561	-76.0248494466201	16.2702520397699	19.162993041306
37146	-95.1878424879261	-78.0136088851761	-75.301664196236	17.17423360275	19.88617829169
37147	-95.1878424879261	-77.7424144162821	-74.759275258448	17.445428071644	20.428567229478
37148	-95.1878424879261	-56.0468569047615	-54.4196900913975	39.1409855831646	40.7681523965286
37149	-95.1878424879261	-77.7424144162821	-75.12086788364	17.445428071644	20.066974604286
37150	-95.1878424879261	-57.3124310929336	-55.4140698106755	37.8754113949925	39.7737726772506
37151	-63.7396845532378	-54.1484956225035	-50.8941619957754	9.59118893073435	12.8455225574624
37152	-63.7396845532378	-56.5892458425495	-54.4196900913975	7.15043871068829	9.31999446184034
37153	-63.7396845532378	-56.0468569047615	-53.6061066847155	7.69282764847631	10.1335778685224
37154	-63.7396845532378	-57.7644218744236	-54.3292919350995	5.97526267881426	9.41039261813836
37155	-63.7396845532378	-59.9339776255756	-57.4932274055296	3.8057069276622	6.24645714770827
37156	-63.7396845532378	-58.2164126559136	-54.8716808728875	5.52327189732425	8.86800368035034
37157	-63.7396845532378	-56.0468569047615	-50.8941619957754	7.69282764847631	12.8455225574624
37158	-63.7396845532378	-49.2669951824113	-46.5550504934713	14.4726893708265	17.1846340597666
37159	-63.7396845532378	-49.8997822764973	-46.9166431186633	13.8399022767405	16.8230414345745
37160	-55.9904206217885	-49.2669951824113	-47.0974394312593	6.72342543937715	8.89298119052919
37161	-55.9904206217885	-50.6229675268814	-47.9110228379413	5.3674530949071	8.07939778384719
37162	-55.9904206217885	-47.9110228379413	-45.1990781490012	8.07939778384719	10.7913424727873
37163	-53.7267040748252	-50.9845601520734	-48.4534117757293	2.7421439227518	5.27329229909588
37164	-53.7267040748252	-61.8323389078337	-59.3011905314896	-8.10563483300849	-5.57448645666442
37165	-53.7267040748252	-60.5667647196616	-57.8548200307216	-6.84006064483645	-4.12811595589638
37166	-53.7267040748252	-58.9395979062976	-55.9564587484635	-5.21289383147241	-2.22975467363833
37167	-53.7267040748252	-51.1653564646694	-47.6398283690473	2.56134761015579	6.08687570577791
37168	-53.7267040748252	-56.8604403114435	-53.4253103721194	-3.13373623661835	0.301393702705745
37169	-53.7267040748252	-62.9171167834097	-60.2955702507676	-9.19041270858452	-6.56886617594245
37170	-53.7267040748252	-58.8491997499996	-55.9564587484635	-5.12249567517441	-2.22975467363833
37171	-53.7267040748252	-52.9733195906294	-49.2669951824113	0.753384484195742	4.45970889241385
37172	-53.7267040748252	-57.4932274055296	-55.6852642795695	-3.76652333070437	-1.95856020474432
37173	-53.7267040748252	-57.8548200307216	-54.7812827165895	-4.12811595589638	-1.0545786417643
37174	-53.7267040748252	-63.2787094086017	-60.6571628759596	-9.55200533377653	-6.93045880113446
37175	-53.7267040748252	-55.3236716543775	-53.3349122158214	-1.59696757955232	0.391791859003739
37176	-53.7267040748252	-63.2787094086017	-60.0243757818736	-9.55200533377653	-6.29767170704844
37177	-53.7267040748252	-60.8379591885556	-58.3972089685096	-7.11125511373046	-4.6705048936844
37178	-53.7267040748252	-62.6459223145157	-59.9339776255756	-8.91921823969052	-6.20727355075044
37179	-53.7267040748252	-61.9227370641317	-54.7812827165895	-8.1960329893065	-1.0545786417643
37180	-53.7267040748252	-65.0866725345618	-61.3803481263437	-11.3599684597366	-7.65364405151848
37181	-53.7267040748252	-52.0693380276494	-49.9901804327954	1.65736604717576	3.73652364202982
37182	-53.7267040748252	-52.4309306528414	-49.2669951824113	1.29577342198376	4.45970889241385
37183	-53.7267040748252	-52.0693380276494	-49.4477914950074	1.65736604717576	4.27891257981783
37184	-53.7267040748252	-50.0805785890934	-48.0014209942393	3.64612548573182	5.72528308058587
37186	-62.5597389602725	-58.0356163433176	-54.8716808728875	4.52412261695493	7.68805808738502
37187	-89.1692067462365	-59.4819868440856	-55.9564587484635	29.6872199021509	33.212747997773
37188	-89.1692067462365	-78.8271922918581	-75.753654977726	10.3420144543784	13.4155517685105
37189	-58.723525472106	-50.369590443898	-47.5545235129017	8.35393502820794	11.1690019592042
37190	-58.723525472106	-55.4970337824984	-53.0841192702159	3.22649168960755	5.63940620189008
37191	-58.723525472106	-53.8884241076434	-50.4701285485765	4.83510136446257	8.2533969235295
37192	-58.723525472106	-51.5760477000393	-50.0679761298627	7.14747777206666	8.65554934224324
37193	-58.723525472106	-57.2061815620319	-54.7932670497493	1.51734391007407	3.93025842235662
37194	-50.7555880455345	-56.4018767246044	-53.3857335842512	-5.64628867906986	-2.63014553871667
37195	-50.7555880455345	-56.2008005152475	-53.4862716889297	-5.44521246971296	-2.73068364339513
37196	-64.301866079927	-52.7825049561806	-49.3642093971137	11.5193611237464	14.9376566828133
37197	-64.301866079927	-52.2798144327884	-50.6712047579333	12.0220516471386	13.6306613219937
37198	-64.301866079927	-53.3857335842512	-51.8776620140746	10.9161324956758	12.4242040658524
37199	-64.301866079927	-52.7825049561806	-51.274433386004	11.5193611237464	13.027432693923
37200	-64.301866079927	-53.1846573748943	-51.5760477000393	11.1172087050327	12.7258183798877
37201	-64.301866079927	-51.6765858047177	-48.9620569783999	12.6252802752092	15.3398091015271
37202	-64.301866079927	-53.4862716889297	-51.6765858047177	10.8155943909973	12.6252802752092
37203	-64.301866079927	-57.5077958760672	-54.5921908403925	6.79407020385979	9.70967523953452
37204	-43.1156055424203	-54.2905765263572	-52.0787382234315	-11.1749709839369	-8.96313268101124
37205	-64.301866079927	-56.2008005152475	-52.6819668515021	8.1010655646795	11.6198992284249
37206	-64.301866079927	-51.6765858047177	-49.8668999205058	12.6252802752092	14.4349661594212
37207	-64.301866079927	-52.4808906421453	-50.369590443898	11.8209754377817	13.932275636029
37208	-50.7555880455345	-48.760980769043	-47.4539854082233	1.99460727649151	3.30160263731123
37209	-54.8789690320114	-54.3292919350995	-52.7925232780334	0.549677096911971	2.086445753978
37210	-54.8789690320114	-55.2332734980795	-53.8773011536095	-0.354304466068051	1.00166787840197
37211	-54.8789690320114	-55.1428753417815	-53.8773011536095	-0.263906309770057	1.00166787840197
37212	-56.9573133153836	-55.9564587484635	-54.6004864039935	1.00085456692008	2.35682691139012
37213	-54.8305459510986	-54.4196900913975	-52.7021251217354	0.410855859701101	2.12842082936315
37214	-68.7628169496793	-53.4862716889297	-51.5760477000393	15.2765452607496	17.18676924964
37215	-88.7089323865719	-76.1700195245268	-74.7495995800135	12.5389128620451	13.9593328065584
37216	-88.7089323865719	-79.1884119066176	-77.2353344829118	9.52052047995427	11.4735979036601
37217	-90.3744170586768	-63.3862400239069	-60.7229526279444	26.9881770347699	29.6514644307324
37218	-90.3744170586768	-63.2086875308428	-61.0780576140728	27.165729527834	29.296359444604
37219	-90.3744170586768	-64.4515549822919	-62.4984775585861	25.9228620763849	27.8759395000907
37220	-90.3744170586768	-62.3209250655219	-60.5454001348803	28.0534919931549	29.8290169237965
37221	-90.3744170586768	-75.282257059206	-73.151627142436	15.0921599994708	17.2227899162408
37222	-87.2926382643322	-60.9005051210086	-59.124980190367	26.3921331433236	28.1676580739652
37223	-87.2926382643322	-65.3393174476128	-61.2556101071369	21.9533208167194	26.0370281571953
37224	-55.4664821938094	-46.5550504934713	-44.1143002734252	8.91143170033818	11.3521819203843
37225	-42.7961678045608	-47.8879615940466	-44.5566251353303	-5.09179378948578	-1.76045733076949
37226	-55.087397157717	-52.5555379469928	-50.7800130163512	2.53185921072413	4.30738414136574
37227	-55.087397157717	-54.5086153706987	-52.9106429331212	0.578781787018279	2.17675422459576
37228	-55.087397157717	-51.4902229886079	-49.3595930718379	3.59717416910912	5.72780408587909
37229	-55.087397157717	-53.9759578915062	-52.2004329608645	1.11143926621077	2.88696419685244
37230	-55.087397157717	-52.5555379469928	-50.9575655094154	2.53185921072413	4.12983164830161
37231	-111.423545333285	-72.318525038402	-59.3915886877876	39.105020294883	52.0319566454973
37232	-93.5939527003263	-56.3180513736555	-53.2445140595235	37.2759013266708	40.3494386408028
37233	-62.5589733881623	-53.3349122158214	-49.8093841201994	9.22406117234083	12.7495892679629
37234	-58.1516592657806	-52.5213288091394	-49.5381896513053	5.6303304566412	8.61346961447527
37235	-55.0816048131776	-56.0468569047615	-52.9733195906294	-0.965252091583878	2.10828522254819
37236	-54.8841637667299	-51.4365509335634	-48.7246062446233	3.44761283316656	6.15955752210662
37237	-54.8841637667299	-51.7981435587554	-49.3573933387093	3.08602020797453	5.52677042802061
37238	-95.00826852577	-56.8604403114435	-55.5044679669735	38.1478282143265	39.5038005587966
37240	-95.00826852577	-76.2960439155141	-74.66887710215	18.712224610256	20.33939142362
37241	-95.00826852577	-76.6576365407061	-75.030469727342	18.350631985064	19.977798798428
37246	-74.3744339811906	-57.6863773554825	-56.416994968687	16.6880566257081	17.9574390125036
37247	-74.3744339811906	-56.8401224309522	-55.1476125818916	17.5343115502384	19.226821399299
37248	-74.3744339811906	-57.8274198429042	-55.9938675064219	16.5470141382864	18.3805664747687
37249	-103.484879426888	-74.488080789554	-67.7082190672038	28.9967986373339	35.776660359684
37250	-88.7587603539173	-60.1147739381716	-58.8491997499996	28.6439864157457	29.9095606039177
37251	-103.484879426888	-75.9344512903221	-73.76489553917	27.5504281365658	29.7199838877179
37252	-103.484879426888	-75.392062352534	-73.674497382872	28.0928170743538	29.8103820440159
37253	-103.484879426888	-76.7480346970041	-75.030469727342	26.7368447298838	28.4544096995458
37254	-103.484879426888	-59.1203942188936	-57.7644218744236	44.3644852079943	45.7204575524643
37255	-103.484879426888	-78.0136088851761	-75.8440531340241	25.4712705417118	27.6408262928638
37256	-103.484879426888	-76.1152476029181	-74.21688632066	27.3696318239698	29.2679931062279
37257	-103.484879426888	-62.7363204708137	-60.2051720944696	40.7485589560742	43.2797073324182
37258	-110.455513500393	-75.6046547181863	-73.6944307292959	34.8508587822063	36.7610827710966
37259	-103.484879426888	-58.3068108122116	-56.5892458425495	45.1780686146763	46.8956335843383
37260	-103.484879426888	-56.7700421551455	-54.7812827165895	46.7148372717423	48.7035967102984
37261	-103.484879426888	-74.759275258448	-72.951312132488	28.7256041684398	30.5335672943999
37262	-103.484879426888	-59.2107923751916	-57.6740237181256	44.2740870516963	45.8108557087623
37263	-103.484879426888	-60.7475610322577	-56.3180513736555	42.7373183946302	47.1668280532324
37264	-103.484879426888	-61.4707462826417	-58.4876071248076	42.0141331442462	44.9972723020803
37265	-103.484879426888	-56.7700421551455	-53.5157085284175	46.7148372717423	49.9691708984704
37266	-103.484879426888	-67.0754319731178	-63.6403020337937	36.4094474537701	39.8445773930942
37267	-103.484879426888	-50.6229675268814	-48.9958007135173	52.8619119000065	54.4890787133705
37268	-103.484879426888	-76.7480346970041	-74.397682633256	26.7368447298838	29.0871967936319
37269	-103.484879426888	-72.770515819892	-68.5218024738859	30.7143636069959	34.963076953002
37270	-103.484879426888	-52.7925232780334	-51.2557546209674	50.6923561488544	52.2291248059205
37271	-103.484879426888	-75.9344512903221	-73.76489553917	27.5504281365658	29.7199838877179
37272	-103.484879426888	-61.2899499700457	-58.4876071248076	42.1949294568422	44.9972723020803
37273	-103.484879426888	-52.0693380276494	-49.9901804327954	51.4155413992384	53.4946989940925
37274	-103.484879426888	-78.1944051977721	-76.2056457592161	25.2904742291158	27.2792336676718
37275	-103.484879426888	-76.4768402281101	-74.036090008064	27.0080391987778	29.4487894188239
37276	-103.484879426888	-74.578478945852	-71.7761361006139	28.9064004810359	31.7087433262739
37277	-103.484879426888	-60.0243757818736	-57.5836255618276	43.4605036450142	45.9012538650603
37278	-103.484879426888	-76.5672383844081	-74.488080789554	26.9176410424798	28.9967986373339
37279	-103.484879426888	-60.4763665633636	-58.5780052811056	43.0085128635242	44.9068741457823
37280	-103.484879426888	-59.8435794692776	-57.9452181870196	43.6412999576103	45.5396612398683
37281	-103.484879426888	-57.4028292492316	-54.5100882476955	46.0820501776563	48.9747911791924
37282	-103.484879426888	-63.1883112523037	-59.2107923751916	40.2965681745842	44.2740870516963
37283	-103.484879426888	-75.8440531340241	-73.31290475768	27.6408262928638	30.1719746692079
37284	-103.484879426888	-75.9344512903221	-73.855293695468	27.5504281365658	29.6295857314199
37285	-103.484879426888	-74.397682633256	-71.9569324132099	29.0871967936319	31.5279470136779
37286	-103.484879426888	-64.5442835967738	-61.6515425952377	38.9405958301141	41.8333368316502
37287	-103.484879426888	-77.6520162599841	-75.8440531340241	25.8328631669038	27.6408262928638
37288	-75.3016655093114	-58.955759742278	-56.9811649183739	16.3459057670334	18.3205005909375
37289	-75.3016655093114	-57.2632498932174	-55.8528250190002	18.038415616094	19.4488404903112
37290	-75.3016655093114	-58.955759742278	-57.5453348680608	16.3459057670334	17.7563306412506
37291	-75.3016655093114	-56.1349099938436	-55.0065700944699	19.1667555154678	20.2950954148415
37292	-79.5131814850437	-73.0600084844497	-70.2391587360154	6.45317300059394	9.27402274902828
37293	-66.2190206749579	-60.5072271039169	-59.3788872045431	5.71179357104107	6.84013347041481
37294	-66.2190206749579	-75.5987732580407	-73.0600084844497	-9.37975258308272	-6.84098780949178
37295	-66.2190206749579	-74.7525183335104	-72.2137535599194	-8.53349765855241	-5.99473288496149
37296	-66.2190206749579	-56.9811649183739	-55.8528250190002	9.23785575658401	10.3661956559578
37297	-66.2190206749579	-60.6482695913386	-58.3915897925911	5.57075108361936	7.82743088236684
37298	-66.2190206749579	-61.917651978134	-60.0840996416517	4.3013686968239	6.13492103330624
37299	-66.2190206749579	-56.416994968687	-54.8655276070482	9.8020257062709	11.3534930679098
37300	-71.7520723669351	-60.7893120787603	-59.5199296919648	10.9627602881748	12.2321426749702
37301	-71.7520723669351	-61.3534820284472	-59.8020146668083	10.3985903384879	11.9500577001268
37302	-75.3016655093114	-57.4042923806391	-55.5707400441567	17.8973731286723	19.7309254651547
37304	-112.4372751515	-90.1269618291084	-88.4093968594464	22.3103133223913	24.0278782920533
37305	-112.4372751515	-79.0983867607521	-75.8440531340241	33.3388883907476	36.5932220174757
37306	-112.4372751515	-92.1157212676645	-89.8557673602144	20.3215538838352	22.5815077912853
37307	-125.779644942876	-76.2056457592161	-73.76489553917	49.5739991836602	52.0147494037063
37308	-125.779644942876	-76.7480346970041	-73.493701070276	49.0316102458722	52.2859438726003
37309	-125.779644942876	-89.4037765787244	-87.5958134527644	36.3758683641519	38.1838314901119
37310	-54.5869964996483	-58.3850348417556	-56.5605025029507	-3.79803834210727	-1.97350600330238
37311	-65.6590550007865	-74.6233726571188	-72.433933850553	-8.96431765633235	-6.77487884976654
37312	-65.6590550007865	-63.3112721565287	-59.1148477772775	2.34778284425778	6.54420722350898
37313	-43.3102748928623	-58.932394543397	-57.6552219062336	-15.6221196505346	-14.3449470133712
37314	-73.9690613902292	-57.2903154384726	-56.0131428013092	16.6787459517566	17.95591858892
37315	-73.9690613902292	-69.3322288745847	-64.2235383259311	4.63683251564453	9.74552306429814
37316	-54.4295202966644	-59.1148477772775	-57.2903154384726	-4.68532748061308	-2.86079514180825
37317	-74.6249453294439	-50.3517730579874	-48.4534117757293	24.2731722714565	26.1715335537146
37318	-72.2957490809254	-52.8829214343314	-50.9845601520734	19.412827646594	21.3111889288521
37319	-72.2957490809254	-52.7925232780334	-50.2613749016894	19.503225802892	22.0343741792361
37320	-72.2957490809254	-55.4140698106755	-53.2445140595235	16.8816792702499	19.051235021402
37321	-72.2957490809254	-52.5213288091394	-50.1709767453914	19.774420271786	22.1247723355341
37322	-72.2957490809254	-50.1709767453914	-48.4534117757293	22.1247723355341	23.8423373051961
37323	-72.2957490809254	-52.5213288091394	-50.8037638394774	19.774420271786	21.4919852414481
37324	-72.2957490809254	-55.6852642795695	-53.1541159032254	16.6104848013559	19.1416331777
37325	-72.2957490809254	-52.7021251217354	-50.8037638394774	19.59362395919	21.4919852414481
37326	-74.6249453294439	-51.5269490898614	-49.0861988698153	23.0979962395825	25.5387464596285
37327	-69.3437723788062	-56.2276532173575	-52.7925232780334	13.1161191614487	16.5512491007728
37328	-69.3437723788062	-48.1822173068353	-43.3911150230412	21.1615550719709	25.952657355765
37330	-69.3437723788062	-60.3859684070656	-57.9452181870196	8.95780397174056	11.3985541917866
37331	-69.3437723788062	-74.21688632066	-68.7929969427799	-4.87311394185382	0.550775436026328
37332	-69.3437723788062	-55.7756624358675	-52.1597361839474	13.5681099429387	17.1840361948588
37337	-69.3437723788062	-60.4763665633636	-58.7588015937016	8.86740581544255	10.5849707851046
37339	-69.3437723788062	-58.1260144996156	-54.8716808728875	11.2177578791906	14.4720915059187
37340	-69.3437723788062	-57.3124310929336	-51.7981435587554	12.0313412858726	17.5456288200508
37342	-69.3437723788062	-50.7133656831794	-48.6342080883253	18.6304066956268	20.7095642904809
37343	-69.3437723788062	-56.6796439988475	-54.2388937788015	12.6641283799587	15.1048786000047
37344	-65.8088261470179	-49.1765970261133	-46.2838560245773	16.6322291209045	19.5249701224406
37347	-65.8088261470179	-56.1372550610595	-54.2388937788015	9.67157108595835	11.5699323682164
37348	-74.6249453294439	-53.2445140595235	-50.0805785890934	21.3804312699204	24.5443667403505
37349	-74.6249453294439	-50.8037638394774	-47.1878375875573	23.8211814899665	27.4371077418866
