36455	219	101.912066438691	262.059599413776	-117.087933561309	43.0595994137763
36456	219	89.7796775769419	271.765510503175	-129.220322423058	52.7655105031754
36457	219	152.868099658036	264.486077186126	-66.1319003419638	45.4860771861261
36458	219	75.2208109428432	257.206643869077	-143.779189057157	38.2066438690767
36459	219	174.706399609184	276.618466047875	-44.2936003908158	57.618466047875
36460	219	92.2061553492916	330.00097703957	-126.793844650708	111.00097703957
36461	64	8.84025403028823	95.0327308255984	-55.1597459697118	31.0327308255984
36463	87	19.8905715681485	132.603810454323	-67.1094284318515	45.6038104543234
36465	87	11.0503175378603	88.4025403028823	-75.9496824621397	1.40254030288227
36466	87	6.63019052271617	83.9824132877382	-80.3698094772838	-3.01758671226185
36467	87	17.6805080605765	92.8226673180264	-69.3194919394235	5.82266731802638
36468	87	13.2603810454323	95.0327308255984	-73.7396189545677	8.03273082559843
36469	87	6.63019052271617	81.7723497801661	-80.3698094772838	-5.2276502198339
36470	87	15.4704445530044	90.6126038104543	-71.5295554469956	3.61260381045433
36471	87	13.2603810454323	99.4528578407426	-73.7396189545677	12.4528578407426
36472	87	26.5207620908647	114.923302393747	-60.4792379091353	27.923302393747
36473	87	6.63019052271617	103.872984855887	-80.3698094772838	16.8729848558867
36474	87	15.4704445530044	101.662921348315	-71.5295554469956	14.6629213483146
36475	87	22.1006350757206	90.6126038104543	-64.8993649242794	3.61260381045433
36476	87	13.2603810454323	79.562286272594	-73.7396189545677	-7.43771372740596
36477	87	6.63019052271617	66.3019052271617	-80.3698094772838	-20.6980947728383
36478	34	9.70591108939912	70.3678553981436	-24.2940889106009	36.3678553981436
36479	34	12.1323888617489	63.0884220810943	-21.8676111382511	29.0884220810943
36480	34	16.9853444064485	65.5148998534441	-17.0146555935515	31.5148998534441
36481	34	16.9853444064485	65.5148998534441	-17.0146555935515	31.5148998534441
36482	34	9.70591108939912	60.6619443087445	-24.2940889106009	26.6619443087445
36483	34	2.42647777234978	55.8089887640449	-31.5735222276502	21.8089887640449
36484	52	9.70591108939912	63.0884220810943	-42.2940889106009	11.0884220810943
36485	52	12.1323888617489	67.9413776257938	-39.8676111382511	15.9413776257938
36486	52	12.1323888617489	65.5148998534441	-39.8676111382511	13.5148998534441
36487	35	16.9853444064485	60.6619443087445	-18.0146555935515	25.6619443087445
36488	184	34.7923790913532	185.559355153884	-149.207620908647	1.55935515388373
36493	52	12.1323888617489	99.485588666341	-39.8676111382511	47.485588666341
36494	52	24.2647777234978	116.470933072789	-27.7352222765022	64.4709330727894
36496	52	21.838299951148	225.66243282853	-30.161700048852	173.66243282853
36498	47	26.6912554958476	111.61797752809	-20.3087445041524	64.6179775280899
36499	28	38.8236443575965	465.883732291158	10.8236443575965	437.883732291158
36501	29	189.265266243283	308.162677088422	160.265266243283	279.162677088422
36502	29	60.6619443087445	291.177332681974	31.6619443087445	262.177332681974
36503	26	21.838299951148	101.912066438691	-4.16170004885198	75.9120664386908
36504	26	24.2647777234978	109.19149975574	-1.7352222765022	83.1914997557401
36505	26	31.5442110405471	128.603321934538	5.54421104054714	102.603321934538
36506	26	29.1177332681974	109.19149975574	3.11773326819736	83.1914997557401
36507	26	36.3971665852467	252.353688324377	10.3971665852467	226.353688324377
36508	26	29.1177332681974	194.118221787982	3.11773326819736	168.118221787982
36509	26	29.1177332681974	104.338544211041	3.11773326819736	78.3385442110406
36510	26	29.1177332681974	109.19149975574	3.11773326819736	83.1914997557401
36511	26	29.1177332681974	145.588666340987	3.11773326819736	119.588666340987
36512	26	29.1177332681974	121.323888617489	3.11773326819736	95.323888617489
36513	26	26.6912554958476	109.19149975574	0.691255495847585	83.1914997557401
36514	26	26.6912554958476	114.04445530044	0.691255495847585	88.0444553004397
36515	26	16.9853444064485	109.19149975574	-9.01465559355154	83.1914997557401
36516	26	24.2647777234978	118.897410845139	-1.7352222765022	92.8974108451392
36517	26	36.3971665852467	215.95652173913	10.3971665852467	189.95652173913
36518	26	26.6912554958476	111.61797752809	0.691255495847585	85.6179775280899
36519	26	16.9853444064485	111.61797752809	-9.01465559355154	85.6179775280899
36520	26	26.6912554958476	104.338544211041	0.691255495847585	78.3385442110406
36521	12	19.4118221787982	179.559355153884	7.41182217879824	167.559355153884
36522	12	26.6912554958476	106.76502198339	14.6912554958476	94.7650219833903
36523	12	21.838299951148	118.897410845139	9.83829995114802	106.897410845139
36524	12	21.838299951148	106.76502198339	9.83829995114802	94.7650219833903
36525	12	21.838299951148	237.794821690278	9.83829995114802	225.794821690278
36526	12	24.2647777234978	104.338544211041	12.2647777234978	92.3385442110406
36527	134	36.3971665852467	240.221299462628	-97.6028334147533	106.221299462628
36528	134	43.676599902296	249.927210552027	-90.323400097704	115.927210552027
36529	134	36.3971665852467	206.250610649731	-97.6028334147533	72.2506106497313
36530	134	38.8236443575965	203.824132877382	-95.1763556424035	69.8241328773815
36531	134	36.3971665852467	191.691744015633	-97.6028334147533	57.6917440156327
36532	134	19.4118221787982	177.132877381534	-114.588177821202	43.132877381534
36533	134	33.9706888128969	213.530043966781	-100.029311187103	79.5300439667807
36534	12	31.5442110405471	291.177332681974	19.5442110405471	279.177332681974
36536	51	26.6912554958476	89.7796775769419	-24.3087445041524	38.7796775769419
36537	51	24.2647777234978	80.0737664875428	-26.7352222765022	29.0737664875428
36538	48	55.8089887640449	186.838788470933	7.80898876404495	138.838788470933
36539	48	53.3825109916952	172.279921836834	5.38251099169517	124.279921836834
36540	48	53.3825109916952	116.470933072789	5.38251099169517	68.4709330727894
36541	48	63.0884220810943	179.559355153884	15.0884220810943	131.559355153884
36542	48	36.3971665852467	121.323888617489	-11.6028334147533	73.323888617489
36543	48	36.3971665852467	203.824132877382	-11.6028334147533	155.824132877382
36544	26	159.467513434294	272.638006839277	133.467513434294	246.638006839277
36545	26	38.580850024426	244.345383488031	12.580850024426	218.345383488031
36546	26	51.4411333659013	252.061553492916	25.4411333659013	226.061553492916
36547	26	36.0087933561309	190.332193453835	10.0087933561309	164.332193453835
36548	26	36.0087933561309	208.3365901319	10.0087933561309	182.3365901319
36549	26	33.4367366878359	177.47191011236	7.43673668783585	151.47191011236
36550	26	33.4367366878359	203.19247679531	7.43673668783585	177.19247679531
36551	26	33.4367366878359	241.773326819736	7.43673668783585	215.773326819736
36552	26	38.580850024426	203.19247679531	12.580850024426	177.19247679531
36553	26	41.1529066927211	216.052760136786	15.1529066927211	190.052760136786
36554	26	28.2926233512457	218.624816805081	2.29262335124572	192.624816805081
36555	26	36.0087933561309	257.205666829507	10.0087933561309	231.205666829507
36556	26	48.8690766976063	267.493893502687	22.8690766976063	241.493893502687
36557	26	25.7205666829507	236.629213483146	-0.279433317049342	210.629213483146
36558	26	41.1529066927211	216.052760136786	15.1529066927211	190.052760136786
36559	26	30.8646800195408	257.205666829507	4.86468001954079	231.205666829507
36560	26	61.7293600390816	262.349780166097	35.7293600390816	236.349780166097
36561	26	87.4499267220322	249.489496824621	61.4499267220322	223.489496824621
36562	26	74.5896433805569	252.061553492916	48.5896433805569	226.061553492916
36563	26	41.1529066927211	205.764533463605	15.1529066927211	179.764533463605
36564	26	30.8646800195408	277.782120175867	4.86468001954079	251.782120175867
36566	66	109.19149975574	279.044943820225	43.1914997557401	213.044943820225
36567	66	38.8236443575965	135.882755251588	-27.1763556424035	69.8827552515877
36568	66	58.2354665363947	232.941866145579	-7.76453346360528	166.941866145579
36569	66	41.2501221299463	140.735710796287	-24.7498778700537	74.7357107962873
36570	66	75.2208109428432	245.074255007328	9.22081094284319	179.074255007328
36571	66	43.676599902296	121.323888617489	-22.323400097704	55.323888617489
36572	61	43.7303370786517	138.796287249634	-17.2696629213483	77.7962872496336
36573	61	43.7303370786517	161.612115290669	-17.2696629213483	100.612115290669
36574	84	0	128.183683439179	-84	44.1836834391793
36575	84	2.21006350757206	70.7220322423058	-81.7899364924279	-13.2779677576942
36576	84	4.42012701514411	327.089399120664	-79.5798729848559	243.089399120664
36577	49	19.4118221787982	165.000488519785	-29.5881778212018	116.000488519785
36578	18	80.0737664875428	259.633121641426	62.0737664875428	241.633121641426
36580	71	11.0503175378603	254.157303370787	-59.9496824621397	183.157303370787
36581	69	35.3610161211529	125.973619931607	-33.6389838788471	56.9736199316072
36582	68	24.3106985832926	112.713238886175	-43.6893014167074	44.7132388861749
36583	68	17.6805080605765	97.2427943331705	-50.3194919394235	29.2427943331705
36584	68	39.781143136297	92.8226673180264	-28.218856863703	24.8226673180264
36585	68	19.8905715681485	117.133365901319	-48.1094284318515	49.133365901319
36586	69	30.9408891060088	218.796287249634	-38.0591108939912	149.796287249634
36587	69	28.7308255984367	216.586223742062	-40.2691744015633	147.586223742062
36588	68	22.1006350757206	101.662921348315	-45.8993649242794	33.6629213483146
36589	68	35.3610161211529	90.6126038104543	-32.6389838788471	22.6126038104543
36590	68	50.8314606741573	92.8226673180264	-17.1685393258427	24.8226673180264
36591	68	50.8314606741573	95.0327308255984	-17.1685393258427	27.0327308255984
36592	68	30.9408891060088	101.662921348315	-37.0591108939912	33.6629213483146
36593	68	37.571079628725	103.872984855887	-30.428920371275	35.8729848558867
36594	67	39.781143136297	114.923302393747	-27.218856863703	47.923302393747
36595	47	46.4113336590132	101.662921348315	-0.588666340986812	54.6629213483146
36596	47	46.4113336590132	97.2427943331705	-0.588666340986812	50.2427943331705
36597	47	53.0415241817294	97.2427943331705	6.04152418172936	50.2427943331705
36598	47	50.8314606741573	95.0327308255984	3.83146067415731	48.0327308255984
36599	47	50.8314606741573	128.183683439179	3.83146067415731	81.1836834391793
36600	47	44.2012701514411	106.083048363459	-2.79872984855886	59.0830483634587
36601	47	53.0415241817294	152.494382022472	6.04152418172936	105.494382022472
36602	47	37.571079628725	205.535906204201	-9.42892037127503	158.535906204201
36607	237	179.559355153884	279.044943820225	-57.4406448461162	42.0449438202247
36608	237	75.2208109428432	269.339032730826	-161.779189057157	32.3390327308256
36609	237	84.9267220322423	279.044943820225	-152.073277967758	42.0449438202247
36610	237	89.7796775769419	296.030288226673	-147.220322423058	59.0302882266732
36611	237	67.9413776257938	281.471421592575	-169.058622374206	44.4714215925745
36612	113	21.838299951148	114.04445530044	-91.161700048852	1.04445530043968
36613	113	2.42647777234978	65.5148998534441	-110.57352222765	-47.4851001465559
36614	113	0	48.5295554469956	-113	-64.4704445530044
36615	113	24.2647777234978	106.76502198339	-88.7352222765022	-6.23497801660966
36616	113	2.42647777234978	58.2354665363947	-110.57352222765	-54.7645334636053
36618	113	4.85295554469956	65.5148998534441	-108.1470444553	-47.4851001465559
36619	113	2.42647777234978	50.9560332193454	-110.57352222765	-62.0439667806546
36620	113	0	48.5295554469956	-113	-64.4704445530044
36621	113	0	31.5442110405471	-113	-81.4557889594529
36622	113	0	38.8236443575965	-113	-74.1763556424035
36623	86	54.0498290180752	167.554469956033	-31.9501709819248	81.5544699560332
36624	108	32.4298974108451	122.512945774304	-75.5701025891549	14.5129457743039
36625	86	41.438202247191	171.157791890572	-44.561797752809	85.1577918905716
36626	86	37.8348803126527	171.157791890572	-48.1651196873473	85.1577918905716
36627	86	45.0415241817294	136.926233512457	-40.9584758182706	50.9262335124573
36628	86	39.6365412799218	203.587689301417	-46.3634587200782	117.587689301417
36629	48	24.2647777234978	101.912066438691	-23.7352222765022	53.9120664386908
36630	48	31.5442110405471	99.485588666341	-16.4557889594529	51.485588666341
36631	200	29.1177332681974	191.691744015633	-170.882266731803	-8.30825598436735
36632	200	48.5295554469956	296.030288226673	-151.470444553004	96.0302882266732
36633	200	94.6326331216414	266.912554958476	-105.367366878359	66.9125549584758
36634	0	21.838299951148	104.338544211041	21.838299951148	104.338544211041
36635	0	14.5588666340987	92.2061553492916	14.5588666340987	92.2061553492916
36636	200	70.3678553981436	286.324377137274	-129.632144601856	86.3243771372741
36637	200	84.9267220322423	317.868588177821	-115.073277967758	117.868588177821
36638	200	89.7796775769419	281.471421592575	-110.220322423058	81.4714215925745
36639	203	43.676599902296	245.074255007328	-159.323400097704	42.0742550073278
36640	88	48.5295554469956	298.456765999023	-39.4704445530044	210.456765999023
36641	88	133.456277479238	327.57449926722	45.4562774792379	239.57449926722
36642	88	46.1030776746458	242.647777234978	-41.8969223253542	154.647777234978
36643	88	82.5002442598925	300.883243771373	-5.49975574010747	212.883243771373
36644	88	111.61797752809	317.868588177821	23.6179775280899	229.868588177821
36645	117	33.9706888128969	186.838788470933	-83.0293111871031	69.8387884709331
36648	147	55.2515876893014	280.678065461651	-91.7484123106986	133.678065461651
36649	145	30.9408891060088	260.787493893503	-114.059110893991	115.787493893503
36650	145	39.781143136297	187.855398143625	-105.218856863703	42.8553981436248
36651	40	53.3825109916952	111.61797752809	13.3825109916952	71.6179775280899
36652	40	46.1030776746458	109.19149975574	6.10307767464582	69.1914997557401
36653	40	50.9560332193454	121.323888617489	10.9560332193454	81.323888617489
36654	40	53.3825109916952	126.176844162189	13.3825109916952	86.1768441621886
36655	40	48.5295554469956	121.323888617489	8.52955544699561	81.323888617489
36656	40	50.9560332193454	121.323888617489	10.9560332193454	81.323888617489
36657	40	48.5295554469956	121.323888617489	8.52955544699561	81.323888617489
36658	40	43.676599902296	123.750366389839	3.67659990229605	83.7503663898388
36659	40	41.2501221299463	126.176844162189	1.25012212994626	86.1768441621886
36660	0	4.42012701514411	59.6717147044455	4.42012701514411	59.6717147044455
36661	0	2.21006350757206	64.0918417195896	2.21006350757206	64.0918417195896
36662	0	11.0503175378603	77.352222765022	11.0503175378603	77.352222765022
36663	0	4.42012701514411	61.8817782120176	4.42012701514411	61.8817782120176
36664	0	8.84025403028823	72.9320957498779	8.84025403028823	72.9320957498779
36665	0	4.42012701514411	64.0918417195896	4.42012701514411	64.0918417195896
36666	0	4.42012701514411	64.0918417195896	4.42012701514411	64.0918417195896
36667	0	2.21006350757206	59.6717147044455	2.21006350757206	59.6717147044455
36668	0	19.8905715681485	59.6717147044455	19.8905715681485	59.6717147044455
36669	0	6.63019052271617	72.9320957498779	6.63019052271617	72.9320957498779
36670	13	33.1509526135808	77.352222765022	20.1509526135808	64.352222765022
36671	13	15.4704445530044	57.4616511968735	2.4704445530044	44.4616511968735
36672	13	2.21006350757206	81.7723497801661	-10.7899364924279	68.7723497801661
36673	199	65.4943820224719	313.23400097704	-133.505617977528	114.23400097704
36674	199	51.2564728871519	316.081582804104	-147.743527112848	117.081582804104
36675	190	67.2164142647777	329.223253541768	-122.783585735222	139.223253541768
36676	42	31.5442110405471	123.750366389839	-10.4557889594529	81.7503663898388
36677	26	33.9706888128969	106.76502198339	7.97068881289692	80.7650219833903
36678	42	31.5442110405471	104.338544211041	-10.4557889594529	62.3385442110406
36679	42	2.42647777234978	72.7943331704934	-39.5735222276502	30.7943331704934
36680	42	24.2647777234978	106.76502198339	-17.7352222765022	64.7650219833903
36681	42	26.6912554958476	99.485588666341	-15.3087445041524	57.485588666341
36682	42	19.4118221787982	87.3531998045921	-22.5881778212018	45.3531998045921
36683	42	29.1177332681974	99.485588666341	-12.8822667318026	57.485588666341
36684	42	31.5442110405471	160.147532975086	-10.4557889594529	118.147532975086
36685	43	21.838299951148	92.2061553492916	-21.161700048852	49.2061553492916
36686	43	31.5442110405471	92.2061553492916	-11.4557889594529	49.2061553492916
36687	44	38.8236443575965	106.76502198339	-5.17635564240351	62.7650219833903
36688	44	29.1177332681974	94.6326331216414	-14.8822667318026	50.6326331216414
36689	12	4.85295554469956	26.6912554958476	-7.14704445530044	14.6912554958476
36690	12	7.27943331704934	26.6912554958476	-4.72056668295066	14.6912554958476
36691	12	7.27943331704934	26.6912554958476	-4.72056668295066	14.6912554958476
36692	12	9.70591108939912	29.1177332681974	-2.29408891060088	17.1177332681974
36693	12	4.85295554469956	26.6912554958476	-7.14704445530044	14.6912554958476
36694	0	26.6912554958476	77.647288715193	26.6912554958476	77.647288715193
36695	0	29.1177332681974	99.485588666341	29.1177332681974	99.485588666341
36696	0	29.1177332681974	84.9267220322423	29.1177332681974	84.9267220322423
36697	44	16.9853444064485	165.000488519785	-27.0146555935515	121.000488519785
36698	44	29.1177332681974	101.912066438691	-14.8822667318026	57.9120664386908
36699	44	21.838299951148	184.412310698583	-22.161700048852	140.412310698583
36700	44	12.1323888617489	184.412310698583	-31.8676111382511	140.412310698583
36701	44	19.4118221787982	106.76502198339	-24.5881778212018	62.7650219833903
36702	44	19.4118221787982	194.118221787982	-24.5881778212018	150.118221787982
36704	45	16.9853444064485	203.824132877382	-28.0146555935515	158.824132877382
36705	45	53.3825109916952	257.206643869077	8.38251099169517	212.206643869077
36706	0	50.9560332193454	225.66243282853	50.9560332193454	225.66243282853
36708	38	31.5442110405471	148.015144113337	-6.45578895945286	110.015144113337
36709	38	46.1030776746458	189.265266243283	8.10307767464582	151.265266243283
36710	38	46.1030776746458	126.176844162189	8.10307767464582	88.1768441621886
36711	38	38.8236443575965	126.176844162189	0.823644357596486	88.1768441621886
36712	38	41.2501221299463	121.323888617489	3.25012212994626	83.323888617489
36713	77	60.6619443087445	293.603810454323	-16.3380556912555	216.603810454323
36714	38	43.676599902296	126.176844162189	5.67659990229605	88.1768441621886
36715	38	50.9560332193454	177.132877381534	12.9560332193454	139.132877381534
36716	38	53.3825109916952	198.971177332682	15.3825109916952	160.971177332682
36717	38	41.2501221299463	123.750366389839	3.25012212994626	85.7503663898388
36718	38	43.676599902296	186.838788470933	5.67659990229605	148.838788470933
36719	38	38.8236443575965	169.853444064485	0.823644357596486	131.853444064485
36720	38	46.1030776746458	128.603321934538	8.10307767464582	90.6033219345384
36721	38	46.1030776746458	211.103566194431	8.10307767464582	173.103566194431
36722	38	41.2501221299463	201.397655105032	3.25012212994626	163.397655105032
36723	38	46.1030776746458	223.23595505618	8.10307767464582	185.23595505618
36724	298	16.9853444064485	271.765510503175	-281.014655593552	-26.2344894968246
36725	43	9.70591108939912	259.633121641426	-33.2940889106009	216.633121641426
36726	43	12.1323888617489	116.470933072789	-30.8676111382511	73.4709330727894
36727	43	41.2501221299463	305.736199316072	-1.74987787005374	262.736199316072
36728	43	16.9853444064485	211.103566194431	-26.0146555935515	168.103566194431
36729	43	16.9853444064485	123.750366389839	-26.0146555935515	80.7503663898388
36730	43	63.0884220810943	271.765510503175	20.0884220810943	228.765510503175
36731	43	58.2354665363947	235.368343917929	15.2354665363947	192.368343917929
36732	22	6.63458720078163	68.5574010747435	-15.3654127992184	46.5574010747435
36733	22	2.21152906692721	64.1343429408891	-19.7884709330728	42.1343429408891
36734	22	0	57.4997557401075	-22	35.4997557401075
36735	22	0	53.076697606253	-22	31.076697606253
36736	22	4.42305813385442	59.7112848070347	-17.5769418661456	37.7112848070347
36737	22	0	35.3844650708354	-22	13.3844650708354
36738	22	0	57.4997557401075	-22	35.4997557401075
36739	22	4.42305813385442	75.1919882755252	-17.5769418661456	53.1919882755252
36740	22	0	66.3458720078163	-22	44.3458720078163
36741	22	6.63458720078163	90.6726917440156	-15.3654127992184	68.6726917440156
36742	22	0	50.8651685393258	-22	28.8651685393258
36743	22	0	44.2305813385442	-22	22.2305813385442
36744	22	0	44.2305813385442	-22	22.2305813385442
36745	50	17.6805080605765	212.166096726917	-32.3194919394235	162.166096726917
36746	50	19.8905715681485	163.544699560332	-30.1094284318515	113.544699560332
36747	107	96.8177821201759	313.23400097704	-10.1822178798241	206.23400097704
36748	107	99.6653639472399	279.063019052272	-7.33463605276015	172.063019052272
36749	107	96.8177821201759	324.624328285296	-10.1822178798241	217.624328285296
36750	107	74.0371275036639	264.825109916952	-32.9628724963361	157.825109916952
36751	107	85.4274548119199	250.587200781632	-21.5725451880801	143.587200781632
36752	107	99.6653639472399	261.977528089888	-7.33463605276015	154.977528089888
36753	39	199.33072789448	307.538837322912	160.33072789448	268.538837322912
36754	116	71.1895456765999	301.843673668784	-44.8104543234001	185.843673668784
36755	116	28.47581827064	321.776746458232	-87.52418172936	205.776746458232
36756	116	79.7322911577919	259.129946262824	-36.2677088422081	143.129946262824
36757	74	11.0503175378603	123.763556424035	-62.9496824621397	49.7635564240352
36758	74	8.84025403028823	70.7220322423058	-65.1597459697118	-3.27796775769419
36759	74	11.0503175378603	86.1924767953102	-62.9496824621397	12.1924767953102
36760	74	6.63019052271617	79.562286272594	-67.3698094772838	5.56228627259404
36761	74	24.3106985832926	167.964826575476	-49.6893014167074	93.9648265754763
36762	74	24.3106985832926	108.293111871031	-49.6893014167074	34.2931118710308
36766	0	0	19.4118221787982	0	19.4118221787982
36771	0	0	26.6912554958476	0	26.6912554958476
36772	0	0	19.4118221787982	0	19.4118221787982
36773	14	65.4943820224719	316.081582804104	51.4943820224719	302.081582804104
36774	14	91.1226184660479	284.7581827064	77.1226184660479	270.7581827064
36775	14	145.226673180264	310.386419149976	131.226673180264	296.386419149976
36776	14	142.3790913532	296.148510014656	128.3790913532	282.148510014656
36777	14	19.933072789448	270.52027357108	5.93307278944797	256.52027357108
36778	14	79.7322911577919	316.081582804104	65.7322911577919	302.081582804104
36779	14	28.47581827064	236.349291646312	14.47581827064	222.349291646312
36780	14	45.5613092330239	324.624328285296	31.5613092330239	310.624328285296
36781	14	74.0371275036639	318.929164631168	60.0371275036639	304.929164631168
36782	14	65.4943820224719	281.910600879336	51.4943820224719	267.910600879336
36783	14	79.7322911577919	293.300928187592	65.7322911577919	279.300928187592
36784	14	76.8847093307279	281.910600879336	62.8847093307279	267.910600879336
36785	14	130.988764044944	324.624328285296	116.988764044944	310.624328285296
36786	14	116.750854909624	281.910600879336	102.750854909624	267.910600879336
36787	14	28.47581827064	287.605764533464	14.47581827064	273.605764533464
36788	14	54.1040547142159	270.52027357108	40.1040547142159	256.52027357108
36789	14	62.6468001954079	273.367855398144	48.6468001954079	259.367855398144
36790	14	179.397655105032	336.014655593552	165.397655105032	322.014655593552
36791	197	60.6619443087445	206.250610649731	-136.338055691255	9.25061064973133
36792	198	50.9560332193454	242.647777234978	-147.043966780655	44.647777234978
36793	198	33.9706888128969	150.441621885686	-164.029311187103	-47.5583781143136
36794	198	33.9706888128969	123.750366389839	-164.029311187103	-74.2496336101612
36795	198	48.5295554469956	201.397655105032	-149.470444553004	3.39765510503176
36796	198	43.676599902296	228.088910600879	-154.323400097704	30.0889106008794
36797	197	29.1177332681974	235.368343917929	-167.882266731803	38.3683439179287
36798	198	46.1030776746458	237.794821690278	-151.896922325354	39.7948216902785
36799	198	48.5295554469956	240.221299462628	-149.470444553004	42.2212994626283
36800	198	14.5588666340987	198.971177332682	-183.441133365901	0.971177332681975
36801	197	41.2501221299463	249.927210552027	-155.749877870054	52.9272105520274
36802	128	31.5442110405471	215.95652173913	-96.4557889594529	87.9565217391304
36803	192	21.838299951148	111.61797752809	-170.161700048852	-80.3820224719101
36804	204	48.6536394723986	185.768441621886	-155.346360527601	-18.2315583781143
36805	99	21.838299951148	237.794821690278	-77.161700048852	138.794821690278
36806	99	7.27943331704934	145.588666340987	-91.7205666829507	46.5886663409868
36807	185	16.9853444064485	247.500732779678	-168.014655593552	62.5007327796776
36808	185	12.1323888617489	97.0591108939912	-172.867611138251	-87.9408891060088
36809	185	38.8236443575965	131.029799706888	-146.176355642404	-53.9702002931119
36810	185	43.676599902296	247.500732779678	-141.323400097704	62.5007327796776
36811	185	26.6912554958476	179.559355153884	-158.308744504152	-5.44064484611624
36812	185	29.1177332681974	232.941866145579	-155.882266731803	47.9418661455789
36813	185	26.6912554958476	184.412310698583	-158.308744504152	-0.587689301416702
36814	185	31.5442110405471	194.118221787982	-153.455788959453	9.11822178798243
36815	185	16.9853444064485	118.897410845139	-168.014655593552	-66.1025891548608
36816	185	48.5295554469956	245.074255007328	-136.470444553004	60.0742550073278
36817	185	29.1177332681974	104.338544211041	-155.882266731803	-80.6614557889594
36818	185	29.1177332681974	109.19149975574	-155.882266731803	-75.8085002442599
36819	198	41.2501221299463	264.486077186126	-156.749877870054	66.4860771861261
36820	198	48.5295554469956	242.647777234978	-149.470444553004	44.647777234978
36821	198	14.5588666340987	123.750366389839	-183.441133365901	-74.2496336101612
36822	198	7.27943331704934	116.470933072789	-190.720566682951	-81.5290669272106
36823	161	26.6912554958476	252.353688324377	-134.308744504152	91.3536883243771
36824	185	0	111.61797752809	-185	-73.3820224719101
36825	185	16.9853444064485	111.61797752809	-168.014655593552	-73.3820224719101
36826	185	31.5442110405471	184.412310698583	-153.455788959453	-0.587689301416702
36827	50	38.8236443575965	116.470933072789	-11.1763556424035	66.4709330727894
36828	50	21.838299951148	104.338544211041	-28.161700048852	54.3385442110406
36829	50	36.3971665852467	118.897410845139	-13.6028334147533	68.8974108451392
36830	100	22.1006350757206	130.393746946751	-77.8993649242794	30.3937469467513
36831	15	7.27943331704934	50.9560332193454	-7.72056668295066	35.9560332193454
36832	15	21.838299951148	80.0737664875428	6.83829995114802	65.0737664875428
36833	15	2.42647777234978	38.8236443575965	-12.5735222276502	23.8236443575965
36834	79	39.781143136297	139.23400097704	-39.218856863703	60.2340009770396
36835	71	64.0918417195896	165.754763067904	-6.90815828041036	94.7547630679043
36836	71	57.4616511968735	161.33463605276	-13.5383488031265	90.3346360527601
36837	71	61.8817782120176	165.754763067904	-9.11822178798241	94.7547630679043
36838	90	61.8817782120176	154.704445530044	-28.1182217879824	64.704445530044
36839	71	55.2515876893014	154.704445530044	-15.7484123106986	83.704445530044
36840	71	64.0918417195896	176.805080605765	-6.90815828041036	105.805080605765
36841	87	41.438202247191	106.297997068881	-45.561797752809	19.2979970688813
36842	87	34.2315583781143	104.496336101612	-52.7684416218857	17.4963361016121
36843	88	48.6448461162677	273.852467024915	-39.3551538837323	185.852467024915
36844	183	77.4714215925745	156.744504152418	-105.528578407425	-26.2554958475818
36845	183	68.4631167562286	221.604298974108	-114.536883243771	38.6042989741084
36847	86	50.4465070835369	136.926233512457	-35.5534929164631	50.9262335124573
36848	92	46.8431851489985	198.182706399609	-45.1568148510015	106.182706399609
36849	225	64.0918417195896	415.491939423547	-160.90815828041	190.491939423547
36850	210	50.9560332193454	269.339032730826	-159.043966780655	59.3390327308256
36851	210	43.676599902296	337.280410356619	-166.323400097704	127.280410356619
36852	210	36.3971665852467	242.647777234978	-173.602833414753	32.647777234978
36853	210	84.9267220322423	317.868588177821	-125.073277967758	107.868588177821
36854	210	31.5442110405471	327.57449926722	-178.455788959453	117.57449926722
36855	210	55.8089887640449	291.177332681974	-154.191011235955	81.1773326819737
36856	210	58.2354665363947	276.618466047875	-151.764533463605	66.618466047875
36857	210	16.9853444064485	266.912554958476	-193.014655593552	56.9125549584758
36858	210	31.5442110405471	269.339032730826	-178.455788959453	59.3390327308256
36859	0	0	33.9706888128969	0	33.9706888128969
36860	0	0	55.8089887640449	0	55.8089887640449
36861	0	0	46.1030776746458	0	46.1030776746458
36862	0	2.42647777234978	67.9413776257938	2.42647777234978	67.9413776257938
36863	0	0	58.2354665363947	0	58.2354665363947
36864	0	0	43.676599902296	0	43.676599902296
36865	0	9.70591108939912	65.5148998534441	9.70591108939912	65.5148998534441
36866	0	0	58.2354665363947	0	58.2354665363947
36867	0	21.838299951148	89.7796775769419	21.838299951148	89.7796775769419
36868	0	9.70591108939912	87.3531998045921	9.70591108939912	87.3531998045921
36869	31	2.42647777234978	36.3971665852467	-28.5735222276502	5.39716658524671
36870	31	0	21.838299951148	-31	-9.16170004885198
36871	31	0	58.2354665363947	-31	27.2354665363947
36872	31	0	43.676599902296	-31	12.676599902296
36873	31	0	26.6912554958476	-31	-4.30874450415241
36874	31	0	50.9560332193454	-31	19.9560332193454
36875	31	0	24.2647777234978	-31	-6.7352222765022
36876	14	4.85295554469956	75.2208109428432	-9.14704445530044	61.2208109428432
36877	14	4.85295554469956	60.6619443087445	-9.14704445530044	46.6619443087445
36878	14	9.70591108939912	82.5002442598925	-4.29408891060088	68.5002442598925
36879	14	0	65.5148998534441	-14	51.5148998534441
36880	14	4.85295554469956	65.5148998534441	-9.14704445530044	51.5148998534441
36881	104	24.3106985832926	243.106985832926	-79.6893014167074	139.106985832926
36882	50	143.162188568637	325.148021494871	93.162188568637	275.148021494871
36884	191	46.1030776746458	191.691744015633	-144.896922325354	0.691744015632651
36885	191	38.8236443575965	225.66243282853	-152.176355642404	34.6624328285296
36886	191	58.2354665363947	385.809965803615	-132.764533463605	194.809965803615
36887	191	38.8236443575965	223.23595505618	-152.176355642404	32.2359550561798
36889	191	36.3971665852467	179.559355153884	-154.602833414753	-11.4406448461162
36900	31	21.838299951148	259.633121641426	-9.16170004885198	228.633121641426
36902	45	43.676599902296	305.736199316072	-1.32340009770395	260.736199316072
36903	45	36.3971665852467	325.148021494871	-8.60283341475329	280.148021494871
36904	45	26.6912554958476	225.66243282853	-18.3087445041524	180.66243282853
36905	45	36.3971665852467	325.148021494871	-8.60283341475329	280.148021494871
36917	27	19.4118221787982	211.103566194431	-7.58817782120176	184.103566194431
36918	27	12.1323888617489	133.456277479238	-14.8676111382511	106.456277479238
36920	37	17.6922325354177	415.767464582316	-19.3077674645823	378.767464582316
36921	37	4.42305813385442	471.055691255496	-32.5769418661456	434.055691255496
36922	37	22.1152906692721	333.940889106009	-14.8847093307279	296.940889106009
36924	37	17.6922325354177	415.767464582316	-19.3077674645823	378.767464582316
36925	37	17.6922325354177	72.9804592085979	-19.3077674645823	35.9804592085979
36928	37	53.076697606253	112.787982413288	16.076697606253	75.7879824132877
36929	37	42.019052271617	103.941866145579	5.019052271617	66.9418661455789
36931	13	14.5588666340987	106.76502198339	1.55886663409868	93.7650219833903
36932	13	21.838299951148	106.76502198339	8.83829995114802	93.7650219833903
36933	84	74.0371275036639	313.23400097704	-9.9628724963361	229.23400097704
36934	84	39.8661455788959	261.977528089888	-44.1338544211041	177.977528089888
36935	84	51.2564728871519	267.672691744016	-32.7435271128481	183.672691744016
36936	84	19.933072789448	264.825109916952	-64.066927210552	180.825109916952
36937	15	74.0371275036639	307.538837322912	59.0371275036639	292.538837322912
36938	171	17.085490962384	244.892037127504	-153.914509037616	73.8920371275036
36939	171	45.5613092330239	287.605764533464	-125.438690766976	116.605764533464
36940	170	28.47581827064	290.453346360528	-141.52418172936	120.453346360528
36941	162	8.54274548119199	412.899364924279	-153.457254518808	250.899364924279
36942	162	11.390327308256	364.490473864191	-150.609672691744	202.490473864191
36943	143	72.066438690767	282.86077186126	-70.933561309233	139.86077186126
36944	212	74.0371275036639	330.319491939424	-137.962872496336	118.319491939424
36946	212	74.0371275036639	341.709819247679	-137.962872496336	129.709819247679
36947	212	96.8177821201759	355.947728382999	-115.182217879824	143.947728382999
36948	212	71.1895456765999	316.081582804104	-140.8104543234	104.081582804104
36949	189	63.0884220810943	303.309721543723	-125.911577918906	114.309721543723
36950	239	77.647288715193	310.589154860772	-161.352711284807	71.5891548607719
36951	239	104.338544211041	334.85393258427	-134.661455788959	95.8539325842697
36952	239	31.5442110405471	276.618466047875	-207.455788959453	37.618466047875
36953	239	26.6912554958476	247.500732779678	-212.308744504152	8.50073277967761
36954	239	29.1177332681974	213.530043966781	-209.882266731803	-25.4699560332193
36955	239	43.676599902296	279.044943820225	-195.323400097704	40.0449438202247
36956	239	50.9560332193454	291.177332681974	-188.043966780655	52.1773326819737
36957	239	82.5002442598925	310.589154860772	-156.499755740107	71.5891548607719
36958	239	21.838299951148	235.368343917929	-217.161700048852	-3.63165608207132
36959	239	116.470933072789	315.442110405471	-122.529066927211	76.4421104054715
36960	239	26.6912554958476	264.486077186126	-212.308744504152	25.4860771861261
36961	239	75.2208109428432	325.148021494871	-163.779189057157	86.1480214948706
36962	239	67.9413776257938	315.442110405471	-171.058622374206	76.4421104054715
36963	239	63.0884220810943	300.883243771373	-175.911577918906	61.8832437713727
36964	239	60.6619443087445	305.736199316072	-178.338055691255	66.7361993160723
36965	239	53.3825109916952	303.309721543723	-185.617489008305	64.3097215437226
36966	239	46.1030776746458	286.324377137274	-192.896922325354	47.3243771372741
36967	239	94.6326331216414	315.442110405471	-144.367366878359	76.4421104054715
36968	239	75.2208109428432	300.883243771373	-163.779189057157	61.8832437713727
36969	239	92.2061553492916	291.177332681974	-146.793844650708	52.1773326819737
36970	239	50.9560332193454	310.589154860772	-188.043966780655	71.5891548607719
36971	239	50.9560332193454	298.456765999023	-188.043966780655	59.456765999023
36972	239	41.2501221299463	298.456765999023	-197.749877870054	59.456765999023
36973	239	48.5295554469956	296.030288226673	-190.470444553004	57.0302882266732
36974	239	48.5295554469956	271.765510503175	-190.470444553004	32.7655105031754
36975	239	97.0591108939912	313.015632633122	-141.940889106009	74.0156326331216
36976	239	111.61797752809	300.883243771373	-127.38202247191	61.8832437713727
36977	239	43.676599902296	286.324377137274	-195.323400097704	47.3243771372741
36978	239	19.4118221787982	106.76502198339	-219.588177821202	-132.23497801661
36979	239	50.9560332193454	288.750854909624	-188.043966780655	49.7508549096239
36980	239	48.5295554469956	315.442110405471	-190.470444553004	76.4421104054715
36981	239	50.9560332193454	308.162677088422	-188.043966780655	69.1626770884221
36982	239	43.676599902296	288.750854909624	-195.323400097704	49.7508549096239
36983	239	31.5442110405471	257.206643869077	-207.455788959453	18.2066438690767
36984	239	29.1177332681974	220.80947728383	-209.882266731803	-18.19052271617
36985	239	41.2501221299463	279.044943820225	-197.749877870054	40.0449438202247
36986	239	53.3825109916952	291.177332681974	-185.617489008305	52.1773326819737
36987	239	29.1177332681974	317.868588177821	-209.882266731803	78.8685881778212
36988	239	21.838299951148	286.324377137274	-217.161700048852	47.3243771372741
36989	239	36.3971665852467	208.677088422081	-202.602833414753	-30.3229115779189
36990	239	82.5002442598925	351.839276990718	-156.499755740107	112.839276990718
36991	239	104.338544211041	300.883243771373	-134.661455788959	61.8832437713727
36992	239	41.2501221299463	286.324377137274	-197.749877870054	47.3243771372741
36993	239	94.6326331216414	320.295065950171	-144.367366878359	81.295065950171
36994	239	21.838299951148	208.677088422081	-217.161700048852	-30.3229115779189
36995	239	63.0884220810943	288.750854909624	-175.911577918906	49.7508549096239
36996	239	43.676599902296	293.603810454323	-195.323400097704	54.6038104543234
36997	239	24.2647777234978	245.074255007328	-214.735222276502	6.07425500732782
36998	239	29.1177332681974	269.339032730826	-209.882266731803	30.3390327308256
36999	311	55.8089887640449	317.868588177821	-255.191011235955	6.86858817782121
37000	311	60.6619443087445	300.883243771373	-250.338055691255	-10.1167562286273
37001	311	82.5002442598925	320.295065950171	-228.499755740107	9.29506595017102
37002	129	68.5119687347338	232.056668295066	-60.4880312652662	103.056668295066
37008	0	0	24.2647777234978	0	24.2647777234978
37011	0	2.42647777234978	116.470933072789	2.42647777234978	116.470933072789
37013	0	9.70591108939912	92.2061553492916	9.70591108939912	92.2061553492916
37014	0	0	111.61797752809	0	111.61797752809
37017	0	4.85295554469956	75.2208109428432	4.85295554469956	75.2208109428432
37020	0	0	82.5002442598925	0	82.5002442598925
37021	0	0	70.3678553981436	0	70.3678553981436
37025	0	2.42647777234978	186.838788470933	2.42647777234978	186.838788470933
37026	126	53.0415241817294	172.38495359062	-72.9584758182706	46.3849535906204
37028	46	46.3898387884709	227.310210063508	0.389838788470932	181.310210063508
37029	29	0	48.5295554469956	-29	19.5295554469956
37030	29	7.27943331704934	155.294577430386	-21.7205666829507	126.294577430386
37031	29	2.42647777234978	82.5002442598925	-26.5735222276502	53.5002442598925
37032	29	0	72.7943331704934	-29	43.7943331704934
37035	29	2.42647777234978	97.0591108939912	-26.5735222276502	68.0591108939912
37036	29	0	67.9413776257938	-29	38.9413776257938
37037	29	0	58.2354665363947	-29	29.2354665363947
37038	29	0	55.8089887640449	-29	26.8089887640449
37039	28	4.85295554469956	99.485588666341	-23.1470444553004	71.485588666341
37041	28	2.42647777234978	186.838788470933	-25.5735222276502	158.838788470933
37042	28	4.85295554469956	63.0884220810943	-23.1470444553004	35.0884220810943
37043	29	12.1323888617489	148.015144113337	-16.8676111382511	119.015144113337
37044	29	0	31.5442110405471	-29	2.54421104054714
37045	29	0	43.676599902296	-29	14.676599902296
37046	29	0	60.6619443087445	-29	31.6619443087445
37047	29	0	63.0884220810943	-29	34.0884220810943
37048	29	0	72.7943331704934	-29	43.7943331704934
37049	29	4.85295554469956	99.485588666341	-24.1470444553004	70.485588666341
37050	119	62.6468001954079	287.605764533464	-56.3531998045921	168.605764533464
37051	47	24.2647777234978	77.647288715193	-22.7352222765022	30.647288715193
37052	47	26.6912554958476	75.2208109428432	-20.3087445041524	28.2208109428432
37053	47	26.6912554958476	104.338544211041	-20.3087445041524	57.3385442110406
37054	54	33.9706888128969	97.0591108939912	-20.0293111871031	43.0591108939912
37055	47	21.838299951148	92.2061553492916	-25.161700048852	45.2061553492916
37056	47	26.6912554958476	63.0884220810943	-20.3087445041524	16.0884220810943
37057	47	31.5442110405471	97.0591108939912	-15.4557889594529	50.0591108939912
37058	47	26.6912554958476	92.2061553492916	-20.3087445041524	45.2061553492916
37059	47	36.3971665852467	99.485588666341	-10.6028334147533	52.485588666341
37060	47	46.1030776746458	97.0591108939912	-0.896922325354176	50.0591108939912
37061	47	26.6912554958476	92.2061553492916	-20.3087445041524	45.2061553492916
37062	47	31.5442110405471	97.0591108939912	-15.4557889594529	50.0591108939912
37063	54	33.9706888128969	104.338544211041	-20.0293111871031	50.3385442110406
37064	54	31.5442110405471	97.0591108939912	-22.4557889594529	43.0591108939912
37065	54	36.3971665852467	89.7796775769419	-17.6028334147533	35.7796775769419
37066	54	31.5442110405471	99.485588666341	-22.4557889594529	45.485588666341
37067	54	31.5442110405471	99.485588666341	-22.4557889594529	45.485588666341
37068	48	19.4118221787982	84.9267220322423	-28.5881778212018	36.9267220322423
37069	187	113.90327308256	279.063019052272	-73.0967269174402	92.0630190522716
37070	187	113.90327308256	264.825109916952	-73.0967269174402	77.8251099169516
37071	187	187.940400586224	316.081582804104	0.940400586223717	129.081582804104
37072	187	136.683927699072	310.386419149976	-50.3160723009282	123.386419149976
37073	187	102.512945774304	270.52027357108	-84.4870542256961	83.5202735710796
37074	187	93.9702002931119	333.167073766488	-93.0297997068881	146.167073766488
37075	187	105.360527601368	318.929164631168	-81.6394723986322	131.929164631168
37076	187	79.7322911577919	279.063019052272	-107.267708842208	92.0630190522716
37077	187	51.2564728871519	250.587200781632	-135.743527112848	63.5872007816316
37078	187	128.14118221788	276.215437225208	-58.8588177821202	89.2154372252076
37079	187	150.921836834392	338.862237420615	-36.0781631656082	151.862237420615
37080	187	119.598436736688	330.319491939424	-67.4015632633122	143.319491939424
37081	219	170.85490962384	273.367855398144	-48.1450903761603	54.3678553981436
37082	219	96.8177821201759	301.843673668784	-122.182217879824	82.8436736687835
37083	219	108.208109428432	301.843673668784	-110.791890571568	82.8436736687835
37084	110	113.90327308256	310.386419149976	3.90327308255983	200.386419149976
37085	110	116.750854909624	304.691255495848	6.75085490962383	194.691255495848
37086	110	108.208109428432	296.148510014656	-1.79189057156816	186.148510014656
37087	110	96.8177821201759	276.215437225208	-13.1822178798241	166.215437225208
37088	110	59.7992183683439	284.7581827064	-50.2007816316561	174.7581827064
37089	303	59.7992183683439	264.825109916952	-243.200781631656	-38.1748900830484
37090	303	71.1895456765999	279.063019052272	-231.8104543234	-23.9369809477284
37091	303	176.550073277968	290.453346360528	-126.449926722032	-12.5466536394724
37092	303	125.293600390816	276.215437225208	-177.706399609184	-26.7845627747924
37093	139	61.8817782120176	234.266731802638	-77.1182217879824	95.266731802638
37094	56	48.5295554469956	167.426966292135	-7.47044455300439	111.426966292135
37095	150	30.9408891060088	143.654127992184	-119.059110893991	-6.34587200781633
37096	150	19.8905715681485	185.645334636053	-130.109428431851	35.6453346360528
37097	150	19.8905715681485	92.8226673180264	-130.109428431851	-57.1773326819736
37098	0	0	19.4118221787982	0	19.4118221787982
37099	0	0	24.2647777234978	0	24.2647777234978
37100	0	0	19.4118221787982	0	19.4118221787982
37101	0	0	12.1323888617489	0	12.1323888617489
37102	0	0	12.1323888617489	0	12.1323888617489
37103	0	0	12.1323888617489	0	12.1323888617489
37104	0	0	16.9853444064485	0	16.9853444064485
37105	0	0	19.4118221787982	0	19.4118221787982
37106	0	0	9.70591108939912	0	9.70591108939912
37107	0	0	12.1323888617489	0	12.1323888617489
37109	139	0	116.470933072789	-139	-22.5290669272106
37110	100	2.42647777234978	87.3531998045921	-97.5735222276502	-12.6468001954079
37111	100	4.85295554469956	63.0884220810943	-95.1470444553004	-36.9115779189057
37112	100	2.42647777234978	92.2061553492916	-97.5735222276502	-7.79384465070835
37113	139	2.42647777234978	70.3678553981436	-136.57352222765	-68.6321446018564
37114	139	4.85295554469956	77.647288715193	-134.1470444553	-61.352711284807
37115	100	2.42647777234978	60.6619443087445	-97.5735222276502	-39.3380556912555
37116	100	0	55.8089887640449	-100	-44.1910112359551
37117	131	0	75.2208109428432	-131	-55.7791890571568
37118	131	0	63.0884220810943	-131	-67.9115779189057
37119	131	7.27943331704934	165.000488519785	-123.720566682951	34.0004885197851
37120	139	2.42647777234978	63.0884220810943	-136.57352222765	-75.9115779189057
37121	131	2.42647777234978	148.015144113337	-128.57352222765	17.0151441133366
37122	131	2.42647777234978	80.0737664875428	-128.57352222765	-50.9262335124572
37123	131	4.85295554469956	77.647288715193	-126.1470444553	-53.352711284807
37124	131	2.42647777234978	169.853444064485	-128.57352222765	38.8534440644846
37125	131	7.27943331704934	225.66243282853	-123.720566682951	94.6624328285296
37126	139	2.42647777234978	80.0737664875428	-136.57352222765	-58.9262335124572
37127	131	9.70591108939912	87.3531998045921	-121.294088910601	-43.6468001954079
37128	131	2.42647777234978	67.9413776257938	-128.57352222765	-63.0586223742062
37129	139	2.42647777234978	184.412310698583	-136.57352222765	45.4123106985833
37130	139	2.42647777234978	150.441621885686	-136.57352222765	11.4416218856864
37131	139	4.85295554469956	179.559355153884	-134.1470444553	40.5593551538838
37132	139	2.42647777234978	70.3678553981436	-136.57352222765	-68.6321446018564
37133	139	2.42647777234978	67.9413776257938	-136.57352222765	-71.0586223742062
37134	139	0	46.1030776746458	-139	-92.8969223253542
37135	139	2.42647777234978	181.985832926234	-136.57352222765	42.9858329262335
37136	131	2.42647777234978	65.5148998534441	-128.57352222765	-65.4851001465559
37137	131	2.42647777234978	203.824132877382	-128.57352222765	72.8241328773815
37138	131	4.85295554469956	82.5002442598925	-126.1470444553	-48.4997557401075
37139	139	2.42647777234978	55.8089887640449	-136.57352222765	-83.191011235955
37140	100	0	46.1030776746458	-100	-53.8969223253542
37141	131	4.85295554469956	63.0884220810943	-126.1470444553	-67.9115779189057
37142	97	7.27943331704934	245.074255007328	-89.7205666829507	148.074255007328
37143	139	0	55.8089887640449	-139	-83.191011235955
37144	139	0	43.676599902296	-139	-95.323400097704
37145	139	2.42647777234978	101.912066438691	-136.57352222765	-37.0879335613092
37146	139	2.42647777234978	70.3678553981436	-136.57352222765	-68.6321446018564
37147	139	2.42647777234978	133.456277479238	-136.57352222765	-5.54372252076209
37148	139	9.70591108939912	230.515388373229	-129.294088910601	91.5153883732291
37149	139	2.42647777234978	67.9413776257938	-136.57352222765	-71.0586223742062
37150	139	4.85295554469956	179.559355153884	-134.1470444553	40.5593551538838
37151	127	14.5588666340987	240.221299462628	-112.441133365901	113.221299462628
37152	127	33.9706888128969	208.677088422081	-93.0293111871031	81.6770884220811
37153	127	26.6912554958476	223.23595505618	-100.308744504152	96.2359550561798
37154	127	38.8236443575965	300.883243771373	-88.1763556424035	173.883243771373
37155	127	9.70591108939912	206.250610649731	-117.294088910601	79.2506106497313
37156	127	2.42647777234978	225.66243282853	-124.57352222765	98.6624328285296
37157	127	9.70591108939912	264.486077186126	-117.294088910601	137.486077186126
37158	127	21.838299951148	313.015632633122	-105.161700048852	186.015632633122
37159	127	16.9853444064485	291.177332681974	-110.014655593552	164.177332681974
37160	104	38.8236443575965	288.750854909624	-65.1763556424035	184.750854909624
37161	104	24.2647777234978	293.603810454323	-79.7352222765022	189.603810454323
37162	104	26.6912554958476	293.603810454323	-77.3087445041524	189.603810454323
37163	105	46.1030776746458	288.750854909624	-58.8969223253542	183.750854909624
37164	105	9.70591108939912	240.221299462628	-95.2940889106009	135.221299462628
37165	105	7.27943331704934	266.912554958476	-97.7205666829507	161.912554958476
37166	105	33.9706888128969	300.883243771373	-71.0293111871031	195.883243771373
37167	105	16.9853444064485	286.324377137274	-88.0146555935515	181.324377137274
37168	105	33.9706888128969	313.015632633122	-71.0293111871031	208.015632633122
37169	105	29.1177332681974	276.618466047875	-75.8822667318026	171.618466047875
37170	105	14.5588666340987	228.088910600879	-90.4411333659013	123.088910600879
37171	105	12.1323888617489	291.177332681974	-92.8676111382511	186.177332681974
37172	105	7.27943331704934	160.147532975086	-97.7205666829507	55.1475329750855
37173	105	16.9853444064485	232.941866145579	-88.0146555935515	127.941866145579
37174	105	19.4118221787982	252.353688324377	-85.5881778212018	147.353688324377
37175	105	16.9853444064485	203.824132877382	-88.0146555935515	98.8241328773815
37176	105	12.1323888617489	179.559355153884	-92.8676111382511	74.5593551538838
37177	105	4.85295554469956	213.530043966781	-100.1470444553	108.530043966781
37178	105	4.85295554469956	150.441621885686	-100.1470444553	45.4416218856864
37179	105	21.838299951148	254.780166096727	-83.161700048852	149.780166096727
37180	105	26.6912554958476	262.059599413776	-78.3087445041524	157.059599413776
37181	105	92.2061553492916	303.309721543723	-12.7938446507084	198.309721543723
37182	105	21.838299951148	237.794821690278	-83.161700048852	132.794821690278
37183	105	14.5588666340987	230.515388373229	-90.4411333659013	125.515388373229
37184	105	29.1177332681974	254.780166096727	-75.8822667318026	149.780166096727
37186	73	16.2364435759648	218.032242305813	-56.7635564240352	145.032242305813
37187	158	16.9853444064485	274.191988275525	-141.014655593552	116.191988275525
37188	158	46.1030776746458	184.412310698583	-111.896922325354	26.4123106985833
37189	79	46.1030776746458	213.530043966781	-32.8969223253542	134.530043966781
37190	79	38.8236443575965	181.985832926234	-40.1763556424035	102.985832926234
37191	79	38.8236443575965	213.530043966781	-40.1763556424035	134.530043966781
37192	79	60.6619443087445	218.38299951148	-18.3380556912555	139.38299951148
37193	79	33.9706888128969	155.294577430386	-45.0293111871031	76.2945774303859
37194	98	33.9706888128969	179.559355153884	-64.0293111871031	81.5593551538838
37195	98	33.9706888128969	174.706399609184	-64.0293111871031	76.7063996091842
37196	71	19.4118221787982	201.397655105032	-51.5881778212018	130.397655105032
37197	71	48.5295554469956	150.441621885686	-22.4704445530044	79.4416218856864
37198	71	50.9560332193454	196.544699560332	-20.0439667806546	125.544699560332
37199	71	50.9560332193454	184.412310698583	-20.0439667806546	113.412310698583
37200	71	46.1030776746458	196.544699560332	-24.8969223253542	125.544699560332
37201	71	26.6912554958476	206.250610649731	-44.3087445041524	135.250610649731
37202	71	41.2501221299463	131.029799706888	-29.7498778700537	60.0297997068881
37203	71	21.838299951148	169.853444064485	-49.161700048852	98.8534440644846
37204	174	33.9706888128969	196.544699560332	-140.029311187103	22.5446995603322
37205	71	21.838299951148	140.735710796287	-49.161700048852	69.7357107962873
37206	71	38.8236443575965	201.397655105032	-32.1763556424035	130.397655105032
37207	71	29.1177332681974	206.250610649731	-41.8822667318026	135.250610649731
37208	98	116.470933072789	237.794821690278	18.4709330727894	139.794821690278
37209	108	48.6448461162677	122.512945774304	-59.3551538837323	14.5129457743039
37210	108	43.2398632144602	111.702979970689	-64.7601367855398	3.70297997068882
37211	108	43.2398632144602	108.09965803615	-64.7601367855398	0.0996580361504584
37212	104	39.6365412799218	106.297997068881	-64.3634587200782	2.29799706888129
37213	108	48.6448461162677	142.331216414265	-59.3551538837323	34.3312164142648
37214	43	43.676599902296	150.441621885686	0.676599902296047	107.441621885686
37215	54	9.70591108939912	55.8089887640449	-44.2940889106009	1.80898876404495
37216	54	9.70591108939912	55.8089887640449	-44.2940889106009	1.80898876404495
37217	49	14.5588666340987	75.2208109428432	-34.4411333659013	26.2208109428432
37218	49	24.2647777234978	58.2354665363947	-24.7352222765022	9.23546653639472
37219	49	19.4118221787982	58.2354665363947	-29.5881778212018	9.23546653639472
37220	49	16.9853444064485	75.2208109428432	-32.0146555935515	26.2208109428432
37221	49	19.4118221787982	67.9413776257938	-29.5881778212018	18.9413776257938
37222	52	21.838299951148	75.2208109428432	-30.161700048852	23.2208109428432
37223	52	21.838299951148	77.647288715193	-30.161700048852	25.647288715193
37224	160	101.912066438691	291.177332681974	-58.0879335613092	131.177332681974
37225	181	119.343429408891	333.338544211041	-61.6565705911089	152.338544211041
37226	50	44.2305813385442	218.941377625794	-5.76941866145579	168.941377625794
37227	50	39.8075232046898	141.537860283341	-10.1924767953102	91.5378602833415
37228	50	57.4997557401075	265.383488031265	7.49975574010747	215.383488031265
37229	50	44.2305813385442	163.653150952614	-5.76941866145579	113.653150952614
37230	50	59.7112848070347	194.614557889595	9.71128480703469	144.614557889595
37231	0	2.42647777234978	296.030288226673	2.42647777234978	296.030288226673
37232	117	26.6912554958476	245.074255007328	-90.3087445041524	128.074255007328
37233	72	63.0884220810943	247.500732779678	-8.91157791890571	175.500732779678
37234	96	41.2501221299463	276.618466047875	-54.7498778700537	180.618466047875
37235	174	26.6912554958476	254.780166096727	-147.308744504152	80.7801660967269
37236	155	88.4025403028823	322.66927210552	-66.5974596971177	167.66927210552
37237	155	83.9824132877382	269.627747923791	-71.0175867122618	114.627747923791
37238	119	21.838299951148	179.559355153884	-97.161700048852	60.5593551538838
37240	119	33.9706888128969	152.868099658036	-85.0293111871031	33.8680996580362
37241	119	33.9706888128969	133.456277479238	-85.0293111871031	14.4562774792379
37246	51	33.9706888128969	94.6326331216414	-17.0293111871031	43.6326331216414
37247	51	31.5442110405471	101.912066438691	-19.4557889594529	50.9120664386908
37248	51	31.5442110405471	111.61797752809	-19.4557889594529	60.6179775280899
37249	17	14.5588666340987	82.5002442598925	-2.44113336590132	65.5002442598925
37250	92	29.1177332681974	116.470933072789	-62.8822667318026	24.4709330727894
37251	17	21.838299951148	111.61797752809	4.83829995114802	94.6179775280899
37252	17	29.1177332681974	106.76502198339	12.1177332681974	89.7650219833903
37253	17	9.70591108939912	72.7943331704934	-7.29408891060088	55.7943331704934
37254	17	33.9706888128969	99.485588666341	16.9706888128969	82.485588666341
37255	17	7.27943331704934	84.9267220322423	-9.72056668295066	67.9267220322423
37256	17	12.1323888617489	89.7796775769419	-4.8676111382511	72.7796775769419
37257	17	29.1177332681974	82.5002442598925	12.1177332681974	65.5002442598925
37258	17	16.9853444064485	87.3531998045921	-0.014655593551538	70.3531998045921
37259	17	31.5442110405471	97.0591108939912	14.5442110405471	80.0591108939912
37260	17	21.838299951148	97.0591108939912	4.83829995114802	80.0591108939912
37261	17	21.838299951148	94.6326331216414	4.83829995114802	77.6326331216414
37262	17	24.2647777234978	101.912066438691	7.2647777234978	84.9120664386908
37263	17	12.1323888617489	131.029799706888	-4.8676111382511	114.029799706888
37264	17	16.9853444064485	89.7796775769419	-0.014655593551538	72.7796775769419
37265	17	14.5588666340987	99.485588666341	-2.44113336590132	82.485588666341
37266	17	26.6912554958476	92.2061553492916	9.69125549584759	75.2061553492916
37267	17	26.6912554958476	121.323888617489	9.69125549584759	104.323888617489
37268	17	7.27943331704934	94.6326331216414	-9.72056668295066	77.6326331216414
37269	17	21.838299951148	94.6326331216414	4.83829995114802	77.6326331216414
37270	17	36.3971665852467	97.0591108939912	19.3971665852467	80.0591108939912
37271	17	12.1323888617489	94.6326331216414	-4.8676111382511	77.6326331216414
37272	17	26.6912554958476	99.485588666341	9.69125549584759	82.485588666341
37273	17	36.3971665852467	254.780166096727	19.3971665852467	237.780166096727
37274	17	16.9853444064485	92.2061553492916	-0.014655593551538	75.2061553492916
37275	17	16.9853444064485	94.6326331216414	-0.014655593551538	77.6326331216414
37276	17	21.838299951148	89.7796775769419	4.83829995114802	72.7796775769419
37277	17	19.4118221787982	82.5002442598925	2.41182217879824	65.5002442598925
37278	17	16.9853444064485	84.9267220322423	-0.014655593551538	67.9267220322423
37279	17	21.838299951148	87.3531998045921	4.83829995114802	70.3531998045921
37280	17	21.838299951148	94.6326331216414	4.83829995114802	77.6326331216414
37281	17	19.4118221787982	101.912066438691	2.41182217879824	84.9120664386908
37282	17	9.70591108939912	94.6326331216414	-7.29408891060088	77.6326331216414
37283	17	16.9853444064485	82.5002442598925	-0.014655593551538	65.5002442598925
37284	17	9.70591108939912	77.647288715193	-7.29408891060088	60.647288715193
37285	17	21.838299951148	87.3531998045921	4.83829995114802	70.3531998045921
37286	17	7.27943331704934	80.0737664875428	-9.72056668295066	63.0737664875428
37287	17	16.9853444064485	82.5002442598925	-0.014655593551538	65.5002442598925
37288	50	26.6912554958476	109.19149975574	-23.3087445041524	59.1914997557401
37289	50	36.3971665852467	99.485588666341	-13.6028334147533	49.485588666341
37290	50	33.9706888128969	99.485588666341	-16.0293111871031	49.485588666341
37291	50	36.3971665852467	99.485588666341	-13.6028334147533	49.485588666341
37292	62	36.3971665852467	104.338544211041	-25.6028334147533	42.3385442110406
37293	47	36.3971665852467	89.7796775769419	-10.6028334147533	42.7796775769419
37294	47	26.6912554958476	109.19149975574	-20.3087445041524	62.1914997557401
37295	47	29.1177332681974	106.76502198339	-17.8822667318026	59.7650219833903
37296	47	41.2501221299463	97.0591108939912	-5.74987787005374	50.0591108939912
37297	47	26.6912554958476	99.485588666341	-20.3087445041524	52.485588666341
37298	47	33.9706888128969	94.6326331216414	-13.0293111871031	47.6326331216414
37299	47	33.9706888128969	99.485588666341	-13.0293111871031	52.485588666341
37300	72	33.9706888128969	89.7796775769419	-38.0293111871031	17.7796775769419
37301	72	33.9706888128969	94.6326331216414	-38.0293111871031	22.6326331216414
37302	50	24.2647777234978	99.485588666341	-25.7352222765022	49.485588666341
37304	0	2.42647777234978	63.0884220810943	2.42647777234978	63.0884220810943
37305	0	9.70591108939912	94.6326331216414	9.70591108939912	94.6326331216414
37306	0	2.42647777234978	101.912066438691	2.42647777234978	101.912066438691
37307	0	7.27943331704934	72.7943331704934	7.27943331704934	72.7943331704934
37308	0	9.70591108939912	191.691744015633	9.70591108939912	191.691744015633
37309	0	2.42647777234978	46.1030776746458	2.42647777234978	46.1030776746458
37310	32	28.7308255984367	150.2843185149	-3.26917440156326	118.2843185149
37311	17	15.4704445530044	103.872984855887	-1.5295554469956	86.8729848558867
37312	17	17.6805080605765	106.083048363459	0.680508060576454	89.0830483634587
37313	66	35.3610161211529	125.973619931607	-30.6389838788471	59.9736199316072
37314	41	30.9408891060088	112.713238886175	-10.0591108939912	71.7132388861749
37315	41	19.8905715681485	101.662921348315	-21.1094284318515	60.6629213483146
37316	51	28.7308255984367	156.914509037616	-22.2691744015633	105.914509037616
37317	42	65.5148998534441	310.589154860772	23.5148998534441	268.589154860772
37318	45	43.676599902296	235.368343917929	-1.32340009770395	190.368343917929
37319	45	36.3971665852467	281.471421592575	-8.60283341475329	236.471421592575
37320	45	36.3971665852467	225.66243282853	-8.60283341475329	180.66243282853
37321	45	33.9706888128969	252.353688324377	-11.0293111871031	207.353688324377
37322	45	48.5295554469956	262.059599413776	3.52955544699561	217.059599413776
37323	45	36.3971665852467	230.515388373229	-8.60283341475329	185.515388373229
37324	45	29.1177332681974	235.368343917929	-15.8822667318026	190.368343917929
37325	45	38.8236443575965	172.279921836834	-6.17635564240351	127.279921836834
37326	42	31.5442110405471	271.765510503175	-10.4557889594529	229.765510503175
37327	39	31.5442110405471	281.471421592575	-7.45578895945286	242.471421592575
37328	39	24.2647777234978	982.723497801661	-14.7352222765022	943.723497801661
37330	39	21.838299951148	131.029799706888	-17.161700048852	92.0297997068881
37331	39	2.42647777234978	123.750366389839	-36.5735222276502	84.7503663898388
37332	39	12.1323888617489	458.604298974108	-26.8676111382511	419.604298974108
37337	39	19.4118221787982	77.647288715193	-19.5881778212018	38.647288715193
37339	39	21.838299951148	269.339032730826	-17.161700048852	230.339032730826
37340	39	12.1323888617489	451.324865657059	-26.8676111382511	412.324865657059
37342	39	53.3825109916952	266.912554958476	14.3825109916952	227.912554958476
37343	39	31.5442110405471	118.897410845139	-7.45578895945286	79.8974108451392
37344	51	50.9560332193454	606.619443087445	-0.043966780654614	555.619443087445
37347	51	26.6912554958476	97.0591108939912	-24.3087445041524	46.0591108939912
37348	42	29.1177332681974	259.633121641426	-12.8822667318026	217.633121641426
37349	42	29.1177332681974	264.486077186126	-12.8822667318026	222.486077186126
