36455	219	118.897410845139	271.765510503175	-100.102589154861	52.7655105031754
36456	219	121.323888617489	269.339032730826	-97.676111382511	50.3390327308256
36457	219	148.015144113337	266.912554958476	-70.9848558866634	47.9125549584758
36458	219	111.61797752809	252.353688324377	-107.38202247191	33.3536883243771
36459	219	213.530043966781	373.677576941866	-5.46995603321932	154.677576941866
36460	219	160.147532975086	604.192965315095	-58.8524670249145	385.192965315095
36461	64	15.4704445530044	139.23400097704	-48.5295554469956	75.2340009770396
36463	87	48.6213971665852	251.947239863214	-38.3786028334148	164.947239863214
36465	87	17.6805080605765	128.183683439179	-69.3194919394235	41.1836834391793
36466	87	15.4704445530044	125.973619931607	-71.5295554469956	38.9736199316072
36467	87	37.571079628725	196.695652173913	-49.428920371275	109.695652173913
36468	87	37.571079628725	179.015144113337	-49.428920371275	92.0151441133366
36469	87	37.571079628725	201.115779189057	-49.428920371275	114.115779189057
36470	87	41.9912066438691	194.485588666341	-45.0087933561309	107.485588666341
36471	87	35.3610161211529	192.275525158769	-51.6389838788471	105.275525158769
36472	87	44.2012701514411	203.325842696629	-42.7987298485589	116.325842696629
36473	87	11.0503175378603	125.973619931607	-75.9496824621397	38.9736199316072
36474	87	41.9912066438691	207.745969711773	-45.0087933561309	120.745969711773
36475	87	53.0415241817294	176.805080605765	-33.9584758182706	89.8050806057645
36476	87	50.8314606741573	185.645334636053	-36.1685393258427	98.6453346360528
36477	87	33.1509526135808	176.805080605765	-53.8490473864192	89.8050806057645
36478	34	19.4118221787982	92.2061553492916	-14.5881778212018	58.2061553492916
36479	34	21.838299951148	87.3531998045921	-12.161700048852	53.3531998045921
36480	34	24.2647777234978	89.7796775769419	-9.7352222765022	55.7796775769419
36481	34	21.838299951148	87.3531998045921	-12.161700048852	53.3531998045921
36482	34	14.5588666340987	82.5002442598925	-19.4411333659013	48.5002442598925
36483	34	21.838299951148	116.470933072789	-12.161700048852	82.4709330727894
36484	52	19.4118221787982	82.5002442598925	-32.5881778212018	30.5002442598925
36485	52	21.838299951148	84.9267220322423	-30.161700048852	32.9267220322423
36486	52	21.838299951148	82.5002442598925	-30.161700048852	30.5002442598925
36487	35	33.9706888128969	126.176844162189	-1.02931118710308	91.1768441621886
36488	184	39.4313629702003	243.546653639472	-144.5686370298	59.5466536394724
36493	52	43.676599902296	220.80947728383	-8.32340009770395	168.80947728383
36494	52	77.647288715193	247.500732779678	25.647288715193	195.500732779678
36496	52	50.9560332193454	332.42745481192	-1.04396678065461	280.42745481192
36498	47	84.9267220322423	223.23595505618	37.9267220322423	176.23595505618
36499	28	63.0884220810943	499.854421104055	35.0884220810943	471.854421104055
36501	29	196.544699560332	346.986321446019	167.544699560332	317.986321446019
36502	29	128.603321934538	308.162677088422	99.6033219345384	279.162677088422
36503	26	46.1030776746458	179.559355153884	20.1030776746458	153.559355153884
36504	26	48.5295554469956	184.412310698583	22.5295554469956	158.412310698583
36505	26	67.9413776257938	196.544699560332	41.9413776257938	170.544699560332
36506	26	65.5148998534441	194.118221787982	39.5148998534441	168.118221787982
36507	26	104.338544211041	283.897899364924	78.3385442110406	257.897899364924
36508	26	72.7943331704934	215.95652173913	46.7943331704934	189.95652173913
36509	26	67.9413776257938	189.265266243283	41.9413776257938	163.265266243283
36510	26	67.9413776257938	194.118221787982	41.9413776257938	168.118221787982
36511	26	63.0884220810943	196.544699560332	37.0884220810943	170.544699560332
36512	26	70.3678553981436	211.103566194431	44.3678553981436	185.103566194431
36513	26	58.2354665363947	189.265266243283	32.2354665363947	163.265266243283
36514	26	72.7943331704934	211.103566194431	46.7943331704934	185.103566194431
36515	26	31.5442110405471	191.691744015633	5.54421104054714	165.691744015633
36516	26	55.8089887640449	206.250610649731	29.8089887640449	180.250610649731
36517	26	84.9267220322423	235.368343917929	58.9267220322423	209.368343917929
36518	26	63.0884220810943	206.250610649731	37.0884220810943	180.250610649731
36519	26	38.8236443575965	194.118221787982	12.8236443575965	168.118221787982
36520	26	60.6619443087445	203.824132877382	34.6619443087445	177.824132877382
36521	12	31.5442110405471	274.191988275525	19.5442110405471	262.191988275525
36522	12	72.7943331704934	232.941866145579	60.7943331704934	220.941866145579
36523	12	58.2354665363947	249.927210552027	46.2354665363947	237.927210552027
36524	12	63.0884220810943	230.515388373229	51.0884220810943	218.515388373229
36525	12	55.8089887640449	286.324377137274	43.8089887640449	274.324377137274
36526	12	50.9560332193454	172.279921836834	38.9560332193454	160.279921836834
36527	134	87.3531998045921	264.486077186126	-46.6468001954079	130.486077186126
36528	134	99.485588666341	274.191988275525	-34.514411333659	140.191988275525
36529	134	87.3531998045921	235.368343917929	-46.6468001954079	101.368343917929
36530	134	70.3678553981436	213.530043966781	-63.6321446018564	79.5300439667807
36531	134	75.2208109428432	211.103566194431	-58.7791890571568	77.1035661944309
36532	134	38.8236443575965	196.544699560332	-95.1763556424035	62.5446995603322
36533	134	72.7943331704934	266.912554958476	-61.2056668295066	132.912554958476
36534	12	50.9560332193454	337.280410356619	38.9560332193454	325.280410356619
36536	51	60.6619443087445	160.147532975086	9.66194430874451	109.147532975086
36537	51	50.9560332193454	126.176844162189	-0.043966780654614	75.1768441621886
36538	48	80.0737664875428	201.397655105032	32.0737664875428	153.397655105032
36539	48	101.912066438691	208.677088422081	53.9120664386908	160.677088422081
36540	48	82.5002442598925	184.412310698583	34.5002442598925	136.412310698583
36541	48	94.6326331216414	208.677088422081	46.6326331216414	160.677088422081
36542	48	77.647288715193	213.530043966781	29.647288715193	165.530043966781
36543	48	80.0737664875428	245.074255007328	32.0737664875428	197.074255007328
36544	26	138.891060087934	293.214460185638	112.891060087934	267.214460185638
36545	26	123.458720078163	277.782120175867	97.4587200781632	251.782120175867
36546	26	126.030776746458	272.638006839277	100.030776746458	246.638006839277
36547	26	108.026380068393	262.349780166097	82.0263800683928	236.349780166097
36548	26	105.454323400098	262.349780166097	79.4543234000977	236.349780166097
36549	26	113.170493404983	257.205666829507	87.1704934049829	231.205666829507
36550	26	100.310210063508	282.926233512457	74.3102100635076	256.926233512457
36551	26	92.5940400586224	272.638006839277	66.5940400586224	246.638006839277
36552	26	123.458720078163	264.921836834392	97.4587200781632	238.921836834392
36553	26	128.602833414753	277.782120175867	102.602833414753	251.782120175867
36554	26	82.3058133854421	264.921836834392	56.3058133854421	238.921836834392
36555	26	102.882266731803	303.502686858818	76.8822667318026	277.502686858818
36556	26	108.026380068393	318.935026868588	82.0263800683928	292.935026868588
36557	26	66.8734733756717	285.498290180752	40.8734733756717	259.498290180752
36558	26	115.742550073278	293.214460185638	89.742550073278	267.214460185638
36559	26	108.026380068393	288.070346849047	82.0263800683928	262.070346849047
36560	26	113.170493404983	264.921836834392	87.1704934049829	238.921836834392
36561	26	128.602833414753	254.633610161212	102.602833414753	228.633610161212
36562	26	120.886663409868	262.349780166097	94.8866634098681	236.349780166097
36563	26	110.598436736688	236.629213483146	84.5984367366878	210.629213483146
36564	26	66.8734733756717	298.358573522228	40.8734733756717	272.358573522228
36566	66	145.588666340987	293.603810454323	79.5886663409868	227.603810454323
36567	66	94.6326331216414	218.38299951148	28.6326331216414	152.38299951148
36568	66	99.485588666341	235.368343917929	33.485588666341	169.368343917929
36569	66	77.647288715193	213.530043966781	11.647288715193	147.530043966781
36570	66	106.76502198339	235.368343917929	40.7650219833903	169.368343917929
36571	66	84.9267220322423	201.397655105032	18.9267220322423	135.397655105032
36572	61	60.8422081094284	239.566194430874	-0.157791890571566	178.566194430874
36573	61	58.9408891060088	254.776746458232	-2.0591108939912	193.776746458232
36574	84	13.2603810454323	262.997557401075	-70.7396189545677	178.997557401075
36575	84	26.5207620908647	170.174890083048	-57.4792379091353	86.1748900830484
36576	84	22.1006350757206	413.281875915975	-61.8993649242794	329.281875915975
36577	49	31.5442110405471	257.206643869077	-17.4557889594529	208.206643869077
36578	18	101.912066438691	279.044943820225	83.9120664386908	261.044943820225
36580	71	15.4704445530044	327.089399120664	-55.5295554469956	256.089399120664
36581	69	35.3610161211529	236.47679531021	-33.6389838788471	167.47679531021
36582	68	39.781143136297	225.42647777235	-28.218856863703	157.42647777235
36583	68	15.4704445530044	128.183683439179	-52.5295554469956	60.1836834391793
36584	68	24.3106985832926	103.872984855887	-43.6893014167074	35.8729848558867
36585	68	33.1509526135808	229.846604787494	-34.8490473864192	161.846604787494
36586	69	22.1006350757206	320.459208597948	-46.8993649242794	251.459208597948
36587	69	22.1006350757206	322.66927210552	-46.8993649242794	253.66927210552
36588	68	17.6805080605765	130.393746946751	-50.3194919394235	62.3937469467513
36589	68	24.3106985832926	101.662921348315	-43.6893014167074	33.6629213483146
36590	68	33.1509526135808	106.083048363459	-34.8490473864192	38.0830483634587
36591	68	35.3610161211529	112.713238886175	-32.6389838788471	44.7132388861749
36592	68	26.5207620908647	139.23400097704	-41.4792379091353	71.2340009770396
36593	68	30.9408891060088	139.23400097704	-37.0591108939912	71.2340009770396
36594	67	72.9320957498779	254.157303370787	5.93209574987787	187.157303370787
36595	47	22.1006350757206	123.763556424035	-24.8993649242794	76.7635564240352
36596	47	33.1509526135808	130.393746946751	-13.8490473864192	83.3937469467513
36597	47	41.9912066438691	130.393746946751	-5.00879335613092	83.3937469467513
36598	47	28.7308255984367	106.083048363459	-18.2691744015633	59.0830483634587
36599	47	44.2012701514411	212.166096726917	-2.79872984855886	165.166096726917
36600	47	22.1006350757206	128.183683439179	-24.8993649242794	81.1836834391793
36601	47	50.8314606741573	320.459208597948	3.83146067415731	273.459208597948
36602	47	44.2012701514411	346.979970688813	-2.79872984855886	299.979970688813
36607	237	174.706399609184	305.736199316072	-62.2936003908158	68.7361993160723
36608	237	155.294577430386	305.736199316072	-81.7054225696141	68.7361993160723
36609	237	152.868099658036	305.736199316072	-84.1319003419638	68.7361993160723
36610	237	162.574010747435	320.295065950171	-74.4259892525647	83.295065950171
36611	237	123.750366389839	296.030288226673	-113.249633610161	59.0302882266732
36612	113	80.0737664875428	235.368343917929	-32.9262335124572	122.368343917929
36613	113	75.2208109428432	213.530043966781	-37.7791890571568	100.530043966781
36614	113	65.5148998534441	203.824132877382	-47.4851001465559	90.8241328773815
36615	113	101.912066438691	223.23595505618	-11.0879335613092	110.23595505618
36616	113	60.6619443087445	189.265266243283	-52.3380556912555	76.2652662432829
36618	113	58.2354665363947	201.397655105032	-54.7645334636053	88.3976551050318
36619	113	55.8089887640449	174.706399609184	-57.1910112359551	61.7063996091842
36620	113	75.2208109428432	184.412310698583	-37.7791890571568	71.4123106985833
36621	113	43.676599902296	157.721055202736	-69.323400097704	44.7210552027357
36622	113	36.3971665852467	174.706399609184	-76.6028334147533	61.7063996091842
36623	86	79.2730825598437	252.232535417684	-6.72691744015633	166.232535417684
36624	108	63.0581338544211	241.422569614069	-44.9418661455789	133.422569614069
36625	86	68.4631167562286	250.430874450415	-17.5368832437714	164.430874450415
36626	86	72.066438690767	257.637518319492	-13.933561309233	171.637518319492
36627	86	73.8680996580361	239.6209086468	-12.1319003419639	153.6209086468
36628	86	63.0581338544211	252.232535417684	-22.9418661455789	166.232535417684
36629	48	53.3825109916952	194.118221787982	5.38251099169517	146.118221787982
36630	48	70.3678553981436	196.544699560332	22.3678553981436	148.544699560332
36631	200	77.647288715193	262.059599413776	-122.352711284807	62.0595994137763
36632	200	128.603321934538	300.883243771373	-71.3966780654616	100.883243771373
36633	200	135.882755251588	303.309721543723	-64.1172447484123	103.309721543723
36634	0	43.676599902296	181.985832926234	43.676599902296	181.985832926234
36635	0	67.9413776257938	211.103566194431	67.9413776257938	211.103566194431
36636	200	97.0591108939912	344.559843673669	-102.940889106009	144.559843673669
36637	200	133.456277479238	407.648265754763	-66.5437225207621	207.648265754763
36638	200	145.588666340987	366.398143624817	-54.4113336590132	166.398143624817
36639	203	84.9267220322423	254.780166096727	-118.073277967758	51.7801660967269
36640	88	106.76502198339	281.471421592575	18.7650219833903	193.471421592575
36641	88	148.015144113337	414.927699071812	60.0151441133366	326.927699071812
36642	88	67.9413776257938	262.059599413776	-20.0586223742062	174.059599413776
36643	88	135.882755251588	424.633610161212	47.8827552515877	336.633610161212
36644	88	131.029799706888	366.398143624817	43.0297997068881	278.398143624817
36645	117	89.7796775769419	247.500732779678	-27.2203224230581	130.500732779678
36648	147	75.1421592574499	298.358573522228	-71.8578407425501	151.358573522228
36649	145	19.8905715681485	298.358573522228	-125.109428431851	153.358573522228
36650	145	61.8817782120176	251.947239863214	-83.1182217879824	106.947239863214
36651	40	89.7796775769419	198.971177332682	49.7796775769419	158.971177332682
36652	40	82.5002442598925	201.397655105032	42.5002442598925	161.397655105032
36653	40	75.2208109428432	206.250610649731	35.2208109428432	166.250610649731
36654	40	80.0737664875428	211.103566194431	40.0737664875428	171.103566194431
36655	40	65.5148998534441	213.530043966781	25.5148998534441	173.530043966781
36656	40	72.7943331704934	206.250610649731	32.7943331704934	166.250610649731
36657	40	67.9413776257938	201.397655105032	27.9413776257938	161.397655105032
36658	40	67.9413776257938	208.677088422081	27.9413776257938	168.677088422081
36659	40	104.338544211041	252.353688324377	64.3385442110406	212.353688324377
36660	0	15.4704445530044	81.7723497801661	15.4704445530044	81.7723497801661
36661	0	24.3106985832926	174.595017098192	24.3106985832926	174.595017098192
36662	0	28.7308255984367	165.754763067904	28.7308255984367	165.754763067904
36663	0	11.0503175378603	79.562286272594	11.0503175378603	79.562286272594
36664	0	8.84025403028823	81.7723497801661	8.84025403028823	81.7723497801661
36665	0	15.4704445530044	81.7723497801661	15.4704445530044	81.7723497801661
36666	0	13.2603810454323	81.7723497801661	13.2603810454323	81.7723497801661
36667	0	11.0503175378603	79.562286272594	11.0503175378603	79.562286272594
36668	0	17.6805080605765	68.5119687347338	17.6805080605765	68.5119687347338
36669	0	8.84025403028823	79.562286272594	8.84025403028823	79.562286272594
36670	13	28.7308255984367	95.0327308255984	15.7308255984367	82.0327308255984
36671	13	22.1006350757206	61.8817782120176	9.10063507572057	48.8817782120176
36672	13	11.0503175378603	145.864191499756	-1.94968246213972	132.864191499756
36673	199	145.226673180264	361.642892037127	-53.7733268197362	162.642892037127
36674	199	130.988764044944	358.795310210063	-68.0112359550562	159.795310210063
36675	190	52.1270151441133	440.336101612115	-137.872984855887	250.336101612115
36676	42	60.6619443087445	218.38299951148	18.6619443087445	176.38299951148
36677	26	70.3678553981436	213.530043966781	44.3678553981436	187.530043966781
36678	42	84.9267220322423	225.66243282853	42.9267220322423	183.66243282853
36679	42	7.27943331704934	123.750366389839	-34.7205666829507	81.7503663898388
36680	42	77.647288715193	230.515388373229	35.647288715193	188.515388373229
36681	42	48.5295554469956	150.441621885686	6.52955544699561	108.441621885686
36682	42	50.9560332193454	186.838788470933	8.95603321934539	144.838788470933
36683	42	75.2208109428432	211.103566194431	33.2208109428432	169.103566194431
36684	42	87.3531998045921	242.647777234978	45.3531998045921	200.647777234978
36685	43	53.3825109916952	167.426966292135	10.3825109916952	124.426966292135
36686	43	67.9413776257938	169.853444064485	24.9413776257938	126.853444064485
36687	44	84.9267220322423	203.824132877382	40.9267220322423	159.824132877382
36688	44	65.5148998534441	174.706399609184	21.5148998534441	130.706399609184
36689	12	2.42647777234978	29.1177332681974	-9.57352222765022	17.1177332681974
36690	12	2.42647777234978	29.1177332681974	-9.57352222765022	17.1177332681974
36691	12	2.42647777234978	29.1177332681974	-9.57352222765022	17.1177332681974
36692	12	2.42647777234978	29.1177332681974	-9.57352222765022	17.1177332681974
36693	12	0	26.6912554958476	-12	14.6912554958476
36694	0	38.8236443575965	118.897410845139	38.8236443575965	118.897410845139
36695	0	67.9413776257938	206.250610649731	67.9413776257938	206.250610649731
36696	0	43.676599902296	133.456277479238	43.676599902296	133.456277479238
36697	44	48.5295554469956	249.927210552027	4.52955544699561	205.927210552027
36698	44	82.5002442598925	211.103566194431	38.5002442598925	167.103566194431
36699	44	58.2354665363947	254.780166096727	14.2354665363947	210.780166096727
36700	44	41.2501221299463	242.647777234978	-2.74987787005374	198.647777234978
36701	44	48.5295554469956	208.677088422081	4.52955544699561	164.677088422081
36702	44	43.676599902296	257.206643869077	-0.323400097703953	213.206643869077
36704	45	19.4118221787982	247.500732779678	-25.5881778212018	202.500732779678
36705	45	53.3825109916952	281.471421592575	8.38251099169517	236.471421592575
36706	0	70.3678553981436	257.206643869077	70.3678553981436	257.206643869077
36708	38	65.5148998534441	218.38299951148	27.5148998534441	180.38299951148
36709	38	70.3678553981436	257.206643869077	32.3678553981436	219.206643869077
36710	38	77.647288715193	213.530043966781	39.647288715193	175.530043966781
36711	38	72.7943331704934	215.95652173913	34.7943331704934	177.95652173913
36712	38	70.3678553981436	215.95652173913	32.3678553981436	177.95652173913
36713	77	131.029799706888	313.015632633122	54.0297997068881	236.015632633122
36714	38	72.7943331704934	240.221299462628	34.7943331704934	202.221299462628
36715	38	101.912066438691	254.780166096727	63.9120664386908	216.780166096727
36716	38	87.3531998045921	230.515388373229	49.3531998045921	192.515388373229
36717	38	67.9413776257938	211.103566194431	29.9413776257938	173.103566194431
36718	38	60.6619443087445	266.912554958476	22.6619443087445	228.912554958476
36719	38	63.0884220810943	245.074255007328	25.0884220810943	207.074255007328
36720	38	101.912066438691	232.941866145579	63.9120664386908	194.941866145579
36721	38	63.0884220810943	235.368343917929	25.0884220810943	197.368343917929
36722	38	50.9560332193454	228.088910600879	12.9560332193454	190.088910600879
36723	38	75.2208109428432	296.030288226673	37.2208109428432	258.030288226673
36724	298	36.3971665852467	342.133365901319	-261.602833414753	44.1333659013191
36725	43	19.4118221787982	395.515876893014	-23.5881778212018	352.515876893014
36726	43	21.838299951148	162.574010747435	-21.161700048852	119.574010747435
36727	43	87.3531998045921	344.559843673669	44.3531998045921	301.559843673669
36728	43	53.3825109916952	286.324377137274	10.3825109916952	243.324377137274
36729	43	21.838299951148	167.426966292135	-21.161700048852	124.426966292135
36730	43	131.029799706888	361.545188080117	88.0297997068881	318.545188080117
36731	43	126.176844162189	283.897899364924	83.1768441621886	240.897899364924
36732	22	30.9614069369809	157.018563751832	8.96140693698095	135.018563751832
36733	22	24.3268197361993	168.076209086468	2.32681973619932	146.076209086468
36734	22	13.2691744015633	152.595505617978	-8.73082559843674	130.595505617978
36735	22	28.7498778700537	174.71079628725	6.74987787005374	152.71079628725
36736	22	37.5959941377626	148.172447484123	15.5959941377626	126.172447484123
36737	22	13.2691744015633	139.326331216414	-8.73082559843674	117.326331216414
36738	22	15.4807034684905	179.133854421104	-6.51929653150953	157.133854421104
36739	22	35.3844650708354	185.768441621886	13.3844650708354	163.768441621886
36740	22	24.3268197361993	205.672203224231	2.32681973619932	183.672203224231
36741	22	22.1152906692721	192.403028822667	0.115290669272106	170.403028822667
36742	22	17.6922325354177	134.90327308256	-4.30776746458232	112.90327308256
36743	22	11.0576453346361	137.114802149487	-10.9423546653639	115.114802149487
36744	22	22.1152906692721	139.326331216414	0.115290669272106	117.326331216414
36745	50	22.1006350757206	258.577430385931	-27.8993649242794	208.577430385931
36746	50	28.7308255984367	249.737176355642	-21.2691744015633	199.737176355642
36747	107	176.550073277968	381.575964826575	69.5500732779678	274.575964826575
36748	107	190.787982413288	347.404982901808	83.7879824132877	240.404982901808
36749	107	133.836345872008	404.356619443087	26.8363458720078	297.356619443087
36750	107	168.007327796776	344.557401074743	61.0073277967758	237.557401074743
36751	107	153.769418661456	287.605764533464	46.7694186614558	180.605764533464
36752	107	190.787982413288	338.862237420615	83.7879824132877	231.862237420615
36753	39	213.5686370298	375.880801172447	174.5686370298	336.880801172447
36754	116	145.226673180264	347.404982901808	29.2266731802638	231.404982901808
36755	116	91.1226184660479	378.728382999511	-24.8773815339521	262.728382999511
36756	116	142.3790913532	313.23400097704	26.3790913531998	197.23400097704
36757	74	28.7308255984367	227.636541279922	-45.2691744015633	153.636541279922
36758	74	22.1006350757206	128.183683439179	-51.8993649242794	54.1836834391793
36759	74	19.8905715681485	130.393746946751	-54.1094284318515	56.3937469467513
36760	74	11.0503175378603	123.763556424035	-62.9496824621397	49.7635564240352
36761	74	48.6213971665852	249.737176355642	-25.3786028334148	175.737176355642
36762	74	19.8905715681485	130.393746946751	-54.1094284318515	56.3937469467513
36766	0	29.1177332681974	131.029799706888	29.1177332681974	131.029799706888
36771	0	43.676599902296	167.426966292135	43.676599902296	167.426966292135
36772	0	21.838299951148	140.735710796287	21.838299951148	140.735710796287
36773	14	159.464582315584	421.442110405471	145.464582315584	407.442110405471
36774	14	168.007327796776	358.795310210063	154.007327796776	344.795310210063
36775	14	179.397655105032	387.271128480703	165.397655105032	373.271128480703
36776	14	168.007327796776	344.557401074743	154.007327796776	330.557401074743
36777	14	93.9702002931119	304.691255495848	79.9702002931119	290.691255495848
36778	14	165.159745969712	412.899364924279	151.159745969712	398.899364924279
36779	14	122.446018563752	298.99609184172	108.446018563752	284.99609184172
36780	14	128.14118221788	381.575964826575	114.14118221788	367.575964826575
36781	14	142.3790913532	367.338055691255	128.3790913532	353.338055691255
36782	14	139.531509526136	321.776746458232	125.531509526136	307.776746458232
36783	14	145.226673180264	338.862237420615	131.226673180264	324.862237420615
36784	14	162.312164142648	338.862237420615	148.312164142648	324.862237420615
36785	14	202.178309721544	441.375183194919	188.178309721544	427.375183194919
36786	14	159.464582315584	316.081582804104	145.464582315584	302.081582804104
36787	14	128.14118221788	330.319491939424	114.14118221788	316.319491939424
36788	14	148.074255007328	327.47191011236	134.074255007328	313.47191011236
36789	14	156.61700048852	310.386419149976	142.61700048852	296.386419149976
36790	14	182.245236932096	367.338055691255	168.245236932096	353.338055691255
36791	197	82.5002442598925	291.177332681974	-114.499755740107	94.1773326819737
36792	198	97.0591108939912	320.295065950171	-100.940889106009	122.295065950171
36793	198	111.61797752809	262.059599413776	-86.3820224719101	64.0595994137763
36794	198	111.61797752809	252.353688324377	-86.3820224719101	54.3536883243771
36795	198	104.338544211041	271.765510503175	-93.6614557889594	73.7655105031754
36796	198	106.76502198339	271.765510503175	-91.2349780166097	73.7655105031754
36797	197	99.485588666341	305.736199316072	-97.514411333659	108.736199316072
36798	198	106.76502198339	305.736199316072	-91.2349780166097	107.736199316072
36799	198	121.323888617489	310.589154860772	-76.676111382511	112.589154860772
36800	198	72.7943331704934	283.897899364924	-125.205666829507	85.8978993649243
36801	197	97.0591108939912	291.177332681974	-99.9408891060088	94.1773326819737
36802	128	92.2061553492916	286.324377137274	-35.7938446507084	158.324377137274
36803	192	106.76502198339	262.059599413776	-85.2349780166097	70.0595994137763
36804	204	99.5188080117245	258.748900830484	-104.481191988276	54.7489008304836
36805	99	80.0737664875428	320.295065950171	-18.9262335124572	221.295065950171
36806	99	55.8089887640449	252.353688324377	-43.1910112359551	153.353688324377
36807	185	104.338544211041	291.177332681974	-80.6614557889594	106.177332681974
36808	185	94.6326331216414	247.500732779678	-90.3673668783586	62.5007327796776
36809	185	94.6326331216414	242.647777234978	-90.3673668783586	57.647777234978
36810	185	114.04445530044	330.00097703957	-70.9555446995603	145.00097703957
36811	185	116.470933072789	276.618466047875	-68.5290669272106	91.618466047875
36812	185	116.470933072789	305.736199316072	-68.5290669272106	120.736199316072
36813	185	99.485588666341	262.059599413776	-85.514411333659	77.0595994137763
36814	185	111.61797752809	274.191988275525	-73.3820224719101	89.1919882755252
36815	185	50.9560332193454	165.000488519785	-134.043966780655	-19.9995114802149
36816	185	106.76502198339	303.309721543723	-78.2349780166097	118.309721543723
36817	185	92.2061553492916	235.368343917929	-92.7938446507084	50.3683439179287
36818	185	99.485588666341	245.074255007328	-85.514411333659	60.0742550073278
36819	198	101.912066438691	327.57449926722	-96.0879335613092	129.57449926722
36820	198	94.6326331216414	281.471421592575	-103.367366878359	83.4714215925745
36821	198	38.8236443575965	140.735710796287	-159.176355642404	-57.2642892037127
36822	198	31.5442110405471	133.456277479238	-166.455788959453	-64.5437225207621
36823	161	84.9267220322423	305.736199316072	-76.0732779677577	144.736199316072
36824	185	2.42647777234978	87.3531998045921	-182.57352222765	-97.6468001954079
36825	185	89.7796775769419	257.206643869077	-95.2203224230581	72.2066438690767
36826	185	97.0591108939912	274.191988275525	-87.9408891060088	89.1919882755252
36827	50	128.603321934538	247.500732779678	78.6033219345384	197.500732779678
36828	50	82.5002442598925	220.80947728383	32.5002442598925	170.80947728383
36829	50	106.76502198339	230.515388373229	56.7650219833903	180.515388373229
36830	100	59.6717147044455	278.468001954079	-40.3282852955545	178.468001954079
36831	15	26.6912554958476	97.0591108939912	11.6912554958476	82.0591108939912
36832	15	46.1030776746458	135.882755251588	31.1030776746458	120.882755251588
36833	15	26.6912554958476	94.6326331216414	11.6912554958476	79.6326331216414
36834	79	61.8817782120176	316.039081582804	-17.1182217879824	237.039081582804
36835	71	70.7220322423058	278.468001954079	-0.277967757694185	207.468001954079
36836	71	41.9912066438691	267.417684416219	-29.0087933561309	196.417684416219
36837	71	59.6717147044455	262.997557401075	-11.3282852955545	191.997557401075
36838	90	57.4616511968735	262.997557401075	-32.5383488031265	172.997557401075
36839	71	37.571079628725	267.417684416219	-33.428920371275	196.417684416219
36840	71	59.6717147044455	269.627747923791	-11.3282852955545	198.627747923791
36841	87	45.0415241817294	145.934538348803	-41.9584758182706	58.9345383488031
36842	87	39.6365412799218	142.331216414265	-47.3634587200782	55.3312164142648
36843	88	75.6697606253053	399.968734733757	-12.3302393746947	311.968734733757
36844	183	102.694675134343	219.802638006839	-80.3053248656571	36.8026380068393
36845	183	102.694675134343	268.447484123107	-80.3053248656571	85.447484123107
36847	86	72.066438690767	230.612603810454	-13.933561309233	144.612603810454
36848	92	75.6697606253053	255.835857352223	-16.3302393746947	163.835857352223
36849	225	117.133365901319	477.373717635564	-107.866634098681	252.373717635564
36850	210	89.7796775769419	300.883243771373	-120.220322423058	90.8832437713727
36851	210	65.5148998534441	325.148021494871	-144.485100146556	115.148021494871
36852	210	53.3825109916952	291.177332681974	-156.617489008305	81.1773326819737
36853	210	116.470933072789	371.251099169516	-93.5290669272106	161.251099169516
36854	210	55.8089887640449	325.148021494871	-154.191011235955	115.148021494871
36855	210	101.912066438691	313.015632633122	-108.087933561309	103.015632633122
36856	210	106.76502198339	305.736199316072	-103.23497801661	95.7361993160723
36857	210	36.3971665852467	305.736199316072	-173.602833414753	95.7361993160723
36858	210	70.3678553981436	293.603810454323	-139.632144601856	83.6038104543234
36859	0	7.27943331704934	133.456277479238	7.27943331704934	133.456277479238
36860	0	19.4118221787982	169.853444064485	19.4118221787982	169.853444064485
36861	0	4.85295554469956	126.176844162189	4.85295554469956	126.176844162189
36862	0	46.1030776746458	213.530043966781	46.1030776746458	213.530043966781
36863	0	29.1177332681974	225.66243282853	29.1177332681974	225.66243282853
36864	0	26.6912554958476	143.162188568637	26.6912554958476	143.162188568637
36865	0	70.3678553981436	196.544699560332	70.3678553981436	196.544699560332
36866	0	41.2501221299463	201.397655105032	41.2501221299463	201.397655105032
36867	0	67.9413776257938	208.677088422081	67.9413776257938	208.677088422081
36868	0	55.8089887640449	218.38299951148	55.8089887640449	218.38299951148
36869	31	29.1177332681974	111.61797752809	-1.88226673180264	80.6179775280899
36870	31	19.4118221787982	92.2061553492916	-11.5881778212018	61.2061553492916
36871	31	19.4118221787982	121.323888617489	-11.5881778212018	90.323888617489
36872	31	14.5588666340987	101.912066438691	-16.4411333659013	70.9120664386908
36873	31	19.4118221787982	94.6326331216414	-11.5881778212018	63.6326331216414
36874	31	19.4118221787982	104.338544211041	-11.5881778212018	73.3385442110406
36875	31	31.5442110405471	97.0591108939912	0.544211040547143	66.0591108939912
36876	14	36.3971665852467	196.544699560332	22.3971665852467	182.544699560332
36877	14	46.1030776746458	167.426966292135	32.1030776746458	153.426966292135
36878	14	31.5442110405471	208.677088422081	17.5442110405471	194.677088422081
36879	14	7.27943331704934	106.76502198339	-6.72056668295066	92.7650219833903
36880	14	16.9853444064485	116.470933072789	2.98534440644846	102.470933072789
36881	104	39.781143136297	276.257938446507	-64.218856863703	172.257938446507
36882	50	123.750366389839	417.354176844162	73.7503663898388	367.354176844162
36884	191	87.3531998045921	249.927210552027	-103.646800195408	58.9272105520274
36885	191	63.0884220810943	266.912554958476	-127.911577918906	75.9125549584758
36886	191	31.5442110405471	570.222276502198	-159.455788959453	379.222276502198
36887	191	65.5148998534441	266.912554958476	-125.485100146556	75.9125549584758
36889	191	63.0884220810943	242.647777234978	-127.911577918906	51.647777234978
36900	31	58.2354665363947	305.736199316072	27.2354665363947	274.736199316072
36902	45	67.9413776257938	300.883243771373	22.9413776257938	255.883243771373
36903	45	46.1030776746458	313.015632633122	1.10307767464582	268.015632633122
36904	45	46.1030776746458	228.088910600879	1.10307767464582	183.088910600879
36905	45	46.1030776746458	313.015632633122	1.10307767464582	268.015632633122
36917	27	41.2501221299463	283.897899364924	14.2501221299463	256.897899364924
36918	27	41.2501221299463	266.912554958476	14.2501221299463	239.912554958476
36920	37	17.6922325354177	389.229115779189	-19.3077674645823	352.229115779189
36921	37	11.0576453346361	420.19052271617	-25.9423546653639	383.19052271617
36922	37	19.9037616023449	373.748412310699	-17.0962383976551	336.748412310699
36924	37	17.6922325354177	389.229115779189	-19.3077674645823	352.229115779189
36925	37	55.2882266731803	152.595505617978	18.2882266731803	115.595505617978
36928	37	68.5574010747435	174.71079628725	31.5574010747435	137.71079628725
36929	37	64.1343429408891	168.076209086468	27.1343429408891	131.076209086468
36931	13	33.9706888128969	223.23595505618	20.9706888128969	210.23595505618
36932	13	46.1030776746458	203.824132877382	33.1030776746458	190.824132877382
36933	84	145.226673180264	358.795310210063	61.2266731802638	274.795310210063
36934	84	162.312164142648	427.137274059599	78.3121641426478	343.137274059599
36935	84	125.293600390816	350.252564728872	41.2936003908158	266.252564728872
36936	84	93.9702002931119	341.709819247679	9.97020029311186	257.709819247679
36937	15	133.836345872008	407.204201270151	118.836345872008	392.204201270151
36938	171	93.9702002931119	316.081582804104	-77.0297997068881	145.081582804104
36939	171	119.598436736688	350.252564728872	-51.4015632633122	179.252564728872
36940	170	102.512945774304	347.404982901808	-67.4870542256961	177.404982901808
36941	162	25.628236443576	444.222765021983	-136.371763556424	282.222765021983
36942	162	59.7992183683439	392.966292134831	-102.200781631656	230.966292134831
36943	143	77.4714215925745	268.447484123107	-65.5285784074255	125.447484123107
36944	212	88.2750366389839	350.252564728872	-123.724963361016	138.252564728872
36946	212	88.2750366389839	353.100146555936	-123.724963361016	141.100146555936
36947	212	96.8177821201759	381.575964826575	-115.182217879824	169.575964826575
36948	212	102.512945774304	347.404982901808	-109.487054225696	135.404982901808
36949	189	140.735710796287	361.545188080117	-48.2642892037127	172.545188080117
36950	239	157.721055202736	349.412799218368	-81.2789447972643	110.412799218368
36951	239	167.426966292135	378.530532486566	-71.5730337078652	139.530532486566
36952	239	138.309233023937	293.603810454323	-100.690766976063	54.6038104543234
36953	239	140.735710796287	288.750854909624	-98.2642892037127	49.7508549096239
36954	239	143.162188568637	281.471421592575	-95.837811431363	42.4714215925745
36955	239	111.61797752809	327.57449926722	-127.38202247191	88.5744992672203
36956	239	128.603321934538	320.295065950171	-110.396678065462	81.295065950171
36957	239	160.147532975086	359.118710307768	-78.8524670249145	120.118710307768
36958	239	121.323888617489	279.044943820225	-117.676111382511	40.0449438202247
36959	239	179.559355153884	366.398143624817	-59.4406448461162	127.398143624817
36960	239	118.897410845139	279.044943820225	-120.102589154861	40.0449438202247
36961	239	138.309233023937	337.280410356619	-100.690766976063	98.2804103566195
36962	239	145.588666340987	342.133365901319	-93.4113336590132	103.133365901319
36963	239	143.162188568637	327.57449926722	-95.837811431363	88.5744992672203
36964	239	133.456277479238	334.85393258427	-105.543722520762	95.8539325842697
36965	239	140.735710796287	305.736199316072	-98.2642892037127	66.7361993160723
36966	239	106.76502198339	317.868588177821	-132.23497801661	78.8685881778212
36967	239	174.706399609184	363.971665852467	-64.2936003908158	124.971665852467
36968	239	152.868099658036	334.85393258427	-86.1319003419638	95.8539325842697
36969	239	160.147532975086	320.295065950171	-78.8524670249145	81.295065950171
36970	239	152.868099658036	330.00097703957	-86.1319003419638	91.0009770395701
36971	239	157.721055202736	349.412799218368	-81.2789447972643	110.412799218368
36972	239	150.441621885686	325.148021494871	-88.5583781143136	86.1480214948706
36973	239	160.147532975086	327.57449926722	-78.8524670249145	88.5744992672203
36974	239	118.897410845139	332.42745481192	-120.102589154861	93.4274548119199
36975	239	148.015144113337	361.545188080117	-90.9848558866634	122.545188080117
36976	239	157.721055202736	334.85393258427	-81.2789447972643	95.8539325842697
36977	239	148.015144113337	317.868588177821	-90.9848558866634	78.8685881778212
36978	239	133.456277479238	274.191988275525	-105.543722520762	35.1919882755252
36979	239	145.588666340987	300.883243771373	-93.4113336590132	61.8832437713727
36980	239	152.868099658036	325.148021494871	-86.1319003419638	86.1480214948706
36981	239	150.441621885686	315.442110405471	-88.5583781143136	76.4421104054715
36982	239	152.868099658036	303.309721543723	-86.1319003419638	64.3097215437226
36983	239	143.162188568637	288.750854909624	-95.837811431363	49.7508549096239
36984	239	138.309233023937	281.471421592575	-100.690766976063	42.4714215925745
36985	239	148.015144113337	305.736199316072	-90.9848558866634	66.7361993160723
36986	239	145.588666340987	300.883243771373	-93.4113336590132	61.8832437713727
36987	239	131.029799706888	330.00097703957	-107.970200293112	91.0009770395701
36988	239	133.456277479238	315.442110405471	-105.543722520762	76.4421104054715
36989	239	111.61797752809	291.177332681974	-127.38202247191	52.1773326819737
36990	239	191.691744015633	417.354176844162	-47.3082559843673	178.354176844162
36991	239	172.279921836834	349.412799218368	-66.7200781631656	110.412799218368
36992	239	135.882755251588	313.015632633122	-103.117244748412	74.0156326331216
36993	239	160.147532975086	346.986321446019	-78.8524670249145	107.986321446019
36994	239	116.470933072789	279.044943820225	-122.529066927211	40.0449438202247
36995	239	150.441621885686	308.162677088422	-88.5583781143136	69.1626770884221
36996	239	133.456277479238	320.295065950171	-105.543722520762	81.295065950171
36997	239	131.029799706888	281.471421592575	-107.970200293112	42.4714215925745
36998	239	135.882755251588	286.324377137274	-103.117244748412	47.3243771372741
36999	311	160.147532975086	344.559843673669	-150.852467024914	33.5598436736688
37000	311	169.853444064485	334.85393258427	-141.146555935515	23.8539325842697
37001	311	152.868099658036	327.57449926722	-158.131900341964	16.5744992672203
37002	129	99.4528578407426	293.938446507084	-29.5471421592574	164.938446507084
37008	0	7.27943331704934	123.750366389839	7.27943331704934	123.750366389839
37011	0	26.6912554958476	215.95652173913	26.6912554958476	215.95652173913
37013	0	43.676599902296	177.132877381534	43.676599902296	177.132877381534
37014	0	9.70591108939912	191.691744015633	9.70591108939912	191.691744015633
37017	0	43.676599902296	177.132877381534	43.676599902296	177.132877381534
37020	0	12.1323888617489	177.132877381534	12.1323888617489	177.132877381534
37021	0	29.1177332681974	218.38299951148	29.1177332681974	218.38299951148
37025	0	21.838299951148	247.500732779678	21.838299951148	247.500732779678
37026	126	59.6717147044455	232.056668295066	-66.3282852955545	106.056668295066
37028	46	57.9872984855887	250.505129457743	11.9872984855887	204.505129457743
37029	29	46.1030776746458	189.265266243283	17.1030776746458	160.265266243283
37030	29	109.19149975574	259.633121641426	80.1914997557401	230.633121641426
37031	29	53.3825109916952	240.221299462628	24.3825109916952	211.221299462628
37032	29	24.2647777234978	223.23595505618	-4.7352222765022	194.23595505618
37035	29	70.3678553981436	237.794821690278	41.3678553981436	208.794821690278
37036	29	33.9706888128969	198.971177332682	4.97068881289692	169.971177332682
37037	29	36.3971665852467	201.397655105032	7.39716658524671	172.397655105032
37038	29	50.9560332193454	201.397655105032	21.9560332193454	172.397655105032
37039	28	65.5148998534441	232.941866145579	37.5148998534441	204.941866145579
37041	28	38.8236443575965	245.074255007328	10.8236443575965	217.074255007328
37042	28	75.2208109428432	206.250610649731	47.2208109428432	178.250610649731
37043	29	67.9413776257938	225.66243282853	38.9413776257938	196.66243282853
37044	29	31.5442110405471	167.426966292135	2.54421104054714	138.426966292135
37045	29	24.2647777234978	189.265266243283	-4.7352222765022	160.265266243283
37046	29	50.9560332193454	198.971177332682	21.9560332193454	169.971177332682
37047	29	48.5295554469956	191.691744015633	19.5295554469956	162.691744015633
37048	29	46.1030776746458	206.250610649731	17.1030776746458	177.250610649731
37049	29	58.2354665363947	245.074255007328	29.2354665363947	216.074255007328
37050	119	150.921836834392	327.47191011236	31.9218368343918	208.47191011236
37051	47	33.9706888128969	94.6326331216414	-13.0293111871031	47.6326331216414
37052	47	36.3971665852467	94.6326331216414	-10.6028334147533	47.6326331216414
37053	47	53.3825109916952	181.985832926234	6.38251099169517	134.985832926234
37054	54	58.2354665363947	172.279921836834	4.23546653639472	118.279921836834
37055	47	43.676599902296	140.735710796287	-3.32340009770395	93.7357107962873
37056	47	26.6912554958476	75.2208109428432	-20.3087445041524	28.2208109428432
37057	47	50.9560332193454	143.162188568637	3.95603321934539	96.162188568637
37058	47	60.6619443087445	174.706399609184	13.6619443087445	127.706399609184
37059	47	63.0884220810943	177.132877381534	16.0884220810943	130.132877381534
37060	47	84.9267220322423	169.853444064485	37.9267220322423	122.853444064485
37061	47	58.2354665363947	177.132877381534	11.2354665363947	130.132877381534
37062	47	82.5002442598925	194.118221787982	35.5002442598925	147.118221787982
37063	54	60.6619443087445	196.544699560332	6.66194430874451	142.544699560332
37064	54	70.3678553981436	181.985832926234	16.3678553981436	127.985832926234
37065	54	48.5295554469956	116.470933072789	-5.47044455300439	62.4709330727894
37066	54	67.9413776257938	186.838788470933	13.9413776257938	132.838788470933
37067	54	58.2354665363947	181.985832926234	4.23546653639472	127.985832926234
37068	48	50.9560332193454	143.162188568637	2.95603321934539	95.162188568637
37069	187	162.312164142648	324.624328285296	-24.6878358573522	137.624328285296
37070	187	156.61700048852	287.605764533464	-30.3829995114802	100.605764533464
37071	187	190.787982413288	336.014655593552	3.78798241328772	149.014655593552
37072	187	162.312164142648	344.557401074743	-24.6878358573522	157.557401074743
37073	187	159.464582315584	313.23400097704	-27.5354176844162	126.23400097704
37074	187	170.85490962384	418.594528578407	-16.1450903761603	231.594528578407
37075	187	173.702491450904	390.118710307767	-13.2975085490962	203.118710307767
37076	187	150.921836834392	313.23400097704	-36.0781631656082	126.23400097704
37077	187	125.293600390816	273.367855398144	-61.7063996091842	86.3678553981436
37078	187	159.464582315584	304.691255495848	-27.5354176844162	117.691255495848
37079	187	202.178309721544	415.746946751343	15.1783097215437	228.746946751343
37080	187	168.007327796776	375.880801172447	-18.9926722032242	188.880801172447
37081	219	179.397655105032	338.862237420615	-39.6023448949683	119.862237420615
37082	219	165.159745969712	341.709819247679	-53.8402540302882	122.709819247679
37083	219	159.464582315584	350.252564728872	-59.5354176844162	131.252564728872
37084	110	187.940400586224	384.423546653639	77.9404005862237	274.423546653639
37085	110	179.397655105032	370.185637518319	69.3976551050317	260.185637518319
37086	110	159.464582315584	338.862237420615	49.4645823155838	228.862237420615
37087	110	168.007327796776	316.081582804104	58.0073277967758	206.081582804104
37088	110	148.074255007328	355.947728382999	38.0742550073278	245.947728382999
37089	303	165.159745969712	313.23400097704	-137.840254030288	10.2340009770396
37090	303	156.61700048852	313.23400097704	-146.38299951148	10.2340009770396
37091	303	190.787982413288	321.776746458232	-112.212017586712	18.7767464582315
37092	303	187.940400586224	318.929164631168	-115.059599413776	15.9291646311675
37093	139	79.562286272594	282.888128969223	-59.437713727406	143.888128969223
37094	56	77.647288715193	213.530043966781	21.647288715193	157.530043966781
37095	150	90.6126038104543	269.627747923791	-59.3873961895457	119.627747923791
37096	150	72.9320957498779	289.518319491939	-77.0679042501221	139.518319491939
37097	150	88.4025403028823	225.42647777235	-61.5974596971177	75.4264777723498
37098	0	33.9706888128969	128.603321934538	33.9706888128969	128.603321934538
37099	0	33.9706888128969	126.176844162189	33.9706888128969	126.176844162189
37100	0	31.5442110405471	123.750366389839	31.5442110405471	123.750366389839
37101	0	21.838299951148	106.76502198339	21.838299951148	106.76502198339
37102	0	24.2647777234978	106.76502198339	24.2647777234978	106.76502198339
37103	0	26.6912554958476	106.76502198339	26.6912554958476	106.76502198339
37104	0	31.5442110405471	123.750366389839	31.5442110405471	123.750366389839
37105	0	31.5442110405471	128.603321934538	31.5442110405471	128.603321934538
37106	0	16.9853444064485	92.2061553492916	16.9853444064485	92.2061553492916
37107	0	26.6912554958476	104.338544211041	26.6912554958476	104.338544211041
37109	139	106.76502198339	310.589154860772	-32.2349780166097	171.589154860772
37110	100	53.3825109916952	245.074255007328	-46.6174890083048	145.074255007328
37111	100	50.9560332193454	196.544699560332	-49.0439667806546	96.5446995603322
37112	100	41.2501221299463	240.221299462628	-58.7498778700537	140.221299462628
37113	139	26.6912554958476	189.265266243283	-112.308744504152	50.2652662432829
37114	139	31.5442110405471	194.118221787982	-107.455788959453	55.1182217879824
37115	100	21.838299951148	179.559355153884	-78.161700048852	79.5593551538838
37116	100	53.3825109916952	245.074255007328	-46.6174890083048	145.074255007328
37117	131	92.2061553492916	262.059599413776	-38.7938446507084	131.059599413776
37118	131	19.4118221787982	181.985832926234	-111.588177821202	50.9858329262335
37119	131	67.9413776257938	215.95652173913	-63.0586223742062	84.9565217391304
37120	139	29.1177332681974	189.265266243283	-109.882266731803	50.2652662432829
37121	131	41.2501221299463	254.780166096727	-89.7498778700537	123.780166096727
37122	131	16.9853444064485	184.412310698583	-114.014655593552	53.4123106985833
37123	131	65.5148998534441	213.530043966781	-65.4851001465559	82.5300439667807
37124	131	19.4118221787982	218.38299951148	-111.588177821202	87.3829995114802
37125	131	70.3678553981436	225.66243282853	-60.6321446018564	94.6624328285296
37126	139	14.5588666340987	198.971177332682	-124.441133365901	59.971177332682
37127	131	77.647288715193	232.941866145579	-53.352711284807	101.941866145579
37128	131	26.6912554958476	184.412310698583	-104.308744504152	53.4123106985833
37129	139	19.4118221787982	191.691744015633	-119.588177821202	52.6917440156327
37130	139	16.9853444064485	189.265266243283	-122.014655593552	50.2652662432829
37131	139	21.838299951148	196.544699560332	-117.161700048852	57.5446995603322
37132	139	19.4118221787982	186.838788470933	-119.588177821202	47.8387884709331
37133	139	31.5442110405471	189.265266243283	-107.455788959453	50.2652662432829
37134	139	75.2208109428432	228.088910600879	-63.7791890571568	89.0889106008794
37135	139	89.7796775769419	259.633121641426	-49.2203224230581	120.633121641426
37136	131	84.9267220322423	247.500732779678	-46.0732779677577	116.500732779678
37137	131	12.1323888617489	201.397655105032	-118.867611138251	70.3976551050318
37138	131	92.2061553492916	252.353688324377	-38.7938446507084	121.353688324377
37139	139	38.8236443575965	186.838788470933	-100.176355642404	47.8387884709331
37140	100	41.2501221299463	240.221299462628	-58.7498778700537	140.221299462628
37141	131	63.0884220810943	206.250610649731	-67.9115779189057	75.2506106497313
37142	97	94.6326331216414	276.618466047875	-2.36736687835857	179.618466047875
37143	139	80.0737664875428	240.221299462628	-58.9262335124572	101.221299462628
37144	139	53.3825109916952	196.544699560332	-85.6174890083048	57.5446995603322
37145	139	16.9853444064485	184.412310698583	-122.014655593552	45.4123106985833
37146	139	19.4118221787982	184.412310698583	-119.588177821202	45.4123106985833
37147	139	21.838299951148	191.691744015633	-117.161700048852	52.6917440156327
37148	139	80.0737664875428	230.515388373229	-58.9262335124572	91.5153883732291
37149	139	31.5442110405471	194.118221787982	-107.455788959453	55.1182217879824
37150	139	101.912066438691	266.912554958476	-37.0879335613092	127.912554958476
37151	127	101.912066438691	342.133365901319	-25.0879335613092	215.133365901319
37152	127	104.338544211041	330.00097703957	-22.6614557889594	203.00097703957
37153	127	138.309233023937	332.42745481192	11.3092330239375	205.42745481192
37154	127	145.588666340987	439.19247679531	18.5886663409868	312.19247679531
37155	127	118.897410845139	334.85393258427	-8.10258915486077	207.85393258427
37156	127	29.1177332681974	223.23595505618	-97.8822667318026	96.2359550561798
37157	127	72.7943331704934	356.692232535418	-54.2056668295066	229.692232535418
37158	127	109.19149975574	373.677576941866	-17.8085002442599	246.677576941866
37159	127	111.61797752809	376.104054714216	-15.3820224719101	249.104054714216
37160	104	162.574010747435	429.486565705911	58.5740107474353	325.486565705911
37161	104	116.470933072789	354.265754763068	12.4709330727894	250.265754763068
37162	104	145.588666340987	397.942354665364	41.5886663409868	293.942354665364
37163	105	128.603321934538	402.795310210064	23.6033219345384	297.795310210064
37164	105	65.5148998534441	245.074255007328	-39.4851001465559	140.074255007328
37165	105	48.5295554469956	247.500732779678	-56.4704445530044	142.500732779678
37166	105	131.029799706888	385.809965803615	26.0297997068881	280.809965803615
37167	105	116.470933072789	388.236443575965	11.4709330727894	283.236443575965
37168	105	133.456277479238	431.913043478261	28.4562774792379	326.913043478261
37169	105	150.441621885686	366.398143624817	45.4416218856864	261.398143624817
37170	105	116.470933072789	373.677576941866	11.4709330727894	268.677576941866
37171	105	82.5002442598925	407.648265754763	-22.4997557401075	302.648265754763
37172	105	80.0737664875428	249.927210552027	-24.9262335124572	144.927210552027
37173	105	116.470933072789	395.515876893014	11.4709330727894	290.515876893014
37174	105	111.61797752809	361.545188080117	6.6179775280899	256.545188080117
37175	105	87.3531998045921	310.589154860772	-17.6468001954079	205.589154860772
37176	105	82.5002442598925	293.603810454323	-22.4997557401075	188.603810454323
37177	105	46.1030776746458	230.515388373229	-58.8969223253542	125.515388373229
37178	105	43.676599902296	211.103566194431	-61.323400097704	106.103566194431
37179	105	109.19149975574	361.545188080117	4.19149975574011	256.545188080117
37180	105	84.9267220322423	371.251099169516	-20.0732779677577	266.251099169516
37181	105	220.80947728383	475.589643380557	115.80947728383	370.589643380557
37182	105	99.485588666341	354.265754763068	-5.51441133365901	249.265754763068
37183	105	111.61797752809	317.868588177821	6.6179775280899	212.868588177821
37184	105	143.162188568637	368.824621397167	38.162188568637	263.824621397167
37186	73	13.9169516365413	262.102589154861	-59.0830483634587	189.102589154861
37187	158	92.2061553492916	313.015632633122	-65.7938446507084	155.015632633122
37188	158	150.441621885686	259.633121641426	-7.55837811431363	101.633121641426
37189	79	89.7796775769419	235.368343917929	10.7796775769419	156.368343917929
37190	79	50.9560332193454	228.088910600879	-28.0439667806546	149.088910600879
37191	79	50.9560332193454	232.941866145579	-28.0439667806546	153.941866145579
37192	79	97.0591108939912	218.38299951148	18.0591108939912	139.38299951148
37193	79	55.8089887640449	245.074255007328	-23.1910112359551	166.074255007328
37194	98	63.0884220810943	203.824132877382	-34.9115779189057	105.824132877382
37195	98	65.5148998534441	206.250610649731	-32.4851001465559	108.250610649731
37196	71	48.5295554469956	203.824132877382	-22.4704445530044	132.824132877382
37197	71	87.3531998045921	206.250610649731	16.3531998045921	135.250610649731
37198	71	72.7943331704934	206.250610649731	1.79433317049342	135.250610649731
37199	71	77.647288715193	206.250610649731	6.64728871519297	135.250610649731
37200	71	72.7943331704934	208.677088422081	1.79433317049342	137.677088422081
37201	71	58.2354665363947	211.103566194431	-12.7645334636053	140.103566194431
37202	71	77.647288715193	198.971177332682	6.64728871519297	127.971177332682
37203	71	38.8236443575965	215.95652173913	-32.1763556424035	144.95652173913
37204	174	58.2354665363947	225.66243282853	-115.764533463605	51.6624328285296
37205	71	48.5295554469956	191.691744015633	-22.4704445530044	120.691744015633
37206	71	58.2354665363947	211.103566194431	-12.7645334636053	140.103566194431
37207	71	55.8089887640449	206.250610649731	-15.1910112359551	135.250610649731
37208	98	118.897410845139	257.206643869077	20.8974108451392	159.206643869077
37209	108	70.2647777234978	190.976062530532	-37.7352222765022	82.9760625305325
37210	108	43.2398632144602	138.727894479726	-64.7601367855398	30.7278944797264
37211	108	46.8431851489985	142.331216414265	-61.1568148510015	34.3312164142648
37212	104	45.0415241817294	136.926233512457	-58.9584758182706	32.9262335124573
37213	108	72.066438690767	223.405959941378	-35.933561309233	115.405959941378
37214	43	80.0737664875428	232.941866145579	37.0737664875428	189.941866145579
37215	54	38.8236443575965	121.323888617489	-15.1763556424035	67.323888617489
37216	54	38.8236443575965	123.750366389839	-15.1763556424035	69.7503663898388
37217	49	14.5588666340987	84.9267220322423	-34.4411333659013	35.9267220322423
37218	49	21.838299951148	63.0884220810943	-27.161700048852	14.0884220810943
37219	49	19.4118221787982	63.0884220810943	-29.5881778212018	14.0884220810943
37220	49	19.4118221787982	87.3531998045921	-29.5881778212018	38.3531998045921
37221	49	24.2647777234978	84.9267220322423	-24.7352222765022	35.9267220322423
37222	52	24.2647777234978	89.7796775769419	-27.7352222765022	37.7796775769419
37223	52	21.838299951148	92.2061553492916	-30.161700048852	40.2061553492916
37224	160	118.897410845139	330.00097703957	-41.1025891548608	170.00097703957
37225	181	106.997557401075	497.950170981925	-74.0024425989253	316.950170981925
37226	50	72.9804592085979	291.921836834392	22.9804592085979	241.921836834392
37227	50	70.7689301416707	236.633610161212	20.7689301416707	186.633610161212
37228	50	84.038104543234	378.171470444553	34.038104543234	328.171470444553
37229	50	75.1919882755252	245.47972642892	25.1919882755252	195.47972642892
37230	50	92.8842208109428	263.171958964338	42.8842208109428	213.171958964338
37231	0	14.5588666340987	342.133365901319	14.5588666340987	342.133365901319
37232	117	92.2061553492916	366.398143624817	-24.7938446507084	249.398143624817
37233	72	65.5148998534441	266.912554958476	-6.48510014655594	194.912554958476
37234	96	77.647288715193	300.883243771373	-18.352711284807	204.883243771373
37235	174	19.4118221787982	308.162677088422	-154.588177821202	134.162677088422
37236	155	97.2427943331705	391.181240840254	-57.7572056668295	236.181240840254
37237	155	77.352222765022	313.829018075232	-77.647777234978	158.829018075232
37238	119	97.0591108939912	266.912554958476	-21.9408891060088	147.912554958476
37240	119	55.8089887640449	169.853444064485	-63.1910112359551	50.8534440644846
37241	119	84.9267220322423	179.559355153884	-34.0732779677577	60.5593551538838
37246	51	67.9413776257938	184.412310698583	16.9413776257938	133.412310698583
37247	51	67.9413776257938	196.544699560332	16.9413776257938	145.544699560332
37248	51	63.0884220810943	213.530043966781	12.0884220810943	162.530043966781
37249	17	70.3678553981436	201.397655105032	53.3678553981436	184.397655105032
37250	92	89.7796775769419	223.23595505618	-2.22032242305812	131.23595505618
37251	17	67.9413776257938	220.80947728383	50.9413776257938	203.80947728383
37252	17	87.3531998045921	223.23595505618	70.3531998045921	206.23595505618
37253	17	53.3825109916952	189.265266243283	36.3825109916952	172.265266243283
37254	17	97.0591108939912	220.80947728383	80.0591108939912	203.80947728383
37255	17	75.2208109428432	262.059599413776	58.2208109428432	245.059599413776
37256	17	50.9560332193454	220.80947728383	33.9560332193454	203.80947728383
37257	17	60.6619443087445	152.868099658036	43.6619443087445	135.868099658036
37258	17	31.5442110405471	138.309233023937	14.5442110405471	121.309233023937
37259	17	48.5295554469956	155.294577430386	31.5295554469956	138.294577430386
37260	17	65.5148998534441	220.80947728383	48.5148998534441	203.80947728383
37261	17	80.0737664875428	223.23595505618	63.0737664875428	206.23595505618
37262	17	97.0591108939912	235.368343917929	80.0591108939912	218.368343917929
37263	17	29.1177332681974	262.059599413776	12.1177332681974	245.059599413776
37264	17	29.1177332681974	150.441621885686	12.1177332681974	133.441621885686
37265	17	26.6912554958476	160.147532975086	9.69125549584759	143.147532975086
37266	17	67.9413776257938	201.397655105032	50.9413776257938	184.397655105032
37267	17	70.3678553981436	240.221299462628	53.3678553981436	223.221299462628
37268	17	29.1177332681974	138.309233023937	12.1177332681974	121.309233023937
37269	17	46.1030776746458	206.250610649731	29.1030776746458	189.250610649731
37270	17	99.485588666341	225.66243282853	82.485588666341	208.66243282853
37271	17	19.4118221787982	126.176844162189	2.41182217879824	109.176844162189
37272	17	60.6619443087445	211.103566194431	43.6619443087445	194.103566194431
37273	17	84.9267220322423	291.177332681974	67.9267220322423	274.177332681974
37274	17	48.5295554469956	206.250610649731	31.5295554469956	189.250610649731
37275	17	43.676599902296	203.824132877382	26.676599902296	186.824132877382
37276	17	65.5148998534441	215.95652173913	48.5148998534441	198.95652173913
37277	17	70.3678553981436	201.397655105032	53.3678553981436	184.397655105032
37278	17	50.9560332193454	189.265266243283	33.9560332193454	172.265266243283
37279	17	75.2208109428432	223.23595505618	58.2208109428432	206.23595505618
37280	17	67.9413776257938	218.38299951148	50.9413776257938	201.38299951148
37281	17	53.3825109916952	201.397655105032	36.3825109916952	184.397655105032
37282	17	26.6912554958476	203.824132877382	9.69125549584759	186.824132877382
37283	17	46.1030776746458	157.721055202736	29.1030776746458	140.721055202736
37284	17	46.1030776746458	211.103566194431	29.1030776746458	194.103566194431
37285	17	58.2354665363947	189.265266243283	41.2354665363947	172.265266243283
37286	17	43.676599902296	194.118221787982	26.676599902296	177.118221787982
37287	17	63.0884220810943	189.265266243283	46.0884220810943	172.265266243283
37288	50	72.7943331704934	215.95652173913	22.7943331704934	165.95652173913
37289	50	80.0737664875428	179.559355153884	30.0737664875428	129.559355153884
37290	50	70.3678553981436	179.559355153884	20.3678553981436	129.559355153884
37291	50	89.7796775769419	189.265266243283	39.7796775769419	139.265266243283
37292	62	89.7796775769419	211.103566194431	27.7796775769419	149.103566194431
37293	47	80.0737664875428	174.706399609184	33.0737664875428	127.706399609184
37294	47	67.9413776257938	218.38299951148	20.9413776257938	171.38299951148
37295	47	75.2208109428432	215.95652173913	28.2208109428432	168.95652173913
37296	47	84.9267220322423	177.132877381534	37.9267220322423	130.132877381534
37297	47	67.9413776257938	191.691744015633	20.9413776257938	144.691744015633
37298	47	80.0737664875428	179.559355153884	33.0737664875428	132.559355153884
37299	47	75.2208109428432	184.412310698583	28.2208109428432	137.412310698583
37300	72	60.6619443087445	138.309233023937	-11.3380556912555	66.3092330239375
37301	72	72.7943331704934	174.706399609184	0.794333170493417	102.706399609184
37302	50	55.8089887640449	184.412310698583	5.80898876404495	134.412310698583
37304	0	41.2501221299463	150.441621885686	41.2501221299463	150.441621885686
37305	0	36.3971665852467	165.000488519785	36.3971665852467	165.000488519785
37306	0	33.9706888128969	172.279921836834	33.9706888128969	172.279921836834
37307	0	72.7943331704934	191.691744015633	72.7943331704934	191.691744015633
37308	0	31.5442110405471	208.677088422081	31.5442110405471	208.677088422081
37309	0	48.5295554469956	150.441621885686	48.5295554469956	150.441621885686
37310	32	44.2012701514411	238.686858817782	12.2012701514411	206.686858817782
37311	17	61.8817782120176	229.846604787494	44.8817782120176	212.846604787494
37312	17	35.3610161211529	214.37616023449	18.3610161211529	197.37616023449
37313	66	70.7220322423058	196.695652173913	4.72203224230581	130.695652173913
37314	41	48.6213971665852	209.956033219345	7.62139716658525	168.956033219345
37315	41	39.781143136297	190.065461651197	-1.21885686370298	149.065461651197
37316	51	53.0415241817294	247.52711284807	2.04152418172936	196.52711284807
37317	42	123.750366389839	322.721543722521	81.7503663898388	280.721543722521
37318	45	123.750366389839	266.912554958476	78.7503663898388	221.912554958476
37319	45	109.19149975574	283.897899364924	64.1914997557401	238.897899364924
37320	45	101.912066438691	262.059599413776	56.9120664386908	217.059599413776
37321	45	106.76502198339	269.339032730826	61.7650219833903	224.339032730826
37322	45	135.882755251588	279.044943820225	90.8827552515877	234.044943820225
37323	45	133.456277479238	274.191988275525	88.4562774792379	229.191988275525
37324	45	84.9267220322423	264.486077186126	39.9267220322423	219.486077186126
37325	45	109.19149975574	269.339032730826	64.1914997557401	224.339032730826
37326	42	80.0737664875428	225.66243282853	38.0737664875428	183.66243282853
37327	39	89.7796775769419	317.868588177821	50.7796775769419	278.868588177821
37328	39	55.8089887640449	1147.72398632145	16.8089887640449	1108.72398632145
37330	39	67.9413776257938	242.647777234978	28.9413776257938	203.647777234978
37331	39	12.1323888617489	215.95652173913	-26.8676111382511	176.95652173913
37332	39	50.9560332193454	543.531021006351	11.9560332193454	504.531021006351
37337	39	46.1030776746458	143.162188568637	7.10307767464582	104.162188568637
37339	39	21.838299951148	378.530532486566	-17.161700048852	339.530532486566
37340	39	16.9853444064485	526.545676599902	-22.0146555935515	487.545676599902
37342	39	106.76502198339	305.736199316072	67.7650219833903	266.736199316072
37343	39	106.76502198339	249.927210552027	67.7650219833903	210.927210552027
37344	51	89.7796775769419	611.472398632145	38.7796775769419	560.472398632145
37347	51	77.647288715193	203.824132877382	26.647288715193	152.824132877382
37348	42	70.3678553981436	225.66243282853	28.3678553981436	183.66243282853
37349	42	67.9413776257938	230.515388373229	25.9413776257938	188.515388373229
