36455	219	209	209	-10	-10
36456	219	190	209	-29	-10
36457	219	209	209	-10	-10
36458	219	190	209	-29	-10
36459	219	209	346	-10	127
36460	219	190	511	-29	292
36461	64	41	98	-23	34
36463	87	70	207	-17	120
36465	87	70	80	-17	-7
36466	87	70	80	-17	-7
36467	87	70	165	-17	78
36468	87	54	135	-33	48
36469	87	54	206	-33	119
36470	87	54	206	-33	119
36471	87	29	206	-58	119
36472	87	54	233	-33	146
36473	87	22	86	-65	-1
36474	87	39	206	-48	119
36475	87	54	135	-33	48
36476	87	54	256	-33	169
36477	87	66	162	-21	75
36478	34	40	60	6	26
36479	34	55	60	21	26
36480	34	55	60	21	26
36481	34	55	60	21	26
36482	34	39	60	5	26
36483	34	52	69	18	35
36484	52	39	60	-13	8
36485	52	51	60	-1	8
36486	52	51	60	-1	8
36487	35	51	91	16	56
36488	184	63	204	-121	20
36493	52	26	207	-26	155
36494	52	204	207	152	155
36496	52	77	234	25	182
36498	47	78	224	31	177
36499	28	56	412	28	384
36501	29	221	309	192	280
36502	29	129	257	100	228
36503	26	75	136	49	110
36504	26	75	136	49	110
36505	26	80	136	54	110
36506	26	80	136	54	110
36507	26	95	257	69	231
36508	26	80	136	54	110
36509	26	80	136	54	110
36510	26	80	136	54	110
36511	26	80	136	54	110
36512	26	80	136	54	110
36513	26	80	136	54	110
36514	26	80	136	54	110
36515	26	64	136	38	110
36516	26	75	136	49	110
36517	26	80	209	54	183
36518	26	75	136	49	110
36519	26	75	136	49	110
36520	26	80	136	54	110
36521	12	63	215	51	203
36522	12	68	209	56	197
36523	12	68	215	56	203
36524	12	152	209	140	197
36525	12	152	230	140	218
36526	12	75	134	63	122
36527	134	75	264	-59	130
36528	134	75	264	-59	130
36529	134	191	220	57	86
36530	134	115	183	-19	49
36531	134	75	183	-59	49
36532	134	75	183	-59	49
36533	134	75	264	-59	130
36534	12	152	257	140	245
36536	51	79	93	28	42
36537	51	79	91	28	40
36538	48	136	195	88	147
36539	48	136	204	88	156
36540	48	97	129	49	81
36541	48	136	195	88	147
36542	48	74	195	26	147
36543	48	69	204	21	156
36544	26	184	273	158	247
36545	26	191	232	165	206
36546	26	191	232	165	206
36547	26	95	232	69	206
36548	26	95	232	69	206
36549	26	191	232	165	206
36550	26	191	232	165	206
36551	26	78	232	52	206
36552	26	191	207	165	181
36553	26	191	207	165	181
36554	26	85	232	59	206
36555	26	85	269	59	243
36556	26	88	235	62	209
36557	26	78	232	52	206
36558	26	191	232	165	206
36559	26	85	269	59	243
36560	26	94	194	68	168
36561	26	96	194	70	168
36562	26	162	194	136	168
36563	26	88	194	62	168
36564	26	191	269	165	243
36566	66	189	234	123	168
36567	66	123	209	57	143
36568	66	162	209	96	143
36569	66	123	209	57	143
36570	66	206	209	140	143
36571	66	162	183	96	117
36572	61	61	227	0	166
36573	61	61	239	0	178
36574	84	15	144	-69	60
36575	84	23	92	-61	8
36576	84	15	387	-69	303
36577	49	60	207	11	158
36578	18	132	234	114	216
36580	71	62	212	-9	141
36581	69	41	201	-28	132
36582	68	48	239	-20	171
36583	68	63	93	-5	25
36584	68	63	83	-5	15
36585	68	66	239	-2	171
36586	69	66	239	-3	170
36587	69	89	238	20	169
36588	68	41	86	-27	18
36589	68	63	83	-5	15
36590	68	63	83	-5	15
36591	68	66	83	-2	15
36592	68	66	93	-2	25
36593	68	63	93	-5	25
36594	67	85	241	18	174
36595	47	66	87	19	40
36596	47	68	87	21	40
36597	47	66	87	19	40
36598	47	57	83	10	36
36599	47	50	160	3	113
36600	47	66	88	19	41
36601	47	66	248	19	201
36602	47	86	248	39	201
36607	237	257	260	20	23
36608	237	191	260	-46	23
36609	237	191	235	-46	-2
36610	237	191	262	-46	25
36611	237	116	213	-121	-24
36612	113	51	206	-62	93
36613	113	198	215	85	102
36614	113	168	206	55	93
36615	113	168	215	55	102
36616	113	168	206	55	93
36618	113	125	215	12	102
36619	113	41	165	-72	52
36620	113	110	206	-3	93
36621	113	89	155	-24	42
36622	113	89	199	-24	86
36623	86	87	235	1	149
36624	108	87	207	-21	99
36625	86	87	207	1	121
36626	86	87	207	1	121
36627	86	87	207	1	121
36628	86	87	235	1	149
36629	48	65	143	17	95
36630	48	65	143	17	95
36631	200	197	274	-3	74
36632	200	147	313	-53	113
36633	200	137	263	-63	63
36634	0	52	201	52	201
36635	0	147	218	147	218
36636	200	133	263	-67	63
36637	200	173	346	-27	146
36638	200	173	263	-27	63
36639	203	126	209	-77	6
36640	88	145	274	57	186
36641	88	167	347	79	259
36642	88	145	209	57	121
36643	88	137	347	49	259
36644	88	137	329	49	241
36645	117	197	209	80	92
36648	147	100	264	-47	117
36649	145	64	210	-81	65
36650	145	136	209	-9	64
36651	40	87	204	47	164
36652	40	87	204	47	164
36653	40	63	204	23	164
36654	40	67	204	27	164
36655	40	63	204	23	164
36656	40	63	204	23	164
36657	40	87	151	47	111
36658	40	87	204	47	164
36659	40	87	257	47	217
36660	0	39	60	39	60
36661	0	102	141	102	141
36662	0	51	108	51	108
36663	0	51	60	51	60
36664	0	51	60	51	60
36665	0	28	60	28	60
36666	0	39	60	39	60
36667	0	51	60	51	60
36668	0	39	45	39	45
36669	0	28	60	28	60
36670	13	51	60	38	47
36671	13	45	45	32	32
36672	13	0	100	-13	87
36673	199	227	312	28	113
36674	199	227	312	28	113
36675	190	125	405	-65	215
36676	42	83	207	41	165
36677	26	129	149	103	123
36678	42	78	207	36	165
36679	42	44	103	2	61
36680	42	78	224	36	182
36681	42	78	218	36	176
36682	42	78	134	36	92
36683	42	78	134	36	92
36684	42	78	267	36	225
36685	43	64	136	21	93
36686	43	70	136	27	93
36687	44	127	136	83	92
36688	44	65	136	21	92
36689	12	64	85	52	73
36690	12	46	60	34	48
36691	12	46	60	34	48
36692	12	64	78	52	66
36693	12	63	132	51	120
36694	0	67	74	67	74
36695	0	75	125	75	125
36696	0	68	74	68	74
36697	44	59	253	15	209
36698	44	64	226	20	182
36699	44	67	253	23	209
36700	44	59	248	15	204
36701	44	59	143	15	99
36702	44	59	253	15	209
36704	45	40	208	-5	163
36705	45	133	227	88	182
36706	0	133	224	133	224
36708	38	98	209	60	171
36709	38	125	215	87	177
36710	38	135	209	97	171
36711	38	98	209	60	171
36712	38	126	209	88	171
36713	77	166	289	89	212
36714	38	172	209	134	171
36715	38	194	230	156	192
36716	38	135	209	97	171
36717	38	172	209	134	171
36718	38	126	257	88	219
36719	38	126	230	88	192
36720	38	98	215	60	177
36721	38	98	209	60	171
36722	38	98	209	60	171
36723	38	125	257	87	219
36724	298	61	328	-237	30
36725	43	122	209	79	166
36726	43	99	125	56	82
36727	43	91	328	48	285
36728	43	170	209	127	166
36729	43	99	194	56	151
36730	43	208	209	165	166
36731	43	208	209	165	166
36732	22	22	138	0	116
36733	22	20	138	-2	116
36734	22	15	119	-7	97
36735	22	27	141	5	119
36736	22	27	138	5	116
36737	22	66	119	44	97
36738	22	20	162	-2	140
36739	22	27	138	5	116
36740	22	20	233	-2	211
36741	22	18	138	-4	116
36742	22	22	119	0	97
36743	22	20	119	-2	97
36744	22	20	119	-2	97
36745	50	62	207	12	157
36746	50	62	207	12	157
36747	107	280	352	173	245
36748	107	216	281	109	174
36749	107	184	281	77	174
36750	107	113	276	6	169
36751	107	149	236	42	129
36752	107	216	276	109	169
36753	39	254	258	215	219
36754	116	186	281	70	165
36755	116	107	328	-9	212
36756	116	186	267	70	151
36757	74	53	245	-21	171
36758	74	53	73	-21	-1
36759	74	55	73	-19	-1
36760	74	55	73	-19	-1
36761	74	97	245	23	171
36762	74	97	98	23	24
36766	0	35	103	35	103
36771	0	35	154	35	154
36772	0	35	154	35	154
36773	14	196	281	182	267
36774	14	196	281	182	267
36775	14	197	267	183	253
36776	14	197	314	183	300
36777	14	99	314	85	300
36778	14	162	381	148	367
36779	14	110	314	96	300
36780	14	110	409	96	395
36781	14	170	337	156	323
36782	14	170	314	156	300
36783	14	292	314	278	300
36784	14	197	314	183	300
36785	14	228	339	214	325
36786	14	228	314	214	300
36787	14	129	337	115	323
36788	14	206	314	192	300
36789	14	193	305	179	291
36790	14	193	313	179	299
36791	197	123	195	-74	-2
36792	198	141	210	-57	12
36793	198	155	207	-43	9
36794	198	155	207	-43	9
36795	198	155	207	-43	9
36796	198	165	210	-33	12
36797	197	141	210	-56	13
36798	198	141	210	-57	12
36799	198	155	210	-43	12
36800	198	141	210	-57	12
36801	197	165	244	-32	47
36802	128	155	249	27	121
36803	192	185	239	-7	47
36804	204	185	209	-19	5
36805	99	123	249	24	150
36806	99	67	239	-32	140
36807	185	155	240	-30	55
36808	185	141	240	-44	55
36809	185	141	169	-44	-16
36810	185	141	210	-44	25
36811	185	141	210	-44	25
36812	185	141	210	-44	25
36813	185	141	192	-44	7
36814	185	158	192	-27	7
36815	185	118	118	-67	-67
36816	185	141	210	-44	25
36817	185	141	192	-44	7
36818	185	158	192	-27	7
36819	198	188	210	-10	12
36820	198	207	210	9	12
36821	198	207	210	9	12
36822	198	207	210	9	12
36823	161	136	209	-25	48
36824	185	25	96	-160	-89
36825	185	155	198	-30	13
36826	185	158	192	-27	7
36827	50	124	207	74	157
36828	50	76	117	26	67
36829	50	124	207	74	157
36830	100	53	207	-47	107
36831	15	51	69	36	54
36832	15	64	91	49	76
36833	15	29	69	14	54
36834	79	86	248	7	169
36835	71	113	210	42	139
36836	71	67	210	-4	139
36837	71	113	204	42	133
36838	90	83	204	-7	114
36839	71	75	204	4	133
36840	71	113	204	42	133
36841	87	95	98	8	11
36842	87	93	99	6	12
36843	88	95	235	7	147
36844	183	151	170	-32	-13
36845	183	151	217	-32	34
36847	86	68	217	-18	131
36848	92	126	217	34	125
36849	225	149	353	-76	128
36850	210	101	207	-109	-3
36851	210	88	265	-122	55
36852	210	101	207	-109	-3
36853	210	101	347	-109	137
36854	210	75	265	-135	55
36855	210	161	265	-49	55
36856	210	101	261	-109	51
36857	210	59	265	-151	55
36858	210	88	265	-122	55
36859	0	16	80	16	80
36860	0	48	162	48	162
36861	0	0	79	0	79
36862	0	53	190	53	190
36863	0	58	141	58	141
36864	0	53	80	53	80
36865	0	78	141	78	141
36866	0	53	141	53	141
36867	0	78	190	78	190
36868	0	102	190	102	190
36869	31	42	66	11	35
36870	31	45	66	14	35
36871	31	28	69	-3	38
36872	31	28	66	-3	35
36873	31	28	66	-3	35
36874	31	54	66	23	35
36875	31	54	66	23	35
36876	14	53	133	39	119
36877	14	71	128	57	114
36878	14	71	128	57	114
36879	14	56	62	42	48
36880	14	53	62	39	48
36881	104	97	212	-7	108
36882	50	168	347	118	297
36884	191	127	210	-64	19
36885	191	109	210	-82	19
36886	191	92	402	-99	211
36887	191	98	210	-93	19
36889	191	98	210	-93	19
36900	31	107	264	76	233
36902	45	92	256	47	211
36903	45	92	256	47	211
36904	45	92	209	47	164
36905	45	92	256	47	211
36917	27	107	258	80	231
36918	27	25	258	-2	231
36920	37	49	270	12	233
36921	37	49	295	12	258
36922	37	63	270	26	233
36924	37	49	270	12	233
36925	37	93	96	56	59
36928	37	81	137	44	100
36929	37	67	137	30	100
36931	13	45	212	32	199
36932	13	60	207	47	194
36933	84	127	320	43	236
36934	84	126	320	42	236
36935	84	114	262	30	178
36936	84	116	305	32	221
36937	15	137	328	122	313
36938	171	79	227	-92	56
36939	171	100	339	-71	168
36940	170	102	339	-68	169
36941	162	46	339	-116	177
36942	162	46	339	-116	177
36943	143	177	219	34	76
36944	212	84	324	-128	112
36946	212	87	324	-125	112
36947	212	84	354	-128	142
36948	212	87	324	-125	112
36949	189	161	319	-28	130
36950	239	305	318	66	79
36951	239	305	366	66	127
36952	239	162	279	-77	40
36953	239	162	295	-77	56
36954	239	162	295	-77	56
36955	239	101	265	-138	26
36956	239	130	265	-109	26
36957	239	196	367	-43	128
36958	239	172	233	-67	-6
36959	239	291	367	52	128
36960	239	183	276	-56	37
36961	239	199	331	-40	92
36962	239	199	331	-40	92
36963	239	199	264	-40	25
36964	239	143	367	-96	128
36965	239	143	265	-96	26
36966	239	130	265	-109	26
36967	239	291	320	52	81
36968	239	196	265	-43	26
36969	239	196	320	-43	81
36970	239	269	342	30	103
36971	239	307	379	68	140
36972	239	269	342	30	103
36973	239	269	276	30	37
36974	239	196	265	-43	26
36975	239	158	366	-81	127
36976	239	188	318	-51	79
36977	239	269	318	30	79
36978	239	269	276	30	37
36979	239	207	241	-32	2
36980	239	173	315	-66	76
36981	239	307	315	68	76
36982	239	173	276	-66	37
36983	239	207	314	-32	75
36984	239	162	295	-77	56
36985	239	269	318	30	79
36986	239	215	339	-24	100
36987	239	172	315	-67	76
36988	239	207	315	-32	76
36989	239	129	264	-110	25
36990	239	291	379	52	140
36991	239	264	339	25	100
36992	239	162	264	-77	25
36993	239	199	331	-40	92
36994	239	269	276	30	37
36995	239	307	315	68	76
36996	239	161	315	-78	76
36997	239	207	315	-32	76
36998	239	307	315	68	76
36999	311	291	339	-20	28
37000	311	291	309	-20	-2
37001	311	199	331	-112	20
37002	129	166	235	37	106
37008	0	62	128	62	128
37011	0	112	218	112	218
37013	0	96	185	96	185
37014	0	32	155	32	155
37017	0	71	185	71	185
37020	0	26	155	26	155
37021	0	30	218	30	218
37025	0	112	273	112	273
37026	126	101	218	-25	92
37028	46	127	227	81	181
37029	29	77	221	48	192
37030	29	208	289	179	260
37031	29	39	268	10	239
37032	29	195	221	166	192
37035	29	195	221	166	192
37036	29	46	224	17	195
37037	29	116	221	87	192
37038	29	119	221	90	192
37039	28	86	218	58	190
37041	28	39	268	11	240
37042	28	119	218	91	190
37043	29	86	233	57	204
37044	29	44	44	15	15
37045	29	39	224	10	195
37046	29	195	224	166	195
37047	29	93	144	64	115
37048	29	39	214	10	185
37049	29	44	214	15	185
37050	119	195	258	76	139
37051	47	67	70	20	23
37052	47	67	70	20	23
37053	47	63	143	16	96
37054	54	63	143	9	89
37055	47	53	91	6	44
37056	47	39	45	-8	-2
37057	47	85	95	38	48
37058	47	39	143	-8	96
37059	47	64	143	17	96
37060	47	84	136	37	89
37061	47	39	143	-8	96
37062	47	93	204	46	157
37063	54	63	143	9	89
37064	54	39	143	-15	89
37065	54	63	91	9	37
37066	54	63	143	9	89
37067	54	98	143	44	89
37068	48	57	91	9	43
37069	187	198	267	11	80
37070	187	218	267	31	80
37071	187	193	321	6	134
37072	187	198	305	11	118
37073	187	175	267	-12	80
37074	187	205	323	18	136
37075	187	205	323	18	136
37076	187	198	305	11	118
37077	187	198	235	11	48
37078	187	198	323	11	136
37079	187	205	323	18	136
37080	187	162	323	-25	136
37081	219	193	207	-26	-12
37082	219	162	314	-57	95
37083	219	164	314	-55	95
37084	110	270	313	160	203
37085	110	163	320	53	210
37086	110	193	305	83	195
37087	110	193	305	83	195
37088	110	164	320	54	210
37089	303	155	305	-148	2
37090	303	190	257	-113	-46
37091	303	190	257	-113	-46
37092	303	273	305	-30	2
37093	139	100	217	-39	78
37094	56	101	209	45	153
37095	150	145	271	-5	121
37096	150	145	304	-5	154
37097	150	145	235	-5	85
37098	0	62	133	62	133
37099	0	73	133	73	133
37100	0	55	133	55	133
37101	0	54	95	54	95
37102	0	29	95	29	95
37103	0	40	95	40	95
37104	0	40	133	40	133
37105	0	40	144	40	144
37106	0	29	29	29	29
37107	0	29	95	29	95
37109	139	188	248	49	109
37110	100	72	214	-28	114
37111	100	142	214	42	114
37112	100	72	214	-28	114
37113	139	38	214	-101	75
37114	139	89	214	-50	75
37115	100	38	214	-62	114
37116	100	72	220	-28	120
37117	131	188	214	57	83
37118	131	38	59	-93	-72
37119	131	188	214	57	83
37120	139	89	214	-50	75
37121	131	52	214	-79	83
37122	131	38	59	-93	-72
37123	131	188	214	57	83
37124	131	38	59	-93	-72
37125	131	188	214	57	83
37126	139	89	241	-50	102
37127	131	188	241	57	110
37128	131	122	214	-9	83
37129	139	89	214	-50	75
37130	139	50	214	-89	75
37131	139	50	214	-89	75
37132	139	38	59	-101	-80
37133	139	89	214	-50	75
37134	139	188	214	49	75
37135	139	188	214	49	75
37136	131	188	214	57	83
37137	131	89	241	-42	110
37138	131	188	214	57	83
37139	139	89	214	-50	75
37140	100	49	220	-51	120
37141	131	188	214	57	83
37142	97	188	214	91	117
37143	139	188	214	49	75
37144	139	188	214	49	75
37145	139	50	214	-89	75
37146	139	38	59	-101	-80
37147	139	50	214	-89	75
37148	139	188	214	49	75
37149	139	50	214	-89	75
37150	139	188	214	49	75
37151	127	127	278	0	151
37152	127	127	257	0	130
37153	127	155	278	28	151
37154	127	127	278	0	151
37155	127	111	278	-16	151
37156	127	127	241	0	114
37157	127	127	278	0	151
37158	127	144	309	17	182
37159	127	155	278	28	151
37160	104	158	278	54	174
37161	104	158	273	54	169
37162	104	178	310	74	206
37163	105	158	249	53	144
37164	105	144	278	39	173
37165	105	128	241	23	136
37166	105	129	278	24	173
37167	105	158	278	53	173
37168	105	276	359	171	254
37169	105	124	278	19	173
37170	105	276	278	171	173
37171	105	158	278	53	173
37172	105	158	210	53	105
37173	105	105	392	0	287
37174	105	128	269	23	164
37175	105	128	249	23	144
37176	105	128	233	23	128
37177	105	158	241	53	136
37178	105	128	233	23	128
37179	105	142	269	37	164
37180	105	142	269	37	164
37181	105	158	406	53	301
37182	105	158	273	53	168
37183	105	158	278	53	173
37184	105	276	278	171	173
37186	73	63	207	-10	134
37187	158	158	271	0	113
37188	158	216	217	58	59
37189	79	139	206	60	127
37190	79	139	209	60	130
37191	79	91	206	12	127
37192	79	127	206	48	127
37193	79	87	207	8	128
37194	98	87	204	-11	106
37195	98	87	204	-11	106
37196	71	49	204	-22	133
37197	71	140	204	69	133
37198	71	140	204	69	133
37199	71	140	204	69	133
37200	71	140	204	69	133
37201	71	87	204	16	133
37202	71	99	204	28	133
37203	71	66	209	-5	138
37204	174	101	209	-73	35
37205	71	87	204	16	133
37206	71	99	204	28	133
37207	71	87	204	16	133
37208	98	139	204	41	106
37209	108	63	170	-45	62
37210	108	98	99	-10	-9
37211	108	66	99	-42	-9
37212	104	57	99	-47	-5
37213	108	87	207	-21	99
37214	43	88	206	45	163
37215	54	52	91	-2	37
37216	54	52	91	-2	37
37217	49	42	60	-7	11
37218	49	42	45	-7	-4
37219	49	42	45	-7	-4
37220	49	41	60	-8	11
37221	49	50	60	1	11
37222	52	42	60	-10	8
37223	52	42	60	-10	8
37224	160	145	269	-15	109
37225	181	127	409	-54	228
37226	50	89	258	39	208
37227	50	86	207	36	157
37228	50	89	268	39	218
37229	50	86	212	36	162
37230	50	89	212	39	162
37231	0	30	314	30	314
37232	117	84	264	-33	147
37233	72	127	224	55	152
37234	96	125	255	29	159
37235	174	61	211	-113	37
37236	155	128	323	-27	168
37237	155	128	212	-27	57
37238	119	167	258	48	139
37240	119	56	140	-63	21
37241	119	96	140	-23	21
37246	51	63	196	12	145
37247	51	69	143	18	92
37248	51	70	207	19	156
37249	17	81	162	64	145
37250	92	88	134	-4	42
37251	17	88	162	71	145
37252	17	88	134	71	117
37253	17	76	134	59	117
37254	17	88	162	71	145
37255	17	81	134	64	117
37256	17	76	134	59	117
37257	17	90	93	73	76
37258	17	86	128	69	111
37259	17	90	93	73	76
37260	17	90	195	73	178
37261	17	77	279	60	262
37262	17	81	134	64	117
37263	17	90	209	73	192
37264	17	90	93	73	76
37265	17	90	93	73	76
37266	17	90	128	73	111
37267	17	90	209	73	192
37268	17	77	90	60	73
37269	17	90	128	73	111
37270	17	90	209	73	192
37271	17	77	90	60	73
37272	17	90	128	73	111
37273	17	184	209	167	192
37274	17	90	128	73	111
37275	17	90	128	73	111
37276	17	90	128	73	111
37277	17	90	128	73	111
37278	17	90	128	73	111
37279	17	90	209	73	192
37280	17	90	128	73	111
37281	17	90	209	73	192
37282	17	77	128	60	111
37283	17	90	93	73	76
37284	17	77	128	60	111
37285	17	90	128	73	111
37286	17	90	128	73	111
37287	17	77	128	60	111
37288	50	54	195	4	145
37289	50	65	149	15	99
37290	50	65	149	15	99
37291	50	65	204	15	154
37292	62	86	230	24	168
37293	47	65	149	18	102
37294	47	58	215	11	168
37295	47	58	215	11	168
37296	47	102	149	55	102
37297	47	46	149	-1	102
37298	47	65	204	18	157
37299	47	70	149	23	102
37300	72	68	87	-4	15
37301	72	68	143	-4	71
37302	50	57	143	7	93
37304	0	55	117	55	117
37305	0	119	169	119	169
37306	0	51	161	51	161
37307	0	96	185	96	185
37308	0	77	185	77	185
37309	0	96	98	96	98
37310	32	64	224	32	192
37311	17	64	244	47	227
37312	17	64	164	47	147
37313	66	62	209	-4	143
37314	41	40	242	-1	201
37315	41	62	142	21	101
37316	51	62	242	11	191
37317	42	203	246	161	204
37318	45	158	239	113	194
37319	45	129	277	84	232
37320	45	87	263	42	218
37321	45	87	239	42	194
37322	45	183	239	138	194
37323	45	183	239	138	194
37324	45	78	239	33	194
37325	45	78	239	33	194
37326	42	95	183	53	141
37327	39	213	254	174	215
37328	39	59	987	20	948
37330	39	213	244	174	205
37331	39	19	128	-20	89
37332	39	37	486	-2	447
37337	39	108	128	69	89
37339	39	54	267	15	228
37340	39	63	423	24	384
37342	39	194	263	155	224
37343	39	194	207	155	168
37344	51	211	524	160	473
37347	51	85	170	34	119
37348	42	95	183	53	141
37349	42	89	189	47	147
