36455	408	603.613580850024	615.660478749389	195.613580850024	207.660478749389
36456	408	427.728871519296	444.594528578407	19.7288715192965	36.5945285784074
36457	408	420.500732779678	432.547630679042	12.5007327796775	24.5476306790425
36458	408	403.635075720567	418.091353199805	-4.36492427943335	10.0913531998046
36459	408	618.069858329262	634.935515388373	210.069858329262	226.935515388373
36460	408	928.879824132877	974.658036150464	520.879824132877	566.658036150464
36461	266	166.838788470933	185.023448949682	-99.1612115290669	-80.9765510503175
36463	213	189.56961406937	219.119687347338	-23.4303859306302	6.11968734733756
36465	213	150.927210552027	164.565705911089	-62.0727894479726	-48.4342940889106
36466	213	146.38104543234	157.746458231558	-66.61895456766	-55.2535417684416
36467	213	187.296531509526	207.754274548119	-25.7034684904739	-5.24572545188079
36468	216	171.38495359062	180.477283829995	-44.6150464093796	-35.5227161700049
36469	216	139.561797752809	155.473375671715	-76.438202247191	-60.5266243282853
36470	216	178.204201270151	194.115779189057	-37.7957987298486	-21.8842208109428
36471	216	185.023448949682	200.935026868588	-30.9765510503175	-15.0649731314118
36472	216	196.388861748901	210.027357107963	-19.6111382510992	-5.97264289203713
36473	216	237.304347826087	253.215925744993	21.304347826087	37.2159257449927
36474	216	191.842696629213	205.481191988276	-24.1573033707865	-10.5188080117245
36475	216	185.023448949682	196.388861748901	-30.9765510503175	-19.6111382510992
36476	216	160.019540791402	171.38495359062	-55.9804592085979	-44.6150464093796
36477	216	137.288715192965	148.654127992184	-78.7112848070347	-67.3458720078163
36478	122	186.790913531998	198.837811431363	64.790913531998	76.837811431363
36479	122	162.697117733268	169.925256472887	40.6971177332682	47.9252564728872
36480	122	172.33463605276	177.153395212506	50.3346360527601	55.1533952125061
36481	122	172.33463605276	177.153395212506	50.3346360527601	55.1533952125061
36482	122	157.878358573522	167.515876893014	35.8783585735222	45.5158768930142
36483	122	133.784562774792	141.012701514411	11.7845627747924	19.0127015144113
36484	138	136.193942354665	153.059599413776	-1.80605764533465	15.0595994137763
36485	138	155.468978993649	162.697117733268	17.4689789936492	24.6971177332682
36486	138	162.697117733268	172.33463605276	24.6971177332682	34.3346360527601
36487	124	162.697117733268	172.33463605276	38.6971177332682	48.3346360527601
36488	462	272.146555935515	318.19443087445	-189.853444064485	-143.80556912555
36493	252	194.019052271617	208.475329750855	-57.980947728383	-43.5246702491451
36494	252	232.569125549585	244.61602344895	-19.4308744504152	-7.38397655105032
36496	252	206.065950170982	237.387884709331	-45.9340498290181	-14.6121152906693
36498	214	232.569125549585	249.434782608696	18.5691255495848	35.4347826086956
36499	169	304.850512945774	562.654127992184	135.850512945774	393.654127992184
36501	274	589.157303370787	610.841719589643	315.157303370787	336.841719589643
36502	274	273.528578407425	393.997557401075	-0.471421592574529	119.997557401075
36503	234	251.844162188569	263.891060087934	17.8441621885686	29.8910600879335
36504	234	251.844162188569	263.891060087934	17.8441621885686	29.8910600879335
36505	234	259.072300928188	271.119198827553	25.0723009281876	37.1191988275525
36506	234	256.662921348315	266.300439667807	22.6629213483146	32.3004396678065
36507	234	247.025403028823	263.891060087934	13.0254030288227	29.8910600879335
36508	234	256.662921348315	268.70981924768	22.6629213483146	34.7098192476795
36509	234	256.662921348315	268.70981924768	22.6629213483146	34.7098192476795
36510	234	251.844162188569	263.891060087934	17.8441621885686	29.8910600879335
36511	234	259.072300928188	268.70981924768	25.0723009281876	34.7098192476795
36512	234	251.844162188569	263.891060087934	17.8441621885686	29.8910600879335
36513	234	256.662921348315	266.300439667807	22.6629213483146	32.3004396678065
36514	234	254.253541768442	263.891060087934	20.2535417684416	29.8910600879335
36515	234	232.569125549585	247.025403028823	-1.43087445041525	13.0254030288227
36516	234	244.61602344895	256.662921348315	10.6160234489497	22.6629213483146
36517	234	256.662921348315	268.70981924768	22.6629213483146	34.7098192476795
36518	234	242.206643869077	254.253541768442	8.20664386907669	20.2535417684416
36519	234	251.844162188569	263.891060087934	17.8441621885686	29.8910600879335
36520	234	247.025403028823	256.662921348315	13.0254030288227	22.6629213483146
36521	161	208.475329750855	227.750366389839	47.4753297508549	66.7503663898388
36522	161	218.112848070347	227.750366389839	57.1128480703468	66.7503663898388
36523	161	220.52222765022	232.569125549585	59.5222276502198	71.5691255495848
36524	161	215.703468490474	225.340986809966	54.7034684904739	64.3409868099658
36525	161	234.978505129458	254.253541768442	73.9785051294577	93.2535417684416
36526	161	244.61602344895	254.253541768442	83.6160234489497	93.2535417684416
36527	274	259.072300928188	273.528578407425	-14.9276990718124	-0.471421592574529
36528	274	256.662921348315	268.70981924768	-17.3370786516854	-5.29018075232045
36529	274	242.206643869077	256.662921348315	-31.7933561309233	-17.3370786516854
36530	274	259.072300928188	273.528578407425	-14.9276990718124	-0.471421592574529
36531	274	256.662921348315	268.70981924768	-17.3370786516854	-5.29018075232045
36532	274	254.253541768442	268.70981924768	-19.7464582315584	-5.29018075232045
36533	274	251.844162188569	266.300439667807	-22.1558378114314	-7.69956033219347
36534	161	254.253541768442	278.347337567171	93.2535417684416	117.347337567171
36536	254	232.569125549585	242.206643869077	-21.4308744504152	-11.7933561309233
36537	254	198.837811431363	206.065950170982	-55.162188568637	-47.9340498290181
36538	304	512.057156814851	536.150952613581	208.057156814851	232.150952613581
36539	304	336.172447484123	353.038104543234	32.1724474841231	49.038104543234
36540	304	290.394235466536	302.441133365901	-13.6057645334636	-1.55886663409871
36541	304	336.172447484123	357.85686370298	32.1724474841231	53.8568637029799
36542	304	569.882266731803	579.519785051295	265.882266731803	275.519785051295
36543	304	557.835368832438	577.110405471422	253.835368832438	273.110405471422
36544	235	336.485100146556	359.47972642892	101.485100146556	124.47972642892
36545	237	247.061553492916	257.28138739619	10.0615534929165	20.2813873961895
36546	237	262.391304347826	275.166096726917	25.3913043478261	38.1660967269174
36547	237	244.506595017098	254.726428920371	7.50659501709819	17.7264289203713
36548	237	247.061553492916	254.726428920371	10.0615534929165	17.7264289203713
36549	237	241.95163654128	249.616511968735	4.95163654127992	12.6165119687347
36550	237	236.841719589643	247.061553492916	-0.15828041035661	10.0615534929165
36551	237	249.616511968735	262.391304347826	12.6165119687347	25.3913043478261
36552	237	247.061553492916	254.726428920371	10.0615534929165	17.7264289203713
36553	237	249.616511968735	259.836345872008	12.6165119687347	22.8363458720078
36554	237	252.171470444553	264.946262823644	15.171470444553	27.9462628236444
36555	237	249.616511968735	264.946262823644	12.6165119687347	27.9462628236444
36556	237	270.056179775281	290.495847581827	33.0561797752809	53.4958475818271
36557	237	249.616511968735	264.946262823644	12.6165119687347	27.9462628236444
36558	237	254.726428920371	264.946262823644	17.7264289203713	27.9462628236444
36559	237	249.616511968735	262.391304347826	12.6165119687347	25.3913043478261
36560	235	285.385930630191	308.380556912555	50.3859306301905	73.3805569125549
36561	235	331.375183194919	349.259892525647	96.3751831949194	114.259892525647
36562	235	298.160723009282	318.600390815828	63.1607230092819	83.6003908158281
36563	235	259.836345872008	270.056179775281	24.8363458720078	35.0561797752809
36564	237	257.28138739619	280.276013678554	20.2813873961895	43.276013678554
36566	225	406.04445530044	430.13825109917	181.04445530044	205.13825109917
36567	225	251.844162188569	261.481680508061	26.8441621885686	36.4816805080605
36568	225	271.119198827553	292.803615046409	46.1191988275525	67.8036150464093
36569	225	251.844162188569	261.481680508061	26.8441621885686	36.4816805080605
36570	225	271.119198827553	283.166096726917	46.1191988275525	58.1660967269174
36571	225	259.072300928188	268.70981924768	34.0723009281876	43.7098192476795
36572	295	280.492916463117	323.681485100147	-14.5070835368832	28.6814851001466
36573	295	1037.42940889106	1060.1602344895	742.42940889106	765.160234489497
36574	196	125.923302393747	146.38104543234	-70.076697606253	-49.61895456766
36575	196	123.650219833903	132.742550073278	-72.3497801660967	-63.257449926722
36576	196	150.927210552027	191.842696629213	-45.0727894479726	-4.15730337078651
36577	248	225.340986809966	244.61602344895	-22.6590131900342	-3.38397655105032
36578	183	567.47288715193	593.976062530532	384.47288715193	410.976062530532
36580	251	205.481191988276	230.485100146556	-45.5188080117245	-20.5148998534441
36581	259	271.400586223742	294.131411822179	12.400586223742	35.1314118221788
36582	255	237.304347826087	260.035173424524	-17.695652173913	5.03517342452369
36583	255	232.7581827064	250.942843185149	-22.2418172936004	-4.057156814851
36584	255	239.577430385931	250.942843185149	-15.4225696140694	-4.057156814851
36585	255	235.031265266243	257.76209086468	-19.9687347337567	2.76209086468003
36586	259	1051.06790425012	1085.16414264778	792.067904250122	826.164142647777
36587	259	1048.79482169028	1082.89106008793	789.794821690278	823.891060087934
36588	255	244.123595505618	257.76209086468	-10.876404494382	2.76209086468003
36589	255	246.396678065462	257.76209086468	-8.60332193453834	2.76209086468003
36590	255	255.489008304836	264.581338544211	0.489008304836346	9.58133854421101
36591	255	250.942843185149	260.035173424524	-4.057156814851	5.03517342452369
36592	255	244.123595505618	257.76209086468	-10.876404494382	2.76209086468003
36593	255	248.669760625305	260.035173424524	-6.33023937469468	5.03517342452369
36594	249	257.76209086468	275.946751343429	8.76209086468003	26.9467513434294
36595	227	262.308255984367	271.400586223742	35.3082559843674	44.400586223742
36596	227	260.035173424524	269.127503663898	33.0351734245237	42.1275036638984
36597	227	260.035173424524	269.127503663898	33.0351734245237	42.1275036638984
36598	227	260.035173424524	266.854421104055	33.0351734245237	39.8544211040547
36599	227	285.039081582804	316.862237420616	58.0390815828041	89.8622374206155
36600	227	257.76209086468	273.673668783586	30.76209086468	46.6736687835858
36601	227	1169.26819736199	1203.36443575965	942.268197361993	976.364435759648
36602	227	1903.4738641915	1921.65852467025	1676.4738641915	1694.65852467025
36607	442	398.816316560821	410.863214460186	-43.1836834391793	-31.1367855398144
36608	442	360.266243282853	384.360039081583	-81.7337567171471	-57.6399609184172
36609	442	372.313141182218	389.178798241329	-69.6868588177821	-52.8212017586712
36610	442	379.541279921837	396.406936980948	-62.4587200781632	-45.5930630190523
36611	442	367.494382022472	384.360039081583	-74.5056179775281	-57.6399609184172
36612	270	232.569125549585	251.844162188569	-37.4308744504152	-18.1558378114314
36613	270	155.468978993649	165.106497313141	-114.531021006351	-104.893502686859
36614	270	136.193942354665	143.422081094284	-133.806057645335	-126.577918905716
36615	270	220.52222765022	232.569125549585	-49.4777723497802	-37.4308744504152
36616	270	143.422081094284	148.24084025403	-126.577918905716	-121.75915974597
36618	270	145.831460674157	155.468978993649	-124.168539325843	-114.531021006351
36619	270	138.603321934538	145.831460674157	-131.396678065462	-124.168539325843
36620	270	141.012701514411	148.24084025403	-128.987298485589	-121.75915974597
36621	270	126.556424035173	131.375183194919	-143.443575964827	-138.624816805081
36622	270	126.556424035173	133.784562774792	-143.443575964827	-136.215437225208
36623	268	332.773815339521	362.323888617489	64.7738153395213	94.323888617489
36624	262	241.850512945774	260.035173424524	-20.1494870542257	-1.96482657547631
36625	268	264.581338544211	294.131411822179	-3.41866145578899	26.1314118221788
36626	268	255.489008304836	280.492916463117	-12.5109916951637	12.4929164631168
36627	268	269.127503663898	298.677576941866	1.12750366389838	30.6775769418662
36628	268	339.593063019052	378.235466536395	71.5930630190523	110.235466536395
36629	303	220.52222765022	232.569125549585	-82.4777723497802	-70.4308744504152
36630	303	230.159745969712	242.206643869077	-72.8402540302882	-60.7933561309233
36631	474	259.072300928188	266.300439667807	-214.927699071812	-207.699560332193
36632	474	268.70981924768	287.984855886663	-205.29018075232	-186.015144113337
36633	474	579.519785051295	596.385442110405	105.519785051295	122.385442110405
36634	177	225.340986809966	239.797264289204	48.3409868099658	62.7972642892037
36635	177	194.019052271617	208.475329750855	17.019052271617	31.4753297508549
36636	474	593.976062530532	632.5261358085	119.976062530532	158.5261358085
36637	474	598.794821690278	622.888617489008	124.794821690278	148.888617489008
36638	474	579.519785051295	606.022960429897	105.519785051295	132.022960429897
36639	444	283.166096726917	300.031753786028	-160.833903273083	-143.968246213972
36640	321	565.063507572057	574.701025891549	244.063507572057	253.701025891549
36641	321	625.297997068881	654.210552027357	304.297997068881	333.210552027357
36642	321	287.984855886663	447.00390815828	-33.0151441133366	126.00390815828
36643	321	603.613580850024	627.707376648754	282.613580850024	306.707376648754
36644	321	615.660478749389	644.573033707865	294.660478749389	323.573033707865
36645	297	268.70981924768	283.166096726917	-28.2901807523205	-13.8339032730826
36648	416	396.420127015144	421.424035173424	-19.5798729848559	5.4240351734245
36649	411	391.873961895457	676.009281875916	-19.1260381045432	265.009281875916
36650	411	378.235466536395	405.512457254519	-32.7645334636053	-5.48754274548116
36651	214	268.70981924768	280.756717147044	54.7098192476795	66.7567171470445
36652	214	263.891060087934	275.937957987298	49.8910600879335	61.9379579872984
36653	214	275.937957987298	292.803615046409	61.9379579872984	78.8036150464093
36654	214	304.850512945774	331.353688324377	90.8505129457743	117.353688324377
36655	214	280.756717147044	304.850512945774	66.7567171470445	90.8505129457743
36656	214	290.394235466536	312.078651685393	76.3942354665364	98.0786516853933
36657	214	259.072300928188	273.528578407425	45.0723009281876	59.5285784074255
36658	214	261.481680508061	275.937957987298	47.4816805080605	61.9379579872984
36659	214	256.662921348315	268.70981924768	42.6629213483146	54.7098192476795
36660	128	116.830972154372	123.650219833903	-11.1690278456278	-4.34978016609672
36661	128	119.104054714216	128.196384953591	-8.89594528578408	0.196384953590609
36662	128	128.196384953591	139.561797752809	0.196384953590609	11.561797752809
36663	128	121.37713727406	128.196384953591	-6.62286272594039	0.196384953590609
36664	128	132.742550073278	148.654127992184	4.74255007327798	20.6541279921837
36665	128	155.473375671715	169.111871030777	27.4733756717147	41.1118710307767
36666	128	137.288715192965	153.200293111871	9.2887151929653	25.200293111871
36667	128	125.923302393747	135.015632633122	-2.07669760625305	7.01563263312164
36668	128	205.481191988276	214.57352222765	77.4811919882755	86.5735222276502
36669	128	160.019540791402	178.204201270151	32.0195407914021	50.2042012701514
36670	145	212.300439667807	221.392769907181	67.3004396678066	76.3927699071812
36671	145	189.56961406937	198.661944308744	44.5696140693698	53.6619443087445
36672	145	132.742550073278	148.654127992184	-12.257449926722	3.6541279921837
36673	298	301.065461651197	326.539814362482	3.06546165119687	28.5398143624816
36674	298	289.743527112848	320.878847093307	-8.25647288715197	22.8788470933073
36675	340	1072.4934049829	1088.37078651685	732.493404982902	748.370786516854
36676	210	249.434782608696	263.891060087934	39.4347826086956	53.8910600879335
36677	232	244.61602344895	256.662921348315	12.6160234489497	24.6629213483146
36678	210	244.61602344895	254.253541768442	34.6160234489497	44.2535417684416
36679	218	208.475329750855	222.931607230093	-9.52467024914512	4.93160723009279
36680	218	239.797264289204	249.434782608696	21.7972642892037	31.4347826086956
36681	218	237.387884709331	244.61602344895	19.3878847093307	26.6160234489497
36682	210	222.931607230093	232.569125549585	12.9316072300928	22.5691255495848
36683	210	234.978505129458	244.61602344895	24.9785051294577	34.6160234489497
36684	210	249.434782608696	261.481680508061	39.4347826086956	51.4816805080605
36685	219	249.434782608696	256.662921348315	30.4347826086956	37.6629213483146
36686	219	251.844162188569	259.072300928188	32.8441621885686	40.0723009281876
36687	224	259.072300928188	266.300439667807	35.0723009281876	42.3004396678065
36688	224	251.844162188569	256.662921348315	27.8441621885686	32.6629213483146
36689	156	196.42843185149	196.42843185149	40.42843185149	40.42843185149
36690	156	196.42843185149	196.42843185149	40.42843185149	40.42843185149
36691	156	196.42843185149	196.42843185149	40.42843185149	40.42843185149
36692	160	198.837811431363	198.837811431363	38.837811431363	38.837811431363
36693	160	196.42843185149	196.42843185149	36.42843185149	36.42843185149
36694	109	232.569125549585	237.387884709331	123.569125549585	128.387884709331
36695	109	232.569125549585	239.797264289204	123.569125549585	130.797264289204
36696	110	239.797264289204	244.61602344895	129.797264289204	134.61602344895
36697	223	242.206643869077	259.072300928188	19.2066438690767	36.0723009281876
36698	223	242.206643869077	249.434782608696	19.2066438690767	26.4347826086956
36699	223	247.025403028823	261.481680508061	24.0254030288227	38.4816805080605
36700	223	247.025403028823	261.481680508061	24.0254030288227	38.4816805080605
36701	223	237.387884709331	254.253541768442	14.3878847093307	31.2535417684416
36702	223	244.61602344895	263.891060087934	21.6160234489497	40.8910600879335
36704	189	220.52222765022	249.434782608696	31.5222276502198	60.4347826086956
36705	189	581.929164631168	615.660478749389	392.929164631168	426.660478749389
36706	165	312.078651685393	360.266243282853	147.078651685393	195.266243282853
36708	219	256.662921348315	268.70981924768	37.6629213483146	49.7098192476795
36709	219	302.441133365901	340.991206643869	83.4411333659013	121.991206643869
36710	219	259.072300928188	273.528578407425	40.0723009281876	54.5285784074255
36711	219	256.662921348315	271.119198827553	37.6629213483146	52.1191988275525
36712	219	254.253541768442	271.119198827553	35.2535417684416	52.1191988275525
36713	199	244.61602344895	259.072300928188	45.6160234489497	60.0723009281876
36714	219	263.891060087934	285.57547630679	44.8910600879335	66.5754763067904
36715	219	268.70981924768	275.937957987298	49.7098192476795	56.9379579872984
36716	219	273.528578407425	283.166096726917	54.5285784074255	64.1660967269174
36717	219	271.119198827553	290.394235466536	52.1191988275525	71.3942354665364
36718	219	278.347337567171	302.441133365901	59.3473375671715	83.4411333659013
36719	219	290.394235466536	338.581827063996	71.3942354665364	119.581827063996
36720	219	273.528578407425	290.394235466536	54.5285784074255	71.3942354665364
36721	219	292.803615046409	316.897410845139	73.8036150464093	97.8974108451392
36722	219	287.984855886663	312.078651685393	68.9848558866634	93.0786516853933
36723	219	302.441133365901	336.172447484123	83.4411333659013	117.172447484123
36724	375	213.294088910601	401.225696140694	-161.705911089399	26.2256961406937
36725	243	116.918905715681	143.422081094284	-126.081094284319	-99.5779189057157
36726	243	181.972154372252	208.475329750855	-61.0278456277479	-34.5246702491451
36727	243	263.891060087934	283.166096726917	20.8910600879335	40.1660967269174
36728	243	172.33463605276	203.656570591109	-70.6653639472399	-39.3434294088911
36729	243	222.931607230093	242.206643869077	-20.0683927699072	-0.793356130923314
36730	243	251.844162188569	280.756717147044	8.84416218856862	37.7567171470445
36731	243	271.119198827553	290.394235466536	28.1191988275525	47.3942354665364
36732	144	171.38495359062	182.750366389839	27.3849535906204	38.7503663898388
36733	144	123.650219833903	130.469467513434	-20.3497801660967	-13.5305324865657
36734	144	121.37713727406	130.469467513434	-22.6228627259404	-13.5305324865657
36735	144	137.288715192965	146.38104543234	-6.7112848070347	2.38104543234002
36736	144	169.111871030777	180.477283829995	25.1118710307767	36.4772838299951
36737	144	105.465559355154	112.284807034685	-38.5344406448461	-31.7151929653151
36738	144	114.557889594529	125.923302393747	-29.4421104054714	-18.076697606253
36739	144	139.561797752809	153.200293111871	-4.43820224719101	9.20029311187102
36740	144	125.923302393747	137.288715192965	-18.076697606253	-6.7112848070347
36741	144	153.200293111871	166.838788470933	9.20029311187102	22.8387884709331
36742	144	112.284807034685	119.104054714216	-31.7151929653151	-24.8959452857841
36743	144	121.37713727406	130.469467513434	-22.6228627259404	-13.5305324865657
36744	144	128.196384953591	137.288715192965	-15.8036150464094	-6.7112848070347
36745	228	210.027357107963	232.7581827064	-17.9726428920371	4.75818270639962
36746	228	225.938935026869	244.123595505618	-2.06106497313141	16.123595505618
36747	293	332.200781631656	349.183683439179	39.2007816316561	56.1836834391793
36748	293	309.556912554958	323.709330727894	16.5569125549584	30.7093307278944
36749	293	320.878847093307	349.183683439179	27.8788470933073	56.1836834391793
36750	293	298.23497801661	309.556912554958	5.23497801660966	16.5569125549584
36751	293	301.065461651197	312.387396189546	8.06546165119687	19.3873961895457
36752	293	306.726428920371	315.217879824133	13.7264289203713	22.2178798241329
36753	216	479.385930630191	487.877381533952	263.385930630191	271.877381533952
36754	323	298.23497801661	315.217879824133	-24.7650219833903	-7.78212017586714
36755	323	272.760625305325	292.574010747435	-50.2393746946751	-30.4259892525648
36756	323	298.23497801661	306.726428920371	-24.7650219833903	-16.2735710796287
36757	181	180.477283829995	198.661944308744	-0.522716170004884	17.6619443087445
36758	181	166.838788470933	178.204201270151	-14.1612115290669	-2.79579872984857
36759	181	189.56961406937	200.935026868588	8.56961406936981	19.9350268685882
36760	181	182.750366389839	196.388861748901	1.7503663898388	15.3888617489008
36761	181	250.942843185149	291.858329262335	69.942843185149	110.858329262335
36762	181	219.119687347338	237.304347826087	38.1196873473376	56.304347826087
36766	113	114.509526135808	119.328285295554	1.5095261358085	6.32828529555447
36771	113	121.737664875427	126.556424035173	8.73766487542744	13.5564240351734
36772	113	112.100146555936	119.328285295554	-0.89985344406449	6.32828529555447
36773	241	295.404494382022	312.387396189546	54.4044943820224	71.3873961895457
36774	241	298.23497801661	309.556912554958	57.2349780166097	68.5569125549584
36775	241	354.844650708354	383.149487054226	113.844650708354	142.149487054226
36776	241	309.556912554958	326.539814362482	68.5569125549584	85.5398143624816
36777	241	267.09965803615	286.913043478261	26.0996580361505	45.9130434782609
36778	241	292.574010747435	309.556912554958	51.5740107474352	68.5569125549584
36779	241	269.930141670738	284.082559843674	28.9301416707376	43.0825598436737
36780	241	275.591108939912	292.574010747435	34.591108939912	51.5740107474352
36781	241	301.065461651197	318.04836345872	60.0654616511969	77.0483634587201
36782	241	298.23497801661	312.387396189546	57.2349780166097	71.3873961895457
36783	241	298.23497801661	312.387396189546	57.2349780166097	71.3873961895457
36784	241	292.574010747435	306.726428920371	51.5740107474352	65.7264289203713
36785	241	315.217879824133	337.86174890083	74.2178798241329	96.8617489008305
36786	241	306.726428920371	320.878847093307	65.7264289203713	79.8788470933073
36787	241	284.082559843674	301.065461651197	43.0825598436737	60.0654616511969
36788	241	278.421592574499	292.574010747435	37.4215925744992	51.5740107474352
36789	241	292.574010747435	306.726428920371	51.5740107474352	65.7264289203713
36790	241	380.319003419638	400.132388861749	139.319003419638	159.132388861749
36791	308	598.794821690278	632.5261358085	290.794821690278	324.5261358085
36792	311	543.3790913532	562.654127992184	232.3790913532	251.654127992184
36793	311	215.703468490474	232.569125549585	-95.2965315095261	-78.4308744504152
36794	311	189.200293111871	203.656570591109	-121.799706888129	-107.343429408891
36795	311	206.065950170982	225.340986809966	-104.934049829018	-85.6590131900342
36796	311	259.072300928188	280.756717147044	-51.9276990718124	-30.2432828529555
36797	308	191.609672691744	210.884709330728	-116.390327308256	-97.1152906692721
36798	311	247.025403028823	292.803615046409	-63.9745969711773	-18.1963849535907
36799	311	247.025403028823	280.756717147044	-63.9745969711773	-30.2432828529555
36800	311	194.019052271617	215.703468490474	-116.980947728383	-95.2965315095261
36801	308	533.741573033708	550.607230092819	225.741573033708	242.607230092819
36802	244	208.475329750855	232.569125549585	-35.5246702491451	-11.4308744504152
36803	304	196.42843185149	213.294088910601	-107.57156814851	-90.7059110893991
36804	303	266.854421104055	289.585246702491	-36.1455788959453	-13.4147532975086
36805	200	208.475329750855	237.387884709331	8.47532975085488	37.3878847093307
36806	200	155.468978993649	174.744015632633	-44.5310210063508	-25.2559843673669
36807	298	213.294088910601	237.387884709331	-84.7059110893991	-60.6121152906693
36808	298	179.562774792379	203.656570591109	-118.437225207621	-94.3434294088911
36809	298	222.931607230093	242.206643869077	-75.0683927699072	-55.7933561309233
36810	298	230.159745969712	271.119198827553	-67.8402540302882	-26.8808011724475
36811	298	210.884709330728	227.750366389839	-87.1152906692721	-70.2496336101612
36812	298	210.884709330728	227.750366389839	-87.1152906692721	-70.2496336101612
36813	298	201.247191011236	215.703468490474	-96.7528089887641	-82.2965315095261
36814	298	220.52222765022	242.206643869077	-77.4777723497802	-55.7933561309233
36815	298	203.656570591109	208.475329750855	-94.3434294088911	-89.5246702491451
36816	298	292.803615046409	316.897410845139	-5.19638495359067	18.8974108451392
36817	298	194.019052271617	206.065950170982	-103.980947728383	-91.9340498290181
36818	298	215.703468490474	230.159745969712	-82.2965315095261	-67.8402540302882
36819	311	266.300439667807	312.078651685393	-44.6995603321935	1.07865168539325
36820	311	263.891060087934	287.984855886663	-47.1089399120665	-23.0151441133366
36821	311	194.019052271617	198.837811431363	-116.980947728383	-112.162188568637
36822	311	196.42843185149	198.837811431363	-114.57156814851	-112.162188568637
36823	264	213.294088910601	254.253541768442	-50.7059110893991	-9.74645823155839
36824	298	107.28138739619	116.918905715681	-190.71861260381	-181.081094284319
36825	298	189.200293111871	203.656570591109	-108.799706888129	-94.3434294088911
36826	298	194.019052271617	208.475329750855	-103.980947728383	-89.5246702491451
36827	237	227.750366389839	237.387884709331	-9.24963361016123	0.387884709330706
36828	237	208.475329750855	227.750366389839	-28.5246702491451	-9.24963361016123
36829	237	225.340986809966	239.797264289204	-11.6590131900342	2.7972642892037
36830	315	212.300439667807	228.212017586712	-102.699560332193	-86.7879824132878
36831	119	150.650219833903	155.468978993649	31.6502198339033	36.4689789936492
36832	119	177.153395212506	186.790913531998	58.1533952125061	67.790913531998
36833	119	138.603321934538	143.422081094284	19.6033219345383	24.4220810942843
36834	336	1421.58036150464	1432.94577430386	1085.58036150464	1096.94577430386
36835	424	1148.8104543234	1176.08744504152	724.8104543234	752.087445041524
36836	424	1044.24865657059	1060.1602344895	620.248656570591	636.160234489497
36837	414	1162.44894968246	1191.99902296043	748.448949682462	777.99902296043
36838	372	1103.34880312653	1151.08353688324	731.348803126527	779.083536883244
36839	414	1085.16414264778	1123.80654616512	671.164142647777	709.80654616512
36840	414	1112.4411333659	1160.17586712262	698.441133365901	746.175867122618
36841	226	241.850512945774	250.942843185149	15.8505129457743	24.942843185149
36842	226	232.7581827064	241.850512945774	6.75818270639962	15.8505129457743
36843	234	1028.33707865169	1064.70639960918	794.337078651685	830.706399609184
36844	365	366.870053737176	387.327796775769	1.87005373717636	22.3277967757694
36845	365	391.873961895457	414.604787493894	26.8739618954568	49.6047874938935
36847	274	269.127503663898	287.312164142648	-4.87249633610162	13.3121641426478
36848	302	380.508549096238	400.966292134831	78.5085490962384	98.9662921348315
36849	621	621.455300439668	660.09770395701	0.455300439667781	39.0977039570103
36850	340	340.991206643869	367.494382022472	0.991206643869077	27.4943820224719
36851	340	362.675622862726	393.997557401075	22.6756228627259	53.9975574010747
36852	340	256.662921348315	309.66927210552	-83.3370786516854	-30.3307278944798
36853	340	379.541279921837	403.635075720567	39.5412799218368	63.6350757205666
36854	340	266.300439667807	292.803615046409	-73.6995603321935	-47.1963849535907
36855	340	336.172447484123	365.085002442599	-3.8275525158769	25.0850024425989
36856	340	353.038104543234	379.541279921837	13.038104543234	39.5412799218368
36857	340	237.387884709331	259.072300928188	-102.612115290669	-80.9276990718124
36858	340	256.662921348315	273.528578407425	-83.3370786516854	-66.4714215925745
36859	134	112.100146555936	121.737664875427	-21.8998534440645	-12.2623351245726
36860	99	126.556424035173	136.193942354665	27.5564240351734	37.1939423546654
36861	134	107.28138739619	119.328285295554	-26.7186126038105	-14.6717147044455
36862	134	136.193942354665	148.24084025403	2.19394235466535	14.2408402540303
36863	134	116.918905715681	126.556424035173	-17.0810942843185	-7.44357596482658
36864	134	119.328285295554	126.556424035173	-14.6717147044455	-7.44357596482658
36865	134	148.24084025403	155.468978993649	14.2408402540303	21.4689789936492
36866	134	121.737664875427	131.375183194919	-12.2623351245726	-2.62481680508063
36867	134	179.562774792379	189.200293111871	45.5627747923791	55.200293111871
36868	134	145.831460674157	157.878358573522	11.8314606741573	23.8783585735222
36869	159	133.784562774792	138.603321934538	-25.2154372252076	-20.3966780654617
36870	159	119.328285295554	124.1470444553	-39.6717147044455	-34.8529555446996
36871	159	148.24084025403	157.878358573522	-10.7591597459697	-1.12164142647777
36872	159	121.737664875427	128.965803615046	-37.2623351245726	-30.0341963849536
36873	159	131.375183194919	138.603321934538	-27.6248168050806	-20.3966780654617
36874	159	131.375183194919	141.012701514411	-27.6248168050806	-17.9872984855887
36875	159	136.193942354665	141.012701514411	-22.8060576453346	-17.9872984855887
36876	129	133.784562774792	155.468978993649	4.78456277479239	26.4689789936492
36877	129	136.193942354665	148.24084025403	7.19394235466535	19.2408402540303
36878	129	150.650219833903	172.33463605276	21.6502198339033	43.3346360527601
36879	129	119.328285295554	126.556424035173	-9.67171470444553	-2.44357596482658
36880	129	131.375183194919	141.012701514411	2.37518319491937	12.0127015144113
36881	364	198.661944308744	266.854421104055	-165.338055691256	-97.1455788959453
36882	291	569.882266731803	601.204201270151	278.882266731803	310.204201270151
36884	409	275.937957987298	295.212994626282	-133.062042012702	-113.787005373718
36885	409	369.903761602345	398.816316560821	-39.0962383976552	-10.1836834391793
36886	409	2143.20713238886	2181.75720566683	1734.20713238886	1772.75720566683
36887	409	367.494382022472	396.406936980948	-41.5056179775281	-12.5930630190523
36889	409	271.119198827553	290.394235466536	-137.880801172447	-118.605764533464
36900	194	261.481680508061	278.347337567171	67.4816805080605	84.3473375671715
36902	284	386.769418661456	413.272594040059	102.769418661456	129.272594040059
36903	284	283.166096726917	401.225696140694	-0.833903273082569	117.225696140694
36904	284	266.300439667807	283.166096726917	-17.6995603321935	-0.833903273082569
36905	284	367.494382022472	401.225696140694	83.4943820224719	117.225696140694
36917	175	244.61602344895	261.481680508061	69.6160234489497	86.4816805080605
36918	175	227.750366389839	242.206643869077	52.7503663898388	67.2066438690767
36920	166	223.665852467025	280.492916463117	57.6658524670249	114.492916463117
36921	166	121.37713727406	203.208109428432	-44.6228627259404	37.2081094284318
36922	166	1503.41133365901	1537.50757205667	1337.41133365901	1371.50757205667
36924	166	219.119687347338	278.219833903273	53.1196873473376	112.219833903273
36925	166	182.750366389839	191.842696629213	16.7503663898388	25.8426966292135
36928	166	269.127503663898	280.492916463117	103.127503663898	114.492916463117
36929	166	257.76209086468	269.127503663898	91.76209086468	103.127503663898
36931	125	232.569125549585	244.61602344895	107.569125549585	119.61602344895
36932	125	225.340986809966	239.797264289204	100.340986809966	114.797264289204
36933	253	261.438690766976	286.913043478261	8.43869076697604	33.9130434782609
36934	253	252.947239863214	275.591108939912	-0.0527601367855368	22.591108939912
36935	253	278.421592574499	298.23497801661	25.4215925744992	45.2349780166097
36936	253	238.794821690278	258.608207132389	-14.2051783097216	5.60820713238888
36937	242	269.930141670738	303.895945285784	27.9301416707376	61.8959452857841
36938	291	250.116756228627	267.09965803615	-40.8832437713727	-23.9003419638495
36939	291	281.252076209086	298.23497801661	-9.74792379091355	7.23497801660966
36940	286	281.252076209086	309.556912554958	-4.74792379091355	23.5569125549584
36941	307	235.964338055691	312.387396189546	-71.0356619443087	5.38739618954565
36942	307	235.964338055691	272.760625305325	-71.0356619443087	-34.2393746946751
36943	261	344.573033707865	361.878358573522	83.5730337078651	100.878358573522
36944	358	349.183683439179	374.658036150464	-8.81631656082072	16.6580361504641
36946	358	323.709330727894	368.99706888129	-34.2906692721056	10.9970688812897
36947	358	354.844650708354	385.979970688813	-3.1553492916463	27.9799706888129
36948	358	349.183683439179	374.658036150464	-8.81631656082072	16.6580361504641
36949	313	234.978505129458	259.072300928188	-78.0214948705423	-53.9276990718124
36950	342	227.750366389839	249.434782608696	-114.249633610161	-92.5652173913044
36951	342	244.61602344895	331.353688324377	-97.3839765510503	-10.6463116756229
36952	342	222.931607230093	247.025403028823	-119.068392769907	-94.9745969711773
36953	342	208.475329750855	227.750366389839	-133.524670249145	-114.249633610161
36954	342	220.52222765022	237.387884709331	-121.47777234978	-104.612115290669
36955	342	273.528578407425	290.394235466536	-68.4714215925745	-51.6057645334636
36956	342	266.300439667807	283.166096726917	-75.6995603321935	-58.8339032730826
36957	342	372.313141182218	396.406936980948	30.3131411822179	54.4069369809477
36958	342	218.112848070347	232.569125549585	-123.887151929653	-109.430874450415
36959	342	297.622374206155	328.944308744504	-44.3776257938447	-13.0556912554958
36960	342	251.844162188569	271.119198827553	-90.1558378114314	-70.8808011724475
36961	342	365.085002442599	391.588177821202	23.0850024425989	49.5881778212017
36962	342	268.70981924768	290.394235466536	-73.2901807523205	-51.6057645334636
36963	342	271.119198827553	292.803615046409	-70.8808011724475	-49.1963849535907
36964	342	275.937957987298	300.031753786028	-66.0620420127016	-41.9682462139717
36965	342	271.119198827553	287.984855886663	-70.8808011724475	-54.0151441133366
36966	342	268.70981924768	292.803615046409	-73.2901807523205	-49.1963849535907
36967	342	271.119198827553	304.850512945774	-70.8808011724475	-37.1494870542257
36968	342	285.57547630679	307.259892525647	-56.4245236932096	-34.7401074743527
36969	342	297.622374206155	314.488031265266	-44.3776257938447	-27.5119687347338
36970	342	254.253541768442	273.528578407425	-87.7464582315584	-68.4714215925745
36971	342	237.387884709331	266.300439667807	-104.612115290669	-75.6995603321935
36972	342	237.387884709331	254.253541768442	-104.612115290669	-87.7464582315584
36973	342	261.481680508061	285.57547630679	-80.5183194919395	-56.4245236932096
36974	342	254.253541768442	275.937957987298	-87.7464582315584	-66.0620420127016
36975	342	302.441133365901	333.76306790425	-39.5588666340987	-8.23693209574992
36976	342	316.897410845139	336.172447484123	-25.1025891548608	-5.8275525158769
36977	342	215.703468490474	242.206643869077	-126.296531509526	-99.7933561309233
36978	342	237.387884709331	247.025403028823	-104.612115290669	-94.9745969711773
36979	342	266.300439667807	290.394235466536	-75.6995603321935	-51.6057645334636
36980	342	227.750366389839	256.662921348315	-114.249633610161	-85.3370786516854
36981	342	247.025403028823	280.756717147044	-94.9745969711773	-61.2432828529555
36982	342	263.891060087934	290.394235466536	-78.1089399120665	-51.6057645334636
36983	342	227.750366389839	247.025403028823	-114.249633610161	-94.9745969711773
36984	342	225.340986809966	239.797264289204	-116.659013190034	-102.202735710796
36985	342	215.703468490474	230.159745969712	-126.296531509526	-111.840254030288
36986	342	242.206643869077	259.072300928188	-99.7933561309233	-82.9276990718124
36987	342	242.206643869077	273.528578407425	-99.7933561309233	-68.4714215925745
36988	342	198.837811431363	225.340986809966	-143.162188568637	-116.659013190034
36989	342	263.891060087934	278.347337567171	-78.1089399120665	-63.6526624328285
36990	342	254.253541768442	297.622374206155	-87.7464582315584	-44.3776257938447
36991	342	287.984855886663	312.078651685393	-54.0151441133366	-29.9213483146067
36992	342	249.434782608696	263.891060087934	-92.5652173913044	-78.1089399120665
36993	342	381.95065950171	408.453834880313	39.9506595017098	66.4538348803126
36994	342	247.025403028823	259.072300928188	-94.9745969711773	-82.9276990718124
36995	342	268.70981924768	307.259892525647	-73.2901807523205	-34.7401074743527
36996	342	239.797264289204	271.119198827553	-102.202735710796	-70.8808011724475
36997	342	218.112848070347	234.978505129458	-123.887151929653	-107.021494870542
36998	342	225.340986809966	244.61602344895	-116.659013190034	-97.3839765510503
36999	358	237.387884709331	263.891060087934	-120.612115290669	-94.1089399120665
37000	358	278.347337567171	309.66927210552	-79.6526624328285	-48.3307278944798
37001	358	283.166096726917	304.850512945774	-74.8339032730826	-53.1494870542257
37002	379	560.082071323889	580.539814362482	181.082071323889	201.539814362482
37008	93	119.328285295554	131.375183194919	26.3282852955545	38.3751831949194
37011	93	141.012701514411	157.878358573522	48.0127015144113	64.8783585735222
37013	93	162.697117733268	172.33463605276	69.6971177332682	79.3346360527601
37014	93	119.328285295554	136.193942354665	26.3282852955545	43.1939423546654
37017	93	141.012701514411	150.650219833903	48.0127015144113	57.6502198339033
37020	93	126.556424035173	141.012701514411	33.5564240351734	48.0127015144113
37021	88	126.556424035173	136.193942354665	38.5564240351734	48.1939423546654
37025	93	136.193942354665	153.059599413776	43.1939423546654	60.0595994137763
37026	363	364.596971177333	394.1470444553	1.5969711773327	31.1470444553004
37028	208	327.404005862237	366.544699560332	119.404005862237	158.544699560332
37029	236	141.012701514411	150.650219833903	-94.9872984855887	-85.3497801660967
37030	236	162.697117733268	174.744015632633	-73.3028822667318	-61.2559843673669
37031	236	136.193942354665	145.831460674157	-99.8060576453346	-90.1685393258427
37032	236	126.556424035173	138.603321934538	-109.443575964827	-97.3966780654617
37035	236	160.287738153395	174.744015632633	-75.7122618466048	-61.2559843673669
37036	236	143.422081094284	157.878358573522	-92.5779189057157	-78.1216414264778
37037	236	126.556424035173	136.193942354665	-109.443575964827	-99.8060576453346
37038	236	141.012701514411	150.650219833903	-94.9872984855887	-85.3497801660967
37039	234	160.287738153395	174.744015632633	-73.7122618466048	-59.2559843673669
37041	234	155.468978993649	172.33463605276	-78.5310210063508	-61.6653639472399
37042	234	143.422081094284	150.650219833903	-90.5779189057157	-83.3497801660967
37043	236	181.972154372252	191.609672691744	-54.0278456277479	-44.390327308256
37044	236	124.1470444553	131.375183194919	-111.8529555447	-104.624816805081
37045	236	114.509526135808	124.1470444553	-121.490473864192	-111.8529555447
37046	236	138.603321934538	148.24084025403	-97.3966780654617	-87.7591597459697
37047	236	138.603321934538	148.24084025403	-97.3966780654617	-87.7591597459697
37048	236	138.603321934538	148.24084025403	-97.3966780654617	-87.7591597459697
37049	236	160.287738153395	179.562774792379	-75.7122618466048	-56.4372252076209
37050	277	281.252076209086	306.726428920371	4.25207620908645	29.7264289203713
37051	233	196.42843185149	208.475329750855	-36.57156814851	-24.5246702491451
37052	233	196.42843185149	206.065950170982	-36.57156814851	-26.9340498290181
37053	233	244.61602344895	256.662921348315	11.6160234489497	23.6629213483146
37054	268	234.978505129458	244.61602344895	-33.0214948705423	-23.3839765510503
37055	233	237.387884709331	244.61602344895	4.38788470933071	11.6160234489497
37056	233	230.159745969712	234.978505129458	-2.84025403028824	1.97850512945772
37057	233	227.750366389839	239.797264289204	-5.24963361016123	6.7972642892037
37058	233	222.931607230093	234.978505129458	-10.0683927699072	1.97850512945772
37059	233	239.797264289204	251.844162188569	6.7972642892037	18.8441621885686
37060	233	271.119198827553	283.166096726917	38.1191988275525	50.1660967269174
37061	233	230.159745969712	239.797264289204	-2.84025403028824	6.7972642892037
37062	233	210.884709330728	222.931607230093	-22.1152906692721	-10.0683927699072
37063	268	239.797264289204	251.844162188569	-28.2027357107963	-16.1558378114314
37064	268	218.112848070347	227.750366389839	-49.8871519296532	-40.2496336101612
37065	268	244.61602344895	251.844162188569	-23.3839765510503	-16.1558378114314
37066	268	249.434782608696	261.481680508061	-18.5652173913044	-6.51831949193945
37067	268	254.253541768442	266.300439667807	-13.7464582315584	-1.69956033219347
37068	158	165.106497313141	174.744015632633	7.10649731314118	16.7440156326331
37069	299	309.556912554958	318.04836345872	10.5569125549584	19.0483634587201
37070	299	303.895945285784	312.387396189546	4.89594528578408	13.3873961895457
37071	299	340.692232535418	363.336101612115	41.6922325354176	64.3361016121153
37072	299	320.878847093307	343.522716170005	21.8788470933073	44.5227161700049
37073	299	298.23497801661	306.726428920371	-0.765021983390341	7.72642892037129
37074	299	298.23497801661	323.709330727894	-0.765021983390341	24.7093307278944
37075	299	306.726428920371	326.539814362482	7.72642892037129	27.5398143624816
37076	299	295.404494382022	309.556912554958	-3.59550561797755	10.5569125549584
37077	299	275.591108939912	289.743527112848	-23.408891060088	-9.25647288715197
37078	299	323.709330727894	335.031265266243	24.7093307278944	36.0312652662433
37079	299	295.404494382022	312.387396189546	-3.59550561797755	13.3873961895457
37080	299	298.23497801661	312.387396189546	-0.765021983390341	13.3873961895457
37081	323	315.217879824133	329.370297997069	-7.78212017586714	6.37029799706886
37082	323	292.574010747435	309.556912554958	-30.4259892525648	-13.4430874450416
37083	323	298.23497801661	315.217879824133	-24.7650219833903	-7.78212017586714
37084	282	278.421592574499	295.404494382022	-3.57840742550076	13.4044943820224
37085	282	295.404494382022	323.709330727894	13.4044943820224	41.7093307278944
37086	282	303.895945285784	318.04836345872	21.8959452857841	36.0483634587201
37087	282	298.23497801661	312.387396189546	16.2349780166097	30.3873961895457
37088	282	289.743527112848	315.217879824133	7.74352711284803	33.2178798241329
37089	422	272.760625305325	284.082559843674	-149.239374694675	-137.917440156326
37090	422	303.895945285784	320.878847093307	-118.104054714216	-101.121152906693
37091	422	315.217879824133	326.539814362482	-106.782120175867	-95.4601856375184
37092	422	303.895945285784	315.217879824133	-118.104054714216	-106.782120175867
37093	412	398.693209574988	428.243282852956	-13.3067904250122	16.2432828529555
37094	285	273.528578407425	319.306790425012	-11.4714215925745	34.3067904250122
37095	196	246.396678065462	264.581338544211	50.3966780654617	68.581338544211
37096	196	550.989741084514	564.628236443576	354.989741084514	368.628236443576
37097	196	216.846604787494	230.485100146556	20.8466047874939	34.4851001465559
37098	125	126.556424035173	128.965803615046	1.55642403517342	3.96580361504641
37099	125	131.375183194919	133.784562774792	6.37518319491937	8.78456277479239
37100	125	126.556424035173	128.965803615046	1.55642403517342	3.96580361504641
37101	125	116.918905715681	119.328285295554	-8.08109428431852	-5.67171470444553
37102	125	114.509526135808	119.328285295554	-10.4904738641915	-5.67171470444553
37103	125	116.918905715681	119.328285295554	-8.08109428431852	-5.67171470444553
37104	125	116.918905715681	121.737664875427	-8.08109428431852	-3.26233512457256
37105	125	121.737664875427	126.556424035173	-3.26233512457256	1.55642403517342
37106	125	109.690766976063	112.100146555936	-15.3092330239375	-12.8998534440645
37107	125	114.509526135808	116.918905715681	-10.4904738641915	-8.08109428431852
37109	211	157.878358573522	169.925256472887	-53.1216414264778	-41.0747435271128
37110	197	124.1470444553	136.193942354665	-72.8529555446996	-60.8060576453346
37111	197	133.784562774792	145.831460674157	-63.2154372252076	-51.1685393258427
37112	197	116.918905715681	128.965803615046	-80.0810942843185	-68.0341963849536
37113	211	141.012701514411	179.562774792379	-69.9872984855887	-31.4372252076209
37114	211	143.422081094284	165.106497313141	-67.5779189057157	-45.8935026868588
37115	197	126.556424035173	136.193942354665	-70.4435759648266	-60.8060576453346
37116	197	124.1470444553	131.375183194919	-72.8529555446996	-65.6248168050806
37117	209	160.287738153395	169.925256472887	-48.7122618466048	-39.0747435271128
37118	209	131.375183194919	145.831460674157	-77.6248168050806	-63.1685393258427
37119	209	191.609672691744	201.247191011236	-17.390327308256	-7.75280898876406
37120	211	126.556424035173	136.193942354665	-84.4435759648266	-74.8060576453346
37121	209	124.1470444553	136.193942354665	-84.8529555446996	-72.8060576453346
37122	209	128.965803615046	145.831460674157	-80.0341963849536	-63.1685393258427
37123	209	179.562774792379	191.609672691744	-29.4372252076209	-17.390327308256
37124	209	133.784562774792	157.878358573522	-75.2154372252076	-51.1216414264778
37125	209	189.200293111871	198.837811431363	-19.799706888129	-10.162188568637
37126	211	133.784562774792	155.468978993649	-77.2154372252076	-55.5310210063508
37127	209	191.609672691744	203.656570591109	-17.390327308256	-5.34342940889107
37128	209	138.603321934538	155.468978993649	-70.3966780654617	-53.5310210063508
37129	211	143.422081094284	184.381533952125	-67.5779189057157	-26.618466047875
37130	211	143.422081094284	181.972154372252	-67.5779189057157	-29.0278456277479
37131	211	148.24084025403	186.790913531998	-62.7591597459697	-24.209086468002
37132	211	133.784562774792	145.831460674157	-77.2154372252076	-65.1685393258427
37133	211	145.831460674157	169.925256472887	-65.1685393258427	-41.0747435271128
37134	211	153.059599413776	162.697117733268	-57.9404005862237	-48.3028822667318
37135	211	172.33463605276	186.790913531998	-38.6653639472399	-24.209086468002
37136	209	165.106497313141	174.744015632633	-43.8935026868588	-34.2559843673669
37137	209	181.972154372252	198.837811431363	-27.0278456277479	-10.162188568637
37138	209	162.697117733268	172.33463605276	-46.3028822667318	-36.6653639472399
37139	211	128.965803615046	138.603321934538	-82.0341963849536	-72.3966780654617
37140	197	114.509526135808	124.1470444553	-82.4904738641915	-72.8529555446996
37141	209	181.972154372252	194.019052271617	-27.0278456277479	-14.980947728383
37142	192	172.33463605276	186.790913531998	-19.6653639472399	-5.20908646800197
37143	211	153.059599413776	162.697117733268	-57.9404005862237	-48.3028822667318
37144	211	157.878358573522	172.33463605276	-53.1216414264778	-38.6653639472399
37145	211	136.193942354665	162.697117733268	-74.8060576453346	-48.3028822667318
37146	211	131.375183194919	145.831460674157	-79.6248168050806	-65.1685393258427
37147	211	138.603321934538	167.515876893014	-72.3966780654617	-43.4841231069858
37148	211	189.200293111871	198.837811431363	-21.799706888129	-12.162188568637
37149	211	136.193942354665	150.650219833903	-74.8060576453346	-60.3497801660967
37150	211	167.515876893014	177.153395212506	-43.4841231069858	-33.8466047874939
37151	233	165.106497313141	191.609672691744	-67.8935026868588	-41.390327308256
37152	233	249.434782608696	278.347337567171	16.4347826086956	45.3473375671715
37153	233	189.200293111871	215.703468490474	-43.799706888129	-17.2965315095261
37154	233	225.340986809966	259.072300928188	-7.65901319003422	26.0723009281876
37155	233	150.650219833903	165.106497313141	-82.3497801660967	-67.8935026868588
37156	233	141.012701514411	155.468978993649	-91.9872984855887	-77.5310210063508
37157	233	148.24084025403	181.972154372252	-84.7591597459697	-51.0278456277479
37158	233	150.650219833903	172.33463605276	-82.3497801660967	-60.6653639472399
37159	233	155.468978993649	177.153395212506	-77.5310210063508	-55.8466047874939
37160	196	184.381533952125	206.065950170982	-11.618466047875	10.0659501709819
37161	196	208.475329750855	237.387884709331	12.4753297508549	41.3878847093307
37162	196	169.925256472887	194.019052271617	-26.0747435271128	-1.980947728383
37163	204	222.931607230093	259.072300928188	18.9316072300928	55.0723009281876
37164	204	181.972154372252	196.42843185149	-22.0278456277479	-7.57156814851004
37165	204	172.33463605276	191.609672691744	-31.6653639472399	-12.390327308256
37166	204	203.656570591109	234.978505129458	-0.343429408891069	30.9785051294577
37167	204	160.287738153395	184.381533952125	-43.7122618466048	-19.618466047875
37168	204	184.381533952125	213.294088910601	-19.618466047875	9.29408891060086
37169	204	179.562774792379	213.294088910601	-24.4372252076209	9.29408891060086
37170	204	162.697117733268	184.381533952125	-41.3028822667318	-19.618466047875
37171	204	141.012701514411	177.153395212506	-62.9872984855887	-26.8466047874939
37172	204	160.287738153395	177.153395212506	-43.7122618466048	-26.8466047874939
37173	204	160.287738153395	194.019052271617	-43.7122618466048	-9.980947728383
37174	204	179.562774792379	218.112848070347	-24.4372252076209	14.1128480703468
37175	204	174.744015632633	203.656570591109	-29.2559843673669	-0.343429408891069
37176	204	148.24084025403	165.106497313141	-55.7591597459697	-38.8935026868588
37177	204	179.562774792379	198.837811431363	-24.4372252076209	-5.16218856863705
37178	204	153.059599413776	174.744015632633	-50.9404005862237	-29.2559843673669
37179	204	201.247191011236	234.978505129458	-2.75280898876406	30.9785051294577
37180	204	244.61602344895	275.937957987298	40.6160234489497	71.9379579872984
37181	204	832.504640937958	981.886174890083	628.504640937958	777.886174890083
37182	204	189.200293111871	213.294088910601	-14.799706888129	9.29408891060086
37183	204	162.697117733268	181.972154372252	-41.3028822667318	-22.0278456277479
37184	204	181.972154372252	201.247191011236	-22.0278456277479	-2.75280898876406
37186	244	212.2843185149	244.517830972154	-31.7156814851001	0.517830972154371
37187	348	251.844162188569	273.528578407425	-96.1558378114314	-74.4714215925745
37188	348	254.253541768442	266.300439667807	-93.7464582315584	-81.6995603321935
37189	264	386.769418661456	406.04445530044	122.769418661456	142.04445530044
37190	264	263.891060087934	287.984855886663	-0.108939912066489	23.9848558866634
37191	264	367.494382022472	398.816316560821	103.494382022472	134.816316560821
37192	264	365.085002442599	391.588177821202	101.085002442599	127.588177821202
37193	264	247.025403028823	266.300439667807	-16.9745969711773	2.30043966780653
37194	372	266.300439667807	297.622374206155	-105.699560332193	-74.3776257938447
37195	372	256.662921348315	273.528578407425	-115.337078651685	-98.4714215925745
37196	227	432.547630679042	454.232046897899	205.547630679042	227.232046897899
37197	227	259.072300928188	273.528578407425	32.0723009281876	46.5285784074255
37198	227	468.688324377137	545.788470933073	241.688324377137	318.788470933073
37199	227	591.566682950659	603.613580850024	364.566682950659	376.613580850024
37200	227	596.385442110405	608.43234000977	369.385442110405	381.43234000977
37201	227	427.728871519296	449.413287738153	200.728871519296	222.413287738153
37202	227	263.891060087934	280.756717147044	36.8910600879335	53.7567171470445
37203	227	249.434782608696	268.70981924768	22.4347826086956	41.7098192476795
37204	432	249.434782608696	271.119198827553	-182.565217391304	-160.880801172447
37205	227	242.206643869077	256.662921348315	15.2066438690767	29.6629213483146
37206	227	278.347337567171	316.897410845139	51.3473375671715	89.8974108451392
37207	227	434.957010258915	454.232046897899	207.957010258915	227.232046897899
37208	372	545.788470933073	560.244748412311	173.788470933073	188.244748412311
37209	258	253.215925744993	271.400586223742	-4.78407425500734	13.400586223742
37210	258	241.850512945774	253.215925744993	-16.1494870542257	-4.78407425500734
37211	258	241.850512945774	253.215925744993	-16.1494870542257	-4.78407425500734
37212	242	241.850512945774	253.215925744993	-0.149487054225688	11.2159257449927
37213	262	280.492916463117	330.500732779678	18.4929164631168	68.5007327796776
37214	217	251.844162188569	266.300439667807	34.8441621885686	49.3004396678065
37215	142	145.831460674157	153.059599413776	3.83146067415731	11.0595994137763
37216	142	145.831460674157	150.650219833903	3.83146067415731	8.65021983390326
37217	133	203.656570591109	215.703468490474	70.6565705911089	82.7034684904739
37218	133	206.065950170982	213.294088910601	73.0659501709819	80.2940889106009
37219	133	208.475329750855	215.703468490474	75.4753297508549	82.7034684904739
37220	133	203.656570591109	213.294088910601	70.6565705911089	80.2940889106009
37221	133	177.153395212506	184.381533952125	44.1533952125061	51.381533952125
37222	141	213.294088910601	222.931607230093	72.2940889106009	81.9316072300928
37223	141	198.837811431363	208.475329750855	57.837811431363	67.4753297508549
37224	454	603.613580850024	634.935515388373	149.613580850024	180.935515388373
37225	436	1067.95701025892	1088.37078651685	631.957010258915	652.370786516854
37226	290	348.685393258427	385.054714215926	58.685393258427	95.0547142159257
37227	290	248.669760625305	262.308255984367	-41.3302393746947	-27.6917440156326
37228	290	1705.7156814851	1717.08109428432	1415.7156814851	1427.08109428432
37229	290	260.035173424524	375.962383976551	-29.9648265754763	85.9623839765511
37230	290	562.355153883732	594.178309721544	272.355153883732	304.178309721544
37231	98	102.462628236444	121.737664875427	4.46262823644358	23.7376648754274
37232	327	254.253541768442	285.57547630679	-72.7464582315584	-41.4245236932096
37233	222	593.976062530532	627.707376648754	371.976062530532	405.707376648754
37234	330	285.57547630679	316.897410845139	-44.4245236932096	-13.1025891548608
37235	569	654.210552027357	704.80752320469	85.210552027357	135.80752320469
37236	455	550.989741084514	1094.25647288715	95.989741084514	639.256472887152
37237	455	1073.79872984856	1087.43722520762	618.798729848559	632.437225207621
37238	323	244.61602344895	256.662921348315	-78.3839765510503	-66.3370786516854
37240	323	261.481680508061	263.891060087934	-61.5183194919395	-59.1089399120665
37241	323	261.481680508061	263.891060087934	-61.5183194919395	-59.1089399120665
37246	254	244.61602344895	254.253541768442	-9.38397655105032	0.253541768441607
37247	254	225.340986809966	237.387884709331	-28.6590131900342	-16.6121152906693
37248	254	230.159745969712	247.025403028823	-23.8402540302882	-6.97459697117733
37249	148	186.790913531998	198.837811431363	38.790913531998	50.837811431363
37250	223	247.025403028823	261.481680508061	24.0254030288227	38.4816805080605
37251	148	208.475329750855	222.931607230093	60.4753297508549	74.9316072300928
37252	148	230.159745969712	242.206643869077	82.1597459697118	94.2066438690767
37253	148	181.972154372252	191.609672691744	33.9721543722521	43.609672691744
37254	148	210.884709330728	222.931607230093	62.8847093307279	74.9316072300928
37255	148	179.562774792379	191.609672691744	31.5627747923791	43.609672691744
37256	148	184.381533952125	194.019052271617	36.381533952125	46.019052271617
37257	148	201.247191011236	210.884709330728	53.2471910112359	62.8847093307279
37258	139	201.247191011236	210.884709330728	62.2471910112359	71.8847093307279
37259	148	220.52222765022	234.978505129458	72.5222276502198	86.9785051294577
37260	148	213.294088910601	225.340986809966	65.2940889106009	77.3409868099658
37261	148	189.200293111871	201.247191011236	41.200293111871	53.2471910112359
37262	148	203.656570591109	220.52222765022	55.6565705911089	72.5222276502198
37263	148	210.884709330728	227.750366389839	62.8847093307279	79.7503663898388
37264	148	198.837811431363	213.294088910601	50.837811431363	65.2940889106009
37265	148	213.294088910601	227.750366389839	65.2940889106009	79.7503663898388
37266	148	186.790913531998	196.42843185149	38.790913531998	48.42843185149
37267	148	242.206643869077	249.434782608696	94.2066438690767	101.434782608696
37268	148	167.515876893014	172.33463605276	19.5158768930142	24.3346360527601
37269	148	169.925256472887	177.153395212506	21.9252564728872	29.1533952125061
37270	148	242.206643869077	247.025403028823	94.2066438690767	99.0254030288227
37271	148	189.200293111871	198.837811431363	41.200293111871	50.837811431363
37272	148	172.33463605276	177.153395212506	24.3346360527601	29.1533952125061
37273	148	254.253541768442	285.57547630679	106.253541768442	137.57547630679
37274	148	174.744015632633	186.790913531998	26.7440156326331	38.790913531998
37275	148	186.790913531998	196.42843185149	38.790913531998	48.42843185149
37276	148	189.200293111871	198.837811431363	41.200293111871	50.837811431363
37277	148	196.42843185149	208.475329750855	48.42843185149	60.4753297508549
37278	148	186.790913531998	196.42843185149	38.790913531998	48.42843185149
37279	148	198.837811431363	210.884709330728	50.837811431363	62.8847093307279
37280	148	203.656570591109	213.294088910601	55.6565705911089	65.2940889106009
37281	148	242.206643869077	249.434782608696	94.2066438690767	101.434782608696
37282	148	201.247191011236	215.703468490474	53.2471910112359	67.7034684904739
37283	148	196.42843185149	206.065950170982	48.42843185149	58.0659501709819
37284	148	172.33463605276	184.381533952125	24.3346360527601	36.381533952125
37285	148	201.247191011236	208.475329750855	53.2471910112359	60.4753297508549
37286	148	141.012701514411	155.468978993649	-6.98729848558867	7.46897899364922
37287	148	186.790913531998	196.42843185149	38.790913531998	48.42843185149
37288	249	215.703468490474	227.750366389839	-33.2965315095261	-21.2496336101612
37289	249	247.025403028823	256.662921348315	-1.97459697117733	7.66292134831463
37290	249	234.978505129458	247.025403028823	-14.0214948705423	-1.97459697117733
37291	249	239.797264289204	249.434782608696	-9.2027357107963	0.434782608695627
37292	202	225.340986809966	234.978505129458	23.3409868099658	32.9785051294577
37293	295	225.340986809966	232.569125549585	-69.6590131900342	-62.4308744504152
37294	295	222.931607230093	234.978505129458	-72.0683927699072	-60.0214948705423
37295	295	206.065950170982	218.112848070347	-88.9340498290181	-76.8871519296532
37296	295	244.61602344895	251.844162188569	-50.3839765510503	-43.1558378114314
37297	295	227.750366389839	239.797264289204	-67.2496336101612	-55.2027357107963
37298	295	222.931607230093	230.159745969712	-72.0683927699072	-64.8402540302882
37299	295	249.434782608696	259.072300928188	-45.5652173913044	-35.9276990718124
37300	266	222.931607230093	232.569125549585	-43.0683927699072	-33.4308744504152
37301	266	225.340986809966	232.569125549585	-40.6590131900342	-33.4308744504152
37302	249	234.978505129458	244.61602344895	-14.0214948705423	-4.38397655105032
37304	165	148.24084025403	155.468978993649	-16.7591597459697	-9.53102100635078
37305	165	155.468978993649	167.515876893014	-9.53102100635078	2.51587689301417
37306	165	165.106497313141	179.562774792379	0.106497313141176	14.5627747923791
37307	146	160.287738153395	169.925256472887	14.2877381533952	23.9252564728872
37308	146	172.33463605276	191.609672691744	26.3346360527601	45.609672691744
37309	146	145.831460674157	150.650219833903	-0.168539325842687	4.65021983390326
37310	329	273.673668783586	296.404494382022	-55.3263312164142	-32.5955056179776
37311	184	235.031265266243	248.669760625305	51.0312652662433	64.6697606253053
37312	184	246.396678065462	260.035173424524	62.3966780654617	76.0351734245237
37313	426	282.76599902296	305.496824621397	-143.23400097704	-120.503175378603
37314	187	264.581338544211	282.76599902296	77.581338544211	95.7659990229604
37315	187	228.212017586712	244.123595505618	41.2120175867122	57.123595505618
37316	310	257.76209086468	273.673668783586	-52.23790913532	-36.3263312164142
37317	258	340.991206643869	365.085002442599	82.9912066438691	107.085002442599
37318	272	278.347337567171	297.622374206155	6.34733756717145	25.6223742061553
37319	272	259.072300928188	275.937957987298	-12.9276990718124	3.93795798729843
37320	272	261.481680508061	275.937957987298	-10.5183194919395	3.93795798729843
37321	272	249.434782608696	263.891060087934	-22.5652173913044	-8.10893991206649
37322	272	266.300439667807	283.166096726917	-5.69956033219347	11.1660967269174
37323	272	261.481680508061	275.937957987298	-10.5183194919395	3.93795798729843
37324	272	259.072300928188	273.528578407425	-12.9276990718124	1.52857840742547
37325	272	256.662921348315	268.70981924768	-15.3370786516854	-3.29018075232045
37326	258	292.803615046409	314.488031265266	34.8036150464093	56.4880312652662
37327	241	295.212994626282	321.716170004885	54.2129946262824	80.7161700048852
37328	241	114.509526135808	1803.48461162677	-126.490473864192	1562.48461162677
37330	241	261.481680508061	285.57547630679	20.4816805080605	44.5754763067904
37331	241	116.918905715681	128.965803615046	-124.081094284319	-112.034196384954
37332	241	148.24084025403	169.925256472887	-92.7591597459697	-71.0747435271128
37337	241	230.159745969712	239.797264289204	-10.8402540302882	-1.2027357107963
37339	241	242.206643869077	280.756717147044	1.20664386907669	39.7567171470445
37340	241	201.247191011236	249.434782608696	-39.7528089887641	8.43478260869563
37342	241	307.259892525647	333.76306790425	66.2598925256473	92.7630679042501
37343	241	251.844162188569	263.891060087934	10.8441621885686	22.8910600879335
37344	229	365.085002442599	420.500732779678	136.085002442599	191.500732779678
37347	229	242.206643869077	251.844162188569	13.2066438690767	22.8441621885686
37348	258	280.756717147044	302.441133365901	22.7567171470445	44.4411333659013
37349	258	285.57547630679	302.441133365901	27.5754763067904	44.4411333659013
