36455	408	348.219345383488	553.016609672692	-59.780654616512	145.016609672692
36456	408	328.944308744504	502.419638495359	-79.0556912554958	94.419638495359
36457	408	340.991206643869	483.144601856375	-67.0087933561309	75.1446018563752
36458	408	302.441133365901	459.050806057645	-105.558866634099	51.0508060576453
36459	408	475.916463116756	709.626282364436	67.9164631167562	301.626282364436
36460	408	374.722520762091	887.920371275037	-33.2774792379092	479.920371275037
36461	266	148.654127992184	291.858329262335	-117.345872007816	25.8583292623351
36463	213	214.57352222765	430.516365412799	1.57352222765022	217.516365412799
36465	213	180.477283829995	369.14313629702	-32.5227161700049	156.14313629702
36466	213	185.023448949682	366.870053737176	-27.9765510503175	153.870053737176
36467	213	207.754274548119	407.785539814362	-5.24572545188079	194.785539814362
36468	216	187.296531509526	366.870053737176	-28.7034684904739	150.870053737176
36469	216	180.477283829995	373.689301416707	-35.5227161700049	157.689301416707
36470	216	194.115779189057	369.14313629702	-21.8842208109428	153.14313629702
36471	216	185.023448949682	378.235466536395	-30.9765510503175	162.235466536395
36472	216	212.300439667807	405.512457254519	-3.69956033219344	189.512457254519
36473	216	169.111871030777	394.1470444553	-46.8881289692233	178.1470444553
36474	216	185.023448949682	387.327796775769	-30.9765510503175	171.327796775769
36475	216	219.119687347338	375.962383976551	3.11968734733756	159.962383976551
36476	216	196.388861748901	344.13922813874	-19.6111382510992	128.13922813874
36477	216	169.111871030777	319.135319980459	-46.8881289692233	103.135319980459
36478	122	181.972154372252	304.850512945774	59.9721543722521	182.850512945774
36479	122	179.562774792379	287.984855886663	57.5627747923791	165.984855886663
36480	122	184.381533952125	292.803615046409	62.381533952125	170.803615046409
36481	122	179.562774792379	285.57547630679	57.5627747923791	163.57547630679
36482	122	157.878358573522	268.70981924768	35.8783585735222	146.70981924768
36483	122	169.925256472887	290.394235466536	47.9252564728872	168.394235466536
36484	138	165.106497313141	268.70981924768	27.1064973131412	130.70981924768
36485	138	174.744015632633	278.347337567171	36.7440156326331	140.347337567171
36486	138	174.744015632633	278.347337567171	36.7440156326331	140.347337567171
36487	124	186.790913531998	297.622374206155	62.790913531998	173.622374206155
36488	462	237.610649731314	559.945774303859	-224.389350268686	97.9457743038594
36493	252	210.884709330728	396.406936980948	-41.1152906692721	144.406936980948
36494	252	249.434782608696	415.681973619932	-2.56521739130437	163.681973619932
36496	252	227.750366389839	577.110405471422	-24.2496336101612	325.110405471422
36498	214	244.61602344895	377.131900341964	30.6160234489497	163.131900341964
36499	169	162.697117733268	608.43234000977	-6.30288226673181	439.43234000977
36501	274	444.594528578407	675.894968246214	170.594528578407	401.894968246214
36502	274	304.850512945774	471.09770395701	30.8505129457743	197.09770395701
36503	234	242.206643869077	396.406936980948	8.20664386907669	162.406936980948
36504	234	242.206643869077	396.406936980948	8.20664386907669	162.406936980948
36505	234	268.70981924768	415.681973619932	34.7098192476795	181.681973619932
36506	234	266.300439667807	410.863214460186	32.3004396678065	176.863214460186
36507	234	273.528578407425	461.460185637518	39.5285784074255	227.460185637518
36508	234	268.70981924768	432.547630679042	34.7098192476795	198.547630679042
36509	234	263.891060087934	408.453834880313	29.8910600879335	174.453834880313
36510	234	266.300439667807	415.681973619932	32.3004396678065	181.681973619932
36511	234	261.481680508061	418.091353199805	27.4816805080605	184.091353199805
36512	234	268.70981924768	425.319491939424	34.7098192476795	191.319491939424
36513	234	256.662921348315	406.04445530044	22.6629213483146	172.04445530044
36514	234	266.300439667807	410.863214460186	32.3004396678065	176.863214460186
36515	234	215.703468490474	393.997557401075	-18.2965315095261	159.997557401075
36516	234	247.025403028823	406.04445530044	13.0254030288227	172.04445530044
36517	234	280.756717147044	456.641426477772	46.7567171470445	222.641426477772
36518	234	254.253541768442	410.863214460186	20.2535417684416	176.863214460186
36519	234	234.978505129458	403.635075720567	0.978505129457716	169.635075720567
36520	234	251.844162188569	403.635075720567	17.8441621885686	169.635075720567
36521	161	189.200293111871	447.00390815828	28.200293111871	286.00390815828
36522	161	237.387884709331	406.04445530044	76.3878847093307	245.04445530044
36523	161	225.340986809966	413.272594040059	64.3409868099658	252.272594040059
36524	161	230.159745969712	393.997557401075	69.1597459697118	232.997557401075
36525	161	239.797264289204	519.28529555447	78.7972642892037	358.28529555447
36526	161	239.797264289204	381.95065950171	78.7972642892037	220.95065950171
36527	274	271.119198827553	456.641426477772	-2.88080117244749	182.641426477772
36528	274	283.166096726917	466.278944797264	9.16609672691743	192.278944797264
36529	274	278.347337567171	449.413287738153	4.34733756717145	175.413287738153
36530	274	266.300439667807	422.910112359551	-7.69956033219347	148.910112359551
36531	274	266.300439667807	418.091353199805	-7.69956033219347	144.091353199805
36532	274	230.159745969712	401.225696140694	-43.8402540302882	127.225696140694
36533	274	254.253541768442	461.460185637518	-19.7464582315584	187.460185637518
36534	161	234.978505129458	553.016609672692	73.9785051294577	392.016609672692
36536	254	247.025403028823	362.675622862726	-6.97459697117733	108.675622862726
36537	254	208.475329750855	297.622374206155	-45.5246702491451	43.6223742061553
36538	304	312.078651685393	502.419638495359	8.07865168539325	198.419638495359
36539	304	307.259892525647	439.775769418661	3.25989252564727	135.775769418661
36540	304	292.803615046409	425.319491939424	-11.1963849535907	121.319491939424
36541	304	321.716170004885	483.144601856375	17.7161700048852	179.144601856375
36542	304	314.488031265266	487.963361016121	10.4880312652662	183.963361016121
36543	304	328.944308744504	562.654127992184	24.9443087445042	258.654127992184
36544	235	308.380556912555	466.787982413288	73.3805569125549	231.787982413288
36545	237	287.940889106009	438.683439179287	50.9408891060088	201.683439179287
36546	237	295.605764533464	436.128480703468	58.6057645334636	199.128480703468
36547	237	277.721055202736	423.353688324377	40.7210552027357	186.353688324377
36548	237	272.611138251099	420.798729848559	35.6111382510992	183.798729848559
36549	237	280.276013678554	415.688812896922	43.276013678554	178.688812896922
36550	237	270.056179775281	451.458231558378	33.0561797752809	214.458231558378
36551	237	264.946262823644	438.683439179287	27.9462628236444	201.683439179287
36552	237	290.495847581827	428.463605276014	53.4958475818271	191.463605276014
36553	237	298.160723009282	441.238397655105	61.1607230092819	204.238397655105
36554	237	259.836345872008	443.793356130923	22.8363458720078	206.793356130923
36555	237	272.611138251099	477.007816316561	35.6111382510992	240.007816316561
36556	237	305.825598436737	548.546653639472	68.8255984367367	311.546653639472
36557	237	241.95163654128	464.233023937469	4.95163654127992	227.233023937469
36558	237	287.940889106009	464.233023937469	50.9408891060088	227.233023937469
36559	237	275.166096726917	451.458231558378	38.1660967269174	214.458231558378
36560	235	298.160723009282	454.013190034196	63.1607230092819	219.013190034196
36561	235	313.490473864191	446.348314606742	78.4904738641915	211.348314606742
36562	235	313.490473864191	466.787982413288	78.4904738641915	231.787982413288
36563	235	293.050806057645	423.353688324377	58.0508060576453	188.353688324377
36564	237	239.396678065462	466.787982413288	2.39667806546166	229.787982413288
36566	225	331.353688324377	521.694675134343	106.353688324377	296.694675134343
36567	225	285.57547630679	418.091353199805	60.5754763067904	193.091353199805
36568	225	290.394235466536	451.822667318026	65.3942354665364	226.822667318026
36569	225	263.891060087934	415.681973619932	38.8910600879335	190.681973619932
36570	225	280.756717147044	422.910112359551	55.7567171470445	197.910112359551
36571	225	283.166096726917	415.681973619932	58.1660967269174	190.681973619932
36572	295	282.76599902296	626.001465559355	-12.2340009770396	331.001465559355
36573	295	275.946751343429	676.009281875916	-19.0532486565706	381.009281875916
36574	196	123.650219833903	419.150952613581	-72.3497801660967	223.150952613581
36575	196	185.023448949682	382.781631656082	-10.9765510503175	186.781631656082
36576	196	150.927210552027	587.359062042013	-45.0727894479726	391.359062042013
36577	248	191.609672691744	473.507083536883	-56.390327308256	225.507083536883
36578	183	357.85686370298	690.351245725452	174.85686370298	507.351245725452
36580	251	144.107962872496	485.070346849047	-106.892037127504	234.070346849047
36581	259	212.300439667807	530.531998045921	-46.6995603321934	271.531998045921
36582	255	196.388861748901	480.52418172936	-58.6111382510992	225.52418172936
36583	255	185.023448949682	410.058622374206	-69.9765510503175	155.058622374206
36584	255	214.57352222765	366.870053737176	-40.4264777723498	111.870053737176
36585	255	194.115779189057	485.070346849047	-60.8842208109428	230.070346849047
36586	259	173.658036150464	855.582804103566	-85.3419638495359	596.582804103566
36587	259	180.477283829995	855.582804103566	-78.5227161700049	596.582804103566
36588	255	203.208109428432	428.243282852956	-51.7918905715682	173.243282852956
36589	255	212.300439667807	364.596971177333	-42.6995603321934	109.596971177333
36590	255	232.7581827064	375.962383976551	-22.2418172936004	120.962383976551
36591	255	237.304347826087	380.508549096238	-17.695652173913	125.508549096238
36592	255	228.212017586712	432.789447972643	-26.7879824132878	177.789447972643
36593	255	228.212017586712	441.881778212018	-26.7879824132878	186.881778212018
36594	249	271.400586223742	514.620420127015	22.400586223742	265.620420127015
36595	227	210.027357107963	391.873961895457	-16.9726428920371	164.873961895457
36596	227	237.304347826087	398.693209574988	10.304347826087	171.693209574988
36597	227	246.396678065462	398.693209574988	19.3966780654617	171.693209574988
36598	227	221.392769907181	378.235466536395	-5.60723009281875	151.235466536395
36599	227	269.127503663898	614.636052760137	42.1275036638984	387.636052760137
36600	227	214.57352222765	405.512457254519	-12.4264777723498	178.512457254519
36601	227	287.312164142648	755.567171470445	60.3121641426478	528.567171470445
36602	227	253.215925744993	796.482657547631	26.2159257449927	569.482657547631
36607	442	362.675622862726	514.466536394724	-79.3243771372741	72.466536394724
36608	442	338.581827063996	500.010258915486	-103.418172936004	58.010258915486
36609	442	340.991206643869	509.647777234978	-101.008793356131	67.647777234978
36610	442	338.581827063996	495.19149975574	-103.418172936004	53.1914997557401
36611	442	316.897410845139	509.647777234978	-125.102589154861	67.647777234978
36612	270	254.253541768442	410.863214460186	-15.7464582315584	140.863214460186
36613	270	210.884709330728	348.219345383488	-59.1152906692721	78.219345383488
36614	270	215.703468490474	353.038104543234	-54.2965315095261	83.038104543234
36615	270	259.072300928188	377.131900341964	-10.9276990718124	107.131900341964
36616	270	206.065950170982	333.76306790425	-63.9340498290181	63.7630679042501
36618	270	206.065950170982	348.219345383488	-63.9340498290181	78.219345383488
36619	270	206.065950170982	326.534929164631	-63.9340498290181	56.5349291646311
36620	270	220.52222765022	331.353688324377	-49.4777723497802	61.3536883243771
36621	270	186.790913531998	307.259892525647	-83.209086468002	37.2598925256473
36622	270	174.744015632633	319.306790425012	-95.2559843673669	49.3067904250122
36623	268	291.858329262335	521.439667806546	23.8583292623351	253.439667806546
36624	262	250.942843185149	464.612603810454	-11.057156814851	202.612603810454
36625	268	264.581338544211	489.616511968735	-3.41866145578899	221.616511968735
36626	268	269.127503663898	491.889594528578	1.12750366389838	223.889594528578
36627	268	266.854421104055	485.070346849047	-1.14557889594528	217.070346849047
36628	268	266.854421104055	516.893502686859	-1.14557889594528	248.893502686859
36629	303	225.340986809966	379.541279921837	-77.6590131900342	76.5412799218368
36630	303	247.025403028823	384.360039081583	-55.9745969711773	81.3600390815828
36631	474	261.481680508061	449.413287738153	-212.518319491939	-24.5867122618466
36632	474	302.441133365901	463.869565217391	-171.558866634099	-10.1304347826087
36633	474	367.494382022472	591.566682950659	-106.505617977528	117.566682950659
36634	177	215.703468490474	372.313141182218	38.7034684904739	195.313141182218
36635	177	220.52222765022	365.085002442599	43.5222276502198	188.085002442599
36636	474	360.266243282853	702.398143624817	-113.733756717147	228.398143624817
36637	474	384.360039081583	704.80752320469	-89.6399609184172	230.80752320469
36638	474	401.225696140694	675.894968246214	-72.7743038593063	201.894968246214
36639	444	285.57547630679	471.09770395701	-158.42452369321	27.0977039570103
36640	321	300.031753786028	487.963361016121	-20.9682462139717	166.963361016121
36641	321	396.406936980948	731.310698583293	75.4069369809477	410.310698583293
36642	321	263.891060087934	507.238397655105	-57.1089399120665	186.238397655105
36643	321	398.816316560821	752.995114802149	77.8163165608207	431.995114802149
36644	321	367.494382022472	668.666829506595	46.4943820224719	347.666829506595
36645	297	285.57547630679	451.822667318026	-11.4245236932096	154.822667318026
36648	416	271.400586223742	562.355153883732	-144.599413776258	146.355153883732
36649	411	146.38104543234	937.413776257938	-264.61895456766	526.413776257938
36650	411	280.492916463117	550.989741084514	-130.507083536883	139.989741084514
36651	214	302.441133365901	447.00390815828	88.4411333659013	233.00390815828
36652	214	290.394235466536	447.00390815828	76.3942354665364	233.00390815828
36653	214	290.394235466536	487.963361016121	76.3942354665364	273.963361016121
36654	214	300.031753786028	500.010258915486	86.0317537860283	286.010258915486
36655	214	287.984855886663	526.513434294089	73.9848558866634	312.513434294089
36656	214	292.803615046409	504.829018075232	78.8036150464093	290.829018075232
36657	214	278.347337567171	466.278944797264	64.3473375671715	252.278944797264
36658	214	275.937957987298	466.278944797264	61.9379579872984	252.278944797264
36659	214	309.66927210552	483.144601856375	95.6692721055202	269.144601856375
36660	128	128.196384953591	250.942843185149	0.196384953590609	122.942843185149
36661	128	153.200293111871	316.862237420616	25.200293111871	188.862237420616
36662	128	171.38495359062	348.685393258427	43.3849535906204	220.685393258427
36663	128	139.561797752809	262.308255984367	11.561797752809	134.308255984367
36664	128	137.288715192965	305.496824621397	9.2887151929653	177.496824621397
36665	128	157.746458231558	291.858329262335	29.7464582315584	163.858329262335
36666	128	139.561797752809	280.492916463117	11.561797752809	152.492916463117
36667	128	139.561797752809	278.219833903273	11.561797752809	150.219833903273
36668	128	166.838788470933	289.585246702491	38.8387884709331	161.585246702491
36669	128	132.742550073278	294.131411822179	4.74255007327798	166.131411822179
36670	145	207.754274548119	332.773815339521	62.7542745481192	187.773815339521
36671	145	164.565705911089	253.215925744993	19.5657059110894	108.215925744993
36672	145	130.469467513434	282.76599902296	-14.5305324865657	137.76599902296
36673	298	303.895945285784	504.860283341475	5.89594528578408	206.860283341475
36674	298	292.574010747435	504.860283341475	-5.42598925256476	206.860283341475
36675	340	183.360039081583	673.290669272105	-156.639960918417	333.290669272105
36676	210	239.797264289204	418.091353199805	29.7972642892037	208.091353199805
36677	232	254.253541768442	418.091353199805	22.2535417684416	186.091353199805
36678	210	256.662921348315	398.816316560821	46.6629213483146	188.816316560821
36679	218	160.287738153395	350.628724963361	-57.7122618466048	132.628724963361
36680	218	254.253541768442	398.816316560821	36.2535417684416	180.816316560821
36681	218	242.206643869077	372.313141182218	24.2066438690767	154.313141182218
36682	210	227.750366389839	369.903761602345	17.7503663898388	159.903761602345
36683	210	254.253541768442	393.997557401075	44.2535417684416	183.997557401075
36684	210	256.662921348315	420.500732779678	46.6629213483146	210.500732779678
36685	219	237.387884709331	369.903761602345	18.3878847093307	150.903761602345
36686	219	259.072300928188	372.313141182218	40.0723009281876	153.313141182218
36687	224	271.119198827553	398.816316560821	47.1191988275525	174.816316560821
36688	224	251.844162188569	374.722520762091	27.8441621885686	150.722520762091
36689	156	167.515876893014	218.112848070347	11.5158768930142	62.1128480703468
36690	156	172.33463605276	220.52222765022	16.3346360527601	64.5222276502198
36691	156	169.925256472887	218.112848070347	13.9252564728872	62.1128480703468
36692	160	177.153395212506	227.750366389839	17.1533952125061	67.7503663898388
36693	160	165.106497313141	218.112848070347	5.10649731314118	58.1128480703468
36694	109	230.159745969712	328.944308744504	121.159745969712	219.944308744504
36695	109	251.844162188569	381.95065950171	142.844162188569	272.95065950171
36696	110	239.797264289204	350.628724963361	129.797264289204	240.628724963361
36697	223	220.52222765022	425.319491939424	-2.47777234978017	202.319491939424
36698	223	254.253541768442	384.360039081583	31.2535417684416	161.360039081583
36699	223	237.387884709331	427.728871519296	14.3878847093307	204.728871519296
36700	223	230.159745969712	432.547630679042	7.15974596971176	209.547630679042
36701	223	230.159745969712	398.816316560821	7.15974596971176	175.816316560821
36702	223	218.112848070347	432.547630679042	-4.88715192965316	209.547630679042
36704	189	143.422081094284	516.875915974597	-45.5779189057157	327.875915974597
36705	189	295.212994626282	668.666829506595	106.212994626282	479.666829506595
36706	165	280.756717147044	540.969711773327	115.756717147044	375.969711773327
36708	219	254.253541768442	439.775769418661	35.2535417684416	220.775769418661
36709	219	266.300439667807	485.553981436248	47.3004396678065	266.553981436248
36710	219	259.072300928188	432.547630679042	40.0723009281876	213.547630679042
36711	219	271.119198827553	444.594528578407	52.1191988275525	225.594528578407
36712	219	251.844162188569	422.910112359551	32.8441621885686	203.910112359551
36713	199	292.803615046409	461.460185637518	93.8036150464093	262.460185637518
36714	219	254.253541768442	437.366389838788	35.2535417684416	218.366389838788
36715	219	326.534929164631	521.694675134343	107.534929164631	302.694675134343
36716	219	295.212994626282	468.688324377137	76.2129946262824	249.688324377137
36717	219	261.481680508061	437.366389838788	42.4816805080605	218.366389838788
36718	219	254.253541768442	519.28529555447	35.2535417684416	300.28529555447
36719	219	280.756717147044	524.104054714216	61.7567171470445	305.104054714216
36720	219	278.347337567171	420.500732779678	59.3473375671715	201.500732779678
36721	219	278.347337567171	509.647777234978	59.3473375671715	290.647777234978
36722	219	261.481680508061	507.238397655105	42.4816805080605	288.238397655105
36723	219	287.984855886663	579.519785051295	68.9848558866634	360.519785051295
36724	375	189.200293111871	560.244748412311	-185.799706888129	185.244748412311
36725	243	126.556424035173	562.654127992184	-116.443575964827	319.654127992184
36726	243	179.562774792379	362.675622862726	-63.4372252076209	119.675622862726
36727	243	259.072300928188	502.419638495359	16.0723009281876	259.419638495359
36728	243	220.52222765022	483.144601856375	-22.4777723497802	240.144601856375
36729	243	191.609672691744	384.360039081583	-51.390327308256	141.360039081583
36730	243	287.984855886663	521.694675134343	44.9848558866634	278.694675134343
36731	243	292.803615046409	466.278944797264	49.8036150464093	223.278944797264
36732	144	178.204201270151	312.316072300928	34.2042012701514	168.316072300928
36733	144	155.473375671715	316.862237420616	11.4733756717147	172.862237420616
36734	144	132.742550073278	285.039081582804	-11.257449926722	141.039081582804
36735	144	162.292623351246	314.589154860772	18.2926233512457	170.589154860772
36736	144	185.023448949682	307.769907181241	41.0234489496825	163.769907181241
36737	144	123.650219833903	262.308255984367	-20.3497801660967	118.308255984367
36738	144	135.015632633122	312.316072300928	-8.98436736687836	168.316072300928
36739	144	178.204201270151	337.319980459209	34.2042012701514	193.319980459209
36740	144	153.200293111871	341.866145578896	9.20029311187102	197.866145578896
36741	144	157.746458231558	350.958475818271	13.7464582315584	206.958475818271
36742	144	146.38104543234	275.946751343429	2.38104543234002	131.946751343429
36743	144	123.650219833903	273.673668783586	-20.3497801660967	129.673668783586
36744	144	150.927210552027	278.219833903273	6.92721055202736	134.219833903273
36745	228	178.204201270151	478.251099169516	-49.7957987298486	250.251099169516
36746	228	207.754274548119	457.793356130923	-20.2457254518808	229.793356130923
36747	293	329.370297997069	499.199316072301	36.3702979970689	206.199316072301
36748	293	346.353199804592	482.216414264778	53.3531998045921	189.216414264778
36749	293	289.743527112848	507.690766976062	-3.25647288715197	214.690766976062
36750	293	326.539814362482	470.894479726429	33.5398143624816	177.894479726429
36751	293	318.04836345872	431.267708842208	25.0483634587201	138.267708842208
36752	293	346.353199804592	470.894479726429	53.3531998045921	177.894479726429
36753	216	352.014167073766	485.046897899365	136.014167073766	269.046897899365
36754	323	312.387396189546	485.046897899365	-10.6126038104543	162.046897899365
36755	323	255.777723497802	493.538348803126	-67.2222765021984	170.538348803126
36756	323	306.726428920371	442.589643380557	-16.2735710796287	119.589643380557
36757	181	194.115779189057	428.243282852956	13.1157791890572	247.243282852956
36758	181	171.38495359062	300.95065950171	-9.61504640937957	119.95065950171
36759	181	169.111871030777	312.316072300928	-11.8881289692233	131.316072300928
36760	181	153.200293111871	303.223742061553	-27.799706888129	122.223742061553
36761	181	225.938935026869	475.978016609673	44.9389350268686	294.978016609673
36762	181	160.019540791402	314.589154860772	-20.9804592085979	133.589154860772
36766	113	167.515876893014	278.347337567171	54.5158768930142	165.347337567171
36771	113	184.381533952125	314.488031265266	71.381533952125	201.488031265266
36772	113	153.059599413776	283.166096726917	40.0595994137763	170.166096726917
36773	241	312.387396189546	544.487054225696	71.3873961895457	303.487054225696
36774	241	320.878847093307	490.707865168539	79.8788470933073	249.707865168539
36775	241	352.014167073766	552.978505129458	111.014167073766	311.978505129458
36776	241	318.04836345872	476.555446995603	77.0483634587201	235.555446995603
36777	241	255.777723497802	439.75915974597	14.7777234978016	198.75915974597
36778	241	315.217879824133	533.165119687347	74.2178798241329	292.165119687347
36779	241	278.421592574499	436.928676111383	37.4215925744992	195.928676111383
36780	241	284.082559843674	499.199316072301	43.0825598436737	258.199316072301
36781	241	292.574010747435	493.538348803126	51.5740107474352	252.538348803126
36782	241	292.574010747435	456.742061553493	51.5740107474352	215.742061553493
36783	241	295.404494382022	473.724963361016	54.4044943820224	232.724963361016
36784	241	312.387396189546	476.555446995603	71.3873961895457	235.555446995603
36785	241	343.522716170005	564.300439667806	102.522716170005	323.300439667806
36786	241	312.387396189546	453.911577918906	71.3873961895457	212.911577918906
36787	241	284.082559843674	459.57254518808	43.0825598436737	218.57254518808
36788	241	301.065461651197	462.403028822667	60.0654616511969	221.403028822667
36789	241	312.387396189546	451.081094284319	71.3873961895457	210.081094284319
36790	241	337.86174890083	487.877381533952	96.8617489008305	246.877381533952
36791	308	314.488031265266	630.116756228627	6.48803126526622	322.116756228627
36792	311	247.025403028823	500.010258915486	-63.9745969711773	189.010258915486
36793	311	275.937957987298	447.00390815828	-35.0620420127016	136.00390815828
36794	311	268.70981924768	432.547630679042	-42.2901807523205	121.547630679042
36795	311	261.481680508061	463.869565217391	-49.5183194919395	152.869565217391
36796	311	261.481680508061	434.957010258915	-49.5183194919395	123.957010258915
36797	308	234.978505129458	442.185148998534	-73.0214948705423	134.185148998534
36798	311	254.253541768442	461.460185637518	-56.7464582315584	150.460185637518
36799	311	273.528578407425	468.688324377137	-37.4714215925745	157.688324377137
36800	311	218.112848070347	432.547630679042	-92.8871519296532	121.547630679042
36801	308	239.797264289204	449.413287738153	-68.2027357107963	141.413287738153
36802	244	239.797264289204	444.594528578407	-4.2027357107963	200.594528578407
36803	304	263.891060087934	420.500732779678	-40.1089399120665	116.500732779678
36804	303	273.673668783586	464.612603810454	-29.3263312164142	161.612603810454
36805	200	227.750366389839	471.09770395701	27.7503663898388	271.09770395701
36806	200	201.247191011236	408.453834880313	1.24719101123594	208.453834880313
36807	298	249.434782608696	432.547630679042	-48.5652173913044	134.547630679042
36808	298	247.025403028823	398.816316560821	-50.9745969711773	100.816316560821
36809	298	268.70981924768	461.460185637518	-29.2901807523205	163.460185637518
36810	298	251.844162188569	459.050806057645	-46.1558378114314	161.050806057645
36811	298	261.481680508061	422.910112359551	-36.5183194919395	124.910112359551
36812	298	254.253541768442	434.957010258915	-43.7464582315584	136.957010258915
36813	298	239.797264289204	398.816316560821	-58.2027357107963	100.816316560821
36814	298	254.253541768442	413.272594040059	-43.7464582315584	115.272594040059
36815	298	177.153395212506	292.803615046409	-120.846604787494	-5.19638495359067
36816	298	256.662921348315	461.460185637518	-41.3370786516854	163.460185637518
36817	298	247.025403028823	403.635075720567	-50.9745969711773	105.635075720567
36818	298	251.844162188569	398.816316560821	-46.1558378114314	100.816316560821
36819	311	244.61602344895	456.641426477772	-66.3839765510503	145.641426477772
36820	311	254.253541768442	451.822667318026	-56.7464582315584	140.822667318026
36821	311	165.106497313141	273.528578407425	-145.893502686859	-37.4714215925745
36822	311	157.878358573522	266.300439667807	-153.121641426478	-44.6995603321935
36823	264	237.387884709331	468.688324377137	-26.6121152906693	204.688324377137
36824	298	85.5969711773327	210.884709330728	-212.403028822667	-87.1152906692721
36825	298	237.387884709331	408.453834880313	-60.6121152906693	110.453834880313
36826	298	239.797264289204	422.910112359551	-58.2027357107963	124.910112359551
36827	237	290.394235466536	406.04445530044	53.3942354665364	169.04445530044
36828	237	249.434782608696	398.816316560821	12.4347826086956	161.816316560821
36829	237	271.119198827553	396.406936980948	34.1191988275525	159.406936980948
36830	315	239.577430385931	475.978016609673	-75.4225696140694	160.978016609673
36831	119	177.153395212506	271.119198827553	58.1533952125061	152.119198827553
36832	119	213.294088910601	326.534929164631	94.2940889106009	207.534929164631
36833	119	167.515876893014	259.072300928188	48.5158768930142	140.072300928188
36834	336	269.127503663898	605.543722520762	-66.8724963361016	269.543722520762
36835	424	348.685393258427	741.928676111383	-75.314606741573	317.928676111383
36836	424	310.042989741085	769.205666829507	-113.957010258915	345.205666829507
36837	414	319.135319980459	744.201758671226	-94.8646800195408	330.201758671226
36838	372	323.681485100147	751.021006350757	-48.3185148998534	379.021006350757
36839	414	298.677576941866	823.759648265755	-115.322423058134	409.759648265755
36840	414	321.408402540303	762.386419149976	-92.5915974596971	348.386419149976
36841	226	255.489008304836	405.512457254519	29.4890083048363	179.512457254519
36842	226	244.123595505618	400.966292134831	18.123595505618	174.966292134831
36843	234	330.500732779678	839.67122618466	96.5007327796776	605.67122618466
36844	365	362.323888617489	564.628236443576	-2.67611138251101	199.628236443576
36845	365	344.13922813874	603.270639960918	-20.8607718612604	238.270639960918
36847	274	275.946751343429	489.616511968735	1.94675134342941	215.616511968735
36848	302	294.131411822179	539.624328285296	-7.86858817782121	237.624328285296
36849	621	344.13922813874	730.563263312164	-276.86077186126	109.563263312164
36850	340	263.891060087934	490.372740595994	-76.1089399120665	150.372740595994
36851	340	254.253541768442	533.741573033708	-85.7464582315584	193.741573033708
36852	340	194.019052271617	478.325842696629	-145.980947728383	138.325842696629
36853	340	312.078651685393	603.613580850024	-27.9213483146067	263.613580850024
36854	340	244.61602344895	533.741573033708	-95.3839765510503	193.741573033708
36855	340	275.937957987298	497.600879335613	-64.0620420127016	157.600879335613
36856	340	292.803615046409	521.694675134343	-47.1963849535907	181.694675134343
36857	340	208.475329750855	492.782120175867	-131.524670249145	152.782120175867
36858	340	247.025403028823	475.916463116756	-92.9745969711773	135.916463116756
36859	134	126.556424035173	278.347337567171	-7.44357596482658	144.347337567171
36860	99	148.24084025403	314.488031265266	49.2408402540303	215.488031265266
36861	134	107.28138739619	271.119198827553	-26.7186126038105	137.119198827553
36862	134	186.790913531998	362.675622862726	52.790913531998	228.675622862726
36863	134	155.468978993649	357.85686370298	21.4689789936492	223.85686370298
36864	134	162.697117733268	290.394235466536	28.6971177332682	156.394235466536
36865	134	208.475329750855	348.219345383488	74.4753297508549	214.219345383488
36866	134	174.744015632633	343.400586223742	40.7440156326331	209.400586223742
36867	134	210.884709330728	367.494382022472	76.8847093307279	233.494382022472
36868	134	201.247191011236	389.178798241329	67.2471910112359	255.178798241329
36869	159	189.200293111871	290.394235466536	30.200293111871	131.394235466536
36870	159	167.515876893014	271.119198827553	8.51587689301417	112.119198827553
36871	159	174.744015632633	304.850512945774	15.7440156326331	145.850512945774
36872	159	160.287738153395	280.756717147044	1.2877381533952	121.756717147044
36873	159	174.744015632633	275.937957987298	15.7440156326331	116.937957987298
36874	159	172.33463605276	285.57547630679	13.3346360527601	126.57547630679
36875	159	186.790913531998	271.119198827553	27.790913531998	112.119198827553
36876	129	189.200293111871	362.675622862726	60.200293111871	233.675622862726
36877	129	189.200293111871	316.897410845139	60.200293111871	187.897410845139
36878	129	172.33463605276	353.038104543234	43.3346360527601	224.038104543234
36879	129	133.784562774792	295.212994626282	4.78456277479239	166.212994626282
36880	129	172.33463605276	314.488031265266	43.3346360527601	185.488031265266
36881	364	198.661944308744	464.612603810454	-165.338055691256	100.612603810454
36882	291	367.494382022472	808.410845139228	76.4943820224719	517.410845139228
36884	409	273.528578407425	456.641426477772	-135.471421592575	47.6414264777723
36885	409	263.891060087934	514.466536394724	-145.108939912066	105.466536394724
36886	409	167.515876893014	1061.39570102589	-241.484123106986	652.395701025891
36887	409	266.300439667807	514.466536394724	-142.699560332193	105.466536394724
36889	409	247.025403028823	451.822667318026	-161.974596971177	42.8226673180263
36900	194	249.434782608696	504.829018075232	55.4347826086956	310.829018075232
36902	284	278.347337567171	540.969711773327	-5.65266243282855	256.969711773327
36903	284	232.569125549585	528.922813873962	-51.4308744504152	244.922813873962
36904	284	237.387884709331	459.050806057645	-46.6121152906693	175.050806057645
36905	284	232.569125549585	528.922813873962	-51.4308744504152	244.922813873962
36917	175	232.569125549585	478.325842696629	57.5691255495848	303.325842696629
36918	175	225.340986809966	454.232046897899	50.3409868099658	279.232046897899
36920	166	112.284807034685	857.85588666341	-53.7151929653151	691.85588666341
36921	166	73.6424035173424	685.101612115291	-92.3575964826576	519.101612115291
36922	166	166.838788470933	880.586712261847	0.838788470933082	714.586712261847
36924	166	112.284807034685	857.85588666341	-53.7151929653151	691.85588666341
36925	166	216.846604787494	328.227650219834	50.8466047874939	162.227650219834
36928	166	287.312164142648	469.158768930142	121.312164142648	303.158768930142
36929	166	266.854421104055	425.970200293112	100.854421104055	259.970200293112
36931	125	218.112848070347	418.091353199805	93.1128480703468	293.091353199805
36932	125	218.112848070347	384.360039081583	93.1128480703468	259.360039081583
36933	253	301.065461651197	487.877381533952	48.0654616511969	234.877381533952
36934	253	309.556912554958	552.978505129458	56.5569125549584	299.978505129458
36935	253	303.895945285784	530.33463605276	50.8959452857841	277.33463605276
36936	253	247.28627259404	456.742061553493	-5.71372740595996	203.742061553493
36937	242	292.574010747435	535.995603321935	50.5740107474352	293.995603321935
36938	291	258.608207132389	462.403028822667	-32.3917928676111	171.403028822667
36939	291	284.082559843674	485.046897899365	-6.91744015632634	194.046897899365
36940	286	261.438690766976	485.046897899365	-24.561309233024	199.046897899365
36941	307	151.049829018075	567.130923302394	-155.950170981925	260.130923302394
36942	307	224.642403517342	519.012701514411	-82.3575964826576	212.012701514411
36943	261	283.042989741085	517.626282364436	22.0429897410845	256.626282364436
36944	358	255.777723497802	502.029799706888	-102.222276502198	144.029799706888
36946	358	252.947239863214	502.029799706888	-105.052760136786	144.029799706888
36947	358	267.09965803615	527.504152418173	-90.9003419638495	169.504152418173
36948	358	269.930141670738	504.860283341475	-88.0698583292624	146.860283341475
36949	313	292.803615046409	524.104054714216	-20.1963849535907	211.104054714216
36950	342	309.66927210552	509.647777234978	-32.3307278944798	167.647777234978
36951	342	324.125549584758	555.425989252565	-17.8744504152418	213.425989252565
36952	342	292.803615046409	444.594528578407	-49.1963849535907	102.594528578407
36953	342	300.031753786028	447.00390815828	-41.9682462139717	105.00390815828
36954	342	297.622374206155	434.957010258915	-44.3776257938447	92.9570102589154
36955	342	300.031753786028	507.238397655105	-41.9682462139717	165.238397655105
36956	342	307.259892525647	487.963361016121	-34.7401074743527	145.963361016121
36957	342	343.400586223742	538.560332193454	1.40058622374204	196.560332193454
36958	342	280.756717147044	422.910112359551	-61.2432828529555	80.9101123595505
36959	342	331.353688324377	492.782120175867	-10.6463116756229	150.782120175867
36960	342	275.937957987298	425.319491939424	-66.0620420127016	83.3194919394235
36961	342	319.306790425012	509.647777234978	-22.6932095749878	167.647777234978
36962	342	324.125549584758	507.238397655105	-17.8744504152418	165.238397655105
36963	342	324.125549584758	495.19149975574	-17.8744504152418	153.19149975574
36964	342	314.488031265266	502.419638495359	-27.5119687347338	160.419638495359
36965	342	321.716170004885	473.507083536883	-20.2838299951148	131.507083536883
36966	342	287.984855886663	492.782120175867	-54.0151441133366	150.782120175867
36967	342	324.125549584758	509.647777234978	-17.8744504152418	167.647777234978
36968	342	331.353688324377	500.010258915486	-10.6463116756229	158.010258915486
36969	342	331.353688324377	475.916463116756	-10.6463116756229	133.916463116756
36970	342	312.078651685393	485.553981436248	-29.9213483146067	143.553981436248
36971	342	304.850512945774	475.916463116756	-37.1494870542257	133.916463116756
36972	342	309.66927210552	480.735222276502	-32.3307278944798	138.735222276502
36973	342	309.66927210552	461.460185637518	-32.3307278944798	119.460185637518
36974	342	302.441133365901	514.466536394724	-39.5588666340987	172.466536394724
36975	342	297.622374206155	514.466536394724	-44.3776257938447	172.466536394724
36976	342	309.66927210552	487.963361016121	-32.3307278944798	145.963361016121
36977	342	300.031753786028	480.735222276502	-41.9682462139717	138.735222276502
36978	342	292.803615046409	418.091353199805	-49.1963849535907	76.0913531998046
36979	342	304.850512945774	456.641426477772	-37.1494870542257	114.641426477772
36980	342	307.259892525647	485.553981436248	-34.7401074743527	143.553981436248
36981	342	307.259892525647	471.09770395701	-34.7401074743527	129.09770395701
36982	342	304.850512945774	451.822667318026	-37.1494870542257	109.822667318026
36983	342	300.031753786028	444.594528578407	-41.9682462139717	102.594528578407
36984	342	295.212994626282	437.366389838788	-46.7870053737176	95.3663898387885
36985	342	302.441133365901	463.869565217391	-39.5588666340987	121.869565217391
36986	342	300.031753786028	451.822667318026	-41.9682462139717	109.822667318026
36987	342	290.394235466536	478.325842696629	-51.6057645334636	136.325842696629
36988	342	287.984855886663	461.460185637518	-54.0151441133366	119.460185637518
36989	342	302.441133365901	478.325842696629	-39.5588666340987	136.325842696629
36990	342	331.353688324377	531.332193453835	-10.6463116756229	189.332193453835
36991	342	321.716170004885	485.553981436248	-20.2838299951148	143.553981436248
36992	342	309.66927210552	478.325842696629	-32.3307278944798	136.325842696629
36993	342	336.172447484123	512.057156814851	-5.8275525158769	170.057156814851
36994	342	275.937957987298	418.091353199805	-66.0620420127016	76.0913531998046
36995	342	297.622374206155	449.413287738153	-44.3776257938447	107.413287738153
36996	342	283.166096726917	471.09770395701	-58.8339032730826	129.09770395701
36997	342	283.166096726917	430.13825109917	-58.8339032730826	88.1382510991695
36998	342	287.984855886663	434.957010258915	-54.0151441133366	92.9570102589154
36999	358	309.66927210552	471.09770395701	-48.3307278944798	113.09770395701
37000	358	314.488031265266	456.641426477772	-43.5119687347338	98.6414264777723
37001	358	326.534929164631	483.144601856375	-31.4650708353689	125.144601856375
37002	379	355.504640937958	646.459208597948	-23.495359062042	267.459208597948
37008	93	126.556424035173	271.119198827553	33.5564240351734	178.119198827553
37011	93	172.33463605276	369.903761602345	79.3346360527601	276.903761602345
37013	93	189.200293111871	328.944308744504	96.200293111871	235.944308744504
37014	93	124.1470444553	353.038104543234	31.1470444553004	260.038104543234
37017	93	186.790913531998	333.76306790425	93.790913531998	240.76306790425
37020	93	138.603321934538	336.172447484123	45.6033219345383	243.172447484123
37021	88	165.106497313141	360.266243282853	77.1064973131412	272.266243282853
37025	93	145.831460674157	389.178798241329	52.8314606741573	296.178798241329
37026	363	266.854421104055	541.897410845139	-96.1455788959453	178.897410845139
37028	208	258.332193453835	525.409868099658	50.3321934538349	317.409868099658
37029	236	198.837811431363	343.400586223742	-37.162188568637	107.400586223742
37030	236	259.072300928188	403.635075720567	23.0723009281876	167.635075720567
37031	236	201.247191011236	391.588177821202	-34.7528089887641	155.588177821202
37032	236	157.878358573522	369.903761602345	-78.1216414264778	133.903761602345
37035	236	227.750366389839	393.997557401075	-8.24963361016123	157.997557401075
37036	236	186.790913531998	362.675622862726	-49.209086468002	126.675622862726
37037	236	186.790913531998	360.266243282853	-49.209086468002	124.266243282853
37038	236	201.247191011236	357.85686370298	-34.7528089887641	121.85686370298
37039	234	218.112848070347	386.769418661456	-15.8871519296532	152.769418661456
37041	234	186.790913531998	389.178798241329	-47.209086468002	155.178798241329
37042	234	230.159745969712	360.266243282853	-3.84025403028824	126.266243282853
37043	236	220.52222765022	372.313141182218	-15.4777723497802	136.313141182218
37044	236	172.33463605276	312.078651685393	-63.6653639472399	76.0786516853933
37045	236	165.106497313141	340.991206643869	-70.8935026868588	104.991206643869
37046	236	201.247191011236	355.447484123107	-34.7528089887641	119.447484123107
37047	236	198.837811431363	345.809965803615	-37.162188568637	109.809965803615
37048	236	198.837811431363	360.266243282853	-37.162188568637	124.266243282853
37049	236	215.703468490474	406.04445530044	-20.2965315095261	170.04445530044
37050	277	309.556912554958	453.911577918906	32.5569125549584	176.911577918906
37051	233	225.340986809966	345.809965803615	-7.65901319003422	112.809965803615
37052	233	222.931607230093	336.172447484123	-10.0683927699072	103.172447484123
37053	233	247.025403028823	415.681973619932	14.0254030288227	182.681973619932
37054	268	249.434782608696	393.997557401075	-18.5652173913044	125.997557401075
37055	233	206.065950170982	331.353688324377	-26.9340498290181	98.3536883243771
37056	233	203.656570591109	304.850512945774	-29.3434294088911	71.8505129457743
37057	233	242.206643869077	362.675622862726	9.20664386907669	129.675622862726
37058	233	232.569125549585	369.903761602345	-0.430874450415246	136.903761602345
37059	233	256.662921348315	403.635075720567	23.6629213483146	170.635075720567
37060	233	297.622374206155	410.863214460186	64.6223742061553	177.863214460186
37061	233	234.978505129458	379.541279921837	1.97850512945772	146.541279921837
37062	233	254.253541768442	389.178798241329	21.2535417684416	156.178798241329
37063	268	247.025403028823	422.910112359551	-20.9745969711773	154.910112359551
37064	268	249.434782608696	374.722520762091	-18.5652173913044	106.722520762091
37065	268	254.253541768442	374.722520762091	-13.7464582315584	106.722520762091
37066	268	266.300439667807	418.091353199805	-1.69956033219347	150.091353199805
37067	268	247.025403028823	410.863214460186	-20.9745969711773	142.863214460186
37068	158	218.112848070347	336.172447484123	60.1128480703468	178.172447484123
37069	299	315.217879824133	451.081094284319	16.2178798241329	152.081094284319
37070	299	315.217879824133	417.115290669272	16.2178798241329	118.115290669272
37071	299	346.353199804592	470.894479726429	47.3531998045921	171.894479726429
37072	299	320.878847093307	479.385930630191	21.8788470933073	180.385930630191
37073	299	315.217879824133	451.081094284319	16.2178798241329	152.081094284319
37074	299	335.031265266243	567.130923302394	36.0312652662433	268.130923302394
37075	299	335.031265266243	527.504152418173	36.0312652662433	228.504152418173
37076	299	309.556912554958	459.57254518808	10.5569125549584	160.57254518808
37077	299	272.760625305325	377.488519785051	-26.2393746946751	78.4885197850513
37078	299	315.217879824133	442.589643380557	16.2178798241329	143.589643380557
37079	299	343.522716170005	524.673668783586	44.5227161700049	225.673668783586
37080	299	323.709330727894	502.029799706888	24.7093307278944	203.029799706888
37081	323	340.692232535418	476.555446995603	17.6922325354176	153.555446995603
37082	323	315.217879824133	473.724963361016	-7.78212017586714	150.724963361016
37083	323	309.556912554958	482.216414264778	-13.4430874450416	159.216414264778
37084	282	332.200781631656	510.52125061065	50.2007816316561	228.52125061065
37085	282	326.539814362482	487.877381533952	44.5398143624816	205.877381533952
37086	282	309.556912554958	465.233512457255	27.5569125549584	183.233512457255
37087	282	318.04836345872	451.081094284319	36.0483634587201	169.081094284319
37088	282	301.065461651197	485.046897899365	19.0654616511969	203.046897899365
37089	422	318.04836345872	445.420127015144	-103.95163654128	23.4201270151441
37090	422	320.878847093307	470.894479726429	-101.121152906693	48.8944797264289
37091	422	352.014167073766	470.894479726429	-69.9858329262335	48.8944797264289
37092	422	335.031265266243	451.081094284319	-86.9687347337567	29.0810942843185
37093	412	298.677576941866	578.266731802638	-113.322423058134	166.266731802638
37094	285	290.394235466536	483.144601856375	5.39423546653637	198.144601856375
37095	196	278.219833903273	498.708842208109	82.2198339032731	302.708842208109
37096	196	246.396678065462	485.070346849047	50.3966780654617	289.070346849047
37097	196	255.489008304836	412.33170493405	59.4890083048363	216.33170493405
37098	125	169.925256472887	266.300439667807	44.9252564728872	141.300439667807
37099	125	167.515876893014	263.891060087934	42.5158768930142	138.891060087934
37100	125	167.515876893014	261.481680508061	42.5158768930142	136.481680508061
37101	125	157.878358573522	247.025403028823	32.8783585735222	122.025403028823
37102	125	157.878358573522	247.025403028823	32.8783585735222	122.025403028823
37103	125	160.287738153395	247.025403028823	35.2877381533952	122.025403028823
37104	125	167.515876893014	261.481680508061	42.5158768930142	136.481680508061
37105	125	172.33463605276	271.119198827553	47.3346360527601	146.119198827553
37106	125	148.24084025403	234.978505129458	23.2408402540303	109.978505129458
37107	125	160.287738153395	244.61602344895	35.2877381533952	119.61602344895
37109	211	230.159745969712	454.232046897899	19.1597459697118	243.232046897899
37110	197	191.609672691744	377.131900341964	-5.39032730825599	180.131900341964
37111	197	184.381533952125	328.944308744504	-12.618466047875	131.944308744504
37112	197	172.33463605276	369.903761602345	-24.6653639472399	172.903761602345
37113	211	155.468978993649	321.716170004885	-55.5310210063508	110.716170004885
37114	211	160.287738153395	326.534929164631	-50.7122618466048	115.534929164631
37115	197	145.831460674157	309.66927210552	-51.1685393258427	112.66927210552
37116	197	194.019052271617	391.588177821202	-2.980947728383	194.588177821202
37117	209	215.703468490474	391.588177821202	6.70346849047385	182.588177821202
37118	209	145.831460674157	312.078651685393	-63.1685393258427	103.078651685393
37119	209	189.200293111871	348.219345383488	-19.799706888129	139.219345383488
37120	211	155.468978993649	321.716170004885	-55.5310210063508	110.716170004885
37121	209	169.925256472887	381.95065950171	-39.0747435271128	172.95065950171
37122	209	138.603321934538	314.488031265266	-70.3966780654617	105.488031265266
37123	209	186.790913531998	340.991206643869	-22.209086468002	131.991206643869
37124	209	141.012701514411	357.85686370298	-67.9872984855887	148.85686370298
37125	209	191.609672691744	357.85686370298	-17.390327308256	148.85686370298
37126	211	126.556424035173	328.944308744504	-84.4435759648266	117.944308744504
37127	209	208.475329750855	374.722520762091	-0.524670249145117	165.722520762091
37128	209	153.059599413776	314.488031265266	-55.9404005862237	105.488031265266
37129	211	145.831460674157	321.716170004885	-65.1685393258427	110.716170004885
37130	211	141.012701514411	319.306790425012	-69.9872984855887	108.306790425012
37131	211	148.24084025403	328.944308744504	-62.7591597459697	117.944308744504
37132	211	145.831460674157	319.306790425012	-65.1685393258427	108.306790425012
37133	211	162.697117733268	321.716170004885	-48.3028822667318	110.716170004885
37134	211	201.247191011236	362.675622862726	-9.75280898876406	151.675622862726
37135	211	213.294088910601	393.997557401075	2.29408891060086	182.997557401075
37136	209	213.294088910601	384.360039081583	4.29408891060086	175.360039081583
37137	209	124.1470444553	333.76306790425	-84.8529555446996	124.76306790425
37138	209	218.112848070347	384.360039081583	9.11284807034684	175.360039081583
37139	211	167.515876893014	316.897410845139	-43.4841231069858	105.897410845139
37140	197	179.562774792379	381.95065950171	-17.4372252076209	184.95065950171
37141	209	184.381533952125	333.76306790425	-24.618466047875	124.76306790425
37142	192	215.703468490474	410.863214460186	23.7034684904739	218.863214460186
37143	211	201.247191011236	374.722520762091	-9.75280898876406	163.722520762091
37144	211	172.33463605276	321.716170004885	-38.6653639472399	110.716170004885
37145	211	141.012701514411	314.488031265266	-69.9872984855887	103.488031265266
37146	211	145.831460674157	316.897410845139	-65.1685393258427	105.897410845139
37147	211	148.24084025403	326.534929164631	-62.7591597459697	115.534929164631
37148	211	206.065950170982	365.085002442599	-4.93404982901808	154.085002442599
37149	211	162.697117733268	326.534929164631	-48.3028822667318	115.534929164631
37150	211	227.750366389839	398.816316560821	16.7503663898388	187.816316560821
37151	233	251.844162188569	480.735222276502	18.8441621885686	247.735222276502
37152	233	285.57547630679	543.3790913532	52.5754763067904	310.3790913532
37153	233	290.394235466536	483.144601856375	57.3942354665364	250.144601856375
37154	233	292.803615046409	577.110405471422	59.8036150464093	344.110405471422
37155	233	261.481680508061	468.688324377137	28.4816805080605	235.688324377137
37156	233	162.697117733268	357.85686370298	-70.3028822667318	124.85686370298
37157	233	220.52222765022	487.963361016121	-12.4777723497802	254.963361016121
37158	233	251.844162188569	502.419638495359	18.8441621885686	269.419638495359
37159	233	256.662921348315	507.238397655105	23.6629213483146	274.238397655105
37160	196	307.259892525647	557.835368832438	111.259892525647	361.835368832438
37161	196	275.937957987298	507.238397655105	79.9379579872984	311.238397655105
37162	196	290.394235466536	526.513434294089	94.3942354665364	330.513434294089
37163	204	283.166096726917	550.607230092819	79.1660967269174	346.607230092819
37164	204	208.475329750855	384.360039081583	4.47532975085488	180.360039081583
37165	204	189.200293111871	384.360039081583	-14.799706888129	180.360039081583
37166	204	271.119198827553	512.057156814851	67.1191988275525	308.057156814851
37167	204	259.072300928188	512.057156814851	55.0723009281876	308.057156814851
37168	204	273.528578407425	562.654127992184	69.5285784074255	358.654127992184
37169	204	292.803615046409	495.19149975574	88.8036150464093	291.19149975574
37170	204	261.481680508061	507.238397655105	57.4816805080605	303.238397655105
37171	204	225.340986809966	533.741573033708	21.3409868099658	329.741573033708
37172	204	242.206643869077	425.319491939424	38.2066438690767	221.319491939424
37173	204	263.891060087934	528.922813873962	59.8910600879335	324.922813873962
37174	204	254.253541768442	495.19149975574	50.2535417684416	291.19149975574
37175	204	234.978505129458	451.822667318026	30.9785051294577	247.822667318026
37176	204	222.931607230093	430.13825109917	18.9316072300928	226.13825109917
37177	204	184.381533952125	369.903761602345	-19.618466047875	165.903761602345
37178	204	181.972154372252	348.219345383488	-22.0278456277479	144.219345383488
37179	204	256.662921348315	497.600879335613	52.6629213483146	293.600879335613
37180	204	234.978505129458	512.057156814851	30.9785051294577	308.057156814851
37181	204	372.313141182218	625.297997068881	168.313141182218	421.297997068881
37182	204	261.481680508061	521.694675134343	57.4816805080605	317.694675134343
37183	204	261.481680508061	466.278944797264	57.4816805080605	262.278944797264
37184	204	290.394235466536	502.419638495359	86.3942354665364	298.419638495359
37186	244	127.09574987787	520.805080605764	-116.90425012213	276.805080605764
37187	348	256.662921348315	463.869565217391	-91.3370786516854	115.869565217391
37188	348	302.441133365901	401.225696140694	-45.5588666340987	53.2256961406937
37189	264	316.897410845139	526.513434294089	52.8974108451392	262.513434294089
37190	264	256.662921348315	507.238397655105	-7.33707865168537	243.238397655105
37191	264	266.300439667807	545.788470933073	2.30043966780653	281.788470933073
37192	264	316.897410845139	480.735222276502	52.8974108451392	216.735222276502
37193	264	249.434782608696	507.238397655105	-14.5652173913044	243.238397655105
37194	372	283.166096726917	471.09770395701	-88.8339032730826	99.0977039570103
37195	372	287.984855886663	473.507083536883	-84.0151441133366	101.507083536883
37196	227	275.937957987298	490.372740595994	48.9379579872984	263.372740595994
37197	227	304.850512945774	468.688324377137	77.8505129457743	241.688324377137
37198	227	319.306790425012	536.150952613581	92.3067904250122	309.150952613581
37199	227	316.897410845139	516.875915974597	89.8974108451392	289.875915974597
37200	227	312.078651685393	538.560332193454	85.0786516853933	311.560332193454
37201	227	287.984855886663	492.782120175867	60.9848558866634	265.782120175867
37202	227	283.166096726917	449.413287738153	56.1660967269174	222.413287738153
37203	227	237.387884709331	480.735222276502	10.3878847093307	253.735222276502
37204	432	261.481680508061	500.010258915486	-170.518319491939	68.010258915486
37205	227	254.253541768442	451.822667318026	27.2535417684416	224.822667318026
37206	227	292.803615046409	526.513434294089	65.8036150464093	299.513434294089
37207	227	273.528578407425	509.647777234978	46.5285784074255	282.647777234978
37208	372	355.447484123107	557.835368832438	-16.552515876893	185.835368832438
37209	258	262.308255984367	460.066438690767	4.30825598436741	202.066438690767
37210	258	241.850512945774	407.785539814362	-16.1494870542257	149.785539814362
37211	258	250.942843185149	412.33170493405	-7.057156814851	154.33170493405
37212	242	246.396678065462	405.512457254519	4.39667806546166	163.512457254519
37213	262	271.400586223742	482.797264289204	9.40058622374204	220.797264289204
37214	217	268.70981924768	449.413287738153	51.7098192476795	232.413287738153
37215	142	189.200293111871	297.622374206155	47.200293111871	155.622374206155
37216	142	191.609672691744	297.622374206155	49.609672691744	155.622374206155
37217	133	179.562774792379	314.488031265266	46.5627747923791	181.488031265266
37218	133	174.744015632633	271.119198827553	41.7440156326331	138.119198827553
37219	133	172.33463605276	268.70981924768	39.3346360527601	135.70981924768
37220	133	181.972154372252	314.488031265266	48.9721543722521	181.488031265266
37221	133	184.381533952125	283.166096726917	51.381533952125	150.166096726917
37222	141	203.656570591109	324.125549584758	62.6565705911089	183.125549584758
37223	141	181.972154372252	312.078651685393	40.9721543722521	171.078651685393
37224	454	369.903761602345	707.216902784563	-84.0962383976552	253.216902784563
37225	436	262.746946751343	918.255984367367	-173.253053248657	482.255984367367
37226	290	271.400586223742	557.808988764045	-18.599413776258	267.808988764045
37227	290	264.581338544211	473.704934049829	-25.418661455789	183.704934049829
37228	290	300.95065950171	757.840254030288	10.9506595017098	467.840254030288
37229	290	289.585246702491	512.347337567172	-0.414753297508582	222.347337567172
37230	290	328.227650219834	569.174401563263	38.2276502198339	279.174401563263
37231	98	97.6438690766976	475.916463116756	-0.356130923302402	377.916463116756
37232	327	278.347337567171	567.47288715193	-48.6526624328285	240.47288715193
37233	222	290.394235466536	668.666829506595	68.3942354665364	446.666829506595
37234	330	275.937957987298	507.238397655105	-54.0620420127016	177.238397655105
37235	569	206.065950170982	957.792379091353	-362.934049829018	388.792379091353
37236	455	314.589154860772	746.47484123107	-140.410845139228	291.47484123107
37237	455	330.500732779678	807.848070346849	-124.499267220322	352.848070346849
37238	323	263.891060087934	427.728871519296	-59.1089399120665	104.728871519296
37240	323	227.750366389839	297.622374206155	-95.2496336101612	-25.3776257938447
37241	323	239.797264289204	304.850512945774	-83.2027357107963	-18.1494870542257
37246	254	256.662921348315	403.635075720567	2.66292134831463	149.635075720567
37247	254	251.844162188569	398.816316560821	-2.15583781143138	144.816316560821
37248	254	232.569125549585	425.319491939424	-21.4308744504152	171.319491939424
37249	148	232.569125549585	360.266243282853	84.5691255495848	212.266243282853
37250	223	266.300439667807	408.453834880313	43.3004396678065	185.453834880313
37251	148	227.750366389839	374.722520762091	79.7503663898388	226.722520762091
37252	148	263.891060087934	406.04445530044	115.891060087934	258.04445530044
37253	148	206.065950170982	345.809965803615	58.0659501709819	197.809965803615
37254	148	259.072300928188	381.95065950171	111.072300928188	233.95065950171
37255	148	232.569125549585	408.453834880313	84.5691255495848	260.453834880313
37256	148	203.656570591109	369.903761602345	55.6565705911089	221.903761602345
37257	148	230.159745969712	348.219345383488	82.1597459697118	200.219345383488
37258	139	201.247191011236	324.125549584758	62.2471910112359	185.125549584758
37259	148	227.750366389839	379.541279921837	79.7503663898388	231.541279921837
37260	148	239.797264289204	406.04445530044	91.7972642892037	258.04445530044
37261	148	230.159745969712	374.722520762091	82.1597459697118	226.722520762091
37262	148	273.528578407425	415.681973619932	125.528578407425	267.681973619932
37263	148	184.381533952125	430.13825109917	36.381533952125	282.13825109917
37264	148	201.247191011236	360.266243282853	53.2471910112359	212.266243282853
37265	148	203.656570591109	386.769418661456	55.6565705911089	238.769418661456
37266	148	206.065950170982	350.628724963361	58.0659501709819	202.628724963361
37267	148	232.569125549585	406.04445530044	84.5691255495848	258.04445530044
37268	148	194.019052271617	328.944308744504	46.019052271617	180.944308744504
37269	148	196.42843185149	355.447484123107	48.42843185149	207.447484123107
37270	148	259.072300928188	393.997557401075	111.072300928188	245.997557401075
37271	148	172.33463605276	312.078651685393	24.3346360527601	164.078651685393
37272	148	203.656570591109	360.266243282853	55.6565705911089	212.266243282853
37273	148	266.300439667807	483.144601856375	118.300439667807	335.144601856375
37274	148	191.609672691744	350.628724963361	43.609672691744	202.628724963361
37275	148	186.790913531998	345.809965803615	38.790913531998	197.809965803615
37276	148	215.703468490474	365.085002442599	67.7034684904739	217.085002442599
37277	148	232.569125549585	367.494382022472	84.5691255495848	219.494382022472
37278	148	203.656570591109	345.809965803615	55.6565705911089	197.809965803615
37279	148	239.797264289204	415.681973619932	91.7972642892037	267.681973619932
37280	148	239.797264289204	389.178798241329	91.7972642892037	241.178798241329
37281	148	222.931607230093	401.225696140694	74.9316072300928	253.225696140694
37282	148	186.790913531998	374.722520762091	38.790913531998	226.722520762091
37283	148	225.340986809966	365.085002442599	77.3409868099658	217.085002442599
37284	148	191.609672691744	353.038104543234	43.609672691744	205.038104543234
37285	148	218.112848070347	348.219345383488	70.1128480703468	200.219345383488
37286	148	186.790913531998	343.400586223742	38.790913531998	195.400586223742
37287	148	218.112848070347	343.400586223742	70.1128480703468	195.400586223742
37288	249	247.025403028823	403.635075720567	-1.97459697117733	154.635075720567
37289	249	280.756717147044	403.635075720567	31.7567171470445	154.635075720567
37290	249	263.891060087934	396.406936980948	14.8910600879335	147.406936980948
37291	249	287.984855886663	408.453834880313	38.9848558866634	159.453834880313
37292	202	254.253541768442	379.541279921837	52.2535417684416	177.541279921837
37293	295	263.891060087934	377.131900341964	-31.1089399120665	82.1319003419638
37294	295	227.750366389839	384.360039081583	-67.2496336101612	89.3600390815828
37295	295	237.387884709331	389.178798241329	-57.6121152906693	94.1787982413288
37296	295	275.937957987298	389.178798241329	-19.0620420127016	94.1787982413288
37297	295	251.844162188569	393.997557401075	-43.1558378114314	98.9975574010747
37298	295	259.072300928188	372.313141182218	-35.9276990718124	77.3131411822179
37299	295	271.119198827553	403.635075720567	-23.8808011724475	108.635075720567
37300	266	254.253541768442	345.809965803615	-11.7464582315584	79.809965803615
37301	266	256.662921348315	374.722520762091	-9.33707865168537	108.722520762091
37302	249	247.025403028823	403.635075720567	-1.97459697117733	154.635075720567
37304	165	186.790913531998	312.078651685393	21.790913531998	147.078651685393
37305	165	184.381533952125	331.353688324377	19.381533952125	166.353688324377
37306	165	186.790913531998	328.944308744504	21.790913531998	163.944308744504
37307	146	232.569125549585	362.675622862726	86.5691255495848	216.675622862726
37308	146	165.106497313141	379.541279921837	19.1064973131412	233.541279921837
37309	146	203.656570591109	314.488031265266	57.6565705911089	168.488031265266
37310	329	260.035173424524	500.981924767953	-68.9648265754763	171.981924767953
37311	184	241.850512945774	423.697117733268	57.8505129457743	239.697117733268
37312	184	244.123595505618	457.793356130923	60.123595505618	273.793356130923
37313	426	305.496824621397	469.158768930142	-120.503175378603	43.1587689301417
37314	187	253.215925744993	464.612603810454	66.2159257449927	277.612603810454
37315	187	216.846604787494	407.785539814362	29.8466047874939	220.785539814362
37316	310	250.942843185149	485.070346849047	-59.057156814851	175.070346849047
37317	258	297.622374206155	509.647777234978	39.6223742061553	251.647777234978
37318	272	302.441133365901	437.366389838788	30.4411333659013	165.366389838788
37319	272	280.756717147044	444.594528578407	8.75671714704447	172.594528578407
37320	272	280.756717147044	434.957010258915	8.75671714704447	162.957010258915
37321	272	278.347337567171	434.957010258915	6.34733756717145	162.957010258915
37322	272	309.66927210552	449.413287738153	37.6692721055202	177.413287738153
37323	272	309.66927210552	444.594528578407	37.6692721055202	172.594528578407
37324	272	261.481680508061	422.910112359551	-10.5183194919395	150.910112359551
37325	272	283.166096726917	439.775769418661	11.1660967269174	167.775769418661
37326	258	275.937957987298	432.547630679042	17.9379579872984	174.547630679042
37327	241	254.253541768442	480.735222276502	13.2535417684416	239.735222276502
37328	241	133.784562774792	1261.37420615535	-107.215437225208	1020.37420615535
37330	241	230.159745969712	403.635075720567	-10.8402540302882	162.635075720567
37331	241	131.375183194919	369.903761602345	-109.624816805081	128.903761602345
37332	241	201.247191011236	615.660478749389	-39.7528089887641	374.660478749389
37337	241	232.569125549585	355.447484123107	-8.43087445041525	114.447484123107
37339	241	133.784562774792	793.95456765999	-107.215437225208	552.95456765999
37340	241	80.7782120175867	659.029311187103	-160.221787982413	418.029311187103
37342	241	290.394235466536	514.466536394724	49.3942354665364	273.466536394724
37343	241	275.937957987298	420.500732779678	34.9379579872984	179.500732779678
37344	229	222.931607230093	692.760625305325	-6.06839276990721	463.760625305325
37347	229	261.481680508061	391.588177821202	32.4816805080605	162.588177821202
37348	258	261.481680508061	427.728871519296	3.48168050806055	169.728871519296
37349	258	254.253541768442	430.13825109917	-3.74645823155839	172.13825109917
