36455	408	555.425989252565	593.976062530532	147.425989252565	185.976062530532
36456	408	468.688324377137	502.419638495359	60.6883243771372	94.419638495359
36457	408	459.050806057645	485.553981436248	51.0508060576453	77.5539814362481
36458	408	401.225696140694	427.728871519296	-6.77430385930631	19.7288715192965
36459	408	815.638983878847	861.417195896434	407.638983878847	453.417195896434
36460	408	1104.76453346361	1234.87103077675	696.764533463605	826.871030776746
36461	266	203.208109428432	223.665852467025	-62.7918905715682	-42.3341475329751
36463	213	316.862237420616	369.14313629702	103.862237420616	156.14313629702
36465	213	266.854421104055	305.496824621397	53.8544211040547	92.4968246213972
36466	213	266.854421104055	305.496824621397	53.8544211040547	92.4968246213972
36467	213	319.135319980459	357.777723497802	106.135319980459	144.777723497802
36468	216	275.946751343429	310.042989741085	59.9467513434294	94.0429897410845
36469	216	280.492916463117	316.862237420616	64.4929164631168	100.862237420616
36470	216	273.673668783586	307.769907181241	57.6736687835858	91.7699071812409
36471	216	289.585246702491	328.227650219834	73.5852467024914	112.227650219834
36472	216	344.13922813874	382.781631656082	128.13922813874	166.781631656082
36473	216	273.673668783586	321.408402540303	57.6736687835858	105.408402540303
36474	216	289.585246702491	332.773815339521	73.5852467024914	116.773815339521
36475	216	310.042989741085	339.593063019052	94.0429897410845	123.593063019052
36476	216	253.215925744993	278.219833903273	37.2159257449927	62.2198339032731
36477	216	225.938935026869	250.942843185149	9.93893502686859	34.942843185149
36478	122	218.112848070347	237.387884709331	96.1128480703468	115.387884709331
36479	122	208.475329750855	222.931607230093	86.4753297508549	100.931607230093
36480	122	213.294088910601	227.750366389839	91.2940889106009	105.750366389839
36481	122	203.656570591109	218.112848070347	81.6565705911089	96.1128480703468
36482	122	186.790913531998	201.247191011236	64.790913531998	79.2471910112359
36483	122	215.703468490474	234.978505129458	93.7034684904739	112.978505129458
36484	138	198.837811431363	210.884709330728	60.837811431363	72.8847093307279
36485	138	201.247191011236	215.703468490474	63.2471910112359	77.7034684904739
36486	138	208.475329750855	222.931607230093	70.4753297508549	84.9316072300928
36487	124	215.703468490474	230.159745969712	91.7034684904739	106.159745969712
36488	462	481.66438690767	557.643380556913	19.6643869076698	95.6433805569126
36493	252	302.441133365901	345.809965803615	50.4411333659013	93.809965803615
36494	252	353.038104543234	386.769418661456	101.038104543234	134.769418661456
36496	252	401.225696140694	480.735222276502	149.225696140694	228.735222276502
36498	214	295.212994626282	314.488031265266	81.2129946262824	100.488031265266
36499	169	437.366389838788	516.875915974597	268.366389838788	347.875915974597
36501	274	680.71372740596	716.854421104055	406.71372740596	442.854421104055
36502	274	413.272594040059	444.594528578407	139.272594040059	170.594528578407
36503	234	312.078651685393	338.581827063996	78.0786516853933	104.581827063996
36504	234	304.850512945774	331.353688324377	70.8505129457743	97.3536883243771
36505	234	345.809965803615	372.313141182218	111.809965803615	138.313141182218
36506	234	340.991206643869	365.085002442599	106.991206643869	131.085002442599
36507	234	386.769418661456	422.910112359551	152.769418661456	188.910112359551
36508	234	362.675622862726	391.588177821202	128.675622862726	157.588177821202
36509	234	343.400586223742	367.494382022472	109.400586223742	133.494382022472
36510	234	345.809965803615	372.313141182218	111.809965803615	138.313141182218
36511	234	343.400586223742	369.903761602345	109.400586223742	135.903761602345
36512	234	353.038104543234	379.541279921837	119.038104543234	145.541279921837
36513	234	333.76306790425	357.85686370298	99.7630679042501	123.85686370298
36514	234	336.172447484123	360.266243282853	102.172447484123	126.266243282853
36515	234	278.347337567171	309.66927210552	44.3473375671715	75.6692721055202
36516	234	309.66927210552	338.581827063996	75.6692721055202	104.581827063996
36517	234	379.541279921837	410.863214460186	145.541279921837	176.863214460186
36518	234	321.716170004885	350.628724963361	87.7161700048852	116.628724963361
36519	234	312.078651685393	340.991206643869	78.0786516853933	106.991206643869
36520	234	319.306790425012	345.809965803615	85.3067904250122	111.809965803615
36521	161	307.259892525647	357.85686370298	146.259892525647	196.85686370298
36522	161	321.716170004885	355.447484123107	160.716170004885	194.447484123107
36523	161	312.078651685393	348.219345383488	151.078651685393	187.219345383488
36524	161	297.622374206155	328.944308744504	136.622374206155	167.944308744504
36525	161	456.641426477772	533.741573033708	295.641426477772	372.741573033708
36526	161	304.850512945774	328.944308744504	143.850512945774	167.944308744504
36527	274	353.038104543234	389.178798241329	79.038104543234	115.178798241329
36528	274	369.903761602345	408.453834880313	95.9037616023448	134.453834880313
36529	274	360.266243282853	393.997557401075	86.2662432828529	119.997557401075
36530	274	331.353688324377	357.85686370298	57.3536883243771	83.8568637029799
36531	274	326.534929164631	355.447484123107	52.5349291646311	81.447484123107
36532	274	295.212994626282	324.125549584758	21.2129946262824	50.1255495847582
36533	274	345.809965803615	386.769418661456	71.809965803615	112.769418661456
36534	161	432.547630679042	512.057156814851	271.547630679042	351.057156814851
36536	254	283.166096726917	302.441133365901	29.1660967269174	48.4411333659013
36537	254	232.569125549585	244.61602344895	-21.4308744504152	-9.38397655105032
36538	304	463.869565217391	495.19149975574	159.869565217391	191.19149975574
36539	304	420.500732779678	442.185148998534	116.500732779678	138.185148998534
36540	304	386.769418661456	410.863214460186	82.7694186614557	106.863214460186
36541	304	463.869565217391	492.782120175867	159.869565217391	188.782120175867
36542	304	449.413287738153	473.507083536883	145.413287738153	169.507083536883
36543	304	509.647777234978	550.607230092819	205.647777234978	246.607230092819
36544	235	418.243771372741	443.793356130923	183.243771372741	208.793356130923
36545	237	369.699560332193	397.804103566194	132.699560332193	160.804103566194
36546	237	362.034684904739	387.584269662921	125.034684904739	150.584269662921
36547	237	344.149975574011	369.699560332193	107.149975574011	132.699560332193
36548	237	331.375183194919	354.369809477284	94.3751831949194	117.369809477284
36549	237	336.485100146556	359.47972642892	99.4851001465559	122.47972642892
36550	237	377.364435759648	413.133854421104	140.364435759648	176.133854421104
36551	237	326.265266243283	356.924767953102	89.2652662432828	119.924767953102
36552	237	362.034684904739	387.584269662921	125.034684904739	150.584269662921
36553	237	387.584269662921	413.133854421104	150.584269662921	176.133854421104
36554	237	349.259892525647	385.029311187103	112.259892525647	148.029311187103
36555	237	387.584269662921	428.463605276014	150.584269662921	191.463605276014
36556	237	443.793356130923	489.782608695652	206.793356130923	252.782608695652
36557	237	339.040058622374	379.919394235467	102.040058622374	142.919394235467
36558	237	379.919394235467	413.133854421104	142.919394235467	176.133854421104
36559	237	359.47972642892	390.13922813874	122.47972642892	153.13922813874
36560	235	395.249145090376	425.908646800195	160.249145090376	190.908646800195
36561	235	408.023937469468	431.018563751832	173.023937469468	196.018563751832
36562	235	415.688812896922	443.793356130923	180.688812896922	208.793356130923
36563	235	359.47972642892	382.474352711285	124.47972642892	147.474352711285
36564	237	344.149975574011	387.584269662921	107.149975574011	150.584269662921
36566	225	500.010258915486	536.150952613581	275.010258915486	311.150952613581
36567	225	355.447484123107	377.131900341964	130.447484123107	152.131900341964
36568	225	393.997557401075	427.728871519296	168.997557401075	202.728871519296
36569	225	336.172447484123	365.085002442599	111.172447484123	140.085002442599
36570	225	355.447484123107	379.541279921837	130.447484123107	154.541279921837
36571	225	350.628724963361	374.722520762091	125.628724963361	149.722520762091
36572	295	778.297997068881	882.85979482169	483.297997068881	587.85979482169
36573	295	973.783097215437	1112.4411333659	678.783097215437	817.441133365901
36574	196	264.581338544211	330.500732779678	68.581338544211	134.500732779678
36575	196	312.316072300928	353.231558378114	116.316072300928	157.231558378114
36576	196	405.512457254519	519.166585246702	209.512457254519	323.166585246702
36577	248	365.085002442599	439.775769418661	117.085002442599	191.775769418661
36578	183	743.357596482658	822.867122618466	560.357596482658	639.867122618466
36580	251	307.769907181241	416.877870053737	56.7699071812409	165.877870053737
36581	259	448.701025891549	555.535906204201	189.701025891549	296.535906204201
36582	255	430.516365412799	514.620420127015	175.516365412799	259.620420127015
36583	255	332.773815339521	389.600879335613	77.7738153395213	134.600879335613
36584	255	285.039081582804	312.316072300928	30.0390815828041	57.3160723009282
36585	255	480.52418172936	557.808988764045	225.52418172936	302.808988764045
36586	259	1032.88324377137	1271.55691255496	773.883243771373	1012.55691255496
36587	259	1021.51783097215	1264.73766487543	762.517830972154	1005.73766487543
36588	255	382.781631656082	441.881778212018	127.781631656082	186.881778212018
36589	255	280.492916463117	307.769907181241	25.4929164631168	52.7699071812409
36590	255	325.95456765999	350.958475818271	70.9545676599902	95.9584758182706
36591	255	325.95456765999	353.231558378114	70.9545676599902	98.2315583781143
36592	255	421.424035173424	473.704934049829	166.424035173424	218.704934049829
36593	255	421.424035173424	482.797264289204	166.424035173424	227.797264289204
36594	249	637.366878358574	710.105520273571	388.366878358574	461.105520273571
36595	227	282.76599902296	312.316072300928	55.7659990229604	85.3160723009282
36596	227	321.408402540303	348.685393258427	94.4084025403029	121.685393258427
36597	227	335.046897899365	362.323888617489	108.046897899365	135.323888617489
36598	227	291.858329262335	316.862237420616	64.8583292623351	89.8622374206155
36599	227	798.755740107474	907.863702979971	571.755740107474	680.863702979971
36600	227	310.042989741085	344.13922813874	83.0429897410845	117.13922813874
36601	227	1146.53737176356	1294.2877381534	919.537371763556	1067.2877381534
36602	227	1214.72984855887	1417.03419638495	987.729848558867	1190.03419638495
36607	442	504.829018075232	531.332193453835	62.829018075232	89.3321934538349
36608	442	485.553981436248	519.28529555447	43.5539814362481	77.2852955544699
36609	442	500.010258915486	533.741573033708	58.010258915486	91.7415730337078
36610	442	468.688324377137	500.010258915486	26.6883243771372	58.010258915486
36611	442	439.775769418661	475.916463116756	-2.22423058133859	33.9164631167562
36612	270	321.716170004885	345.809965803615	51.7161700048852	75.809965803615
36613	270	268.70981924768	290.394235466536	-1.29018075232045	20.3942354665364
36614	270	261.481680508061	283.166096726917	-8.51831949193945	13.1660967269174
36615	270	319.306790425012	338.581827063996	49.3067904250122	68.5818270639961
36616	270	251.844162188569	271.119198827553	-18.1558378114314	1.11919882755251
36618	270	259.072300928188	280.756717147044	-10.9276990718124	10.7567171470445
36619	270	244.61602344895	261.481680508061	-25.3839765510503	-8.51831949193945
36620	270	259.072300928188	273.528578407425	-10.9276990718124	3.52857840742547
36621	270	220.52222765022	237.387884709331	-49.4777723497802	-32.6121152906693
36622	270	232.569125549585	254.253541768442	-37.4308744504152	-15.7464582315584
36623	268	500.981924767953	564.628236443576	232.981924767953	296.628236443576
36624	262	412.33170493405	464.612603810454	150.33170493405	202.612603810454
36625	268	450.974108451392	512.347337567172	182.974108451392	244.347337567172
36626	268	462.339521250611	523.71275036639	194.339521250611	255.71275036639
36627	268	473.704934049829	532.805080605764	205.704934049829	264.805080605764
36628	268	439.608695652174	507.801172447484	171.608695652174	239.801172447484
36629	303	312.078651685393	338.581827063996	9.07865168539325	35.5818270639961
36630	303	324.125549584758	348.219345383488	21.1255495847582	45.219345383488
36631	474	379.541279921837	413.272594040059	-94.4587200781632	-60.7274059599414
36632	474	418.091353199805	444.594528578407	-55.9086468001954	-29.4054714215926
36633	474	606.022960429897	649.391792867611	132.022960429897	175.391792867611
36634	177	285.57547630679	312.078651685393	108.57547630679	135.078651685393
36635	177	290.394235466536	314.488031265266	113.394235466536	137.488031265266
36636	474	719.263800683928	796.363947239863	245.263800683928	322.363947239863
36637	474	769.86077186126	844.551538837323	295.86077186126	370.551538837323
36638	474	796.363947239863	863.826575476307	322.363947239863	389.826575476307
36639	444	408.453834880313	442.185148998534	-35.5461651196874	-1.81485100146557
36640	321	432.547630679042	463.869565217391	111.547630679042	142.869565217391
36641	321	755.404494382022	827.685881778212	434.404494382022	506.685881778212
36642	321	415.681973619932	461.460185637518	94.6819736199316	140.460185637518
36643	321	837.323400097704	914.423546653639	516.323400097704	593.423546653639
36644	321	683.123106985833	745.76697606253	362.123106985833	424.76697606253
36645	297	391.588177821202	418.091353199805	94.5881778212017	121.091353199805
36648	416	462.339521250611	528.258915486077	46.3395212506106	112.258915486077
36649	411	791.936492427943	1014.69858329262	380.936492427943	603.698583292623
36650	411	485.070346849047	546.443575964827	74.0703468490474	135.443575964827
36651	214	415.681973619932	439.775769418661	201.681973619932	225.775769418661
36652	214	384.360039081583	413.272594040059	170.360039081583	199.272594040059
36653	214	444.594528578407	480.735222276502	230.594528578407	266.735222276502
36654	214	466.278944797264	504.829018075232	252.278944797264	290.829018075232
36655	214	487.963361016121	533.741573033708	273.963361016121	319.741573033708
36656	214	461.460185637518	502.419638495359	247.460185637518	288.419638495359
36657	214	430.13825109917	463.869565217391	216.13825109917	249.869565217391
36658	214	413.272594040059	447.00390815828	199.272594040059	233.00390815828
36659	214	478.325842696629	514.466536394724	264.325842696629	300.466536394724
36660	128	171.38495359062	187.296531509526	43.3849535906204	59.2965315095261
36661	128	212.300439667807	241.850512945774	84.3004396678066	113.850512945774
36662	128	266.854421104055	305.496824621397	138.854421104055	177.496824621397
36663	128	175.931118710308	191.842696629213	47.9311187103078	63.8426966292135
36664	128	189.56961406937	214.57352222765	61.5696140693698	86.5735222276502
36665	128	205.481191988276	225.938935026869	77.4811919882755	97.9389350268686
36666	128	191.842696629213	212.300439667807	63.8426966292135	84.3004396678066
36667	128	191.842696629213	212.300439667807	63.8426966292135	84.3004396678066
36668	128	196.388861748901	212.300439667807	68.3888617489008	84.3004396678066
36669	128	191.842696629213	216.846604787494	63.8426966292135	88.8466047874939
36670	145	237.304347826087	255.489008304836	92.304347826087	110.489008304836
36671	145	191.842696629213	200.935026868588	46.8426966292135	55.9350268685882
36672	145	178.204201270151	203.208109428432	33.2042012701514	58.2081094284318
36673	298	468.063996091842	510.52125061065	170.063996091842	212.52125061065
36674	298	453.911577918906	499.199316072301	155.911577918906	201.199316072301
36675	340	841.137274059599	1047.54323400098	501.137274059599	707.543234000977
36676	210	350.628724963361	384.360039081583	140.628724963361	174.360039081583
36677	232	367.494382022472	401.225696140694	135.494382022472	169.225696140694
36678	210	331.353688324377	357.85686370298	121.353688324377	147.85686370298
36679	218	181.972154372252	213.294088910601	-36.0278456277479	-4.70591108939914
36680	218	326.534929164631	350.628724963361	108.534929164631	132.628724963361
36681	218	275.937957987298	297.622374206155	57.9379579872984	79.6223742061553
36682	210	295.212994626282	319.306790425012	85.2129946262824	109.306790425012
36683	210	321.716170004885	348.219345383488	111.716170004885	138.219345383488
36684	210	343.400586223742	374.722520762091	133.400586223742	164.722520762091
36685	219	280.756717147044	302.441133365901	61.7567171470445	83.4411333659013
36686	219	302.441133365901	319.306790425012	83.4411333659013	100.306790425012
36687	224	333.76306790425	355.447484123107	109.76306790425	131.447484123107
36688	224	290.394235466536	309.66927210552	66.3942354665364	85.6692721055202
36689	156	179.562774792379	181.972154372252	23.5627747923791	25.9721543722521
36690	156	177.153395212506	179.562774792379	21.1533952125061	23.5627747923791
36691	156	177.153395212506	179.562774792379	21.1533952125061	23.5627747923791
36692	160	186.790913531998	189.200293111871	26.790913531998	29.200293111871
36693	160	177.153395212506	181.972154372252	17.1533952125061	21.9721543722521
36694	109	261.481680508061	273.528578407425	152.481680508061	164.528578407425
36695	109	314.488031265266	336.172447484123	205.488031265266	227.172447484123
36696	110	280.756717147044	297.622374206155	170.756717147044	187.622374206155
36697	223	328.944308744504	367.494382022472	105.944308744504	144.494382022472
36698	223	309.66927210552	331.353688324377	86.6692721055202	108.353688324377
36699	223	338.581827063996	374.722520762091	115.581827063996	151.722520762091
36700	223	331.353688324377	372.313141182218	108.353688324377	149.313141182218
36701	223	316.897410845139	348.219345383488	93.8974108451392	125.219345383488
36702	223	331.353688324377	372.313141182218	108.353688324377	149.313141182218
36704	189	391.588177821202	519.28529555447	202.588177821202	330.28529555447
36705	189	618.069858329262	697.579384465071	429.069858329262	508.579384465071
36706	165	471.09770395701	524.104054714216	306.09770395701	359.104054714216
36708	219	348.219345383488	381.95065950171	129.219345383488	162.95065950171
36709	219	415.681973619932	456.641426477772	196.681973619932	237.641426477772
36710	219	372.313141182218	408.453834880313	153.313141182218	189.453834880313
36711	219	379.541279921837	413.272594040059	160.541279921837	194.272594040059
36712	219	353.038104543234	384.360039081583	134.038104543234	165.360039081583
36713	199	379.541279921837	408.453834880313	180.541279921837	209.453834880313
36714	219	362.675622862726	401.225696140694	143.675622862726	182.225696140694
36715	219	504.829018075232	545.788470933073	285.829018075232	326.788470933073
36716	219	430.13825109917	459.050806057645	211.13825109917	240.050806057645
36717	219	372.313141182218	403.635075720567	153.313141182218	184.635075720567
36718	219	439.775769418661	497.600879335613	220.775769418661	278.600879335613
36719	219	456.641426477772	504.829018075232	237.641426477772	285.829018075232
36720	219	353.038104543234	377.131900341964	134.038104543234	158.131900341964
36721	219	422.910112359551	475.916463116756	203.910112359551	256.916463116756
36722	219	398.816316560821	451.822667318026	179.816316560821	232.822667318026
36723	219	538.560332193454	608.43234000977	319.560332193454	389.43234000977
36724	375	468.688324377137	553.016609672692	93.6883243771372	178.016609672692
36725	243	528.922813873962	695.170004885198	285.922813873962	452.170004885198
36726	243	234.978505129458	261.481680508061	-8.02149487054228	18.4816805080605
36727	243	391.588177821202	439.775769418661	148.588177821202	196.775769418661
36728	243	362.675622862726	420.500732779678	119.675622862726	177.500732779678
36729	243	242.206643869077	273.528578407425	-0.793356130923314	30.5285784074255
36730	243	502.419638495359	557.835368832438	259.419638495359	314.835368832438
36731	243	420.500732779678	456.641426477772	177.500732779678	213.641426477772
36732	144	221.392769907181	244.123595505618	77.3927699071812	100.123595505618
36733	144	205.481191988276	235.031265266243	61.4811919882755	91.0312652662433
36734	144	173.658036150464	196.388861748901	29.6580361504641	52.3888617489008
36735	144	225.938935026869	250.942843185149	81.9389350268686	106.942843185149
36736	144	225.938935026869	246.396678065462	81.9389350268686	102.396678065462
36737	144	164.565705911089	185.023448949682	20.5657059110894	41.0234489496825
36738	144	196.388861748901	225.938935026869	52.3888617489008	81.9389350268686
36739	144	239.577430385931	269.127503663898	95.5774303859306	125.127503663898
36740	144	225.938935026869	257.76209086468	81.9389350268686	113.76209086468
36741	144	230.485100146556	266.854421104055	86.4851001465559	122.854421104055
36742	144	187.296531509526	207.754274548119	43.2965315095261	63.7542745481192
36743	144	164.565705911089	189.56961406937	20.5657059110894	45.5696140693698
36744	144	187.296531509526	207.754274548119	43.2965315095261	63.7542745481192
36745	228	341.866145578896	444.154860771861	113.866145578896	216.154860771861
36746	228	357.777723497802	419.150952613581	129.777723497802	191.150952613581
36747	293	439.75915974597	468.063996091842	146.75915974597	175.063996091842
36748	293	451.081094284319	473.724963361016	158.081094284319	180.724963361016
36749	293	411.454323400098	453.911577918906	118.454323400098	160.911577918906
36750	293	417.115290669272	439.75915974597	124.115290669272	146.75915974597
36751	293	380.319003419638	397.301905227162	87.3190034196385	104.301905227162
36752	293	442.589643380557	462.403028822667	149.589643380557	169.403028822667
36753	216	470.894479726429	490.707865168539	254.894479726429	274.707865168539
36754	323	436.928676111383	465.233512457255	113.928676111383	142.233512457255
36755	323	385.979970688813	431.267708842208	62.9799706888129	108.267708842208
36756	323	397.301905227162	419.945774303859	74.3019052271617	96.9457743038593
36757	181	316.862237420616	364.596971177333	135.862237420616	183.596971177333
36758	181	221.392769907181	241.850512945774	40.3927699071812	60.8505129457743
36759	181	221.392769907181	244.123595505618	40.3927699071812	63.123595505618
36760	181	203.208109428432	228.212017586712	22.2081094284318	47.2120175867122
36761	181	373.689301416707	430.516365412799	192.689301416707	249.516365412799
36762	181	210.027357107963	235.031265266243	29.0273571079629	54.0312652662433
36766	113	218.112848070347	237.387884709331	105.112848070347	124.387884709331
36771	113	227.750366389839	247.025403028823	114.750366389839	134.025403028823
36772	113	194.019052271617	213.294088910601	81.019052271617	100.294088910601
36773	241	510.52125061065	555.808988764045	269.52125061065	314.808988764045
36774	241	456.742061553493	490.707865168539	215.742061553493	249.707865168539
36775	241	485.046897899365	521.843185148998	244.046897899365	280.843185148998
36776	241	419.945774303859	448.250610649731	178.945774303859	207.250610649731
36777	241	332.200781631656	363.336101612115	91.2007816316561	122.336101612115
36778	241	487.877381533952	533.165119687347	246.877381533952	292.165119687347
36779	241	357.675134342941	385.979970688813	116.675134342941	144.979970688813
36780	241	400.132388861749	442.589643380557	159.132388861749	201.589643380557
36781	241	405.793356130923	442.589643380557	164.793356130923	201.589643380557
36782	241	388.8104543234	417.115290669272	147.8104543234	176.115290669272
36783	241	402.962872496336	439.75915974597	161.962872496336	198.75915974597
36784	241	411.454323400098	439.75915974597	170.454323400098	198.75915974597
36785	241	586.944308744504	635.062530532487	345.944308744504	394.062530532487
36786	241	402.962872496336	428.437225207621	161.962872496336	187.437225207621
36787	241	371.827552515877	402.962872496336	130.827552515877	161.962872496336
36788	241	397.301905227162	425.606741573034	156.301905227162	184.606741573034
36789	241	397.301905227162	419.945774303859	156.301905227162	178.945774303859
36790	241	434.098192476795	456.742061553493	193.098192476795	215.742061553493
36791	308	574.701025891549	627.707376648754	266.701025891549	319.707376648754
36792	311	478.325842696629	526.513434294089	167.325842696629	215.513434294089
36793	311	444.594528578407	478.325842696629	133.594528578407	167.325842696629
36794	311	432.547630679042	463.869565217391	121.547630679042	152.869565217391
36795	311	449.413287738153	487.963361016121	138.413287738153	176.963361016121
36796	311	401.225696140694	430.13825109917	90.2256961406937	119.13825109917
36797	308	415.681973619932	454.232046897899	107.681973619932	146.232046897899
36798	311	425.319491939424	459.050806057645	114.319491939424	148.050806057645
36799	311	447.00390815828	480.735222276502	136.00390815828	169.735222276502
36800	311	398.816316560821	439.775769418661	87.8163165608207	128.775769418661
36801	308	432.547630679042	473.507083536883	124.547630679042	165.507083536883
36802	244	396.406936980948	430.13825109917	152.406936980948	186.13825109917
36803	304	391.588177821202	420.500732779678	87.5881778212017	116.500732779678
36804	303	441.881778212018	473.704934049829	138.881778212018	170.704934049829
36805	200	447.00390815828	492.782120175867	247.00390815828	292.782120175867
36806	200	319.306790425012	362.675622862726	119.306790425012	162.675622862726
36807	298	396.406936980948	427.728871519296	98.4069369809477	129.728871519296
36808	298	367.494382022472	393.997557401075	69.4943820224719	95.9975574010747
36809	298	463.869565217391	502.419638495359	165.869565217391	204.419638495359
36810	298	418.091353199805	451.822667318026	120.091353199805	153.822667318026
36811	298	386.769418661456	413.272594040059	88.7694186614557	115.272594040059
36812	298	398.816316560821	427.728871519296	100.816316560821	129.728871519296
36813	298	360.266243282853	384.360039081583	62.2662432828529	86.3600390815828
36814	298	379.541279921837	406.04445530044	81.5412799218368	108.04445530044
36815	298	222.931607230093	239.797264289204	-75.0683927699072	-58.2027357107963
36816	298	418.091353199805	451.822667318026	120.091353199805	153.822667318026
36817	298	372.313141182218	403.635075720567	74.3131411822179	105.635075720567
36818	298	369.903761602345	393.997557401075	71.9037616023448	95.9975574010747
36819	311	415.681973619932	447.00390815828	104.681973619932	136.00390815828
36820	311	408.453834880313	439.775769418661	97.4538348803126	128.775769418661
36821	311	203.656570591109	218.112848070347	-107.343429408891	-92.8871519296532
36822	311	194.019052271617	208.475329750855	-116.980947728383	-102.524670249145
36823	264	420.500732779678	463.869565217391	156.500732779678	199.869565217391
36824	298	133.784562774792	150.650219833903	-164.215437225208	-147.349780166097
36825	298	374.722520762091	406.04445530044	76.7225207620908	108.04445530044
36826	298	389.178798241329	422.910112359551	91.1787982413288	124.910112359551
36827	237	362.675622862726	379.541279921837	125.675622862726	142.541279921837
36828	237	360.266243282853	389.178798241329	123.266243282853	152.178798241329
36829	237	343.400586223742	365.085002442599	106.400586223742	128.085002442599
36830	315	444.154860771861	500.981924767953	129.154860771861	185.981924767953
36831	119	198.837811431363	210.884709330728	79.837811431363	91.8847093307279
36832	119	244.61602344895	263.891060087934	125.61602344895	144.891060087934
36833	119	189.200293111871	201.247191011236	70.200293111871	82.2471910112359
36834	336	864.675134342941	969.23693209575	528.675134342941	633.23693209575
36835	424	1064.70639960918	1160.17586712262	640.706399609184	736.175867122618
36836	424	1016.97166585247	1128.35271128481	592.971665852467	704.352711284807
36837	414	1019.24474841231	1121.53346360528	605.244748412311	707.533463605276
36838	372	1082.89106008793	1194.27210552027	710.891060087934	822.272105520273
36839	414	1060.1602344895	1187.45285784074	646.160234489497	773.452857840743
36840	414	1073.79872984856	1182.90669272106	659.798729848559	768.906692721055
36841	226	325.95456765999	355.504640937958	99.9545676599902	129.504640937958
36842	226	316.862237420616	346.412310698583	90.8622374206155	120.412310698583
36843	234	1312.47239863214	1494.31900341964	1078.47239863214	1260.31900341964
36844	365	2510.38690766976	2510.38690766976	2145.38690766976	2145.38690766976
36845	365	Inf	-Inf	Inf	-Inf
36847	274	439.608695652174	494.162677088422	165.608695652174	220.162677088422
36848	302	521.439667806546	575.993649242794	219.439667806546	273.993649242794
36849	621	810.121152906693	889.679042501221	189.121152906693	268.679042501221
36850	340	401.225696140694	442.185148998534	61.2256961406937	102.185148998534
36851	340	415.681973619932	473.507083536883	75.6819736199316	133.507083536883
36852	340	309.66927210552	372.313141182218	-30.3307278944798	32.3131411822179
36853	340	545.788470933073	603.613580850024	205.788470933073	263.613580850024
36854	340	408.453834880313	466.278944797264	68.4538348803126	126.278944797264
36855	340	384.360039081583	427.728871519296	44.3600390815828	87.7288715192965
36856	340	434.957010258915	478.325842696629	94.9570102589154	138.325842696629
36857	340	324.125549584758	377.131900341964	-15.8744504152418	37.1319003419638
36858	340	348.219345383488	389.178798241329	8.21934538348802	49.1787982413288
36859	134	179.562774792379	201.247191011236	45.5627747923791	67.2471910112359
36860	99	208.475329750855	232.569125549585	109.475329750855	133.569125549585
36861	134	165.106497313141	186.790913531998	31.1064973131412	52.790913531998
36862	134	273.528578407425	307.259892525647	139.528578407425	173.259892525647
36863	134	234.978505129458	271.119198827553	100.978505129458	137.119198827553
36864	134	206.065950170982	225.340986809966	72.0659501709819	91.3409868099658
36865	134	273.528578407425	297.622374206155	139.528578407425	163.622374206155
36866	134	244.61602344895	273.528578407425	110.61602344895	139.528578407425
36867	134	292.803615046409	321.716170004885	158.803615046409	187.716170004885
36868	134	295.212994626282	333.76306790425	161.212994626282	199.76306790425
36869	159	218.112848070347	232.569125549585	59.1128480703468	73.5691255495848
36870	159	189.200293111871	203.656570591109	30.200293111871	44.6565705911089
36871	159	218.112848070347	234.978505129458	59.1128480703468	75.9785051294577
36872	159	198.837811431363	213.294088910601	39.837811431363	54.2940889106009
36873	159	201.247191011236	213.294088910601	42.2471910112359	54.2940889106009
36874	159	208.475329750855	222.931607230093	49.4753297508549	63.9316072300928
36875	159	210.884709330728	220.52222765022	51.8847093307279	61.5222276502198
36876	129	268.70981924768	304.850512945774	139.70981924768	175.850512945774
36877	129	225.340986809966	244.61602344895	96.3409868099658	115.61602344895
36878	129	237.387884709331	271.119198827553	108.387884709331	142.119198827553
36879	129	179.562774792379	208.475329750855	50.5627747923791	79.4753297508549
36880	129	208.475329750855	232.569125549585	79.4753297508549	103.569125549585
36881	364	346.412310698583	414.604787493894	-17.5876893014167	50.6047874938935
36882	291	796.363947239863	885.510991695164	505.363947239863	594.510991695164
36884	409	384.360039081583	415.681973619932	-24.6399609184172	6.68197361993157
36885	409	418.091353199805	468.688324377137	9.09135319980459	59.6883243771372
36886	409	1415.57449926722	1837.21592574499	1006.57449926722	1428.21592574499
36887	409	427.728871519296	478.325842696629	18.7288715192965	69.3258426966292
36889	409	367.494382022472	406.04445530044	-41.5056179775281	-2.95554469956033
36900	194	386.769418661456	439.775769418661	192.769418661456	245.775769418661
36902	284	449.413287738153	497.600879335613	165.413287738153	213.600879335613
36903	284	396.406936980948	454.232046897899	112.406936980948	170.232046897899
36904	284	353.038104543234	393.997557401075	69.038104543234	109.997557401075
36905	284	398.816316560821	456.641426477772	114.816316560821	172.641426477772
36917	175	348.219345383488	401.225696140694	173.219345383488	226.225696140694
36918	175	343.400586223742	393.997557401075	168.400586223742	218.997557401075
36920	166	1098.80263800684	1548.87298485589	932.802638006839	1382.87298485589
36921	166	676.009281875916	1021.51783097215	510.009281875916	855.517830972154
36922	166	1005.60625305325	1237.4606741573	839.606253053249	1071.4606741573
36924	166	1101.07572056668	1555.69223253542	935.075720566683	1389.69223253542
36925	166	255.489008304836	271.400586223742	89.4890083048363	105.400586223742
36928	166	478.251099169516	521.439667806546	312.251099169516	355.439667806546
36929	166	394.1470444553	428.243282852956	228.1470444553	262.243282852956
36931	125	328.944308744504	369.903761602345	203.944308744504	244.903761602345
36932	125	290.394235466536	319.306790425012	165.394235466536	194.306790425012
36933	253	422.776257938446	456.742061553493	169.776257938446	203.742061553493
36934	253	530.33463605276	584.113825109917	277.33463605276	331.113825109917
36935	253	473.724963361016	524.673668783586	220.724963361016	271.673668783586
36936	253	323.709330727894	360.505617977528	70.7093307278944	107.505617977528
36937	242	482.216414264778	533.165119687347	240.216414264778	291.165119687347
36938	291	363.336101612115	400.132388861749	72.3361016121153	109.132388861749
36939	291	419.945774303859	456.742061553493	128.945774303859	165.742061553493
36940	286	402.962872496336	451.081094284319	116.962872496336	165.081094284319
36941	307	385.979970688813	504.860283341475	78.9799706888129	197.860283341475
36942	307	388.8104543234	448.250610649731	81.8104543234001	141.250610649731
36943	261	434.945285784074	486.861260381045	173.945285784074	225.861260381045
36944	358	507.690766976062	564.300439667806	149.690766976062	206.300439667806
36946	358	459.57254518808	510.52125061065	101.57254518808	152.52125061065
36947	358	434.098192476795	482.216414264778	76.0981924767953	124.216414264778
36948	358	535.995603321935	592.605276013679	177.995603321935	234.605276013679
36949	313	475.916463116756	526.513434294089	162.916463116756	213.513434294089
36950	342	480.735222276502	521.694675134343	138.735222276502	179.694675134343
36951	342	519.28529555447	567.47288715193	177.28529555447	225.47288715193
36952	342	391.588177821202	418.091353199805	49.5881778212017	76.0913531998046
36953	342	396.406936980948	422.910112359551	54.4069369809477	80.9101123595505
36954	342	396.406936980948	420.500732779678	54.4069369809477	78.5007327796775
36955	342	422.910112359551	461.460185637518	80.9101123595505	119.460185637518
36956	342	432.547630679042	463.869565217391	90.5476306790425	121.869565217391
36957	342	495.19149975574	531.332193453835	153.19149975574	189.332193453835
36958	342	355.447484123107	379.541279921837	13.447484123107	37.5412799218368
36959	342	456.641426477772	485.553981436248	114.641426477772	143.553981436248
36960	342	360.266243282853	386.769418661456	18.2662432828529	44.7694186614557
36961	342	449.413287738153	483.144601856375	107.413287738153	141.144601856375
36962	342	454.232046897899	487.963361016121	112.232046897899	145.963361016121
36963	342	447.00390815828	478.325842696629	105.00390815828	136.325842696629
36964	342	432.547630679042	463.869565217391	90.5476306790425	121.869565217391
36965	342	425.319491939424	449.413287738153	83.3194919394235	107.413287738153
36966	342	432.547630679042	473.507083536883	90.5476306790425	131.507083536883
36967	342	502.419638495359	538.560332193454	160.419638495359	196.560332193454
36968	342	447.00390815828	475.916463116756	105.00390815828	133.916463116756
36969	342	439.775769418661	463.869565217391	97.7757694186614	121.869565217391
36970	342	442.185148998534	475.916463116756	100.185148998534	133.916463116756
36971	342	420.500732779678	451.822667318026	78.5007327796775	109.822667318026
36972	342	439.775769418661	471.09770395701	97.7757694186614	129.09770395701
36973	342	410.863214460186	437.366389838788	68.8632144601856	95.3663898387885
36974	342	454.232046897899	495.19149975574	112.232046897899	153.19149975574
36975	342	456.641426477772	502.419638495359	114.641426477772	160.419638495359
36976	342	459.050806057645	495.19149975574	117.050806057645	153.19149975574
36977	342	434.957010258915	471.09770395701	92.9570102589154	129.09770395701
36978	342	367.494382022472	386.769418661456	25.4943820224719	44.7694186614557
36979	342	415.681973619932	444.594528578407	73.6819736199316	102.594528578407
36980	342	434.957010258915	468.688324377137	92.9570102589154	126.688324377137
36981	342	427.728871519296	459.050806057645	85.7288715192965	117.050806057645
36982	342	401.225696140694	427.728871519296	59.2256961406937	85.7288715192965
36983	342	401.225696140694	425.319491939424	59.2256961406937	83.3194919394235
36984	342	386.769418661456	413.272594040059	44.7694186614557	71.2725940400586
36985	342	427.728871519296	459.050806057645	85.7288715192965	117.050806057645
36986	342	406.04445530044	434.957010258915	64.0444553004397	92.9570102589154
36987	342	408.453834880313	444.594528578407	66.4538348803126	102.594528578407
36988	342	391.588177821202	422.910112359551	49.5881778212017	80.9101123595505
36989	342	413.272594040059	444.594528578407	71.2725940400586	102.594528578407
36990	342	495.19149975574	533.741573033708	153.19149975574	191.741573033708
36991	342	456.641426477772	485.553981436248	114.641426477772	143.553981436248
36992	342	442.185148998534	471.09770395701	100.185148998534	129.09770395701
36993	342	456.641426477772	487.963361016121	114.641426477772	145.963361016121
36994	342	355.447484123107	379.541279921837	13.447484123107	37.5412799218368
36995	342	396.406936980948	422.910112359551	54.4069369809477	80.9101123595505
36996	342	396.406936980948	432.547630679042	54.4069369809477	90.5476306790425
36997	342	377.131900341964	406.04445530044	35.1319003419638	64.0444553004397
36998	342	381.95065950171	408.453834880313	39.9506595017098	66.4538348803126
36999	358	425.319491939424	454.232046897899	67.3194919394235	96.2320468978994
37000	358	418.091353199805	442.185148998534	60.0913531998046	84.1851489985344
37001	358	430.13825109917	456.641426477772	72.1382510991695	98.6414264777723
37002	379	703.28627259404	766.932584269663	324.28627259404	387.932584269663
37008	93	179.562774792379	198.837811431363	86.5627747923791	105.837811431363
37011	93	230.159745969712	259.072300928188	137.159745969712	166.072300928188
37013	93	244.61602344895	263.891060087934	151.61602344895	170.891060087934
37014	93	201.247191011236	234.978505129458	108.247191011236	141.978505129458
37017	93	242.206643869077	263.891060087934	149.206643869077	170.891060087934
37020	93	203.656570591109	230.159745969712	110.656570591109	137.159745969712
37021	88	232.569125549585	261.481680508061	144.569125549585	173.481680508061
37025	93	232.569125549585	271.119198827553	139.569125549585	178.119198827553
37026	363	498.708842208109	571.447484123107	135.708842208109	208.447484123107
37028	208	419.499755740108	467.850024425989	211.499755740108	259.850024425989
37029	236	242.206643869077	261.481680508061	6.20664386907669	25.4816805080605
37030	236	314.488031265266	336.172447484123	78.4880312652662	100.172447484123
37031	236	271.119198827553	302.441133365901	35.1191988275525	66.4411333659013
37032	236	232.569125549585	266.300439667807	-3.43087445041525	30.3004396678065
37035	236	292.803615046409	316.897410845139	56.8036150464093	80.8974108451392
37036	236	247.025403028823	273.528578407425	11.0254030288227	37.5285784074255
37037	236	239.797264289204	266.300439667807	3.7972642892037	30.3004396678065
37038	236	256.662921348315	280.756717147044	20.6629213483146	44.7567171470445
37039	234	292.803615046409	319.306790425012	58.8036150464093	85.3067904250122
37041	234	266.300439667807	297.622374206155	32.3004396678065	63.6223742061553
37042	234	268.70981924768	285.57547630679	34.7098192476795	51.5754763067904
37043	236	314.488031265266	340.991206643869	78.4880312652662	104.991206643869
37044	236	244.61602344895	268.70981924768	8.61602344894968	32.7098192476795
37045	236	220.52222765022	247.025403028823	-15.4777723497802	11.0254030288227
37046	236	251.844162188569	273.528578407425	15.8441621885686	37.5285784074255
37047	236	247.025403028823	268.70981924768	11.0254030288227	32.7098192476795
37048	236	247.025403028823	268.70981924768	11.0254030288227	32.7098192476795
37049	236	283.166096726917	316.897410845139	47.1660967269174	80.8974108451392
37050	277	383.149487054226	405.793356130923	106.149487054226	128.793356130923
37051	233	290.394235466536	309.66927210552	57.3942354665364	76.6692721055202
37052	233	287.984855886663	304.850512945774	54.9848558866634	71.8505129457743
37053	233	328.944308744504	357.85686370298	95.9443087445042	124.85686370298
37054	268	326.534929164631	353.038104543234	58.5349291646311	85.038104543234
37055	233	244.61602344895	266.300439667807	11.6160234489497	33.3004396678065
37056	233	227.750366389839	239.797264289204	-5.24963361016123	6.7972642892037
37057	233	290.394235466536	309.66927210552	57.3942354665364	76.6692721055202
37058	233	302.441133365901	326.534929164631	69.4411333659013	93.5349291646311
37059	233	338.581827063996	362.675622862726	105.581827063996	129.675622862726
37060	233	377.131900341964	393.997557401075	144.131900341964	160.997557401075
37061	233	302.441133365901	331.353688324377	69.4411333659013	98.3536883243771
37062	233	336.172447484123	360.266243282853	103.172447484123	127.266243282853
37063	268	372.313141182218	408.453834880313	104.313141182218	140.453834880313
37064	268	326.534929164631	350.628724963361	58.5349291646311	82.628724963361
37065	268	333.76306790425	355.447484123107	65.7630679042501	87.447484123107
37066	268	367.494382022472	396.406936980948	99.4943820224719	128.406936980948
37067	268	343.400586223742	374.722520762091	75.400586223742	106.722520762091
37068	158	254.253541768442	273.528578407425	96.2535417684416	115.528578407425
37069	299	394.471421592574	417.115290669272	95.4714215925745	118.115290669272
37070	299	366.166585246702	380.319003419638	67.1665852467025	81.3190034196385
37071	299	431.267708842208	448.250610649731	132.267708842208	149.250610649731
37072	299	408.62383976551	434.098192476795	109.62383976551	135.098192476795
37073	299	411.454323400098	434.098192476795	112.454323400098	135.098192476795
37074	299	552.978505129458	598.266243282853	253.978505129458	299.266243282853
37075	299	499.199316072301	535.995603321935	200.199316072301	236.995603321935
37076	299	402.962872496336	431.267708842208	103.962872496336	132.267708842208
37077	299	309.556912554958	320.878847093307	10.5569125549584	21.8788470933073
37078	299	383.149487054226	402.962872496336	84.1494870542257	103.962872496336
37079	299	490.707865168539	527.504152418173	191.707865168539	228.504152418173
37080	299	453.911577918906	482.216414264778	154.911577918906	183.216414264778
37081	323	473.724963361016	496.368832437714	150.724963361016	173.368832437714
37082	323	411.454323400098	439.75915974597	88.4543234000977	116.75915974597
37083	323	422.776257938446	451.081094284319	99.7762579384465	128.081094284319
37084	282	490.707865168539	524.673668783586	208.707865168539	242.673668783586
37085	282	465.233512457255	499.199316072301	183.233512457255	217.199316072301
37086	282	394.471421592574	422.776257938446	112.471421592574	140.776257938446
37087	282	394.471421592574	417.115290669272	112.471421592574	135.115290669272
37088	282	417.115290669272	453.911577918906	135.115290669272	171.911577918906
37089	422	Inf	-Inf	Inf	-Inf
37090	422	Inf	-Inf	Inf	-Inf
37091	422	Inf	-Inf	Inf	-Inf
37092	422	Inf	-Inf	Inf	-Inf
37093	412	562.355153883732	626.001465559355	150.355153883732	214.001465559355
37094	285	444.594528578407	485.553981436248	159.594528578407	200.553981436248
37095	196	505.52808988764	550.989741084514	309.52808988764	354.989741084514
37096	196	471.431851489985	521.439667806546	275.431851489985	325.439667806546
37097	196	394.1470444553	425.970200293112	198.1470444553	229.970200293112
37098	125	203.656570591109	215.703468490474	78.6565705911089	90.7034684904739
37099	125	201.247191011236	213.294088910601	76.2471910112359	88.2940889106009
37100	125	201.247191011236	213.294088910601	76.2471910112359	88.2940889106009
37101	125	181.972154372252	191.609672691744	56.9721543722521	66.609672691744
37102	125	181.972154372252	191.609672691744	56.9721543722521	66.609672691744
37103	125	184.381533952125	194.019052271617	59.381533952125	69.019052271617
37104	125	194.019052271617	206.065950170982	69.019052271617	81.0659501709819
37105	125	198.837811431363	210.884709330728	73.837811431363	85.8847093307279
37106	125	174.744015632633	184.381533952125	49.7440156326331	59.381533952125
37107	125	179.562774792379	189.200293111871	54.5627747923791	64.200293111871
37109	211	369.903761602345	415.681973619932	158.903761602345	204.681973619932
37110	197	254.253541768442	285.57547630679	57.2535417684416	88.5754763067904
37111	197	242.206643869077	263.891060087934	45.2066438690767	66.8910600879335
37112	197	242.206643869077	275.937957987298	45.2066438690767	78.9379579872984
37113	211	218.112848070347	244.61602344895	7.11284807034684	33.6160234489497
37114	211	225.340986809966	251.844162188569	14.3409868099658	40.8441621885686
37115	197	206.065950170982	230.159745969712	9.06595017098192	33.1597459697118
37116	197	275.937957987298	312.078651685393	78.9379579872984	115.078651685393
37117	209	292.803615046409	324.125549584758	83.8036150464093	115.125549584758
37118	209	206.065950170982	230.159745969712	-2.93404982901808	21.1597459697118
37119	209	254.253541768442	278.347337567171	45.2535417684416	69.3473375671715
37120	211	206.065950170982	232.569125549585	-4.93404982901808	21.5691255495848
37121	209	251.844162188569	285.57547630679	42.8441621885686	76.5754763067904
37122	209	201.247191011236	227.750366389839	-7.75280898876406	18.7503663898388
37123	209	249.434782608696	273.528578407425	40.4347826086956	64.5285784074255
37124	209	218.112848070347	256.662921348315	9.11284807034684	47.6629213483146
37125	209	254.253541768442	280.756717147044	45.2535417684416	71.7567171470445
37126	211	206.065950170982	239.797264289204	-4.93404982901808	28.7972642892037
37127	209	287.984855886663	316.897410845139	78.9848558866634	107.897410845139
37128	209	210.884709330728	237.387884709331	1.88470933072787	28.3878847093307
37129	211	208.475329750855	234.978505129458	-2.52467024914512	23.9785051294577
37130	211	203.656570591109	232.569125549585	-7.34342940889107	21.5691255495848
37131	211	213.294088910601	239.797264289204	2.29408891060086	28.7972642892037
37132	211	206.065950170982	232.569125549585	-4.93404982901808	21.5691255495848
37133	211	222.931607230093	247.025403028823	11.9316072300928	36.0254030288227
37134	211	259.072300928188	285.57547630679	48.0723009281876	74.5754763067904
37135	211	295.212994626282	324.125549584758	84.2129946262824	113.125549584758
37136	209	292.803615046409	321.716170004885	83.8036150464093	112.716170004885
37137	209	196.42843185149	230.159745969712	-12.57156814851	21.1597459697118
37138	209	278.347337567171	304.850512945774	69.3473375671715	95.8505129457743
37139	211	220.52222765022	244.61602344895	9.52222765021983	33.6160234489497
37140	197	256.662921348315	292.803615046409	59.6629213483146	95.8036150464093
37141	209	239.797264289204	263.891060087934	30.7972642892037	54.8910600879335
37142	192	295.212994626282	326.534929164631	103.212994626282	134.534929164631
37143	211	271.119198827553	300.031753786028	60.1191988275525	89.0317537860283
37144	211	220.52222765022	244.61602344895	9.52222765021983	33.6160234489497
37145	211	201.247191011236	227.750366389839	-9.75280898876406	16.7503663898388
37146	211	203.656570591109	230.159745969712	-7.34342940889107	19.1597459697118
37147	211	215.703468490474	242.206643869077	4.70346849047385	31.2066438690767
37148	211	266.300439667807	290.394235466536	55.3004396678065	79.3942354665364
37149	211	215.703468490474	242.206643869077	4.70346849047385	31.2066438690767
37150	211	295.212994626282	321.716170004885	84.2129946262824	110.716170004885
37151	233	381.95065950171	427.728871519296	148.95065950171	194.728871519296
37152	233	581.929164631168	644.573033707865	348.929164631168	411.573033707865
37153	233	430.13825109917	471.09770395701	197.13825109917	238.09770395701
37154	233	528.922813873962	598.794821690278	295.922813873962	365.794821690278
37155	233	403.635075720567	447.00390815828	170.635075720567	214.00390815828
37156	233	218.112848070347	251.844162188569	-14.8871519296532	18.8441621885686
37157	233	348.219345383488	403.635075720567	115.219345383488	170.635075720567
37158	233	386.769418661456	439.775769418661	153.769418661456	206.775769418661
37159	233	393.997557401075	447.00390815828	160.997557401075	214.00390815828
37160	196	497.600879335613	555.425989252565	301.600879335613	359.425989252565
37161	196	427.728871519296	480.735222276502	231.728871519296	284.735222276502
37162	196	447.00390815828	497.600879335613	251.00390815828	301.600879335613
37163	204	524.104054714216	593.976062530532	320.104054714216	389.976062530532
37164	204	280.756717147044	309.66927210552	76.7567171470445	105.66927210552
37165	204	247.025403028823	278.347337567171	43.0254030288227	74.3473375671715
37166	204	437.366389838788	487.963361016121	233.366389838788	283.963361016121
37167	204	420.500732779678	480.735222276502	216.500732779678	276.735222276502
37168	204	509.647777234978	577.110405471422	305.647777234978	373.110405471422
37169	204	461.460185637518	502.419638495359	257.460185637518	298.419638495359
37170	204	461.460185637518	514.466536394724	257.460185637518	310.466536394724
37171	204	406.04445530044	475.916463116756	202.04445530044	271.916463116756
37172	204	350.628724963361	384.360039081583	146.628724963361	180.360039081583
37173	204	471.09770395701	531.332193453835	267.09770395701	327.332193453835
37174	204	420.500732779678	473.507083536883	216.500732779678	269.507083536883
37175	204	362.675622862726	408.453834880313	158.675622862726	204.453834880313
37176	204	316.897410845139	357.85686370298	112.897410845139	153.85686370298
37177	204	232.569125549585	263.891060087934	28.5691255495848	59.8910600879335
37178	204	230.159745969712	256.662921348315	26.1597459697118	52.6629213483146
37179	204	418.091353199805	471.09770395701	214.091353199805	267.09770395701
37180	204	408.453834880313	468.688324377137	204.453834880313	264.688324377137
37181	204	813.229604298974	885.510991695164	609.229604298974	681.510991695164
37182	204	461.460185637518	524.104054714216	257.460185637518	320.104054714216
37183	204	386.769418661456	430.13825109917	182.769418661456	226.13825109917
37184	204	447.00390815828	492.782120175867	243.00390815828	288.782120175867
37186	244	375.754274548119	541.526624328285	131.754274548119	297.526624328285
37187	348	362.675622862726	403.635075720567	14.6756228627259	55.6350757205666
37188	348	365.085002442599	379.541279921837	17.0850024425989	31.5412799218368
37189	264	485.553981436248	524.104054714216	221.553981436248	260.104054714216
37190	264	420.500732779678	473.507083536883	156.500732779678	209.507083536883
37191	264	442.185148998534	495.19149975574	178.185148998534	231.19149975574
37192	264	478.325842696629	507.238397655105	214.325842696629	243.238397655105
37193	264	492.782120175867	560.244748412311	228.782120175867	296.244748412311
37194	372	432.547630679042	466.278944797264	60.5476306790425	94.2789447972643
37195	372	442.185148998534	475.916463116756	70.1851489985344	103.916463116756
37196	227	403.635075720567	439.775769418661	176.635075720567	212.775769418661
37197	227	427.728871519296	456.641426477772	200.728871519296	229.641426477772
37198	227	485.553981436248	521.694675134343	258.553981436248	294.694675134343
37199	227	475.916463116756	507.238397655105	248.916463116756	280.238397655105
37200	227	480.735222276502	516.875915974597	253.735222276502	289.875915974597
37201	227	415.681973619932	449.413287738153	188.681973619932	222.413287738153
37202	227	391.588177821202	418.091353199805	164.588177821202	191.091353199805
37203	227	362.675622862726	415.681973619932	135.675622862726	188.681973619932
37204	432	451.822667318026	502.419638495359	19.8226673180263	70.419638495359
37205	227	381.95065950171	418.091353199805	154.95065950171	191.091353199805
37206	227	442.185148998534	483.144601856375	215.185148998534	256.144601856375
37207	227	420.500732779678	461.460185637518	193.500732779678	234.460185637518
37208	372	572.291646311676	610.841719589643	200.291646311676	238.841719589643
37209	258	410.058622374206	460.066438690767	152.058622374206	202.066438690767
37210	258	316.862237420616	348.685393258427	58.8622374206155	90.685393258427
37211	258	323.681485100147	355.504640937958	65.6814851001466	97.504640937958
37212	242	314.589154860772	346.412310698583	72.5891548607719	104.412310698583
37213	262	450.974108451392	505.52808988764	188.974108451392	243.52808988764
37214	217	362.675622862726	396.406936980948	145.675622862726	179.406936980948
37215	142	218.112848070347	234.978505129458	76.1128480703468	92.9785051294577
37216	142	220.52222765022	234.978505129458	78.5222276502198	92.9785051294577
37217	133	215.703468490474	234.978505129458	82.7034684904739	101.978505129458
37218	133	196.42843185149	206.065950170982	63.42843185149	73.0659501709819
37219	133	196.42843185149	208.475329750855	63.42843185149	75.4753297508549
37220	133	215.703468490474	234.978505129458	82.7034684904739	101.978505129458
37221	133	208.475329750855	220.52222765022	75.4753297508549	87.5222276502198
37222	141	232.569125549585	249.434782608696	91.5691255495848	108.434782608696
37223	141	222.931607230093	242.206643869077	81.9316072300928	101.206643869077
37224	454	675.894968246214	740.948216902785	221.894968246214	286.948216902785
37225	436	1505.7191011236	1707.58866634099	1069.7191011236	1271.58866634099
37226	290	489.616511968735	566.90131900342	199.616511968735	276.90131900342
37227	290	410.058622374206	457.793356130923	120.058622374206	167.793356130923
37228	290	1282.92232535418	1460.22276502198	992.922325354177	1170.22276502198
37229	290	444.154860771861	487.343429408891	154.154860771861	197.343429408891
37230	290	569.174401563263	626.001465559355	279.174401563263	336.001465559355
37231	98	230.159745969712	309.66927210552	132.159745969712	211.66927210552
37232	327	596.385442110405	675.894968246214	269.385442110405	348.894968246214
37233	222	625.297997068881	704.80752320469	403.297997068881	482.80752320469
37234	330	401.225696140694	447.00390815828	71.2256961406937	117.00390815828
37235	569	849.370297997069	1025.2550073278	280.370297997069	456.255007327797
37236	455	937.413776257938	1064.70639960918	482.413776257938	609.706399609184
37237	455	1123.80654616512	1269.28382999511	668.80654616512	814.283829995115
37238	323	355.447484123107	384.360039081583	32.447484123107	61.3600390815828
37240	323	256.662921348315	261.481680508061	-66.3370786516854	-61.5183194919395
37241	323	263.891060087934	268.70981924768	-59.1089399120665	-54.2901807523205
37246	254	338.581827063996	365.085002442599	84.5818270639961	111.085002442599
37247	254	333.76306790425	362.675622862726	79.7630679042501	108.675622862726
37248	254	353.038104543234	389.178798241329	99.038104543234	135.178798241329
37249	148	275.937957987298	292.803615046409	127.937957987298	144.803615046409
37250	223	362.675622862726	389.178798241329	139.675622862726	166.178798241329
37251	148	300.031753786028	324.125549584758	152.031753786028	176.125549584758
37252	148	360.266243282853	384.360039081583	212.266243282853	236.360039081583
37253	148	259.072300928188	278.347337567171	111.072300928188	130.347337567171
37254	148	331.353688324377	350.628724963361	183.353688324377	202.628724963361
37255	148	336.172447484123	365.085002442599	188.172447484123	217.085002442599
37256	148	285.57547630679	312.078651685393	137.57547630679	164.078651685393
37257	148	278.347337567171	297.622374206155	130.347337567171	149.622374206155
37258	139	247.025403028823	263.891060087934	108.025403028823	124.891060087934
37259	148	285.57547630679	309.66927210552	137.57547630679	161.66927210552
37260	148	319.306790425012	350.628724963361	171.306790425012	202.628724963361
37261	148	297.622374206155	321.716170004885	149.622374206155	173.716170004885
37262	148	362.675622862726	386.769418661456	214.675622862726	238.769418661456
37263	148	321.716170004885	379.541279921837	173.716170004885	231.541279921837
37264	148	251.844162188569	278.347337567171	103.844162188569	130.347337567171
37265	148	261.481680508061	292.803615046409	113.481680508061	144.803615046409
37266	148	271.119198827553	295.212994626282	123.119198827553	147.212994626282
37267	148	343.400586223742	372.313141182218	195.400586223742	224.313141182218
37268	148	234.978505129458	254.253541768442	86.9785051294577	106.253541768442
37269	148	266.300439667807	292.803615046409	118.300439667807	144.803615046409
37270	148	357.85686370298	379.541279921837	209.85686370298	231.541279921837
37271	148	220.52222765022	239.797264289204	72.5222276502198	91.7972642892037
37272	148	283.166096726917	309.66927210552	135.166096726917	161.66927210552
37273	148	418.091353199805	461.460185637518	270.091353199805	313.460185637518
37274	148	271.119198827553	297.622374206155	123.119198827553	149.622374206155
37275	148	254.253541768442	280.756717147044	106.253541768442	132.756717147044
37276	148	292.803615046409	316.897410845139	144.803615046409	168.897410845139
37277	148	285.57547630679	307.259892525647	137.57547630679	159.259892525647
37278	148	256.662921348315	280.756717147044	108.662921348315	132.756717147044
37279	148	357.85686370298	389.178798241329	209.85686370298	241.178798241329
37280	148	300.031753786028	324.125549584758	152.031753786028	176.125549584758
37281	148	331.353688324377	365.085002442599	183.353688324377	217.085002442599
37282	148	247.025403028823	278.347337567171	99.0254030288227	130.347337567171
37283	148	273.528578407425	295.212994626282	125.528578407425	147.212994626282
37284	148	251.844162188569	275.937957987298	103.844162188569	127.937957987298
37285	148	266.300439667807	287.984855886663	118.300439667807	139.984855886663
37286	148	225.340986809966	249.434782608696	77.3409868099658	101.434782608696
37287	148	266.300439667807	283.166096726917	118.300439667807	135.166096726917
37288	249	324.125549584758	353.038104543234	75.1255495847582	104.038104543234
37289	249	355.447484123107	377.131900341964	106.447484123107	128.131900341964
37290	249	328.944308744504	350.628724963361	79.9443087445042	101.628724963361
37291	249	372.313141182218	393.997557401075	123.313141182218	144.997557401075
37292	202	321.716170004885	343.400586223742	119.716170004885	141.400586223742
37293	295	336.172447484123	355.447484123107	41.1724474841231	60.447484123107
37294	295	324.125549584758	355.447484123107	29.1255495847582	60.447484123107
37295	295	326.534929164631	355.447484123107	31.5349291646311	60.447484123107
37296	295	343.400586223742	362.675622862726	48.400586223742	67.6756228627259
37297	295	336.172447484123	365.085002442599	41.1724474841231	70.0850024425989
37298	295	319.306790425012	338.581827063996	24.3067904250122	43.5818270639961
37299	295	331.353688324377	353.038104543234	36.3536883243771	58.038104543234
37300	266	285.57547630679	297.622374206155	19.5754763067904	31.6223742061553
37301	266	312.078651685393	331.353688324377	46.0786516853933	65.3536883243771
37302	249	324.125549584758	353.038104543234	75.1255495847582	104.038104543234
37304	165	247.025403028823	263.891060087934	82.0254030288227	98.8910600879335
37305	165	254.253541768442	275.937957987298	89.2535417684416	110.937957987298
37306	165	254.253541768442	273.528578407425	89.2535417684416	108.528578407425
37307	146	285.57547630679	307.259892525647	139.57547630679	161.259892525647
37308	146	256.662921348315	295.212994626282	110.662921348315	149.212994626282
37309	146	251.844162188569	268.70981924768	105.844162188569	122.70981924768
37310	329	428.243282852956	478.251099169516	99.2432828529555	149.251099169516
37311	184	382.781631656082	419.150952613581	198.781631656082	235.150952613581
37312	184	396.420127015144	441.881778212018	212.420127015144	257.881778212018
37313	426	435.062530532487	462.339521250611	9.06253053248656	36.3395212506106
37314	187	366.870053737176	410.058622374206	179.870053737176	223.058622374206
37315	187	346.412310698583	385.054714215926	159.412310698583	198.054714215926
37316	310	414.604787493894	464.612603810454	104.604787493894	154.612603810454
37317	258	447.00390815828	490.372740595994	189.00390815828	232.372740595994
37318	272	379.541279921837	403.635075720567	107.541279921837	131.635075720567
37319	272	357.85686370298	389.178798241329	85.8568637029799	117.178798241329
37320	272	362.675622862726	389.178798241329	90.6756228627259	117.178798241329
37321	272	348.219345383488	377.131900341964	76.219345383488	105.131900341964
37322	272	413.272594040059	439.775769418661	141.272594040059	167.775769418661
37323	272	391.588177821202	415.681973619932	119.588177821202	143.681973619932
37324	272	321.716170004885	348.219345383488	49.7161700048852	76.219345383488
37325	272	353.038104543234	381.95065950171	81.038104543234	109.95065950171
37326	258	350.628724963361	377.131900341964	92.628724963361	119.131900341964
37327	241	365.085002442599	408.453834880313	124.085002442599	167.453834880313
37328	241	1208.36785539814	1651.69369809477	967.367855398144	1410.69369809477
37330	241	283.166096726917	314.488031265266	42.1660967269174	73.4880312652662
37331	241	206.065950170982	251.844162188569	-34.9340498290181	10.8441621885686
37332	241	365.085002442599	454.232046897899	124.085002442599	213.232046897899
37337	241	263.891060087934	283.166096726917	22.8910600879335	42.1660967269174
37339	241	1015.6174890083	1357.74938935027	774.617489008305	1116.74938935027
37340	241	300.031753786028	437.366389838788	59.0317537860283	196.366389838788
37342	241	456.641426477772	502.419638495359	215.641426477772	261.419638495359
37343	241	381.95065950171	410.863214460186	140.95065950171	169.863214460186
37344	229	432.547630679042	562.654127992184	203.547630679042	333.654127992184
37347	229	312.078651685393	336.172447484123	83.0786516853933	107.172447484123
37348	258	343.400586223742	372.313141182218	85.400586223742	114.313141182218
37349	258	343.400586223742	372.313141182218	85.400586223742	114.313141182218
