36455	73	63.3404982901807	98.0918417195896	-9.65950170981927	25.0918417195896
36456	73	74.5178309721544	118.211040547142	1.51783097215437	45.2110405471421
36457	73	72.8920371275037	102.156326331216	-0.10796287249633	29.1563263312164
36458	73	69.6404494382022	110.691744015633	-3.35955056179776	37.6917440156326
36459	73	20.256961406937	70.8597948216903	-52.743038593063	-2.14020517830971
36460	73	99.1079628724963	140.362481680508	26.1079628724963	67.362481680508
36461	121	115.357596482658	167.205666829507	-5.64240351734247	46.2056668295066
36463	139	80.7103077674646	154.919394235467	-58.2896922325354	15.9193942354665
36465	139	73.0928187591597	120.517830972154	-65.9071812408403	-18.4821690278457
36466	139	74.5671714704445	121.746458231558	-64.4328285295555	-17.2535417684416
36467	139	85.8705422569614	153.690766976063	-53.1294577430386	14.6907669760625
36468	136	118.797752808989	172.611626770884	-17.2022471910112	36.6116267708842
36469	136	129.855398143625	180.229115779189	-6.14460185637517	44.229115779189
36470	136	98.4025403028822	160.325354176844	-37.5974596971178	24.3253541768441
36471	136	96.6824621397167	165.485588666341	-39.3175378602833	29.485588666341
36472	136	102.088422081094	157.868099658036	-33.9115779189057	21.8680996580362
36473	136	67.6868588177821	117.569125549585	-68.3131411822179	-18.4308744504153
36474	136	94.9623839765511	164.256961406937	-41.0376160234489	28.256961406937
36475	136	102.334147532975	160.571079628725	-33.6658524670249	24.5710796287249
36476	136	119.04347826087	168.925744992672	-16.9565217391304	32.9257449926722
36477	136	132.804103566194	176.543234000977	-3.19589643380556	40.543234000977
36478	170	95.6995603321935	162.782608695652	-74.3004396678065	-7.21739130434781
36479	170	133.787005373718	166.714215925745	-36.2129946262824	-3.28578407425499
36480	170	126.906692721055	162.291157791891	-43.0933072789448	-7.70884220810944
36481	170	114.866145578896	159.588177821202	-55.133854421104	-10.4118221787983
36482	170	118.306301905227	164.011235955056	-51.6936980947729	-5.98876404494382
36483	170	150.742061553493	177.771861260381	-19.2579384465071	7.77186126038106
36484	166	137.71861260381	168.434294088911	-28.2813873961895	2.43429408891058
36485	166	138.210063507572	170.154372252076	-27.789936492428	4.1543722520762
36486	166	113.637518319492	163.519785051295	-52.3624816805081	-2.48021494870545
36487	173	121.255007327797	162.04543234001	-51.7449926722032	-10.9545676599902
36488	101	43.7269174401563	111.723986321446	-57.2730825598437	10.723986321446
36493	116	95.152906692721	157.914020517831	-20.847093307279	41.914020517831
36494	116	91.4245236932096	134.508060576453	-24.5754763067904	18.5080605764533
36496	116	70.2970200293112	136.165119687347	-45.7029799706888	20.1651196873473
36498	199	160.082071323889	181.501221299463	-38.9179286761114	-17.4987787005374
36499	183	109.271128480703	182.37811431363	-73.7288715192965	-0.621885686370291
36501	99	38.5779189057157	80.4694675134343	-60.4220810942843	-18.5305324865657
36502	99	88.8089887640449	131.864191499756	-10.1910112359551	32.8641914997557
36503	103	84.0141670737665	125.147532975085	-18.9858329262335	22.1475329750855
36504	103	79.0781631656082	123.296531509526	-23.9218368343918	20.2965315095261
36505	103	87.304836345872	126.175867122618	-15.695163654128	23.1758671226185
36506	103	87.9218368343918	125.353199804592	-15.0781631656082	22.3531998045921
36507	103	81.3404982901807	126.175867122618	-21.6595017098193	23.1758671226185
36508	103	82.5744992672203	126.587200781632	-20.4255007327797	23.5872007816317
36509	103	83.3971665852467	121.85686370298	-19.6028334147533	18.85686370298
36510	103	82.9858329262335	123.296531509526	-20.0141670737665	20.2965315095261
36511	103	84.2198339032731	126.587200781632	-18.7801660967269	23.5872007816317
36512	103	85.0425012212995	124.530532486566	-17.9574987787005	21.5305324865657
36513	103	89.361504640938	127.821201758671	-13.638495359062	24.8212017586712
36514	103	87.0991695163654	127.615534929165	-15.9008304836346	24.6155349291646
36515	103	79.0781631656082	128.438202247191	-23.9218368343918	25.438202247191
36516	103	83.6028334147533	127.821201758671	-19.3971665852467	24.8212017586712
36517	103	73.3194919394235	123.502198339033	-29.6805080605765	20.5021983390327
36518	103	81.9574987787005	123.913531998046	-21.0425012212995	20.9135319980459
36519	103	86.8935026868588	130.28920371275	-16.1064973131412	27.2892037127503
36520	103	87.5105031753786	126.998534440645	-15.4894968246214	23.9985344406448
36521	126	95.1450903761602	153.71470444553	-30.8549096238398	27.7147044455301
36522	126	96.7552515876893	135.399120664387	-29.2447484123107	9.39912066438691
36523	126	100.579384465071	142.846116267709	-25.4206155349292	16.8461162677089
36524	126	101.787005373718	136.00293111871	-24.2129946262824	10.0029311187103
36525	126	80.6536394723986	138.418172936004	-45.3463605276014	12.4181729360039
36526	126	95.5476306790425	126.744504152418	-30.4523693209575	0.744504152418159
36527	67	59.6863702979971	115.9052271617	-7.31362970200294	48.9052271617001
36528	67	69.7401074743527	120.419149975574	2.7401074743527	53.419149975574
36529	67	82.4611626770884	124.522716170005	15.4611626770884	57.5227161700049
36530	67	79.9990229604299	126.57449926722	12.9990229604299	59.5744992672203
36531	67	74.8695652173913	118.57254518808	7.86956521739131	51.5725451880801
36532	67	72.2022471910112	128.626282364436	5.20224719101122	61.6262823644358
36533	67	56.4035173424524	116.931118710308	-10.5964826575476	49.9311187103078
36534	126	77.6345872007816	140.833414753298	-48.3654127992184	14.8334147532975
36536	120	118.203224230581	155.258426966292	-1.79677576941867	35.2584269662921
36537	120	127.682462139717	159.782608695652	7.68246213971668	39.7826086956522
36538	107	44.1279921836834	85.2808988764045	-62.8720078163166	-21.7191011235955
36539	107	66.4982901807523	93.3004396678065	-40.5017098192477	-13.6995603321935
36540	107	68.6086956521739	96.8881289692233	-38.3913043478261	-10.1118710307767
36541	107	63.1216414264778	88.657547630679	-43.8783585735222	-18.342452369321
36542	107	54.8910600879336	88.657547630679	-52.1089399120664	-18.342452369321
36543	107	48.9819247679531	93.3004396678065	-58.0180752320469	-13.6995603321935
36544	98	87.7782120175867	122.986809965804	-10.2217879824133	24.9868099658036
36545	95	101.126526624328	133.626770884221	6.12652662432828	38.6267708842208
36546	95	97.4509037616023	130.918417195896	2.45090376160235	35.9184171958964
36547	95	96.4836345872008	130.918417195896	1.48363458720078	35.9184171958964
36548	95	101.319980459209	139.43038593063	6.31998045920858	44.4303859306302
36549	95	104.995603321935	136.528578407425	9.99560332193454	41.5285784074255
36550	95	96.4836345872008	134.013678553981	1.48363458720078	39.0136785539814
36551	95	92.8080117244748	146.007816316561	-2.19198827552518	51.0078163165608
36552	95	101.319980459209	132.272594040059	6.31998045920858	37.2725940400586
36553	95	101.513434294089	130.531509526136	6.51343429408891	35.5315095261358
36554	95	91.066927210552	142.525647288715	-3.93307278944798	47.5256472887152
36555	95	86.0371275036639	143.492916463117	-8.9628724963361	48.4929164631168
36556	95	88.7454811919883	145.23400097704	-6.25451880801174	50.2340009770396
36557	95	88.3585735222277	157.61504640938	-6.64142647777234	62.6150464093795
36558	95	96.2901807523205	141.945285784074	1.29018075232045	46.9452857840743
36559	95	88.1651196873473	141.558378114314	-6.83488031265267	46.5583781143136
36560	98	85.0698583292623	122.019540791402	-12.9301416707377	24.0195407914021
36561	98	90.8734733756717	120.47191011236	-7.12652662432828	22.4719101123596
36562	98	87.5847581827064	125.308255984367	-10.4152418172936	27.3082559843673
36563	98	89.9062042012702	120.47191011236	-8.09379579872984	22.4719101123596
36564	95	81.3942354665364	157.61504640938	-13.6057645334636	62.6150464093795
36566	121	66.467024914509	99.3150952613581	-54.532975085491	-21.6849047386419
36567	121	86.09574987787	117.942354665364	-34.90425012213	-3.05764533463605
36568	121	74.8793356130923	111.933561309233	-46.1206643869077	-9.06643869076697
36569	121	88.6995603321934	116.740595994138	-32.3004396678066	-4.25940400586225
36570	121	70.2725940400586	107.52711284807	-50.7274059599414	-13.4728871519297
36571	121	95.5095261358085	120.345872007816	-25.4904738641915	-0.654127992183703
36572	75	57.6121152906692	94.9623839765511	-17.3878847093308	19.9623839765511
36573	75	52.9433317049341	94.4709330727894	-22.0566682950659	19.4709330727894
36574	143	93.4880312652662	209.716170004885	-49.5119687347338	66.7161700048852
36575	143	140.913043478261	191.532486565706	-2.08695652173913	48.5324865657059
36576	143	64.4924279433317	181.212017586712	-78.5075720566683	38.2120175867122
36577	93	59.5959941377626	125.411822178798	-33.4040058622374	32.4118221787982
36578	97	28.0889106008793	82.1152906692721	-68.9110893991207	-14.8847093307279
36580	71	47.2388861748901	151.010747435271	-23.7611138251099	80.0107474352711
36581	77	52.2061553492916	96.9281875915975	-24.7938446507084	19.9281875915975
36582	78	62.7723497801661	102.579872984856	-15.2276502198339	24.5798729848559
36583	78	67.4411333659013	105.282852955545	-10.5588666340987	27.2828529555447
36584	78	68.4240351734245	99.1397166585247	-9.5759648265755	21.1397166585247
36585	78	62.7723497801661	105.282852955545	-15.2276502198339	27.2828529555447
36586	77	30.3365901319003	109.460185637518	-46.6634098680997	32.4601856375183
36587	77	39.42843185149	119.780654616512	-37.57156814851	42.780654616512
36588	78	63.5095261358085	100.614069369809	-14.4904738641915	22.6140693698094
36589	78	67.1954079140205	95.9452857840743	-10.8045920859795	17.9452857840743
36590	78	68.4240351734245	89.0649731314118	-9.5759648265755	11.0649731314118
36591	78	67.9325842696629	91.7679531021006	-10.0674157303371	13.7679531021006
36592	78	67.6868588177821	103.562774792379	-10.3131411822179	25.5627747923791
36593	78	65.7210552027357	98.1568148510015	-12.2789447972643	20.1568148510015
36594	79	66.9496824621397	99.6311675622862	-12.0503175378603	20.6311675622862
36595	92	65.7210552027357	96.4367366878358	-26.2789447972643	4.43673668783583
36596	92	67.6868588177821	93.2423058133854	-24.3131411822179	1.24230581338543
36597	92	67.9325842696629	91.276502198339	-24.0674157303371	-0.723497801660983
36598	92	66.9496824621397	91.7679531021006	-25.0503175378603	-0.232046897899352
36599	92	60.0693698094773	94.2252076209086	-31.9306301905227	2.22520762090863
36600	92	62.7723497801661	97.6653639472399	-29.2276502198339	5.66536394723988
36601	92	57.8578407425501	96.9281875915975	-34.1421592574499	4.92818759159746
36602	92	55.400586223742	121.255007327797	-36.599413776258	29.2550073277968
36607	78	75.6218856863703	111.246702491451	-2.37811431362971	33.2467024914509
36608	78	80.2510991695164	116.680996580361	2.25109916951635	38.6809965803615
36609	78	78.6409379579873	115.674645823156	0.64093795798729	37.6746458231558
36610	78	81.0561797752809	119.096238397655	3.0561797752809	41.0962383976551
36611	78	86.6917440156326	130.5686370298	8.69174401563262	52.5686370297997
36612	184	120.970200293112	166.891060087934	-63.0297997068881	-17.1089399120664
36613	184	171.115779189057	192.606741573034	-12.8842208109428	8.60674157303367
36614	184	185.994137762579	215.383488031265	1.99413776257938	31.3834880312652
36615	184	152.012701514411	174.605764533464	-31.9872984855887	-9.39423546653643
36616	184	176.258915486077	213.546653639472	-7.74108451392283	29.5466536394724
36618	184	179.932584269663	214.28138739619	-4.06741573033707	30.2813873961895
36619	184	195.913043478261	215.383488031265	11.9130434782609	31.3834880312652
36620	184	195.913043478261	214.465070835369	11.9130434782609	30.4650708353688
36621	184	193.157791890572	216.118221787982	9.15779189057156	32.1182217879824
36622	184	188.565705911089	219.42452369321	4.56570591108937	35.4245236932096
36623	53	53.4137762579385	93.5114802149487	0.413776257938451	40.5114802149487
36624	53	61.2105520273571	105.095261358085	8.2105520273571	52.095261358085
36625	53	54.7503663898388	97.2984855886663	1.75036638983877	44.2984855886663
36626	53	59.8739618954568	106.877381533952	6.87396189545677	53.8773815339521
36627	53	55.1958964338056	94.6253053248656	2.19589643380556	41.6253053248656
36628	53	48.5129457743039	100.639960918417	-4.48705422569614	47.6399609184172
36629	107	98.7874938935027	154.713238886175	-8.21250610649733	47.7132388861749
36630	107	103.641426477772	149.648265754763	-3.35857352222766	42.6482657547631
36631	62	105.875915974597	139.427943331705	43.875915974597	77.4279433317049
36632	62	114.797264289204	164.834391792868	52.7972642892037	102.834391792868
36633	62	70.19052271617	89.0029311187103	8.19052271616999	27.0029311187103
36634	150	98.5061064973131	160.179775280899	-51.4938935026869	10.1797752808989
36635	150	141.561309233024	176.470933072789	-8.43869076697607	26.4709330727894
36636	62	34.3111871030777	94.4333170493405	-27.6888128969223	32.4333170493405
36637	62	50.6023448949682	106.845627747924	-11.3976551050318	44.8456277479238
36638	62	52.9296531509526	104.324377137274	-9.07034684904738	42.324377137274
36639	70	80.8138739618954	121.826086956522	10.8138739618954	51.8260869565217
36640	95	88.6262823644358	128.09868099658	-6.37371763556425	33.0986809965804
36641	95	36.256961406937	98.2012701514411	-58.743038593063	3.20127015144112
36642	95	69.476306790425	136.305813385442	-25.523693209575	41.3058133854421
36643	95	53.0620420127015	102.109428431851	-41.9379579872985	7.10942843185148
36644	95	34.8891060087934	95.0747435271128	-60.1108939912066	0.0747435271128438
36645	107	100.159257449927	145.81436248168	-6.84074255007329	38.8143624816805
36648	52	48.1138251099169	100.318026380068	-3.88617489008305	48.3180263800684
36649	49	13.0185637518319	132.561797752809	-35.9814362481681	83.561797752809
36650	49	50.9653150952614	110.18856863703	1.96531509526136	61.1885686370298
36651	112	67.4411333659013	96.4367366878358	-44.5588666340987	-15.5632633121642
36652	112	65.9667806546165	100.614069369809	-46.0332193453835	-11.3859306301906
36653	112	53.9262335124573	93.2423058133854	-58.0737664875427	-18.7576941866146
36654	112	55.400586223742	91.276502198339	-56.599413776258	-20.723497801661
36655	112	51.7147044455301	90.7850512945774	-60.2852955544699	-21.2149487054226
36656	112	50.7318026380069	88.3277967757694	-61.2681973619931	-23.6722032242306
36657	112	57.1206643869077	95.9452857840743	-54.8793356130923	-16.0547142159257
36658	112	56.8749389350269	98.4025403028822	-55.1250610649731	-13.5974596971178
36659	112	69.8983878847093	109.214460185638	-42.1016121152907	-2.78553981436249
36660	127	146.073277967758	178.017586712262	19.0732779677577	51.0175867122618
36661	127	145.581827063996	184.406448461163	18.5818270639961	57.4064484611627
36662	127	139.684416218857	179.491939423547	12.6844162188569	52.4919394235466
36663	127	147.793356130923	179.983390327308	20.7933561309233	52.9833903273083
36664	127	110.443087445041	178.509037616023	-16.5569125549585	51.5090376160234
36665	127	134.032730825598	173.348803126527	7.03273082559843	46.3488031265266
36666	127	135.507083536883	177.280410356619	8.50708353688321	50.2804103566194
36667	127	145.827552515877	182.686370297997	18.8275525158769	55.686370297997
36668	127	90.047874938935	149.513434294089	-36.952125061065	22.5134342940889
36669	127	96.191011235955	177.280410356619	-30.808988764045	50.2804103566194
36670	112	109.705911089399	149.021983390327	-2.29408891060086	37.0219833903273
36671	112	94.9623839765511	151.970688812897	-17.0376160234489	39.9706888128969
36672	112	109.705911089399	192.76111382511	-2.29408891060086	80.7611138251099
36673	134	121.884709330728	178.180752320469	-12.1152906692721	44.180752320469
36674	134	117.581827063996	177.2843185149	-16.4181729360039	43.2843185148998
36675	35	32.4303859306302	111.535417684416	-2.56961406936981	76.5354176844162
36676	114	83.3610161211529	125.733268197362	-30.6389838788471	11.733268197362
36677	106	81.7313141182218	129.400097703957	-24.2686858817782	23.400097703957
36678	114	94.1577918905716	124.307278944797	-19.8422081094284	10.3072789447972
36679	112	86.6204201270151	147.937957987298	-25.3795798729849	35.9379579872985
36680	112	97.009770395701	130.418661455789	-14.990229604299	18.418661455789
36681	112	94.9726428920371	123.492427943332	-17.0273571079629	11.4924279433317
36682	114	100.47288715193	137.956033219345	-13.5271128480703	23.9560332193454
36683	114	93.342940889106	127.159257449927	-20.657059110894	13.1592574499267
36684	114	85.8055691255496	123.288715192965	-28.1944308744504	9.2887151929653
36685	114	92.7318026380068	125.325842696629	-21.2681973619932	11.3258426966292
36686	114	97.8246213971666	125.529555446996	-16.1753786028334	11.5295554469956
36687	110	96.3986321446019	124.307278944797	-13.6013678553981	14.3072789447972
36688	110	91.3058133854421	121.251587689301	-18.6941866145579	11.2515876893014
36689	132	107.52808988764	131.393258426966	-24.4719101123596	-0.606741573033702
36690	132	107.730337078652	127.348314606742	-24.2696629213483	-4.65168539325845
36691	132	107.932584269663	129.977528089888	-24.0674157303371	-2.02247191011236
36692	131	105.707865168539	125.730337078652	-25.2921348314607	-5.26966292134833
36693	131	101.662921348315	128.561797752809	-29.3370786516854	-2.43820224719101
36694	147	101.534929164631	126.1895456766	-45.4650708353688	-20.8104543234001
36695	147	100.341963849536	130.762579384465	-46.6580361504641	-16.2374206155349
36696	146	98.9501709819248	125.791890571568	-47.0498290180752	-20.2081094284319
36697	112	91.0239374694675	150.85490962384	-20.9760625305325	38.8549096238398
36698	112	98.7835857352223	126.963361016121	-13.2164142647777	14.9633610161212
36699	112	91.0239374694675	142.278456277479	-20.9760625305325	30.2784562774792
36700	112	74.6878358573522	131.455788959453	-37.3121641426478	19.4557889594529
36701	112	95.7205666829506	150.446507083537	-16.2794333170494	38.4465070835369
36702	112	92.0449438202247	150.242305813385	-19.9550561797753	38.2423058133854
36704	91	39.2076209086468	117.372740595994	-51.7923790913532	26.3727405959941
36705	91	17.8309721543723	95.5642403517342	-73.1690278456277	4.56424035173424
36706	100	52.3790913531998	105.71275036639	-47.6209086468002	5.71275036638983
36708	124	84.9135319980459	140.213971665852	-39.0864680019541	16.2139716658525
36709	124	70.6487542745481	131.61602344895	-53.3512457254519	7.61602344894968
36710	124	73.5798729848559	117.155837811431	-50.4201270151441	-6.84416218856865
36711	124	78.0742550073278	122.431851489985	-45.9257449926722	-1.56814851001465
36712	124	83.5456765999023	126.730825598437	-40.4543234000977	2.73082559843672
36713	170	127.85686370298	171.8529555447	-42.14313629702	1.85295554469957
36714	124	81.7870053737176	124.972154372252	-42.2129946262824	0.972154372252078
36715	124	87.4538348803127	126.144601856375	-36.5461651196873	2.14460185637517
36716	124	82.3732291157792	113.833903273083	-41.6267708842208	-10.1660967269175
36717	124	70.8441621885686	117.742061553493	-53.1558378114314	-6.2579384465071
36718	124	59.3150952613581	111.293600390816	-64.6849047386419	-12.7063996091842
36719	124	57.5564240351734	109.534929164631	-66.4435759648266	-14.4650708353688
36720	124	105.822178798241	135.133365901319	-18.1778212017587	11.133365901319
36721	124	61.2691744015632	120.28236443576	-62.7308255984368	-3.71763556424037
36722	124	56.5793844650708	116.374206155349	-67.4206155349292	-7.6257938446507
36723	124	60.2921348314607	121.650219833903	-63.7078651685393	-2.34978016609674
36724	76	71.8031265266243	171.166585246702	-4.19687347337569	95.1665852467025
36725	112	83.3453834880313	200.28822667318	-28.6546165119687	88.2882266731802
36726	112	97.5202735710796	142.013678553981	-14.4797264289204	30.0136785539814
36727	112	89.8422081094284	147.5261358085	-22.1577918905716	35.5261358085002
36728	112	79.8016609672692	139.848070346849	-32.1983390327308	27.848070346849
36729	112	83.3453834880313	127.445041524182	-28.6546165119687	15.4450415241817
36730	112	95.1577918905716	133.548119198828	-16.8422081094284	21.5481191988275
36731	112	89.0547142159257	124.098192476795	-22.9452857840743	12.0981924767953
36732	153	145.336101612115	175.560332193454	-7.66389838788473	22.5603321934538
36733	153	145.090376160234	184.897899364924	-7.90962383976552	31.8978993649243
36734	153	149.021983390327	200.132877381534	-3.97801660967269	47.1328773815339
36735	153	146.564728871519	181.212017586712	-6.43527112848074	28.2120175867122
36736	153	146.564728871519	172.857352222765	-6.43527112848074	19.857352222765
36737	153	154.182217879824	211.436248168051	1.18221787982412	58.4362481680508
36738	153	145.090376160234	208.978993649243	-7.90962383976552	55.9789936492428
36739	153	143.124572545188	175.560332193454	-9.87542745481193	22.5603321934538
36740	153	143.86174890083	198.658524670249	-9.13825109916951	45.6585246702491
36741	153	137.47288715193	180.229115779189	-15.5271128480704	27.229115779189
36742	153	149.75915974597	181.212017586712	-3.24084025403027	28.2120175867122
36743	153	148.776257938447	188.829506595017	-4.22374206155348	35.8295065950171
36744	153	149.75915974597	178.017586712262	-3.24084025403027	25.0175867122618
36745	85	49.4421104054714	115.098192476795	-35.5578895945286	30.0981924767953
36746	85	55.1704934049829	132.503663898388	-29.8295065950171	47.5036638983879
36747	157	149.212506106497	184.517830972154	-7.7874938935027	27.5178309721544
36748	157	147.964338055691	181.486565705911	-9.03566194430874	24.4865657059111
36749	157	147.42940889106	184.874450415242	-9.57059110893991	27.8744504152418
36750	157	153.491939423547	187.19247679531	-3.50806057645335	30.1924767953102
36751	157	156.166585246702	183.982901807523	-0.833414753297518	26.9829018075232
36752	157	152.600390815828	182.021494870542	-4.39960918417196	25.0214948705423
36753	137	140.653639472399	168.826575476307	3.65363947239862	31.8265754763068
36754	160	130.489985344406	171.322911577919	-29.5100146555936	11.3229115779189
36755	160	145.111382510992	196.999511480215	-14.8886174890083	36.9995114802149
36756	160	157.94968246214	194.146555935515	-2.05031753786028	34.1465559355154
36757	151	86.361993160723	161.799706888129	-64.638006839277	10.799706888129
36758	151	123.712261846605	166.959941377626	-27.2877381533952	15.9599413776258
36759	151	79.9731314118222	157.376648754275	-71.0268685881778	6.37664875427453
36760	151	70.6355642403517	150.496336101612	-80.3644357596483	-0.503663898387913
36761	151	59.3321934538349	119.534929164631	-91.6678065461651	-31.4650708353689
36762	151	59.8236443575965	107.248656570591	-91.1763556424035	-43.7513434294089
36766	218	202.883732291158	221.962872496336	-15.1162677088422	3.9628724963361
36771	218	201.992183683439	219.466536394724	-16.0078163165608	1.46653639472396
36772	218	203.418661455789	223.924279433317	-14.5813385442111	5.92427943331705
36773	164	133.164631167562	181.664875427455	-30.8353688324377	17.6648754274548
36774	164	133.699560332193	175.424035173425	-30.3004396678066	11.4240351734245
36775	164	111.232535417684	169.539814362482	-52.7674645823156	5.53981436248168
36776	164	123.892525647289	181.129946262824	-40.1074743527113	17.1299462628236
36777	164	152.065461651197	199.852467024915	-11.9345383488031	35.8524670249145
36778	164	154.918417195896	193.43331704934	-9.08158280410356	29.4333170493405
36779	164	156.879824132877	197.177821201759	-7.12017586712261	33.1778212017587
36780	164	150.104054714216	195.038104543234	-13.8959452857841	31.038104543234
36781	164	148.677576941866	194.681485100147	-15.3224230581339	30.6814851001466
36782	164	150.104054714216	192.006839276991	-13.8959452857841	28.0068392769907
36783	164	150.28236443576	197.177821201759	-13.7176355642404	33.1778212017587
36784	164	126.567171470445	181.486565705911	-37.4328285295555	17.4865657059111
36785	164	139.940400586224	179.703468490474	-24.0595994137763	15.7034684904739
36786	164	130.66829506595	172.036150464094	-33.3317049340498	8.03615046409379
36787	164	125.85393258427	186.122618466048	-38.1460674157303	22.1226184660479
36788	164	150.460674157303	196.28627259404	-13.5393258426966	32.28627259404
36789	164	153.848558866634	183.982901807523	-10.1514411333659	19.9829018075232
36790	164	143.506595017098	181.308255984367	-20.4934049829018	17.3082559843673
36791	151	114.156326331216	149.661944308744	-36.8436736687836	-1.33805569125551
36792	149	126.313141182218	164.327308255984	-22.6868588177821	15.3273082559843
36793	149	139.048851978505	165.292134831461	-9.95114802149487	16.2921348314607
36794	149	136.540302882267	164.713238886175	-12.4596971177333	15.7132388861749
36795	149	136.347337567171	164.134342940889	-12.6526624328285	15.1343429408891
36796	149	134.224719101124	163.941377625794	-14.7752808988764	14.9413776257938
36797	151	136.154372252076	171.659990229604	-14.8456277479238	20.6599902296043
36798	149	134.224719101124	162.204689789936	-14.7752808988764	13.2046897899365
36799	149	133.838788470933	164.134342940889	-15.1612115290669	15.1343429408891
36800	149	128.821690278456	171.659990229604	-20.1783097215437	22.6599902296043
36801	151	133.838788470933	167.607718612604	-17.1612115290669	16.6077186126038
36802	166	129.593551538837	166.063996091842	-36.4064484611627	0.063996091841716
36803	151	135.961406936981	167.607718612604	-15.0385930630191	16.6077186126038
36804	159	120.717147044455	159.503175378603	-38.2828529555447	0.503175378602805
36805	177	133.838788470933	170.502198339033	-43.1612115290669	-6.4978016609673
36806	177	143.487054225696	183.430874450415	-33.5129457743039	6.43087445041522
36807	152	140.592574499267	172.23888617489	-11.4074255007328	20.2388861748901
36808	152	144.258915486077	172.23888617489	-7.74108451392283	20.2388861748901
36809	152	113.577430385931	154.293111871031	-38.4225696140694	2.29311187103076
36810	152	136.347337567171	165.678065461651	-15.6526624328285	13.6780654616512
36811	152	143.872984855887	169.151441133366	-8.12701514411333	17.1514411333659
36812	152	141.557401074744	169.151441133366	-10.4425989252565	17.1514411333659
36813	152	141.750366389839	168.958475818271	-10.2496336101612	16.9584758182706
36814	152	140.978505129458	168.379579872985	-11.0214948705423	16.3795798729848
36815	152	176.291157791891	195.008793356131	24.2911577918906	43.0087933561309
36816	152	140.399609184172	166.642892037128	-11.600390815828	14.6428920371275
36817	152	135.961406936981	167.800683927699	-16.0385930630191	15.8006839276991
36818	152	139.627747923791	167.607718612604	-12.3722520762091	15.6077186126038
36819	149	131.716170004885	163.169516365413	-17.2838299951148	14.1695163654128
36820	149	127.663898387885	162.397655105032	-21.3361016121153	13.3976551050317
36821	149	170.116267708842	184.974596971177	21.1162677088422	35.9745969711773
36822	149	170.695163654128	186.325354176844	21.695163654128	37.3253541768441
36823	161	133.259892525647	175.133365901319	-27.7401074743527	14.133365901319
36824	152	189.605764533464	219.129457743039	37.6057645334636	67.1294577430386
36825	152	134.610649731314	171.081094284319	-17.3893502686859	19.0810942843185
36826	152	133.645823155838	169.923302393747	-18.3541768441622	17.923302393747
36827	192	158.459208597948	175.850024425989	-33.5407914020518	-16.1499755740108
36828	192	126.008304836346	168.319980459209	-65.9916951636541	-23.6800195407914
36829	192	157.742061553493	176.029311187103	-34.2579384465071	-15.9706888128969
36830	96	101.42550073278	131.982413287738	5.42550073277965	35.9824132877382
36831	172	140.913043478261	166.468490473864	-31.0869565217391	-5.53150952613584
36832	172	132.804103566194	162.782608695652	-39.1958964338056	-9.21739130434781
36833	172	153.690766976063	174.33170493405	-18.3092330239375	2.33170493404981
36834	84	62.5266243282853	103.80850024426	-21.4733756717147	19.8085002442599
36835	69	56.8749389350269	94.7166585246703	-12.1250610649731	25.7166585246703
36836	69	49.0117244748412	92.7508549096239	-19.9882755251588	23.7508549096239
36837	72	52.2061553492916	92.0136785539814	-19.7938446507084	20.0136785539814
36838	82	56.3834880312652	90.7850512945774	-25.6165119687348	8.78505129457744
36839	72	51.4689789936492	92.2594040058622	-20.5310210063508	20.2594040058622
36840	72	54.6634098680997	98.4025403028822	-17.3365901319003	26.4025403028822
36841	57	67.4225696140694	102.973131411822	10.4225696140694	45.9731314118222
36842	57	66.0977039570103	102.752320468979	9.09770395701025	45.752320468979
36843	56	49.7298485588666	119.351734245237	-6.27015144113338	63.3517342452369
36844	15	55.23790913532	85.6424035173424	40.23790913532	70.6424035173424
36845	15	57.2208109428432	96.8788470933073	42.2208109428432	81.8788470933073
36847	48	59.0781631656082	100.23986321446	11.0781631656082	52.2398632144602
36848	39	49.562286272594	105.772349780166	10.562286272594	66.7723497801661
36849	117	107.248656570591	149.75915974597	-9.75134342940891	32.7591597459697
36850	97	53.2818759159746	107.507572056668	-43.7181240840254	10.5075720566683
36851	97	55.6634098680996	136.635564240352	-41.3365901319004	39.6355642403517
36852	97	54.9306301905227	116.117733268197	-42.0693698094773	19.1177332681974
36853	97	57.1289692232535	114.652173913043	-39.8710307767465	17.6521739130435
36854	97	59.1441133365901	146.161700048852	-37.8558866634099	49.161700048852
36855	97	70.8685881778212	134.620420127015	-26.1314118221788	37.6204201270151
36856	97	61.7088422081094	110.988275525159	-35.2911577918906	13.9882755251588
36857	97	66.6551050317538	147.993649242794	-30.3448949682462	50.9936492427943
36858	97	64.6399609184172	134.986809965804	-32.3600390815828	37.9868099658036
36859	200	165.099169516365	222.023937469468	-34.9008304836346	22.0239374694675
36860	216	150.047874938935	193.658036150464	-65.952125061065	-22.3419638495359
36861	200	167.607718612604	225.304347826087	-32.3922813873962	25.3043478260869
36862	200	148.118221787982	182.659013190034	-51.8817782120176	-17.3409868099658
36863	200	158.924279433317	215.463116756229	-41.0757205666829	15.4631167562286
36864	200	156.994626282364	190.184660478749	-43.0053737176356	-9.81533952125062
36865	200	154.100146555936	177.255984367367	-45.8998534440645	-22.7440156326331
36866	200	155.836834391793	199.639960918417	-44.1631656082071	-0.36003908158284
36867	200	134.803615046409	169.151441133366	-65.1963849535906	-30.8485588666341
36868	200	142.136297020029	180.150464093796	-57.8637029799707	-19.8495359062042
36869	173	161.677576941866	204.940889106009	-11.3224230581338	31.9408891060088
36870	173	162.943820224719	210.638983878847	-10.0561797752809	37.6389838788471
36871	173	147.537860283341	192.911577918906	-25.4621397166586	19.9115779189057
36872	173	163.154860771861	212.749389350269	-9.84513922813875	39.7493893502687
36873	173	161.255495847582	209.161700048852	-11.7445041524182	36.161700048852
36874	173	160.411333659013	204.729848558867	-12.5886663409868	31.7298485588666
36875	173	161.466536394724	176.661455788959	-11.533463605276	3.66145578895947
36876	171	133.787005373718	182.440644846116	-37.2129946262824	11.4406448461162
36877	171	150.496336101612	181.212017586712	-20.5036638983879	10.2120175867122
36878	171	119.534929164631	175.314606741573	-51.4650708353689	4.31460674157302
36879	171	133.295554469956	199.887151929653	-37.704445530044	28.8871519296532
36880	171	142.141670737665	178.754763067904	-28.8583292623351	7.75476306790426
36881	34	53.8485588666341	113.33561309233	19.8485588666341	79.3356130923302
36882	100	21.0776746458232	92.7298485588666	-78.9223253541768	-7.27015144113338
36884	63	79.1343429408891	128.794821690278	16.1343429408891	65.7948216902784
36885	63	60.1406936980948	129.586223742062	-2.85930630190524	66.5862237420615
36886	63	14.0415241817294	105.250610649731	-48.9584758182706	42.2506106497313
36887	63	59.1514411333659	119.891548607719	-3.84855886663411	56.8915486077186
36889	63	73.990229604299	134.928187591597	10.990229604299	71.9281875915975
36900	117	68.2525647288715	142.446507083537	-48.7474352711285	25.4465070835369
36902	98	43.152906692721	113.80850024426	-54.847093307279	15.8085002442599
36903	98	48.876404494382	131.176355642404	-49.123595505618	33.1763556424035
36904	98	60.9154860771861	126.044943820225	-37.0845139228139	28.0449438202247
36905	98	48.876404494382	131.176355642404	-49.123595505618	33.1763556424035
36917	123	73.0503175378603	138.700537371764	-49.9496824621397	15.7005373717635
36918	123	76.818759159746	140.485588666341	-46.181240840254	17.485588666341
36920	137	25.6678065461651	167.205666829507	-111.332193453835	30.2056668295066
36921	137	61.2979970688813	226.179775280899	-75.7020029311187	89.1797752808989
36922	137	23.2105520273571	131.084025403029	-113.789447972643	-5.91597459697118
36924	137	25.6678065461651	167.205666829507	-111.332193453835	30.2056668295066
36925	137	117.323400097704	162.291157791891	-19.6765999022961	25.2911577918906
36928	137	61.0522716170005	92.505129457743	-75.9477283829995	-44.494870542257
36929	137	67.4411333659013	97.6653639472399	-69.5588666340987	-39.3346360527601
36931	178	79.371763556424	140.995603321935	-98.628236443576	-37.0043966780655
36932	178	100.47581827064	150.492427943332	-77.52418172936	-27.5075720566683
36933	158	104.635075720567	174.354176844162	-53.3649242794333	16.3541768441622
36934	158	142.080117244748	192.898387884709	-15.9198827552516	34.8983878847093
36935	158	109.627747923791	171.85784074255	-48.3722520762091	13.8578407425501
36936	158	147.251099169516	205.201758671226	-10.7489008304836	47.2017586712262
36937	165	116.225207620909	183.982901807523	-48.7747923790914	18.9829018075232
36938	150	127.102100635076	187.905715681485	-22.8978993649243	37.9057156814851
36939	150	109.806057645335	168.113336590132	-40.1939423546654	18.1133365901319
36940	145	143.506595017098	185.231069858329	-1.49340498290181	40.2310698583292
36941	145	118.18661455789	230.343429408891	-26.8133854421104	85.343429408891
36942	145	118.008304836346	210.729360039082	-26.9916951636541	65.7293600390816
36943	72	66.1113825109917	122.470933072789	-5.88861748900831	50.4709330727894
36944	99	79.8085002442599	131.137274059599	-19.1914997557401	32.1372740595994
36946	99	83.4748412310699	135.768441621886	-15.5251587689301	36.7684416218857
36947	99	89.0708353688324	145.995603321935	-9.92916463116757	46.9956033219345
36948	99	77.4929164631168	127.85686370298	-21.5070835368832	28.85686370298
36949	158	147.964338055691	191.47191011236	-10.0356619443087	33.4719101123595
36950	151	156.879824132877	187.370786516854	5.87982413287739	36.3707865168539
36951	151	155.275036638984	189.332193453835	4.27503663898386	38.3321934538349
36952	151	153.135319980459	184.874450415242	2.1353199804592	33.8744504152418
36953	151	152.778700537372	184.696140693698	1.77870053737175	33.6961406936981
36954	151	155.09672691744	184.339521250611	4.09672691744015	33.3395212506106
36955	151	77.5319980459209	122.644357596483	-73.4680019540791	-28.3556424035174
36956	151	95.8978993649243	134.947728383	-55.1021006350757	-16.0522716170005
36957	151	98.0376160234489	131.024914509038	-52.9623839765511	-19.9750854909624
36958	151	157.771372740596	195.216414264778	6.77137274059598	44.2164142647777
36959	151	133.342940889106	182.556424035173	-17.657059110894	31.5564240351734
36960	151	147.964338055691	187.014167073766	-3.03566194430874	36.0141670737665
36961	151	101.603810454323	141.18856863703	-49.3961895456766	-9.81143136297021
36962	151	102.673668783586	134.947728383	-48.3263312164143	-16.0522716170005
36963	151	99.8207132388862	134.769418661456	-51.1792867611138	-16.2305813385442
36964	151	95.5412799218368	133.342940889106	-55.4587200781632	-17.657059110894
36965	151	99.6424035173424	134.234489496825	-51.3575964826576	-16.7655105031754
36966	151	91.0835368832438	137.444064484612	-59.9164631167562	-13.5559355153884
36967	151	154.205178309722	187.549096238398	3.20517830972153	36.5490962383976
36968	151	98.2159257449927	132.0947728383	-52.7840742550073	-18.9052271617001
36969	151	107.309721543723	136.730825598437	-43.6902784562775	-14.2691744015633
36970	151	150.995603321935	185.052760136786	-0.0043966780654614	34.0527601367855
36971	151	155.631656082071	194.146555935515	4.63165608207132	43.1465559355154
36972	151	147.607718612604	187.905715681485	-3.3922813873962	36.9057156814851
36973	151	157.058133854421	187.19247679531	6.0581338544211	36.1924767953102
36974	151	103.386907669761	138.513922813874	-47.6130923302394	-12.486077186126
36975	151	154.561797752809	194.146555935515	3.56179775280899	43.1465559355154
36976	151	154.561797752809	181.129946262824	3.56179775280899	30.1299462628236
36977	151	158.127992183683	187.014167073766	7.12799218368343	36.0141670737665
36978	151	158.306301905227	189.510503175379	7.30630190522714	38.5105031753786
36979	151	157.94968246214	186.300928187592	6.94968246213972	35.3009281875916
36980	151	154.740107474353	184.517830972154	3.7401074743527	33.5178309721544
36981	151	157.058133854421	184.874450415242	6.0581338544211	33.8744504152418
36982	151	154.561797752809	183.626282364436	3.56179775280899	32.6262823644358
36983	151	152.957010258915	183.804592085979	1.95701025891549	32.8045920859795
36984	151	150.995603321935	180.060087933561	-0.0043966780654614	29.0600879335613
36985	151	159.197850512946	185.052760136786	8.19785051294576	34.0527601367855
36986	151	148.677576941866	182.734733756717	-2.32242305813386	31.7347337567171
36987	151	148.85588666341	188.440644846116	-2.14411333659015	37.4406448461162
36988	151	151.530532486566	192.541768441622	0.530532486565704	41.5417684416219
36989	151	92.866634098681	128.706888128969	-58.133365901319	-22.2931118710308
36990	151	157.058133854421	188.797264289204	6.0581338544211	37.7972642892037
36991	151	155.988275525159	187.014167073766	4.98827552515877	36.0141670737665
36992	151	123.892525647289	177.385442110405	-27.1074743527113	26.3854421104055
36993	151	105.883243771373	138.33561309233	-45.1167562286273	-12.6643869076698
36994	151	154.740107474353	190.758671226185	3.7401074743527	39.7586712261847
36995	151	155.453346360528	188.440644846116	4.4533463605276	37.4406448461162
36996	151	151.530532486566	190.580361504641	0.530532486565704	39.5803615046409
36997	151	157.94968246214	189.332193453835	6.94968246213972	38.3321934538349
36998	151	155.09672691744	187.549096238398	4.09672691744015	36.5490962383976
36999	147	141.545188080117	183.804592085979	-5.45481191988276	36.8045920859795
37000	147	157.771372740596	184.517830972154	10.771372740596	37.5178309721544
37001	147	107.309721543723	138.870542256961	-39.6902784562775	-8.12945774303859
37002	43	52.1827063996092	97.028822667318	9.18270639960917	54.028822667318
37008	221	179.346849047386	221.962872496336	-41.6531509526136	0.962872496336104
37011	221	169.004885197851	218.396678065462	-51.9951148021495	-2.60332193453837
37013	221	160.446018563752	184.874450415242	-60.5539814362482	-36.1255495847582
37014	221	165.795310210063	228.560332193454	-55.2046897899365	7.5603321934538
37017	221	160.802638006839	203.596971177333	-60.1973619931607	-17.4030288226674
37020	221	163.833903273083	226.063996091842	-57.1660967269175	5.06399609184172
37021	224	164.368832437714	220.358085002443	-59.6311675622863	-3.64191499755742
37025	221	161.33756717147	219.466536394724	-59.6624328285296	-1.53346360527604
37026	49	51.5232046897899	97.4684904738642	2.52320468978994	48.4684904738642
37028	83	43.0688812896922	95.9311187103078	-39.9311187103078	12.9311187103078
37029	210	197.71275036639	217.86174890083	-12.2872496336101	7.86174890083049
37030	210	175.067415730337	211.442598925256	-34.9325842696629	1.44259892525645
37031	210	190.758671226185	221.962872496336	-19.2413287738153	11.9628724963361
37032	210	192.541768441622	222.497801660967	-17.4582315583781	12.4978016609672
37035	210	195.216414264778	215.187103077675	-14.7835857352223	5.18710307767464
37036	210	197.534440644846	217.86174890083	-12.4655593551539	7.86174890083049
37037	210	198.069369809477	219.644846116268	-11.9306301905227	9.64484611626773
37038	210	198.247679531021	217.148510014656	-11.752320468979	7.14851001465559
37039	209	152.243771372741	199.317537860283	-56.7562286272594	-9.68246213971668
37041	209	161.694186614558	218.218368343918	-47.3058133854421	9.21836834391792
37042	209	196.107962872496	215.365412799218	-12.8920371275037	6.36541279921835
37043	210	143.506595017098	177.385442110405	-66.4934049829018	-32.6145578895945
37044	210	199.852467024915	218.931607230093	-10.1475329750855	8.93160723009282
37045	210	198.604298974108	221.784562774792	-11.3957010258916	11.7845627747924
37046	210	199.13922813874	220.001465559355	-10.8607718612604	10.0014655593552
37047	210	192.363458720078	217.683439179287	-17.6365412799219	7.68343917928678
37048	210	193.43331704934	219.823155837811	-16.5666829506595	9.82315583781144
37049	210	159.019540791402	210.907669760625	-50.9804592085979	0.907669760625311
37050	154	137.265754763068	165.438690766976	-16.7342452369321	11.4386907669761
37051	128	108.723986321446	156.120175867123	-19.276013678554	28.1201758671226
37052	128	114.109916951637	157.197361993161	-13.8900830483635	29.1973619931607
37053	128	64.7747923790913	109.801172447484	-63.2252076209087	-18.1988275525159
37054	117	69.2989741084514	104.630679042501	-47.7010258915486	-12.3693209574988
37055	128	116.264289203713	162.152418172936	-11.7357107962873	34.152418172936
37056	128	87.1802638006839	127.682462139717	-40.8197361993161	-0.317537860283323
37057	128	110.016609672692	150.518808011724	-17.9833903273083	22.5188080117244
37058	128	98.1675622862726	148.148998534441	-29.8324377137274	20.1489985344406
37059	128	67.790913531998	102.90718124084	-60.209086468002	-25.0928187591597
37060	128	71.8842208109428	86.9648265754763	-56.1157791890572	-41.0351734245237
37061	128	80.28627259404	134.57645334636	-47.71372740596	6.57645334636049
37062	128	115.833414753298	162.583292623351	-12.1665852467025	34.5832926233512
37063	117	72.0996580361505	113.032730825598	-44.9003419638495	-3.96726917440157
37064	117	99.6756228627259	139.316072300928	-17.3243771372741	22.3160723009282
37065	117	81.1480214948705	114.325354176844	-35.8519785051295	-2.67464582315586
37066	117	64.990229604299	103.768930141671	-52.009770395701	-13.2310698583293
37067	117	64.5593551538837	105.707865168539	-52.4406448461163	-11.2921348314607
37068	161	129.280898876404	159.393258426966	-31.7191011235955	-1.60674157303373
37069	154	145.111382510992	179.881778212018	-8.88861748900831	25.8817782120176
37070	154	158.484611626771	183.269662921348	4.48461162677089	29.2696629213483
37071	154	141.545188080117	172.749389350269	-12.4548119198828	18.7493893502687
37072	154	148.142647777235	177.028822667318	-5.85735222276503	23.028822667318
37073	154	142.971665852467	179.346849047386	-11.028334147533	25.3468490473864
37074	154	122.822667318026	176.315583781143	-31.1773326819736	22.3155837811431
37075	154	120.326331216414	178.09868099658	-33.6736687835858	24.0986809965804
37076	154	141.18856863703	178.990229604299	-12.8114313629702	24.990229604299
37077	154	149.034196384954	173.640937957987	-4.96580361504641	19.6409379579873
37078	154	148.677576941866	176.850512945774	-5.32242305813386	22.8505129457743
37079	154	139.048851978505	178.811919882755	-14.9511480214949	24.8119198827552
37080	154	117.651685393258	162.229115779189	-36.3483146067416	8.22911577918904
37081	129	114.620420127015	133.342940889106	-14.3795798729849	4.34294088910599
37082	129	134.234489496825	179.703468490474	5.23448949682461	50.7034684904739
37083	129	147.964338055691	184.696140693698	18.9643380556913	55.6961406936981
37084	140	124.962383976551	164.012212994626	-15.0376160234489	24.0122129946263
37085	140	155.988275525159	182.913043478261	15.9882755251588	42.9130434782609
37086	140	154.740107474353	187.014167073766	14.7401074743527	47.0141670737665
37087	140	153.135319980459	181.486565705911	13.1353199804592	41.4865657059111
37088	140	155.275036638984	183.447972642892	15.2750366389839	43.447972642892
37089	105	158.841231069858	191.47191011236	53.8412310698583	86.4719101123595
37090	105	110.340986809966	142.258426966292	5.34098680996581	37.2584269662921
37091	105	115.511968734734	135.839276990718	10.5119687347338	30.8392769907181
37092	105	161.159257449927	184.161211529067	56.1592574499267	79.1612115290669
37093	43	43.4943820224719	97.5075720566683	0.49438202247191	54.5075720566683
37094	69	58.2677088422081	100.897899364924	-10.7322911577919	31.8978993649243
37095	153	123.804592085979	161.317049340498	-29.1954079140205	8.31704934049827
37096	153	124.036150464094	163.169516365413	-28.9638495359062	10.1695163654128
37097	153	132.140693698095	163.632633121641	-20.8593063019052	10.6326331216414
37098	215	195.751343429409	215.008793356131	-19.2486565705911	0.0087933561309228
37099	215	177.563751831949	212.334147532975	-37.4362481680508	-2.66585246702493
37100	215	191.47191011236	214.295554469956	-23.5280898876405	-0.704445530043984
37101	215	205.38006839277	221.071323888617	-9.61993160723011	6.07132388861748
37102	215	206.093307278945	221.427943331705	-8.90669272105521	6.42794333170491
37103	215	205.736687835857	221.427943331705	-9.26331216414263	6.42794333170491
37104	215	206.271617000489	222.14118221788	-8.7283829995115	7.14118221787982
37105	215	204.845139228139	221.427943331705	-10.1548607718613	6.42794333170491
37106	215	206.80654616512	221.962872496336	-8.1934538348803	6.9628724963361
37107	215	205.558378114314	220.536394723986	-9.4416218856864	5.53639472398629
37109	196	148.142647777235	182.021494870542	-47.857352222765	-13.9785051294577
37110	204	160.089399120664	212.512457254519	-43.9106008793356	8.51245725451878
37111	204	156.879824132877	191.115290669272	-47.1201758671226	-12.8847093307279
37112	204	158.662921348315	218.218368343918	-45.3370786516854	14.2183683439179
37113	196	151.708842208109	189.153883732291	-44.2911577918906	-6.84611626770885
37114	196	148.677576941866	182.913043478261	-47.3224230581339	-13.0869565217391
37115	204	150.638983878847	193.43331704934	-53.3610161211529	-10.5666829506595
37116	204	175.780654616512	219.28822667318	-28.219345383488	15.2882266731802
37117	189	154.026868588178	187.549096238398	-34.9731314118222	-1.45090376160238
37118	189	156.52320468979	206.449926722032	-32.4767953102101	17.4499267220322
37119	189	147.42940889106	172.214460185638	-41.5705911089399	-16.7855398143625
37120	196	155.09672691744	208.054714215926	-40.9032730825598	12.0547142159257
37121	189	154.383488031265	219.109916951637	-34.6165119687347	30.1099169516365
37122	189	152.065461651197	198.247679531021	-36.9345383488031	9.24767953102099
37123	189	148.677576941866	175.424035173425	-40.3224230581339	-13.5759648265755
37124	189	147.786028334148	194.146555935515	-41.2139716658525	5.14655593551538
37125	189	149.212506106497	175.067415730337	-39.7874938935027	-13.9325842696629
37126	196	148.677576941866	190.223742061553	-47.3224230581339	-5.77625793844652
37127	189	144.041524181729	171.144601856375	-44.9584758182706	-17.8553981436248
37128	189	152.065461651197	187.549096238398	-36.9345383488031	-1.45090376160238
37129	196	149.034196384954	190.402051783097	-46.9658036150464	-5.59794821690281
37130	196	149.390815828041	191.293600390816	-46.609184171959	-4.70639960918419
37131	196	147.42940889106	184.696140693698	-48.5705911089399	-11.3038593063019
37132	196	151.887151929653	196.28627259404	-44.1128480703468	0.286272594040042
37133	196	154.026868588178	191.828529555447	-41.9731314118222	-4.17147044455299
37134	196	164.725451880801	194.681485100147	-31.2745481191988	-1.31851489985343
37135	196	149.569125549585	179.881778212018	-46.4308744504152	-16.1182217879824
37136	189	156.879824132877	191.47191011236	-32.1201758671226	2.47191011235952
37137	189	145.646311675623	188.797264289204	-43.3536883243771	-0.202735710796276
37138	189	151.352222765022	182.37811431363	-37.647777234978	-6.62188568637029
37139	196	153.848558866634	187.370786516854	-42.1514411333659	-8.62921348314609
37140	204	195.038104543234	225.885686370298	-8.961895456766	21.885686370298
37141	189	152.065461651197	178.09868099658	-36.9345383488031	-10.9013190034196
37142	201	148.320957498779	181.129946262824	-52.6790425012213	-19.8700537371764
37143	196	164.725451880801	196.642892037128	-31.2745481191988	0.642892037127524
37144	196	155.09672691744	187.905715681485	-40.9032730825598	-8.09428431851489
37145	196	150.28236443576	193.968246213972	-45.7176355642404	-2.03175378602833
37146	196	151.173913043478	194.324865657059	-44.8260869565217	-1.67513434294091
37147	196	150.638983878847	188.797264289204	-45.3610161211529	-7.20273571079628
37148	196	146.894479726429	173.462628236444	-49.1055202735711	-22.5373717635564
37149	196	152.957010258915	194.146555935515	-43.0429897410845	-1.85344406448462
37150	196	151.708842208109	181.664875427455	-44.2911577918906	-14.3351245725452
37151	158	156.344894968246	196.107962872496	-1.65510503175381	38.1079628724963
37152	158	129.2418172936	169.539814362482	-28.7581827063996	11.5398143624817
37153	158	156.701514411334	181.129946262824	-1.29848558866635	23.1299462628236
37154	158	150.995603321935	181.843185148999	-7.00439667806546	23.8431851489985
37155	158	159.911089399121	188.797264289204	1.91108939912067	30.7972642892037
37156	158	162.407425500733	212.869076697606	4.40742550073278	54.8690766976063
37157	158	162.407425500733	218.218368343918	4.40742550073278	60.2183683439179
37158	158	158.484611626771	206.093307278945	0.484611626770885	48.0933072789448
37159	158	159.911089399121	205.38006839277	1.91108939912067	47.3800683927699
37160	163	158.662921348315	192.720078163166	-4.3370786516854	29.7200781631656
37161	163	157.236443575965	190.758671226185	-5.76355642403519	27.7586712261847
37162	163	159.019540791402	195.216414264778	-3.98045920859795	32.2164142647777
37163	159	153.135319980459	193.611626770884	-5.8646800195408	34.6116267708842
37164	159	155.631656082071	182.913043478261	-3.36834391792868	23.9130434782609
37165	159	154.205178309722	194.146555935515	-4.79482169027847	35.1465559355154
37166	159	158.127992183683	185.231069858329	-0.872007816316568	26.2310698583292
37167	159	161.872496336102	212.869076697606	2.87249633610162	53.8690766976063
37168	159	144.576453346361	187.014167073766	-14.4235466536395	28.0141670737665
37169	159	156.701514411334	177.385442110405	-2.29848558866635	18.3854421104055
37170	159	156.52320468979	206.984855886663	-2.47679531021006	47.9848558866634
37171	159	159.732779677577	225.172447484123	0.732779677576929	66.1724474841231
37172	159	159.554469956033	192.898387884709	0.554469956033216	33.8983878847093
37173	159	147.42940889106	191.115290669272	-11.5705911089399	32.1152906692721
37174	159	146.359550561798	180.773326819736	-12.6404494382022	21.7733268197362
37175	159	152.422081094284	193.43331704934	-6.57791890571568	34.4333170493405
37176	159	148.677576941866	186.479237909135	-10.3224230581339	27.4792379091353
37177	159	151.708842208109	191.828529555447	-7.29115779189058	32.828529555447
37178	159	152.422081094284	191.828529555447	-6.57791890571568	32.828529555447
37179	159	144.576453346361	178.811919882755	-14.4235466536395	19.8119198827552
37180	159	141.545188080117	175.958964338056	-17.4548119198828	16.9589643380557
37181	159	142.971665852467	172.036150464094	-16.028334147533	13.0361504640938
37182	159	156.879824132877	198.960918417196	-2.12017586712261	39.9609184171959
37183	159	160.980947728383	205.201758671226	1.980947728383	46.2017586712262
37184	159	159.554469956033	195.751343429409	0.554469956033216	36.7513434294089
37186	81	42.8495359062042	117.646311675623	-38.1504640937958	36.6463116756229
37187	198	160.089399120664	204.845139228139	-37.9106008793356	6.84513922813875
37188	198	159.197850512946	178.811919882755	-38.8021494870542	-19.1880801172448
37189	85	45.1831949193942	90.7679531021006	-39.8168050806058	5.76795310210062
37190	85	55.9462628236444	117.781143136297	-29.0537371763556	32.781143136297
37191	85	42.6507083536883	92.0341963849536	-42.3492916463117	7.03419638495359
37192	85	55.52418172936	88.4465070835369	-29.47581827064	3.44650708353689
37193	85	60.3781143136297	111.027845627748	-24.6218856863703	26.0278456277479
37194	61	57.2125061064973	97.7322911577919	-3.7874938935027	36.7322911577919
37195	61	66.4982901807523	105.118710307767	5.49829018075232	44.1187103077675
37196	91	36.1084513922814	93.3004396678065	-54.8915486077186	2.30043966780653
37197	91	51.3033707865168	88.4465070835369	-39.6966292134832	-2.55349291646311
37198	91	36.95261358085	80.4269662921348	-54.04738641915	-10.5730337078652
37199	91	42.6507083536883	83.8036150464094	-48.3492916463117	-7.19638495359064
37200	91	35.6863702979971	82.9594528578407	-55.3136297020029	-8.04054714215926
37201	91	44.3390327308256	95.8329262335124	-46.6609672691744	4.83292623351244
37202	91	51.514411333659	89.0796287249634	-39.485588666341	-1.92037127503664
37203	91	59.5339521250611	130.021494870542	-31.4660478749389	39.0214948705423
37204	50	59.9560332193454	109.550561797753	9.95603321934539	59.5505617977528
37205	91	50.248168050806	97.3102100635076	-40.751831949194	6.31021006350755
37206	91	50.4592085979482	98.1543722520762	-40.5407914020518	7.1543722520762
37207	91	39.4851001465559	88.0244259892526	-51.5148998534441	-2.97557401074744
37208	61	50.0371275036639	86.9692232535418	-10.9628724963361	25.9692232535418
37209	53	55.8641914997557	90.838299951148	2.86419149975575	37.838299951148
37210	53	62.7699071812408	96.1846604787494	9.76990718124082	43.1846604787494
37211	53	63.8837322911578	96.6301905227162	10.8837322911578	43.6301905227162
37212	55	61.6560820713239	96.1846604787494	6.65608207132388	41.1846604787494
37213	53	53.4137762579385	92.6204201270151	0.413776257938451	39.6204201270151
37214	99	61.256961406937	104.442110405471	-37.743038593063	5.44211040547142
37215	164	146.564728871519	177.5261358085	-17.4352711284807	13.5261358085002
37216	164	150.004885197851	173.103077674646	-13.9951148021495	9.10307767464582
37217	165	76.5329750854909	149.021983390327	-88.4670249145091	-15.9780166096727
37218	165	108.968734733757	153.936492427943	-56.0312652662433	-11.0635075720567
37219	165	92.505129457743	135.752808988764	-72.494870542257	-29.2471910112359
37220	165	74.5671714704445	121.009281875916	-90.4328285295555	-43.990718124084
37221	165	134.52418172936	165.731314118222	-30.47581827064	0.731314118221803
37222	162	80.4645823155838	136.735710796287	-81.5354176844162	-25.2642892037127
37223	162	117.323400097704	159.588177821202	-44.6765999022961	-2.41182217879827
37224	73	17.3786028334148	84.3795798729849	-55.6213971665852	11.3795798729849
37225	34	28.7723497801661	98.9609184171959	-5.22765021983392	64.9609184171959
37226	57	56.1377625793845	118.060576453346	-0.862237420615543	61.0605764533464
37227	57	58.5950170981924	114.866145578896	1.59501709819244	57.866145578896
37228	57	51.9604298974108	108.723009281876	-5.03957010258915	51.7230092818759
37229	57	51.2232535417684	105.037127503664	-5.77674645823157	48.0371275036639
37230	57	56.3834880312652	105.037127503664	-0.616511968734756	48.0371275036639
37231	221	123.962872496336	226.593063019052	-97.0371275036639	5.59306301905224
37232	201	117.829995114802	175.780654616512	-83.1700048851979	-25.219345383488
37233	83	11.342452369321	86.1446018563752	-71.657547630679	3.14460185637517
37234	93	71.2628236443576	130.700537371764	-21.7371763556424	37.7005373717636
37235	60	27.495359062042	118.085002442599	-32.504640937958	58.0850024425989
37236	45	41.161700048852	103.262335124573	-3.83829995114803	58.2623351245725
37237	45	38.5002442598925	97.495847581827	-6.49975574010747	52.495847581827
37238	201	144.219833903273	182.556424035173	-56.7801660967269	-18.4435759648266
37240	201	118.899853444064	162.229115779189	-82.1001465559355	-38.770884220811
37241	201	150.28236443576	171.322911577919	-50.7176355642404	-29.6770884220811
37246	120	69.7298485588666	107.000488519785	-50.2701514411334	-12.9995114802149
37247	120	77.0547142159257	123.804592085979	-42.9452857840743	3.80459208597949
37248	120	67.1446018563752	108.939423546654	-52.8553981436248	-11.0605764533464
37249	194	139.23400097704	177.246702491451	-54.7659990229604	-16.7532975085491
37250	161	114.603321934538	139.040058622374	-46.3966780654617	-21.9599413776258
37251	194	121.197361993161	165.99804592086	-72.8026380068393	-28.0019540791402
37252	194	115.766976062531	140.397655105032	-78.2330239374695	-53.6023448949682
37253	194	118.870053737176	141.755251587689	-75.1299462628236	-52.2447484123107
37254	194	124.300439667807	163.864680019541	-69.6995603321935	-30.1353199804592
37255	194	121.585246702491	143.694675134343	-72.4147532975086	-50.3053248656571
37256	194	117.90034196385	142.724963361016	-76.0996580361505	-51.2750366389839
37257	194	111.379579872985	169.028822667318	-82.6204201270151	-24.971177332682
37258	199	114.756228627259	134.875427454812	-84.2437713727406	-64.1245725451881
37259	194	74.4298974108451	140.010747435271	-119.570102589155	-53.9892525647289
37260	194	91.8407425500733	166.320468978994	-102.159257449927	-27.6795310210064
37261	194	124.727894479726	175.025891548608	-69.2721055202736	-18.9741084513923
37262	194	120.80947728383	144.276502198339	-73.19052271617	-49.723497801661
37263	194	101.319980459209	182.957498778701	-92.6800195407914	-11.0425012212995
37264	194	96.8705422569614	162.838299951148	-97.1294577430386	-31.161700048852
37265	194	87.1978505129458	150.070346849047	-106.802149487054	-43.9296531509526
37266	194	148.522716170005	177.734245236932	-45.4772838299951	-16.2657547630679
37267	194	110.412310698583	135.367855398144	-83.5876893014167	-58.6321446018564
37268	194	120.85881778212	144.653639472399	-73.1411822178798	-49.3463605276014
37269	194	115.442110405471	136.722032242306	-78.5578895945286	-57.2779677576942
37270	194	117.570102589155	138.656570591109	-76.4298974108451	-55.3434294088911
37271	194	135.174401563263	173.671714704446	-58.8255984367367	-20.3282852955545
37272	194	119.891548607719	140.784562774792	-74.1084513922814	-53.2154372252076
37273	194	84.4894968246214	140.204201270151	-109.510503175379	-53.7957987298486
37274	194	134.594040058622	175.219345383488	-59.4059599413776	-18.780654616512
37275	194	141.558378114314	178.894968246214	-52.4416218856864	-15.105031753786
37276	194	124.147532975085	172.510991695164	-69.8524670249145	-21.4890083048364
37277	194	123.373717635564	175.799706888129	-70.6262823644358	-18.200293111871
37278	194	117.763556424035	173.284807034685	-76.2364435759648	-20.7151929653151
37279	194	108.67122618466	139.04347826087	-85.3287738153395	-54.9565217391304
37280	194	117.957010258915	141.945285784074	-76.0429897410845	-52.0547142159257
37281	194	108.864680019541	134.594040058622	-85.1353199804592	-59.4059599413776
37282	194	102.674157303371	175.412799218368	-91.3258426966292	-18.5872007816317
37283	194	122.599902296043	146.588177821202	-71.400097703957	-47.4118221787982
37284	194	122.793356130923	145.6209086468	-71.2066438690767	-48.3790913531998
37285	194	131.111871030777	174.832437713727	-62.8881289692233	-19.1675622862726
37286	194	152.972154372252	189.148021494871	-41.0278456277479	-4.85197850512947
37287	194	137.302393746947	178.314606741573	-56.6976062530533	-15.685393258427
37288	121	112.894968246214	156.518808011724	-8.10503175378602	35.5188080117244
37289	121	74.6849047386419	103.984367366878	-46.3150952613581	-17.0156326331216
37290	121	72.3150952613581	111.95554469956	-48.6849047386419	-9.04445530043967
37291	121	76.8392769907181	108.939423546654	-44.1607230092819	-12.0605764533464
37292	143	109.761602344895	153.869076697606	-33.238397655105	10.8690766976063
37293	106	82.4406448461163	120.788470933073	-23.5593551538837	14.7884709330728
37294	106	108.077674645823	164.52222765022	2.07767464582315	58.5222276502198
37295	106	104.846116267709	161.936980947728	-1.15388373229118	55.9369809477284
37296	106	81.1480214948705	117.987787005374	-24.8519785051295	11.9877870053737
37297	106	94.2896922325354	154.181240840254	-11.7103077674646	48.181240840254
37298	106	95.7977528089887	140.824132877382	-10.2022471910113	34.8241328773815
37299	106	77.0547142159257	111.309233023937	-28.9452857840743	5.30923302393745
37300	115	108.723986321446	136.730825598437	-6.27601367855399	21.7308255984368
37301	115	98.8138739618954	138.454323400098	-16.1861260381046	23.4543234000977
37302	121	70.3761602344895	117.987787005374	-50.6238397655105	-3.01221299462628
37304	208	163.748412310699	201.95554469956	-44.2515876893014	-6.04445530043967
37305	208	144.644846116268	188.255007327797	-63.3551538837323	-19.7449926722032
37306	208	162.976551050318	201.376648754275	-45.0234489496825	-6.62335124572547
37307	217	151.205666829507	189.798729848559	-65.7943331704934	-27.2012701514411
37308	217	118.015632633122	181.308255984367	-98.9843673668784	-35.6917440156327
37309	217	164.52027357108	207.551538837323	-52.4797264289204	-9.44846116267712
37310	42	58.8407425500733	123.712261846605	16.8407425500733	81.7122618466048
37311	101	107.00293111871	153.445041524182	6.00293111871031	52.4450415241817
37312	101	73.3385442110405	119.534929164631	-27.6614557889595	18.5349291646311
37313	19	55.8920371275037	99.3854421104054	36.8920371275037	80.3854421104054
37314	122	58.5950170981924	102.579872984856	-63.4049829018076	-19.4201270151441
37315	122	74.8128969223254	129.855398143625	-47.1871030776746	7.85539814362483
37316	41	65.7210552027357	122.975085490962	24.7210552027357	81.9750854909624
37317	125	91.4743527112848	133.579872984856	-33.5256472887152	8.57987298485588
37318	122	99.5505617977528	125.52808988764	-22.4494382022472	3.52808988764045
37319	122	100.314606741573	134.887640449438	-21.685393258427	12.8876404494382
37320	122	86.752808988764	119.797752808989	-35.247191011236	-2.20224719101125
37321	122	100.696629213483	139.47191011236	-21.3033707865169	17.4719101123596
37322	122	106.61797752809	136.224719101124	-15.3820224719101	14.2247191011236
37323	122	94.2022471910112	130.494382022472	-27.7977528089888	8.49438202247191
37324	122	94.3932584269663	154.943820224719	-27.6067415730337	32.9438202247191
37325	122	92.2921348314607	129.539325842697	-29.7078651685393	7.53932584269663
37326	125	87.1348314606741	126.865168539326	-37.8651685393259	1.86516853932585
37327	130	112.157303370787	156.089887640449	-17.8426966292135	26.0898876404494
37328	130	54.4719101123596	252.168539325843	-75.5280898876404	122.168539325843
37330	130	103.561797752809	141	-26.438202247191	11
37331	130	120.943820224719	200.786516853933	-9.0561797752809	70.7865168539326
37332	130	78.1573033707865	175.573033707865	-51.8426966292135	45.5730337078651
37337	130	109.955056179775	138.914509037616	-20.0449438202247	8.91450903761603
37339	130	39.2711284807035	151.107962872496	-90.7288715192965	21.1079628724963
37340	130	91.4743527112848	211.884709330728	-38.5256472887152	81.8847093307279
37342	130	72.6126038104543	131.674645823156	-57.3873961895457	1.67464582315583
37343	130	105.763556424035	155.871030776746	-24.2364435759648	25.8710307767464
37344	137	69.1831949193942	159.681485100147	-67.8168050806058	22.6814851001465
37347	137	94.3321934538349	133.389350268686	-42.6678065461651	-3.61064973131411
37348	125	88.4719101123596	138.325842696629	-36.5280898876404	13.3258426966292
37349	125	90.9027845627748	139.676599902296	-34.0972154372252	14.676599902296
