36455	280	277.248656570591	282.47191011236	-2.75134342940891	2.47191011235952
36456	280	289.629702002931	294.659501709819	9.62970200293114	14.6595017098192
36457	280	290.983878847093	295.433317049341	10.9838788470933	15.4333170493405
36458	280	290.403517342452	295.433317049341	10.4035173424523	15.4333170493405
36459	280	243.394235466536	248.424035173425	-36.6057645334636	-31.5759648265755
36460	280	277.442110405471	286.147532975085	-2.55788959452855	6.14753297508548
36461	320	329.76404494382	338.494382022472	9.76404494382024	18.4943820224719
36463	344	309.707865168539	318.910112359551	-34.2921348314607	-25.0898876404494
36465	344	315.842696629213	323.393258426966	-28.1573033707865	-20.6067415730337
36466	344	318.674157303371	326.224719101124	-25.3258426966292	-17.7752808988764
36467	344	316.786516853933	323.865168539326	-27.2134831460674	-20.1348314606741
36468	341	330.23595505618	337.786516853933	-10.7640449438202	-3.2134831460674
36469	341	334.483146067416	342.505617977528	-6.5168539325843	1.50561797752806
36470	341	327.640449438202	334.719101123596	-13.3595505617978	-6.28089887640448
36471	341	325.752808988764	334.011235955056	-15.2471910112359	-6.98876404494382
36472	341	318.910112359551	326.460674157303	-22.0898876404494	-14.5393258426967
36473	341	310.651685393258	320.089887640449	-30.3483146067416	-20.9101123595506
36474	341	321.269662921348	329.056179775281	-19.7303370786517	-11.9438202247191
36475	341	321.977528089888	327.876404494382	-19.0224719101124	-13.123595505618
36476	341	334.247191011236	340.61797752809	-6.75280898876406	-0.382022471910147
36477	341	341.797752808989	348.168539325843	0.797752808988776	7.16853932584269
36478	380	325.280898876404	331.179775280899	-54.7191011235955	-48.8202247191011
36479	380	330.943820224719	336.606741573034	-49.0561797752809	-43.3932584269663
36480	380	326.460674157303	331.887640449438	-53.5393258426967	-48.1123595505618
36481	380	325.044943820225	330.47191011236	-54.9550561797753	-49.5280898876405
36482	380	334.483146067416	340.61797752809	-45.5168539325843	-39.3820224719101
36483	380	343.921348314607	348.876404494382	-36.0786516853933	-31.123595505618
36484	370	343.213483146067	348.168539325843	-26.7865168539326	-21.8314606741573
36485	370	339.438202247191	344.393258426966	-30.561797752809	-25.6067415730337
36486	370	327.640449438202	332.595505617977	-42.3595505617978	-37.4044943820225
36487	380	331.415730337079	336.370786516854	-48.5842696629214	-43.6292134831461
36488	320	285.180263800684	295.626770884221	-34.8197361993161	-24.3732291157792
36493	345	323.871030776746	331.028822667318	-21.1289692232535	-13.971177332682
36494	345	315.745969711773	321.549584758183	-29.2540302882267	-23.4504152418173
36496	345	305.106008793356	314.778700537372	-39.8939912066439	-30.2212994626283
36498	405	353.500244259892	357.696140693698	-51.4997557401075	-47.3038593063019
36499	327	295.820224719101	306.653639472399	-31.1797752808989	-20.3463605276014
36501	309	248.230581338544	254.421104054714	-60.7694186614558	-54.5788959452858
36502	309	303.364924279433	308.975085490962	-5.6350757205667	-0.0249145090376146
36503	327	312.844162188569	319.61504640938	-14.1558378114314	-7.38495359062046
36504	327	309.555446995603	316.519785051295	-17.4445530043967	-10.4802149487055
36505	327	311.103077674646	316.713238886175	-15.8969223253542	-10.2867611138251
36506	327	311.296531509526	316.906692721055	-15.7034684904739	-10.0933072789448
36507	327	309.748900830484	315.745969711773	-17.2510991695164	-11.2540302882267
36508	327	310.716170004885	316.519785051295	-16.2838299951148	-10.4802149487055
36509	327	310.135808500244	315.745969711773	-16.8641914997557	-11.2540302882267
36510	327	310.135808500244	315.745969711773	-16.8641914997557	-11.2540302882267
36511	327	309.942354665364	315.745969711773	-17.057645334636	-11.2540302882267
36512	327	310.716170004885	316.519785051295	-16.2838299951148	-10.4802149487055
36513	327	314.004885197851	319.61504640938	-12.9951148021495	-7.38495359062046
36514	327	313.037616023449	318.841231069858	-13.9623839765511	-8.15876893014166
36515	327	313.037616023449	321.162677088422	-13.9623839765511	-5.83732291157793
36516	327	313.037616023449	319.61504640938	-13.9623839765511	-7.38495359062046
36517	327	305.492916463117	311.876893014167	-21.5070835368832	-15.1231069858329
36518	327	312.844162188569	318.841231069858	-14.1558378114314	-8.15876893014166
36519	327	315.939423546654	323.290669272106	-11.0605764533464	-3.7093307278945
36520	327	313.81143136297	319.80850024426	-13.1885686370298	-7.1914997557401
36521	345	317.873961895457	326.772838299951	-27.1260381045432	-18.2271617000488
36522	345	317.100146555936	323.097215437225	-27.8998534440645	-21.9027845627748
36523	345	319.421592574499	326.385930630191	-25.5784074255008	-18.6140693698095
36524	345	320.969223253542	326.966292134831	-24.0307767464582	-18.0337078651685
36525	345	306.266731802638	314.585246702491	-38.733268197362	-30.4147532975086
36526	345	318.841231069858	325.418661455789	-26.1587689301417	-19.5813385442111
36527	274	298.722032242306	307.040547142159	24.7220322423058	33.0405471421593
36528	274	299.882755251588	307.040547142159	25.8827552515877	33.0405471421593
36529	274	306.653639472399	312.844162188569	32.6536394723986	38.8441621885686
36530	274	303.558378114314	310.135808500244	29.5583781143137	36.1358085002443
36531	274	302.010747435271	308.781631656082	28.0107474352711	34.781631656082
36532	274	306.847093307279	315.552515876893	32.8470933072789	41.552515876893
36533	274	296.400586223742	305.106008793356	22.400586223742	31.1060087933561
36534	345	302.397655105032	311.683439179287	-42.6023448949683	-33.3165608207132
36536	321	319.839765510503	324.513922813874	-1.16023448949682	3.51392281387393
36537	321	327.155837811431	331.220322423058	6.15583781143135	10.2203224230581
36538	304	267.204689789936	274.114313629702	-36.7953102100635	-29.885686370298
36539	304	291.185148998534	295.656082071324	-12.8148510014656	-8.34391792867609
36540	304	295.04640937958	299.720566682951	-8.95359062042013	-4.27943331704932
36541	304	283.259404005862	288.136785539814	-20.7405959941378	-15.8632144601856
36542	304	274.317537860283	281.43038593063	-29.6824621397167	-22.5696140693698
36543	304	276.756228627259	284.885197850513	-27.2437713727406	-19.114802149487
36544	317	303.945285784074	309.168539325843	-13.0547142159257	-7.83146067415731
36545	316	314.198339032731	319.228138739619	-1.80166096726919	3.22813873961894
36546	316	309.168539325843	314.198339032731	-6.83146067415731	-1.80166096726919
36547	316	313.42452369321	318.454323400098	-2.57547630679039	2.45432340009768
36548	316	317.100146555936	322.129946262824	1.10014655593551	6.12994626282364
36549	316	318.647777234978	323.290669272106	2.64777723497804	7.2906692721055
36550	316	313.42452369321	319.228138739619	-2.57547630679039	3.22813873961894
36551	316	313.231069858329	320.195407914021	-2.76893014167075	4.19540791402051
36552	316	313.42452369321	318.067415730337	-2.57547630679039	2.06741573033707
36553	316	314.004885197851	318.647777234978	-1.99511480214949	2.64777723497804
36554	316	314.198339032731	320.969223253542	-1.80166096726919	4.96922325354177
36555	316	311.103077674646	317.873961895457	-4.89692232535418	1.87396189545677
36556	316	306.847093307279	313.61797752809	-9.1529066927211	-2.38202247191009
36557	316	312.263800683928	320.388861748901	-3.73619931607232	4.38886174890081
36558	316	313.42452369321	318.647777234978	-2.57547630679039	2.64777723497804
36559	316	311.876893014167	318.454323400098	-4.12310698583292	2.45432340009768
36560	317	304.525647288715	309.942354665364	-12.4743527112848	-7.05764533463605
36561	317	303.945285784074	308.394723986321	-13.0547142159257	-8.60527601367858
36562	317	304.138739618955	309.168539325843	-12.8612603810454	-7.83146067415731
36563	317	308.007816316561	312.844162188569	-8.99218368343918	-4.15583781143141
36564	316	308.975085490962	318.647777234978	-7.02491450903761	2.64777723497804
36566	348	280.730825598437	286.534440644846	-67.2691744015633	-61.4655593551539
36567	348	305.106008793356	309.942354665364	-42.8939912066439	-38.057645334636
36568	348	295.626770884221	300.850024425989	-52.3732291157792	-47.1499755740108
36569	348	304.719101123595	310.135808500244	-43.2808988764045	-37.8641914997557
36570	348	303.171470444553	309.168539325843	-44.828529555447	-38.8314606741573
36571	348	304.719101123595	308.975085490962	-43.2808988764045	-39.0249145090376
36572	287	278.797752808989	288.47191011236	-8.20224719101122	1.47191011235952
36573	287	277.38202247191	287.52808988764	-9.61797752808991	0.528089887640419
36574	344	335.898876404494	347.460674157303	-8.10112359550561	3.46067415730334
36575	344	336.134831460674	343.213483146067	-7.86516853932585	-0.786516853932596
36576	344	306.640449438202	323.865168539326	-37.3595505617978	-20.1348314606741
36577	332	301.551050317538	311.541279921837	-30.4489496824622	-20.4587200781632
36578	340	257.394235466536	266.185637518319	-82.6057645334636	-73.8143624816805
36580	308	301.280898876404	316.651685393258	-6.71910112359552	8.65168539325845
36581	292	281.157303370787	292.483146067416	-10.8426966292135	0.483146067415703
36582	294	296.494382022472	306.168539325843	2.49438202247188	12.1685393258427
36583	294	302.157303370787	310.651685393258	8.15730337078651	16.6516853932584
36584	294	299.089887640449	305.224719101124	5.08988764044943	11.2247191011236
36585	294	292.011235955056	301.449438202247	-1.98876404494382	7.44943820224717
36586	292	265.348314606742	281.865168539326	-26.6516853932584	-10.1348314606741
36587	292	272.898876404494	288.707865168539	-19.1011235955056	-3.29213483146066
36588	294	290.359550561798	298.61797752809	-3.64044943820227	4.61797752808985
36589	294	294.134831460674	300.269662921348	0.13483146067415	6.2696629213483
36590	294	290.123595505618	294.842696629213	-3.87640449438203	0.842696629213492
36591	294	290.831460674157	295.786516853933	-3.16853932584269	1.7865168539326
36592	294	293.426966292135	300.505617977528	-0.573033707865193	6.50561797752806
36593	294	292.719101123596	299.561797752809	-1.28089887640448	5.56179775280896
36594	294	292.247191011236	298.85393258427	-1.75280898876406	4.85393258426967
36595	315	287.292134831461	294.370786516854	-27.7078651685393	-20.6292134831461
36596	315	290.123595505618	295.786516853933	-24.876404494382	-19.2134831460674
36597	315	288.47191011236	293.662921348315	-26.5280898876405	-21.3370786516854
36598	315	290.359550561798	296.258426966292	-24.6404494382023	-18.7415730337079
36599	315	280.449438202247	288.943820224719	-34.5505617977528	-26.0561797752809
36600	315	292.011235955056	299.089887640449	-22.9887640449438	-15.9101123595506
36601	315	277.38202247191	285.876404494382	-37.6179775280899	-29.123595505618
36602	315	283.280898876404	295.314606741573	-31.7191011235955	-19.685393258427
36607	293	296.980947728383	301.43038593063	3.980947728383	8.43038593063022
36608	293	300.850024425989	305.106008793356	7.8500244259892	12.1060087933561
36609	293	301.817293600391	306.460185637518	8.81729360039083	13.4601856375183
36610	293	302.204201270151	306.847093307279	9.20420127015143	13.8470933072789
36611	293	306.073277967758	311.103077674646	13.0732779677577	18.1030776746458
36612	384	324.838299951148	331.609184171959	-59.161700048852	-52.3908158280411
36613	384	355.404005862237	359.659990229604	-28.5959941377626	-24.3400097703957
36614	384	355.404005862237	359.273082559844	-28.5959941377626	-24.7269174401563
36615	384	343.409868099658	347.278944797264	-40.590131900342	-36.7210552027357
36616	384	361.401074743527	365.270151441133	-22.5989252564729	-18.7298485588666
36618	384	356.564728871519	360.627259404006	-27.4352711284807	-23.3727405959942
36619	384	364.302882266732	367.591597459697	-19.6971177332682	-16.4084025403029
36620	384	363.529066927211	366.430874450415	-20.4709330727895	-17.5691255495848
36621	384	360.046897899365	363.915974596971	-23.9531021006351	-20.0840254030288
36622	384	358.305813385442	362.94870542257	-25.6941866145579	-21.0512945774304
36623	293	282.369809477284	289.362970200293	-10.6301905227161	-3.63702979970691
36624	294	294.757694186615	302.350268685882	0.757694186614572	8.35026868588176
36625	293	288.963361016121	296.755740107474	-4.03663898387885	3.75574010747437
36626	293	293.958475818271	301.351245725452	0.958475818270642	8.35124572545186
36627	293	286.365901319003	293.558866634099	-6.6340986809966	0.558866634098649
36628	293	285.167073766488	294.158280410357	-7.83292623351247	1.15828041035661
36629	305	320.449438202247	326.342940889106	15.4494382022472	21.342940889106
36630	305	319.026868588178	324.107474352711	14.0268685881778	19.1074743527113
36631	256	314.972154372252	321.162677088422	58.9721543722521	65.1626770884221
36632	256	317.680508060576	323.484123106986	61.6805080605765	67.4841231069858
36633	256	270.67122618466	275.894479726429	14.6712261846604	19.8944797264289
36634	370	323.484123106986	330.255007327797	-46.5158768930142	-39.7449926722032
36635	370	339.734245236932	345.150952613581	-30.2657547630679	-24.8490473864192
36636	256	253.840742550073	262.933072789448	-2.15925744992674	6.93307278944798
36637	256	270.09086468002	278.022471910112	14.0908646800195	22.0224719101124
36638	256	269.510503175379	276.087933561309	13.5105031753786	20.0879335613092
36639	266	297.948216902785	304.138739618955	31.9482169027846	38.1387396189546
36640	300	298.335124572545	304.719101123595	-1.66487542745483	4.71910112359546
36641	300	259.257449926722	266.995603321935	-40.742550073278	-33.0043966780655
36642	300	296.013678553981	303.558378114314	-3.98632144601856	3.55837811431365
36643	300	268.349780166097	276.087933561309	-31.6502198339033	-23.9120664386908
36644	300	261.385442110406	268.930141670738	-38.6145578895945	-31.0698583292623
36645	314	308.588177821202	314.585246702491	-5.41182217879827	0.585246702491418
36648	280	281.117733268197	290.210063507572	1.11773326819736	10.210063507572
36649	277	260.031265266243	280.730825598437	-16.9687347337567	3.7308255984367
36650	277	291.757694186615	300.463116756229	14.7576941866146	23.4631167562286
36651	315	293.426966292135	298.14606741573	-21.5730337078652	-16.8539325842697
36652	315	292.483146067416	298.14606741573	-22.5168539325843	-16.8539325842697
36653	315	283.988764044944	290.595505617977	-31.0112359550562	-24.4044943820225
36654	315	283.044943820225	289.651685393258	-31.9550561797753	-25.3483146067416
36655	315	275.494382022472	283.280898876404	-39.5056179775281	-31.7191011235955
36656	315	277.14606741573	284.224719101124	-37.8539325842697	-30.7752808988764
36657	315	283.988764044944	291.067415730337	-31.0112359550562	-23.9325842696629
36658	315	285.168539325843	292.483146067416	-29.8314606741573	-22.5168539325843
36659	315	296.022471910112	301.685393258427	-18.9775280898876	-13.314606741573
36660	348	346.752808988764	353.123595505618	-1.24719101123594	5.12359550561797
36661	348	342.977528089888	349.584269662921	-5.02247191011236	1.58426966292132
36662	348	332.831460674157	339.202247191011	-15.1685393258427	-8.79775280898878
36663	348	345.573033707865	352.179775280899	-2.42696629213486	4.17977528089887
36664	348	323.157303370787	332.123595505618	-24.8426966292135	-15.876404494382
36665	348	336.606741573034	343.213483146067	-11.3932584269663	-4.7865168539326
36666	348	338.966292134831	346.280898876404	-9.03370786516854	-1.71910112359552
36667	348	344.629213483146	351.943820224719	-3.37078651685397	3.9438202247191
36668	348	321.505617977528	327.168539325843	-26.4943820224719	-20.8314606741573
36669	348	325.988764044944	335.426966292135	-22.0112359550562	-12.5730337078652
36670	329	312.539325842697	317.966292134831	-16.4606741573034	-11.0337078651685
36671	329	323.157303370787	328.820224719101	-5.84269662921349	-0.179775280898866
36672	329	334.483146067416	344.629213483146	5.4831460674157	15.629213483146
36673	324	318.454323400098	323.677576941866	-5.54567659990232	-0.322423058133836
36674	324	316.326331216414	322.129946262824	-7.67366878358575	-1.87005373717636
36675	235	258.505617977528	272.426966292135	23.5056179775281	37.4269662921348
36676	339	308.007816316561	314.778700537372	-30.9921836834392	-24.2212994626283
36677	326	310.909623839766	316.519785051295	-15.0903761602345	-9.48021494870545
36678	339	317.873961895457	323.290669272106	-21.1260381045432	-15.7093307278945
36679	336	323.871030776746	332.963361016121	-12.1289692232535	-3.03663898387885
36680	336	322.129946262824	327.740107474353	-13.8700537371764	-8.25989252564727
36681	336	315.939423546654	320.775769418661	-20.0605764533464	-15.2242305813385
36682	339	325.418661455789	331.415730337079	-13.5813385442111	-7.58426966292137
36683	339	318.841231069858	324.451392281387	-20.1587689301417	-14.5486077186126
36684	339	310.909623839766	317.680508060576	-28.0903761602345	-21.3194919394235
36685	339	319.80850024426	325.418661455789	-19.1914997557401	-13.5813385442111
36686	339	318.260869565217	322.710307767465	-20.7391304347826	-16.2896922325354
36687	333	316.132877381534	320.775769418661	-16.8671226184661	-12.2242305813385
36688	333	314.972154372252	320.195407914021	-18.0278456277479	-12.8045920859795
36689	361	328.127015144113	332.57645334636	-32.8729848558867	-28.4235466536395
36690	361	331.609184171959	335.284807034685	-29.3908158280411	-25.7151929653151
36691	361	332.38299951148	336.058622374206	-28.6170004885198	-24.9413776257938
36692	359	324.064484611627	327.933561309233	-34.9355153883732	-31.066438690767
36693	359	327.740107474353	332.963361016121	-31.2598925256473	-26.0366389838788
36694	367	323.097215437225	327.159745969712	-43.9027845627748	-39.8402540302882
36695	367	320.969223253542	326.19247679531	-46.0307767464582	-40.8075232046898
36696	365	319.61504640938	324.451392281387	-45.3849535906205	-40.5486077186126
36697	337	318.841231069858	327.353199804592	-18.1587689301417	-9.64680019540793
36698	337	322.323400097704	327.353199804592	-14.6765999022961	-9.64680019540793
36699	337	318.454323400098	326.579384465071	-18.5456765999023	-10.4206155349292
36700	337	311.296531509526	320.775769418661	-25.7034684904739	-16.2242305813385
36701	337	321.356130923302	328.320468978994	-15.6438690766976	-8.67953102100637
36702	337	319.228138739619	327.933561309233	-17.7718612603811	-9.06643869076697
36704	324	289.752808988764	304.719101123596	-34.2471910112359	-19.2808988764045
36705	324	262.85393258427	274.38202247191	-61.1460674157304	-49.6179775280899
36706	332	282.369809477284	290.561797752809	-49.6301905227161	-41.438202247191
36708	337	310.716170004885	316.713238886175	-26.2838299951148	-20.2867611138251
36709	337	299.882755251588	306.653639472399	-37.1172447484123	-30.3463605276014
36710	337	302.204201270151	307.6209086468	-34.7957987298486	-29.3790913531998
36711	337	305.299462628236	311.103077674646	-31.7005373717636	-25.8969223253542
36712	337	306.460185637518	312.263800683928	-30.5398143624817	-24.7361993160723
36713	380	331.521739130435	335.917440156326	-48.4782608695652	-44.0825598436737
36714	337	305.106008793356	310.909623839766	-31.8939912066439	-26.0903761602345
36715	337	300.269662921348	305.106008793356	-36.7303370786517	-31.8939912066439
36716	337	291.951148021495	297.367855398144	-45.0488519785051	-39.6321446018563
36717	337	299.689301416707	305.879824132877	-37.3106985832926	-31.1201758671226
36718	337	288.85588666341	296.400586223742	-48.1441133365902	-40.599413776258
36719	337	287.308255984367	294.8529555447	-49.6917440156327	-42.1470444553005
36720	337	311.683439179287	316.132877381534	-25.3165608207132	-20.8671226184661
36721	337	295.820224719101	302.591108939912	-41.1797752808989	-34.408891060088
36722	337	288.468978993649	296.400586223742	-48.5310210063508	-40.599413776258
36723	337	295.23986321446	302.784562774792	-41.7601367855398	-34.2154372252077
36724	285	307.23400097704	318.647777234978	22.2340009770396	33.647777234978
36725	323	317.873961895457	328.513922813874	-5.12603810454323	5.51392281387393
36726	323	321.356130923302	328.320468978994	-1.64386907669763	5.32046897899363
36727	323	308.007816316561	315.939423546654	-14.9921836834392	-7.06057645334636
36728	323	312.650708353688	320.969223253542	-10.3492916463117	-2.03077674645823
36729	323	313.037616023449	320.195407914021	-9.96238397655105	-2.80459208597949
36730	323	308.201270151441	313.61797752809	-14.7987298485589	-9.38202247191009
36731	323	303.364924279433	308.007816316561	-19.6350757205667	-14.9921836834392
36732	360	345.337078651685	351.47191011236	-14.6629213483146	-8.52808988764048
36733	360	347.932584269663	355.011235955056	-12.0674157303371	-4.98876404494382
36734	360	358.078651685393	365.629213483146	-1.92134831460675	5.62921348314603
36735	360	351.47191011236	357.842696629213	-8.52808988764048	-2.15730337078651
36736	360	345.101123595506	350.292134831461	-14.8988764044944	-9.70786516853934
36737	360	360.438202247191	366.808988764045	0.438202247190986	6.80898876404495
36738	360	355.955056179775	363.977528089888	-4.04494382022472	3.97752808988764
36739	360	342.505617977528	349.112359550562	-17.4943820224719	-10.8876404494382
36740	360	350.292134831461	358.550561797753	-9.70786516853934	-1.44943820224722
36741	360	344.157303370787	352.179775280899	-15.8426966292135	-7.82022471910113
36742	360	356.191011235955	362.561797752809	-3.80898876404495	2.56179775280896
36743	360	356.662921348315	363.977528089888	-3.33707865168543	3.97752808988764
36744	360	354.775280898876	360.674157303371	-5.22471910112358	0.674157303370748
36745	320	295.157303370787	307.545188080117	-24.8426966292135	-12.4548119198828
36746	320	301.151441133366	312.340498290181	-18.8485588666341	-7.65950170981927
36747	326	325.031753786028	329.868099658036	-0.968246213971668	3.86809965803616
36748	326	324.451392281387	327.933561309233	-1.54860771861263	1.93356130923303
36749	326	323.677576941866	329.868099658036	-2.32242305813384	3.86809965803616
36750	326	326.772838299951	330.641914997557	0.772838299951161	4.64191499755742
36751	326	327.740107474353	331.028822667318	1.74010747435273	5.02882266731802
36752	326	326.19247679531	329.287738153395	0.192476795310199	3.2877381533952
36753	299	315.165608207132	318.841231069858	16.1656082071324	19.8412310698583
36754	337	329.094284318515	332.963361016121	-7.90571568148511	-4.03663898387885
36755	337	328.707376648754	336.058622374206	-8.29262335124571	-0.941377625793848
36756	337	329.287738153395	332.769907181241	-7.7122618466048	-4.23009281875915
36757	362	314.426966292135	324.101123595506	-47.5730337078652	-37.8988764044944
36758	362	330.23595505618	336.606741573034	-31.7640449438202	-25.3932584269663
36759	362	314.662921348315	322.213483146067	-47.3370786516854	-39.7865168539326
36760	362	317.494382022472	326.460674157303	-44.5056179775281	-35.5393258426967
36761	362	296.022471910112	304.988764044944	-65.9775280898876	-57.0112359550562
36762	362	294.842696629213	303.101123595506	-67.1573033707865	-58.8988764044944
36766	378	369.719589643381	373.782120175867	-8.28041035661943	-4.21787982413286
36771	378	367.011235955056	370.880312652662	-10.9887640449438	-7.11968734733756
36772	378	367.591597459697	372.621397166585	-10.4084025403029	-5.37860283341479
36773	348	322.323400097704	327.546653639472	-25.6765999022961	-20.4533463605276
36774	348	321.743038593063	325.80556912555	-26.256961406937	-22.1944308744504
36775	348	308.201270151441	313.61797752809	-39.7987298485589	-34.3820224719101
36776	348	321.162677088422	325.418661455789	-26.8373229115779	-22.5813385442111
36777	348	335.671714704446	341.475329750855	-12.3282852955545	-6.52467024914512
36778	348	326.966292134831	331.802638006839	-21.0337078651685	-16.1973619931607
36779	348	331.802638006839	336.638983878847	-16.1973619931607	-11.3610161211529
36780	348	326.385930630191	332.1895456766	-21.6140693698095	-15.8104543234001
36781	348	325.418661455789	331.222276502198	-22.5813385442111	-16.7777234978017
36782	348	325.99902296043	331.028822667318	-22.0009770395701	-16.971177332682
36783	348	329.287738153395	333.543722520762	-18.7122618466048	-14.4562774792379
36784	348	321.743038593063	326.19247679531	-26.256961406937	-21.8075232046898
36785	348	322.323400097704	326.579384465071	-25.6765999022961	-21.4206155349292
36786	348	322.516853932584	326.579384465071	-25.4831460674158	-21.4206155349292
36787	348	330.061553492916	335.865168539326	-17.9384465070835	-12.1348314606741
36788	348	333.543722520762	337.606253053249	-14.4562774792379	-10.3937469467514
36789	348	326.966292134831	331.028822667318	-21.0337078651685	-16.971177332682
36790	348	318.647777234978	323.484123106986	-29.352222765022	-24.5158768930142
36791	345	300.352222765022	307.744992672203	-44.647777234978	-37.2550073277968
36792	343	315.33756717147	322.530532486566	-27.6624328285296	-20.4694675134343
36793	343	321.731314118222	326.526624328285	-21.2686858817782	-16.4733756717147
36794	343	323.929164631168	328.324865657059	-19.0708353688324	-14.6751343429409
36795	343	321.531509526136	326.926233512457	-21.4684904738642	-16.0737664875427
36796	343	323.32975085491	328.724474841231	-19.6702491450904	-14.2755251587689
36797	345	326.726428920371	332.720566682951	-18.2735710796287	-12.2794333170493
36798	343	320.932095749878	327.525647288715	-22.0679042501221	-15.4743527112848
36799	343	323.129946262824	328.524670249145	-19.8700537371764	-14.4753297508549
36800	343	328.125061064973	335.517830972154	-14.8749389350269	-7.48216902784566
36801	345	325.927210552027	331.721543722521	-19.0727894479726	-13.2784562774792
36802	365	325.527601367855	331.721543722521	-39.4723986321446	-33.2784562774792
36803	345	326.326819736199	330.922325354177	-18.6731802638007	-14.0776746458232
36804	358	318.934049829018	324.128969223254	-39.0659501709819	-33.8710307767465
36805	378	327.126038104543	334.319003419638	-50.8739618954568	-43.6809965803615
36806	378	331.122129946263	337.915486077186	-46.8778700537372	-40.0845139228139
36807	345	330.722520762091	336.516853932584	-14.2774792379091	-8.48314606741576
36808	345	332.720566682951	337.7156814851	-12.2794333170493	-7.28431851489984
36809	345	313.938935026869	319.133854421104	-31.0610649731314	-25.866145578896
36810	345	328.125061064973	334.71861260381	-16.8749389350269	-10.2813873961895
36811	345	328.724474841231	333.519785051295	-16.2755251587689	-11.4802149487055
36812	345	329.523693209575	335.118221787982	-15.476306790425	-9.88177821201759
36813	345	332.720566682951	337.915486077186	-12.2794333170493	-7.08451392281387
36814	345	328.724474841231	333.719589643381	-16.2755251587689	-11.2804103566194
36815	345	335.118221787982	339.314118221788	-9.88177821201759	-5.68588177821204
36816	345	324.32877381534	330.722520762091	-20.6712261846605	-14.2774792379091
36817	345	328.125061064973	332.720566682951	-16.8749389350269	-12.2794333170493
36818	345	329.723497801661	334.119198827553	-15.276502198339	-10.8808011724475
36819	343	326.726428920371	333.519785051295	-16.2735710796287	-9.48021494870545
36820	343	323.529555446996	329.523693209575	-19.4704445530044	-13.476306790425
36821	343	333.319980459209	337.316072300928	-9.68001954079142	-5.68392769907183
36822	343	335.71763556424	339.913531998046	-7.28236443575963	-3.08646800195407
36823	356	326.926233512457	333.919394235467	-29.0737664875427	-22.0806057645335
36824	345	353.700048851979	361.892037127504	8.70004885197852	16.8920371275037
36825	345	330.722520762091	335.917440156326	-14.2774792379091	-9.08255984367366
36826	345	327.925256472887	333.319980459209	-17.0747435271128	-11.6800195407914
36827	373	343.603321934538	346.892037127504	-29.3966780654617	-26.1079628724963
36828	373	325.418661455789	330.835368832438	-47.5813385442111	-42.1646311675623
36829	373	347.085490962384	350.76111382511	-25.914509037616	-22.2388861748901
36830	325	307.345383488031	315.33756717147	-17.6546165119688	-9.66243282852957
36831	384	341.797752808989	346.044943820225	-42.2022471910112	-37.9550561797753
36832	384	326.460674157303	330.943820224719	-57.5393258426967	-53.0561797752809
36833	384	352.415730337079	356.426966292135	-31.5842696629214	-27.5730337078652
36834	290	285.876404494382	294.134831460674	-4.12359550561797	4.13483146067415
36835	267	274.786516853933	282.573033707865	7.7865168539326	15.5730337078651
36836	267	266.52808988764	275.966292134831	-0.471910112359581	8.96629213483146
36837	271	270.539325842697	279.505617977528	-0.460674157303401	8.50561797752806
36838	283	273.606741573034	281.157303370787	-9.39325842696633	-1.84269662921349
36839	271	266.76404494382	275.494382022472	-4.23595505617976	4.49438202247188
36840	271	277.85393258427	286.348314606742	6.85393258426967	15.3483146067416
36841	307	297.95456765999	303.549096238398	-9.04543234000977	-3.45090376160238
36842	307	300.552027357108	306.546165119687	-6.44797264289207	-0.453834880312684
36843	301	282.769418661456	292.959452857841	-18.2305813385442	-8.04054714215926
36844	242	276.375671714704	281.770395701026	34.3756717147045	39.7703957010259
36845	242	277.974108451392	284.767464582316	35.9741084513923	42.7674645823156
36847	289	290.961406936981	297.95456765999	1.96140693698095	8.95456765999023
36848	276	279.372740595994	287.364924279433	3.37274059599417	11.3649242794333
36849	303	290.595505617977	299.797752808989	-12.4044943820225	-3.20224719101122
36850	294	287.888617489008	296.787493893503	-6.11138251099169	2.78749389350264
36851	294	295.626770884221	305.879824132877	1.62677088422083	11.8798241328774
36852	294	297.561309233024	307.23400097704	3.56130923302396	13.2340009770396
36853	294	295.04640937958	302.978016609673	1.04640937957987	8.97801660967269
36854	294	302.591108939912	313.231069858329	8.59110893991203	19.2310698583292
36855	294	302.784562774792	309.942354665364	8.78456277479233	15.942354665364
36856	294	293.111871030777	300.656570591109	-0.88812896922326	6.6565705911089
36857	294	312.650708353688	321.936492427943	18.6507083536883	27.9364924279433
36858	294	303.171470444553	312.070346849047	9.17147044455299	18.0703468490474
36859	393	365.288715192965	371.482657547631	-27.7112848070347	-21.5173424523693
36860	411	357.496336101612	363.490473864191	-53.5036638983879	-47.5095261358085
36861	393	373.081094284319	380.074255007328	-19.9189057156815	-12.9257449926722
36862	393	337.515876893014	343.70981924768	-55.4841231069859	-49.2901807523205
36863	393	357.09672691744	363.290669272106	-35.9032730825598	-29.7093307278945
36864	393	347.106497313141	352.301416707377	-45.8935026868588	-40.6985832926234
36865	393	341.112359550562	345.308255984367	-51.8876404494382	-47.6917440156327
36866	393	351.901807523205	357.09672691744	-41.0981924767953	-35.9032730825598
36867	393	328.924279433317	334.119198827553	-64.0757205666829	-58.8808011724475
36868	393	331.921348314607	337.915486077186	-61.0786516853933	-55.0845139228139
36869	370	356.420127015144	359.874938935027	-13.5798729848559	-10.1250610649731
36870	370	359.468490473864	363.32975085491	-10.5315095261358	-6.67024914509039
36871	370	351.542745481192	356.420127015144	-18.457254518808	-13.5798729848559
36872	370	362.516853932584	366.581338544211	-7.48314606741576	-3.41866145578899
36873	370	359.468490473864	362.923302393747	-10.5315095261358	-7.07669760625305
36874	370	358.452369320957	362.110405471422	-11.5476306790425	-7.88959452857841
36875	370	358.85881778212	361.90718124084	-11.1411822178798	-8.09281875915974
36876	379	336.842696629213	342.977528089888	-42.1573033707865	-36.0224719101124
36877	379	342.033707865169	346.988764044944	-36.9662921348315	-32.0112359550562
36878	379	333.775280898876	340.14606741573	-45.2247191011236	-38.8539325842697
36879	379	343.213483146067	350.76404494382	-35.7865168539326	-28.2359550561798
36880	379	333.775280898876	339.910112359551	-45.2247191011236	-39.0898876404494
36881	262	297.754763067904	307.814362481681	35.7547630679043	45.8143624816805
36882	312	255.001465559355	264.28724963361	-56.9985344406448	-47.7127503663899
36884	255	301.817293600391	308.201270151441	46.8172936003908	53.2012701514411
36885	255	291.370786516854	300.269662921348	36.370786516854	45.2696629213483
36886	255	250.358573522228	267.575964826576	-4.64142647777234	12.5759648265755
36887	255	291.370786516854	300.076209086468	36.370786516854	45.076209086468
36889	255	305.106008793356	312.263800683928	50.1060087933561	57.2638006839277
36900	323	304.525647288715	314.004885197851	-18.4743527112848	-8.99511480214949
36902	297	281.311187103078	291.757694186615	-15.6888128969223	-5.24230581338543
36903	297	290.403517342452	301.817293600391	-6.59648265754765	4.81729360039083
36904	297	298.722032242306	308.007816316561	1.72203224230577	11.0078163165608
36905	297	290.403517342452	301.817293600391	-6.59648265754765	4.81729360039083
36917	331	306.847093307279	315.939423546654	-24.1529066927211	-15.0605764533464
36918	331	312.070346849047	320.775769418661	-18.9296531509526	-10.2242305813385
36920	343	290.831460674157	309.707865168539	-52.1685393258427	-33.2921348314607
36921	343	316.550561797753	336.370786516854	-26.4494382022472	-6.62921348314609
36922	343	264.168539325843	282.101123595506	-78.8314606741573	-60.8988764044944
36924	343	290.831460674157	309.707865168539	-52.1685393258427	-33.2921348314607
36925	343	332.123595505618	336.370786516854	-10.876404494382	-6.62921348314609
36928	343	288.23595505618	293.898876404494	-54.7640449438202	-49.1011235955056
36929	343	297.674157303371	302.865168539326	-45.3258426966292	-40.1348314606741
36931	392	316.38495359062	325.123595505618	-75.6150464093796	-66.876404494382
36932	392	321.668783585735	328.781631656082	-70.3312164142648	-63.2183683439179
36933	342	316.132877381534	321.549584758183	-25.8671226184661	-20.4504152418173
36934	342	328.900830483635	333.930630190523	-13.0991695163654	-8.06936980947728
36935	342	315.745969711773	321.549584758183	-26.2540302882267	-20.4504152418173
36936	342	337.025891548608	342.829506595017	-4.97410845139228	0.829506595017108
36937	351	319.034684904739	325.031753786028	-31.9653150952614	-25.9682462139717
36938	334	325.612115290669	332.963361016121	-8.38788470933076	-1.03663898387885
36939	334	312.650708353688	319.80850024426	-21.3492916463117	-14.1914997557401
36940	326	323.290669272106	330.641914997557	-2.7093307278945	4.64191499755742
36941	325	325.99902296043	343.796775769419	0.999022960429897	18.7967757694187
36942	325	324.644846116268	337.799706888129	-0.355153883732271	12.799706888129
36943	312	301.623839765511	308.781631656082	-10.3761602344895	-3.21836834391797
36944	296	304.138739618955	311.876893014167	8.13873961895456	15.8768930141671
36946	296	301.817293600391	309.942354665364	5.81729360039083	13.942354665364
36947	296	302.784562774792	310.909623839766	6.78456277479233	14.9096238397655
36948	296	299.882755251588	307.040547142159	3.8827552515877	11.0405471421593
36949	352	326.579384465071	331.99609184172	-25.4206155349292	-20.0039081582804
36950	344	330.061553492916	334.510991695164	-13.9384465070835	-9.48900830483637
36951	344	326.385930630191	331.028822667318	-17.6140693698095	-12.971177332682
36952	344	330.835368832438	335.284807034685	-13.1646311675623	-8.71519296531511
36953	344	330.835368832438	334.704445530044	-13.1646311675623	-9.29555446995602
36954	344	331.028822667318	334.704445530044	-12.971177332682	-9.29555446995602
36955	344	299.495847581827	306.073277967758	-44.5041524181729	-37.9267220322423
36956	344	310.135808500244	315.552515876893	-33.8641914997557	-28.447484123107
36957	344	309.555446995603	314.391792867611	-34.4445530043967	-29.6082071323889
36958	344	332.38299951148	336.832437713727	-11.6170004885198	-7.16756228627258
36959	344	327.159745969712	331.415730337079	-16.8402540302882	-12.5842696629214
36960	344	334.510991695164	339.347337567171	-9.48900830483637	-4.65266243282855
36961	344	315.745969711773	320.775769418661	-28.2540302882267	-23.2242305813385
36962	344	314.198339032731	318.841231069858	-29.8016609672692	-25.1587689301417
36963	344	312.070346849047	316.713238886175	-31.9296531509526	-27.2867611138251
36964	344	309.555446995603	314.778700537372	-34.4445530043967	-29.2212994626283
36965	344	312.263800683928	316.906692721055	-31.7361993160723	-27.0933072789448
36966	344	311.489985344406	317.680508060576	-32.5100146555935	-26.3194919394235
36967	344	328.127015144113	332.1895456766	-15.8729848558867	-11.8104543234001
36968	344	308.588177821202	313.231069858329	-35.4118221787983	-30.7689301416708
36969	344	314.391792867611	318.454323400098	-29.6082071323889	-25.5456765999023
36970	344	327.353199804592	331.609184171959	-16.6468001954079	-12.3908158280411
36971	344	329.287738153395	333.543722520762	-14.7122618466048	-10.4562774792379
36972	344	327.353199804592	331.415730337079	-16.6468001954079	-12.5842696629214
36973	344	329.868099658036	333.543722520762	-14.1319003419638	-10.4562774792379
36974	344	312.650708353688	317.873961895457	-31.3492916463117	-26.1260381045432
36975	344	328.900830483635	334.510991695164	-15.0991695163654	-9.48900830483637
36976	344	327.159745969712	331.802638006839	-16.8402540302882	-12.1973619931607
36977	344	329.094284318515	333.350268685882	-14.9057156814851	-10.6497313141182
36978	344	337.606253053249	341.281875915975	-6.39374694675138	-2.71812408402542
36979	344	331.415730337079	335.478260869565	-12.5842696629214	-8.52173913043481
36980	344	329.094284318515	333.156814851001	-14.9057156814851	-10.8431851489985
36981	344	330.835368832438	334.897899364924	-13.1646311675623	-9.10210063507571
36982	344	330.255007327797	334.317537860283	-13.7449926722032	-9.68246213971668
36983	344	329.674645823156	333.350268685882	-14.3253541768441	-10.6497313141182
36984	344	328.900830483635	332.769907181241	-15.0991695163654	-11.2300928187591
36985	344	329.094284318515	332.769907181241	-14.9057156814851	-11.2300928187591
36986	344	328.707376648754	332.57645334636	-15.2926233512457	-11.4235466536395
36987	344	328.320468978994	333.156814851001	-15.6795310210064	-10.8431851489985
36988	344	329.674645823156	333.930630190523	-14.3253541768441	-10.0693698094773
36989	344	311.103077674646	316.519785051295	-32.8969223253542	-27.4802149487055
36990	344	330.061553492916	334.317537860283	-13.9384465070835	-9.68246213971668
36991	344	329.868099658036	333.930630190523	-14.1319003419638	-10.0693698094773
36992	344	327.159745969712	331.415730337079	-16.8402540302882	-12.5842696629214
36993	344	314.198339032731	318.647777234978	-29.8016609672692	-25.352222765022
36994	344	334.897899364924	339.153883732291	-9.10210063507571	-4.84611626770885
36995	344	331.415730337079	335.671714704446	-12.5842696629214	-8.32828529555445
36996	344	329.287738153395	334.510991695164	-14.7122618466048	-9.48900830483637
36997	344	332.769907181241	336.832437713727	-11.2300928187591	-7.16756228627258
36998	344	331.415730337079	335.478260869565	-12.5842696629214	-8.52173913043481
36999	339	328.320468978994	332.57645334636	-10.6795310210064	-6.42354665363951
37000	339	333.350268685882	336.832437713727	-5.64973131411824	-2.16756228627258
37001	339	315.552515876893	320.00195407914	-23.447484123107	-18.9980459208598
37002	269	268.516853932584	276.202247191011	-0.48314606741576	7.20224719101122
37008	410	363.14215925745	368.752320468979	-46.8578407425501	-41.247679531021
37011	410	365.850512945774	370.880312652662	-44.1494870542257	-39.1196873473376
37013	410	361.787982413288	366.237420615535	-48.2120175867122	-43.7625793844651
37014	410	363.14215925745	370.493404982902	-46.8578407425501	-39.5065950170982
37017	410	358.305813385442	363.14215925745	-51.6941866145579	-46.8578407425501
37020	410	363.529066927211	370.493404982902	-46.4709330727895	-39.5065950170982
37021	413	358.112359550562	364.302882266732	-54.8876404494382	-48.6971177332682
37025	410	351.728382999511	358.305813385442	-58.2716170004885	-51.6941866145579
37026	276	284.168050806058	292.360039081583	8.16805080605764	16.3600390815828
37028	316	270.337078651685	280.044943820225	-45.6629213483146	-35.9550561797753
37029	390	373.588666340987	377.264289203713	-16.4113336590132	-12.7357107962873
37030	390	355.017098192477	358.886174890083	-34.9829018075232	-31.1138251099169
37031	390	361.594528578407	367.011235955056	-28.4054714215926	-22.9887640449438
37032	390	361.014167073766	367.204689789936	-28.9858329262335	-22.7953102100635
37035	390	361.014167073766	364.883243771373	-28.9858329262335	-25.1167562286273
37036	390	375.136297020029	379.392281387396	-14.8637029799707	-10.6077186126038
37037	390	368.945774303859	373.395212506106	-21.0542256961407	-16.6047874938935
37038	390	366.624328285296	370.299951148021	-23.3756717147045	-19.7000488519785
37039	388	352.695652173913	358.305813385442	-35.3043478260869	-29.6941866145579
37041	388	365.657059110894	371.460674157303	-22.342940889106	-16.5393258426967
37042	388	362.561797752809	366.043966780655	-25.438202247191	-21.9560332193454
37043	390	346.698583292623	352.889106008793	-43.3014167073766	-37.1108939912066
37044	390	371.460674157303	375.32975085491	-18.5393258426967	-14.6702491450904
37045	390	374.362481680508	379.005373717636	-15.637518319492	-10.9946262823644
37046	390	370.106497313141	373.588666340987	-19.8935026868588	-16.4113336590132
37047	390	368.558866634099	372.427943331705	-21.4411333659014	-17.5720566682951
37048	390	368.945774303859	373.008304836346	-21.0542256961407	-16.9916951636541
37049	390	348.633121641426	354.630190522716	-41.3668783585736	-35.3698094772839
37050	334	319.61504640938	323.871030776746	-14.3849535906205	-10.1289692232535
37051	329	325.733268197362	330.610649731314	-3.26673180263799	1.61064973131408
37052	329	324.717147044455	329.391304347826	-4.28285295554468	0.391304347826065
37053	329	301.549584758183	308.66243282853	-27.4504152418173	-20.3375671714704
37054	315	301.549584758183	307.443087445041	-13.4504152418173	-7.5569125549585
37055	329	325.530043966781	331.017098192477	-3.46995603321938	2.01709819247679
37056	329	314.75915974597	319.839765510503	-14.2408402540303	-9.16023448949682
37057	329	314.555935515388	319.636541279922	-14.4440644846117	-9.36345872007814
37058	329	319.026868588178	324.513922813874	-9.97313141182218	-4.48607718612607
37059	329	296.265754763068	301.956033219345	-32.7342452369321	-27.0439667806546
37060	329	288.94968246214	293.014167073766	-40.0503175378603	-35.9858329262335
37061	329	313.743038593063	319.636541279922	-15.256961406937	-9.36345872007814
37062	329	320.449438202247	325.326819736199	-8.55056179775283	-3.6731802638007
37063	315	304.19149975574	310.28822667318	-10.8085002442599	-4.71177332681975
37064	315	316.181729360039	320.85588666341	1.18172936003907	5.85588666340988
37065	315	307.849535906204	312.930141670738	-7.15046409379579	-2.06985832926233
37066	315	299.923790913532	306.020517830972	-15.076209086468	-8.97948216902785
37067	315	300.533463605276	306.833414753298	-14.466536394724	-8.16658524670248
37068	365	324.367855398144	328.892037127504	-40.6321446018564	-36.1079628724963
37069	337	322.903761602345	326.579384465071	-14.0962383976551	-10.4206155349292
37070	337	329.094284318515	332.1895456766	-7.90571568148511	-4.81045432340011
37071	337	320.00195407914	323.677576941866	-16.9980459208598	-13.3224230581338
37072	337	319.034684904739	323.677576941866	-17.9653150952614	-13.3224230581338
37073	337	326.966292134831	330.641914997557	-10.0337078651685	-6.35808500244258
37074	337	316.132877381534	321.356130923302	-20.8671226184661	-15.6438690766976
37075	337	314.972154372252	319.61504640938	-22.0278456277479	-17.3849535906205
37076	337	325.031753786028	328.900830483635	-11.9682462139717	-8.09916951636541
37077	337	327.159745969712	331.222276502198	-9.84025403028824	-5.77772349780167
37078	337	320.969223253542	324.644846116268	-16.0307767464582	-12.3551538837323
37079	337	321.549584758183	325.80556912555	-15.4504152418173	-11.1944308744504
37080	337	316.519785051295	321.549584758183	-20.4802149487055	-15.4504152418173
37081	313	312.263800683928	315.745969711773	-0.736199316072316	2.74596971177334
37082	313	325.612115290669	329.674645823156	12.6121152906692	16.6746458231559
37083	313	325.612115290669	329.868099658036	12.6121152906692	16.8680996580362
37084	329	326.966292134831	330.835368832438	-2.03370786516854	1.83536883243772
37085	329	325.418661455789	329.481191988275	-3.58133854421106	0.481191988275498
37086	329	326.772838299951	330.835368832438	-2.22716170004884	1.83536883243772
37087	329	325.612115290669	329.094284318515	-3.38788470933076	0.0942843185148945
37088	329	327.159745969712	331.609184171959	-1.84025403028824	2.60918417195893
37089	280	330.255007327797	333.543722520762	50.2550073277968	53.5437225207621
37090	280	312.457254518808	316.713238886175	32.457254518808	36.7132388861749
37091	280	313.81143136297	316.906692721055	33.8114313629702	36.9066927210552
37092	280	330.255007327797	332.963361016121	50.2550073277968	52.9633610161212
37093	262	274.977039570103	284.168050806058	12.9770395701026	22.1680508060576
37094	295	292.404494382022	298.704445530044	-2.59550561797755	3.70444553004398
37095	352	308.408402540303	315.743527112848	-43.5915974596971	-36.2564728871519
37096	352	313.298485588666	321.744992672203	-38.7015144113337	-30.2550073277968
37097	352	321.967269174402	327.52418172936	-30.0327308255984	-24.47581827064
37098	370	351.728382999511	355.017098192477	-18.2716170004885	-14.9829018075232
37099	370	352.308744504152	355.984367366878	-17.6912554958476	-14.0156326331216
37100	370	351.148021494871	355.017098192477	-18.8519785051295	-14.9829018075232
37101	370	361.787982413288	365.076697606253	-8.21201758671225	-4.92330239374695
37102	370	361.787982413288	364.883243771373	-8.21201758671225	-5.11675622862725
37103	370	362.755251587689	365.850512945774	-7.24474841231068	-4.14948705422569
37104	370	359.659990229604	362.755251587689	-10.3400097703957	-7.24474841231068
37105	370	357.338544211041	360.627259404006	-12.6614557889595	-9.37274059599417
37106	370	365.850512945774	369.13922813874	-4.14948705422569	-0.860771861260389
37107	370	361.787982413288	364.883243771373	-8.21201758671225	-5.11675622862725
37109	375	330.448461162677	337.799706888129	-44.5515388373229	-37.200293111871
37110	382	343.022960429897	349.020029311187	-38.9770395701026	-32.9799706888129
37111	382	335.671714704446	340.508060576453	-46.3282852955545	-41.4919394235467
37112	382	347.472398632145	354.243282852956	-34.5276013678554	-27.7567171470445
37113	375	336.252076209086	342.442598925256	-38.7479237909135	-32.5574010747436
37114	375	332.769907181241	338.57352222765	-42.2300928187591	-36.4264777723498
37115	382	340.701514411334	347.278944797264	-41.2984855886663	-34.7210552027357
37116	382	345.150952613581	350.95456765999	-36.8490473864192	-31.0454323400098
37117	367	342.249145090376	348.052760136786	-24.7508549096239	-18.9472398632145
37118	367	347.472398632145	353.856375183195	-19.5276013678554	-13.1436248168051
37119	367	327.159745969712	333.156814851001	-39.8402540302882	-33.8431851489985
37120	375	337.606253053249	343.603321934538	-37.3937469467514	-31.3966780654617
37121	367	346.505129457743	353.082559843674	-20.494870542257	-13.9174401563263
37122	367	338.57352222765	345.537860283341	-28.4264777723498	-21.4621397166586
37123	367	332.769907181241	338.57352222765	-34.2300928187591	-28.4264777723498
37124	367	326.19247679531	333.350268685882	-40.8075232046898	-33.6497313141182
37125	367	326.772838299951	332.963361016121	-40.2271617000488	-34.0366389838788
37126	375	329.481191988275	337.025891548608	-45.5188080117245	-37.9741084513923
37127	367	319.228138739619	325.031753786028	-47.7718612603811	-41.9682462139717
37128	367	336.445530043967	342.442598925256	-30.5544699560332	-24.5574010747436
37129	375	333.930630190523	340.701514411334	-41.0693698094773	-34.2984855886663
37130	375	337.025891548608	343.990229604299	-37.9741084513923	-31.009770395701
37131	375	329.674645823156	336.445530043967	-45.3253541768441	-38.5544699560332
37132	375	337.606253053249	344.37713727406	-37.3937469467514	-30.6228627259404
37133	375	336.252076209086	342.055691255496	-38.7479237909135	-32.9443087445042
37134	375	349.406936980948	355.017098192477	-25.5930630190523	-19.9829018075232
37135	375	333.156814851001	339.734245236932	-41.8431851489985	-35.2657547630679
37136	367	343.796775769419	349.600390815828	-23.2032242305813	-17.399609184172
37137	367	324.644846116268	332.963361016121	-42.3551538837323	-34.0366389838788
37138	367	342.055691255496	347.472398632145	-24.9443087445042	-19.5276013678554
37139	375	339.153883732291	344.57059110894	-35.8461162677089	-30.4294088910601
37140	382	351.728382999511	357.531998045921	-30.2716170004885	-24.4680019540792
37141	367	334.317537860283	339.927699071812	-32.6824621397167	-27.0723009281876
37142	378	337.799706888129	344.37713727406	-40.200293111871	-33.6228627259404
37143	375	346.698583292623	352.502198339033	-28.3014167073766	-22.4978016609673
37144	375	340.894968246214	347.085490962384	-34.105031753786	-27.914509037616
37145	375	336.445530043967	343.409868099658	-38.5544699560332	-31.590131900342
37146	375	337.025891548608	343.796775769419	-37.9741084513923	-31.2032242305813
37147	375	333.350268685882	340.314606741573	-41.6497313141182	-34.685393258427
37148	375	325.612115290669	331.028822667318	-49.3878847093308	-43.971177332682
37149	375	336.445530043967	342.442598925256	-38.5544699560332	-32.5574010747436
37150	375	338.18661455789	343.216414264778	-36.8133854421104	-31.7835857352223
37151	314	331.415730337079	337.025891548608	17.4157303370786	23.0258915486077
37152	314	318.260869565217	324.064484611627	4.26086956521738	10.0644846116268
37153	314	327.159745969712	331.415730337079	13.1597459697118	17.4157303370786
37154	314	323.484123106986	329.481191988275	9.48412310698581	15.4811919882755
37155	314	334.317537860283	339.347337567171	20.3175378602833	25.3473375671715
37156	314	333.930630190523	339.734245236932	19.9306301905227	25.7342452369321
37157	314	334.317537860283	340.894968246214	20.3175378602833	26.894968246214
37158	314	331.028822667318	337.025891548608	17.028822667318	23.0258915486077
37159	314	331.028822667318	336.832437713727	17.028822667318	22.8324377137274
37160	320	327.546653639472	332.57645334636	7.54665363947237	12.5764533463605
37161	320	328.707376648754	334.124084025403	8.70737664875429	14.124084025403
37162	320	328.707376648754	334.124084025403	8.70737664875429	14.124084025403
37163	315	325.80556912555	331.415730337079	10.8055691255496	16.4157303370786
37164	315	330.061553492916	334.704445530044	15.0615534929165	19.704445530044
37165	315	326.579384465071	332.1895456766	11.5793844650708	17.1895456765999
37166	315	328.900830483635	334.510991695164	13.9008304836346	19.5109916951636
37167	315	334.124084025403	339.734245236932	19.124084025403	24.7342452369321
37168	315	325.418661455789	331.609184171959	10.4186614557889	16.6091841719589
37169	315	329.674645823156	334.317537860283	14.6746458231559	19.3175378602833
37170	315	333.350268685882	338.766976062531	18.3502686858818	23.7669760625305
37171	315	334.897899364924	341.668783585735	19.8978993649243	26.6687835857352
37172	315	330.061553492916	334.510991695164	15.0615534929165	19.5109916951636
37173	315	330.641914997557	336.638983878847	15.6419149975574	21.6389838788471
37174	315	326.966292134831	332.963361016121	11.9662921348315	17.9633610161212
37175	315	329.094284318515	334.897899364924	14.0942843185149	19.8978993649243
37176	315	331.609184171959	337.606253053249	16.6091841719589	22.6062530532486
37177	315	327.353199804592	332.963361016121	12.3531998045921	17.9633610161212
37178	315	331.222276502198	336.638983878847	16.2222765021983	21.6389838788471
37179	315	325.418661455789	331.802638006839	10.4186614557889	16.8026380068393
37180	315	317.680508060576	325.225207620909	2.68050806057647	10.2252076209086
37181	315	317.487054225696	322.129946262824	2.48705422569611	7.12994626282364
37182	315	327.546653639472	333.350268685882	12.5466536394724	18.3502686858818
37183	315	332.57645334636	337.219345383488	17.5764533463605	22.219345383488
37184	315	330.255007327797	334.897899364924	15.2550073277968	19.8978993649243
37186	311	290.361993160723	305.347337567171	-20.638006839277	-5.65266243282855
37187	382	344.957498778701	350.95456765999	-37.0425012212995	-31.0454323400098
37188	382	346.311675622863	348.826575476307	-35.6883243771373	-33.1734245236932
37189	321	281.662921348315	288.943820224719	-39.3370786516854	-32.0561797752809
37190	321	291.573033707865	299.662921348315	-29.4269662921348	-21.3370786516854
37191	321	280.449438202247	289.550561797753	-40.5505617977528	-31.4494382022472
37192	321	283.685393258427	288.943820224719	-37.314606741573	-32.0561797752809
37193	321	298.044943820225	305.730337078652	-22.9550561797753	-15.2696629213483
37194	288	290.966292134831	297.640449438202	2.96629213483146	9.64044943820227
37195	288	298.247191011236	304.314606741573	10.2471910112359	16.314606741573
37196	331	276.404494382022	286.719101123595	-54.5955056179776	-44.2808988764045
37197	331	282.674157303371	288.741573033708	-48.3258426966293	-42.2584269662922
37198	331	263.460674157303	271.14606741573	-67.5393258426966	-59.8539325842697
37199	331	271.752808988764	279.033707865169	-59.2471910112359	-51.9662921348315
37200	331	265.078651685393	273.573033707865	-65.9213483146067	-57.4269662921348
37201	331	284.089887640449	292.584269662921	-46.9101123595506	-38.4157303370787
37202	331	281.865168539326	288.539325842697	-49.1348314606741	-42.4606741573034
37203	331	303.303370786517	312.606741573034	-27.6966292134832	-18.3932584269663
37204	271	295.415730337079	303.101123595506	24.4157303370787	32.1011235955056
37205	331	290.561797752809	298.85393258427	-40.438202247191	-32.1460674157303
37206	331	284.292134831461	291.775280898876	-46.7078651685393	-39.2247191011236
37207	331	271.348314606742	280.85393258427	-59.6516853932584	-50.1460674157304
37208	288	273.977528089888	279.640449438202	-14.0224719101124	-8.35955056179773
37209	295	288.763556424035	295.756717147044	-6.23644357596481	0.756717147044469
37210	295	295.357107962872	302.150464093796	0.357107962872476	7.15046409379579
37211	295	295.756717147044	302.150464093796	0.756717147044469	7.15046409379579
37212	300	295.357107962872	302.150464093796	-4.64289203712752	2.15046409379579
37213	294	283.169027845628	290.561797752809	-10.8309721543723	-3.43820224719104
37214	336	294.557889594529	300.95163654128	-41.4421104054715	-35.0483634587201
37215	368	339.438202247191	343.685393258427	-28.561797752809	-24.314606741573
37216	368	340.85393258427	344.865168539326	-27.1460674157303	-23.1348314606741
37217	371	315.134831460674	323.157303370787	-55.8651685393259	-47.8426966292135
37218	371	323.629213483146	328.584269662921	-47.370786516854	-42.4157303370787
37219	371	320.797752808989	326.224719101124	-50.2022471910112	-44.7752808988764
37220	371	312.067415730337	319.38202247191	-58.9325842696629	-51.6179775280899
37221	371	332.831460674157	337.550561797753	-38.1685393258427	-33.4494382022472
37222	367	314.662921348315	320.561797752809	-52.3370786516854	-46.438202247191
37223	367	319.38202247191	325.988764044944	-47.6179775280899	-41.0112359550562
37224	293	250.600879335613	260.591108939912	-42.3991206643869	-32.408891060088
37225	207	247.179775280899	257.325842696629	40.1797752808989	50.3258426966292
37226	269	292.011235955056	300.977528089888	23.0112359550562	31.9775280898876
37227	269	295.314606741573	302.393258426966	26.314606741573	33.3932584269663
37228	269	279.269662921348	288.47191011236	10.2696629213483	19.4719101123595
37229	269	288	295.786516853933	19	26.7865168539326
37230	269	284.460674157303	291.539325842697	15.4606741573033	22.5393258426966
37231	413	334.704445530044	347.859306301905	-78.295554469956	-65.1406936980948
37232	382	318.067415730337	326.19247679531	-63.9325842696629	-55.8075232046898
37233	320	249.801660967269	262.1895456766	-70.1983390327308	-57.8104543234001
37234	317	297.948216902785	305.879824132877	-19.0517830972154	-11.1201758671226
37235	285	257.90327308256	276.087933561309	-27.0967269174402	-8.91206643869077
37236	271	260.611626770884	269.703957010259	-10.3883732291158	-1.29604298974107
37237	271	259.257449926722	268.349780166097	-11.742550073278	-2.65021983390329
37238	387	331.609184171959	337.025891548608	-55.3908158280411	-49.9741084513923
37240	387	323.097215437225	328.707376648754	-63.9027845627748	-58.2926233512457
37241	387	339.347337567171	343.022960429897	-47.6526624328285	-43.9770395701026
37246	321	301.346360527601	307.036638983879	-19.6536394723987	-13.9633610161212
37247	321	306.020517830972	311.914020517831	-14.9794821690278	-9.08597948216902
37248	321	297.485100146556	305.614069369809	-23.5148998534441	-15.3859306301906
37249	403	342.311187103078	347.106497313141	-60.6888128969223	-55.8935026868588
37250	365	322.530532486566	327.525647288715	-42.4694675134343	-37.4743527112848
37251	403	330.922325354177	336.516853932584	-72.0776746458232	-66.4831460674158
37252	403	326.326819736199	330.922325354177	-76.6731802638007	-72.0776746458232
37253	403	333.919394235467	338.514899853444	-69.0806057645335	-64.485100146556
37254	403	327.925256472887	332.121152906693	-75.0747435271128	-70.8788470933073
37255	403	335.917440156326	341.511968734734	-67.0825598436737	-61.4880312652663
37256	403	335.71763556424	340.912554958476	-67.2823644357596	-62.0874450415242
37257	403	322.930141670738	327.725451880801	-80.0698583292623	-75.2745481191988
37258	408	332.320957498779	337.7156814851	-75.6790425012213	-70.2843185148998
37259	403	309.942843185149	316.536394723986	-93.057156814851	-86.4636052760137
37260	403	320.33268197362	326.726428920371	-82.6673180263801	-76.2735710796287
37261	403	332.320957498779	337.116267708842	-70.6790425012213	-65.8837322911578
37262	403	328.125061064973	332.320957498779	-74.8749389350269	-70.6790425012213
37263	403	324.128969223254	333.319980459209	-78.8710307767465	-69.6800195407914
37264	403	321.33170493405	328.125061064973	-81.6682950659502	-74.8749389350269
37265	403	315.537371763556	323.32975085491	-87.4626282364436	-79.6702491450904
37266	403	341.511968734734	345.907669760625	-61.4880312652663	-57.0923302393747
37267	403	323.929164631168	329.923302393747	-79.0708353688324	-73.076697606253
37268	403	339.71372740596	344.908646800195	-63.28627259404	-58.0913531998046
37269	403	330.123106985833	335.917440156326	-72.8768930141671	-67.0825598436737
37270	403	321.931118710308	326.526624328285	-81.0688812896922	-76.4733756717147
37271	403	342.71079628725	347.506106497313	-60.2892037127503	-55.4938935026869
37272	403	331.721543722521	336.71665852467	-71.2784562774792	-66.2833414753297
37273	403	312.740107474353	319.733268197362	-90.2598925256473	-83.266731802638
37274	403	338.514899853444	344.509037616023	-64.485100146556	-58.4909623839766
37275	403	346.107474352711	350.902784562775	-56.8925256472887	-52.0972154372252
37276	403	333.319980459209	338.115290669272	-69.6800195407914	-64.8847093307279
37277	403	330.922325354177	335.517830972154	-72.0776746458232	-67.4821690278457
37278	403	333.319980459209	339.114313629702	-69.6800195407914	-63.885686370298
37279	403	322.530532486566	328.324865657059	-80.4694675134343	-74.6751343429409
37280	403	329.923302393747	334.918417195896	-73.076697606253	-68.0815828041036
37281	403	321.731314118222	328.125061064973	-81.2686858817782	-74.8749389350269
37282	403	328.724474841231	336.117244748412	-74.2755251587689	-66.8827552515877
37283	403	339.71372740596	344.309233023937	-63.28627259404	-58.6907669760625
37284	403	344.908646800195	349.703957010259	-58.0913531998046	-53.2960429897411
37285	403	339.71372740596	344.309233023937	-63.28627259404	-58.6907669760625
37286	403	349.504152418173	354.499267220322	-53.4958475818271	-48.5007327796776
37287	403	339.913531998046	344.708842208109	-63.0864680019541	-58.2911577918906
37288	321	318.653150952614	324.384465070835	-2.3468490473864	3.38446507083535
37289	321	300.939912066439	306.223742061553	-20.0600879335613	-14.7762579384465
37290	321	305.817293600391	311.507572056668	-15.1827063996092	-9.49242794333173
37291	321	305.004396678065	309.881778212018	-15.9956033219345	-11.1182217879824
37292	349	320.449438202247	324.920371275037	-28.5505617977528	-24.0796287249634
37293	304	309.881778212018	314.149487054226	5.88177821201759	10.1494870542257
37294	304	326.546165119687	333.04934049829	22.5461651196873	29.0493404982902
37295	304	322.684904738642	328.781631656082	18.6849047386419	24.7816316560821
37296	304	307.443087445041	311.71079628725	3.4430874450415	7.71079628724965
37297	304	316.588177821202	322.278456277479	12.5881778212017	18.2784562774792
37298	304	316.791402051783	321.059110893991	12.7914020517831	17.0591108939912
37299	304	305.614069369809	310.694675134343	1.61406936980944	6.69467513434296
37300	315	317.604298974108	321.262335124573	2.60429897410842	6.26233512457253
37301	315	312.523693209575	317.197850512946	-2.47630679042504	2.19785051294576
37302	321	304.801172447484	311.507572056668	-16.1988275525159	-9.49242794333173
37304	400	367.286761113825	371.083048363459	-32.7132388861749	-28.9169516365413
37305	400	347.506106497313	352.900830483635	-52.4938935026869	-47.0991695163654
37306	400	370.084025403029	374.879335613092	-29.9159745969712	-25.1206643869077
37307	409	345.508060576453	349.903761602345	-63.4919394235467	-59.0962383976551
37308	409	330.322911577919	339.314118221788	-78.6770884220811	-69.685881778212
37309	409	364.489496824621	368.085979482169	-44.5105031753786	-40.914020517831
37310	221	290.595505617977	300.269662921348	69.5955056179775	79.2696629213483
37311	319	312.303370786517	319.14606741573	-6.69662921348316	0.146067415730329
37312	319	300.269662921348	308.056179775281	-18.7303370786517	-10.9438202247191
37313	191	283.752808988764	290.359550561798	92.7528089887641	99.3595505617977
37314	342	289.651685393258	297.438202247191	-52.3483146067416	-44.561797752809
37315	342	304.752808988764	312.067415730337	-37.2471910112359	-29.9325842696629
37316	223	296.494382022472	305.460674157303	73.4943820224719	82.4606741573033
37317	334	314.585246702491	320.00195407914	-19.4147532975086	-13.9980459208598
37318	331	312.263800683928	316.713238886175	-18.7361993160723	-14.2867611138251
37319	331	316.906692721055	321.936492427943	-14.0933072789448	-9.06350757205666
37320	331	310.135808500244	315.165608207132	-20.8641914997557	-15.8343917928676
37321	331	318.067415730337	323.097215437225	-12.9325842696629	-7.9027845627748
37322	331	316.906692721055	320.969223253542	-14.0933072789448	-10.0307767464582
37323	331	312.844162188569	317.100146555936	-18.1558378114314	-13.8998534440645
37324	331	316.713238886175	322.903761602345	-14.2867611138251	-8.0962383976551
37325	331	309.555446995603	314.778700537372	-21.4445530043967	-16.2212994626283
37326	334	310.909623839766	316.326331216414	-23.0903761602345	-17.6736687835858
37327	341	323.677576941866	330.255007327797	-17.3224230581338	-10.7449926722032
37328	341	307.040547142159	326.966292134831	-33.9594528578407	-14.0337078651685
37330	341	325.031753786028	330.448461162677	-15.9682462139717	-10.5515388373229
37331	341	336.638983878847	346.118221787982	-4.36101612115289	5.11822178798241
37332	341	319.61504640938	330.835368832438	-21.3849535906205	-10.1646311675623
37337	341	326.579384465071	330.835368832438	-14.4206155349292	-10.1646311675623
37339	341	279.183194919394	297.367855398144	-61.8168050806058	-43.6321446018563
37340	341	321.356130923302	340.894968246214	-19.6438690766976	-0.105031753786022
37342	341	305.299462628236	312.070346849047	-35.7005373717636	-28.9296531509526
37343	341	324.644846116268	329.094284318515	-16.3551538837323	-11.9057156814851
37344	350	320.582315583781	331.415730337079	-29.4176844162189	-18.5842696629214
37347	350	318.260869565217	323.484123106986	-31.7391304347826	-26.5158768930142
37348	334	310.522716170005	316.906692721055	-23.4772838299951	-17.0933072789448
37349	334	311.876893014167	317.873961895457	-22.1231069858329	-16.1260381045432
