36455	28	25.0938935026869	25.8483634587201	-2.90610649731314	-2.15163654127992
36456	28	27.686174890083	28.4019540791402	-0.313825109916952	0.401954079140204
36457	28	27.9376648754275	28.5373717635564	-0.0623351245725452	0.537371763556425
36458	28	27.8602833414753	28.5567171470445	-0.139716658524669	0.556717147044456
36459	28	21.5536883243771	22.2114313629702	-6.44631167562286	-5.7885686370298
36460	28	24.9004396678065	26.1772349780166	-3.09956033219346	-1.82276502198339
36461	32	33.6842696629213	34.8404494382022	1.68426966292134	2.84044943820225
36463	34.4	31.985393258427	33.2595505617978	-2.41460674157303	-1.14044943820225
36465	34.4	32.6460674157303	33.6606741573034	-1.75393258426966	-0.73932584269663
36466	34.4	32.7168539325843	33.7078651685393	-1.68314606741573	-0.69213483146067
36467	34.4	32.952808988764	33.9202247191011	-1.44719101123595	-0.479775280898878
36468	34.1	34.6988764044944	35.7606741573034	0.598876404494384	1.66067415730337
36469	34.1	36.138202247191	37.247191011236	2.03820224719101	3.14719101123595
36470	34.1	34.7460674157303	35.7842696629213	0.646067415730336	1.68426966292134
36471	34.1	34.8168539325843	36.0438202247191	0.716853932584264	1.9438202247191
36472	34.1	31.7258426966292	32.8584269662921	-2.37415730337078	-1.24157303370787
36473	34.1	31.3011235955056	32.5280898876404	-2.79887640449438	-1.57191011235955
36474	34.1	34.9584269662921	36.114606741573	0.858426966292136	2.01460674157303
36475	34.1	33.047191011236	33.8966292134831	-1.05280898876405	-0.203370786516857
36476	34.1	35.2651685393258	36.161797752809	1.16516853932584	2.06179775280899
36477	34.1	36.8460674157303	37.6247191011236	2.74606741573034	3.52471910112359
36478	38	34.4865168539326	35.2415730337079	-3.51348314606741	-2.75842696629213
36479	38	35.123595505618	35.8550561797753	-2.87640449438202	-2.14494382022472
36480	38	34.4157303370786	35.123595505618	-3.58426966292135	-2.87640449438202
36481	38	33.9674157303371	34.7460674157303	-4.03258426966292	-3.25393258426966
36482	38	35.9258426966292	36.6573033707865	-2.07415730337079	-1.34269662921348
36483	38	36.5629213483146	37.152808988764	-1.4370786516854	-0.847191011235957
36484	37	36.6101123595506	37.223595505618	-0.389887640449437	0.223595505617979
36485	37	36.114606741573	36.7752808988764	-0.885393258426966	-0.224719101123597
36486	37	34.6280898876404	35.3359550561798	-2.37191011235955	-1.66404494382022
36487	38	35.4539325842697	36.161797752809	-2.54606741573033	-1.83820224719101
36488	32	27.9376648754275	29.2918417195896	-4.06233512457255	-2.70815828041036
36493	34.5	33.9734245236932	34.9213483146067	-0.526575476306789	0.421348314606746
36494	34.5	32.3871030776746	33.1609184171959	-2.11289692232535	-1.3390815828041
36496	34.5	31.5939423546654	33.0641914997557	-2.90605764533463	-1.43580850024426
36498	40.5	36.6887151929653	37.1482657547631	-3.81128480703469	-3.35173424523693
36499	32.7	28.5760625305325	29.8141670737665	-4.12393746946752	-2.88583292623352
36501	30.9	22.4048851978505	23.0819736199316	-8.49511480214948	-7.81802638006839
36502	30.9	29.9882755251588	30.742745481192	-0.911724474841229	-0.15725451880801
36503	32.7	32.1162677088422	33.1028822667318	-0.583732291157794	0.402882266731801
36504	32.7	31.8067415730337	32.8127015144113	-0.893258426966295	0.112701514411327
36505	32.7	31.2070346849047	32.1162677088422	-1.49296531509527	-0.583732291157794
36506	32.7	31.5165608207132	32.4064484611627	-1.18343917928676	-0.29355153883732
36507	32.7	31.1296531509526	32.0969223253542	-1.57034684904739	-0.603077674645824
36508	32.7	31.5745969711773	32.5031753786028	-1.12540302882267	-0.19682462139717
36509	32.7	30.9555446995603	31.8647777234978	-1.74445530043967	-0.835222276502201
36510	32.7	31.961504640938	32.8707376648754	-0.738495359062046	0.170737664875425
36511	32.7	31.6713238886175	32.619247679531	-1.02867611138251	-0.0807523204689815
36512	32.7	31.6519785051295	32.580556912555	-1.04802149487055	-0.119443087445049
36513	32.7	31.961504640938	32.8707376648754	-0.738495359062046	0.170737664875425
36514	32.7	31.7293600390816	32.619247679531	-0.970639960918419	-0.0807523204689815
36515	32.7	32.6772838299951	33.818661455789	-0.0227161700048839	1.11866145578895
36516	32.7	32.5031753786028	33.5091353199805	-0.19682462139717	0.809135319980456
36517	32.7	30.8007816316561	31.9034684904739	-1.89921836834392	-0.796531509526137
36518	32.7	32.5031753786028	33.4124084025403	-0.19682462139717	0.712408402540305
36519	32.7	32.6385930630191	33.7219345383488	-0.0614069369809513	1.0219345383488
36520	32.7	32.1743038593063	33.1222276502198	-0.525696140693697	0.422227650219831
36521	34.5	33.0835368832438	34.5537860283341	-1.41646311675623	0.0537860283341445
36522	34.5	33.7412799218368	34.6505129457743	-0.758720078163165	0.150512945774302
36523	34.5	34.0314606741573	35.095456765999	-0.468539325842698	0.595456765999025
36524	34.5	33.8766976062531	34.7665852467025	-0.623302393746947	0.266585246702491
36525	34.5	32.1936492427943	33.4510991695164	-2.30635075720566	-1.04890083048363
36526	34.5	32.3871030776746	33.3737176355642	-2.11289692232535	-1.12628236443576
36527	27.4	29.2531509526136	30.3945285784074	1.85315095261358	2.99452857840743
36528	27.4	29.8915486077186	30.9361993160723	2.49154860771861	3.5361993160723
36529	27.4	30.76209086468	31.6906692721055	3.36209086468002	4.29066927210552
36530	27.4	30.1623839765511	31.0909623839766	2.76238397655105	3.69096238397655
36531	27.4	30.143038593063	31.0716170004885	2.74303859306302	3.67161700048852
36532	27.4	30.5879824132877	31.7293600390816	3.18798241328774	4.32936003908159
36533	27.4	29.2144601856375	30.4719101123596	1.81446018563752	3.07191011235955
36534	34.5	30.76209086468	32.1356130923302	-3.73790913531998	-2.36438690766976
36536	32.1	33.1829995114802	33.8333170493405	1.08299951148022	1.73331704934049
36537	32.1	34.3820224719101	34.9510503175379	2.28202247191011	2.85105031753786
36538	30.4	24.6069369809477	25.5417684416219	-5.79306301905227	-4.85823155837811
36539	30.4	28.28529555447	28.8746458231558	-2.11470444553004	-1.52535417684416
36540	30.4	28.8543234000977	29.4843185148999	-1.54567659990229	-0.915681485100144
36541	30.4	27.0049829018075	27.6756228627259	-3.39501709819248	-2.72437713727406
36542	30.4	23.0014655593552	23.7940400586224	-7.39853444064484	-6.60595994137762
36543	30.4	25.0946751343429	26.2327308255984	-5.30532486565706	-4.16726917440156
36544	31.7	30.0656570591109	30.8201270151441	-1.63434294088911	-0.879872984855886
36545	31.6	32.0775769418661	32.8320468978994	0.47757694186614	1.23204689789936
36546	31.6	31.2263800683928	31.961504640938	-0.37361993160723	0.361504640937955
36547	31.6	32.0775769418661	32.8707376648754	0.47757694186614	1.27073766487543
36548	31.6	32.9287738153395	33.7412799218368	1.32877381533952	2.14127992183683
36549	31.6	33.0835368832438	33.7993160723009	1.48353688324377	2.19931607230092
36550	31.6	32.1549584758183	33.0641914997557	0.554958475818275	1.46419149975574
36551	31.6	31.6906692721055	32.6772838299951	0.0906692721055187	1.07728382999512
36552	31.6	31.9034684904739	32.599902296043	0.303468490473865	0.99990229604299
36553	31.6	32.2903761602345	32.9868099658036	0.690376160234486	1.38680996580361
36554	31.6	31.8841231069858	32.9481191988276	0.284123106985831	1.34811919882755
36555	31.6	31.7293600390816	32.8513922813874	0.129360039081583	1.2513922813874
36556	31.6	30.3945285784074	31.5165608207132	-1.20547142159258	-0.0834391792867635
36557	31.6	32.2903761602345	33.4897899364924	0.690376160234486	1.88978993649243
36558	31.6	32.5225207620909	33.3930630190523	0.922520762090862	1.79306301905227
36559	31.6	31.7680508060576	32.7933561309233	0.168050806057643	1.1933561309233
36560	31.7	30.3558378114314	31.1489985344406	-1.34416218856864	-0.551001465559356
36561	31.7	30.0656570591109	30.6847093307279	-1.63434294088911	-1.0152906692721
36562	31.7	30.2978016609673	31.0329262335125	-1.40219833903273	-0.66707376648754
36563	31.7	30.9942354665364	31.6906692721055	-0.705764533463604	-0.0093307278944792
36564	31.6	31.6519785051295	33.0448461162677	0.0519785051294548	1.4448461162677
36566	34.8	26.5061064973131	27.2412310698583	-8.29389350268686	-7.55876893014167
36567	34.8	30.5879824132877	31.2844162188569	-4.21201758671226	-3.51558378114313
36568	34.8	29.3111871030777	30.0656570591109	-5.48881289692232	-4.7343429408891
36569	34.8	30.6073277967758	31.361797752809	-4.19267220322423	-3.43820224719101
36570	34.8	29.9882755251588	30.8201270151441	-4.81172447484123	-3.97987298485588
36571	34.8	30.4719101123596	31.0909623839766	-4.32808988764044	-3.70903761602344
36572	28.7	27.9505617977528	29.2719101123596	-0.749438202247187	0.571910112359554
36573	28.7	27.5494382022472	28.9887640449438	-1.1505617977528	0.288764044943825
36574	34.4	36.7988764044944	38.3089887640449	2.39887640449438	3.90898876404494
36575	34.4	36.0202247191011	36.9876404494382	1.62022471910112	2.5876404494382
36576	34.4	32.7640449438202	35.2415730337079	-1.63595505617977	0.841573033707867
36577	33.2	30.7545188080117	32.1731314118222	-2.44548119198828	-1.02686858817783
36578	34	24.1210063507572	25.1799706888129	-9.8789936492428	-8.82002931118711
36580	30.8	31.1191011235955	33.0606741573034	0.319101123595502	2.26067415730337
36581	29.2	28.0449438202247	29.5314606741573	-1.15505617977528	0.331460674157306
36582	29.4	31.1359550561798	32.3629213483146	1.73595505617978	2.96292134831461
36583	29.4	31.0179775280899	32.1741573033708	1.61797752808989	2.77415730337079
36584	29.4	30.3808988764045	31.1359550561798	0.980898876404499	1.73595505617978
36585	29.4	29.9325842696629	31.0651685393258	0.532584269662923	1.66516853932584
36586	29.2	25.685393258427	27.9269662921348	-3.51460674157303	-1.27303370786516
36587	29.2	24.7887640449438	27.1247191011236	-4.41123595505618	-2.0752808988764
36588	29.4	29.1303370786517	30.1449438202247	-0.26966292134831	0.744943820224723
36589	29.4	29.3662921348315	30.0977528089888	-0.0337078651685339	0.697752808988771
36590	29.4	29.1067415730337	29.6494382022472	-0.29325842696629	0.249438202247195
36591	29.4	29.2719101123596	29.885393258427	-0.128089887640446	0.485393258426971
36592	29.4	29.3898876404494	30.2865168539326	-0.0101123595505577	0.886516853932587
36593	29.4	29.814606741573	30.7584269662921	0.414606741573035	1.35842696629214
36594	29.4	29.3898876404494	30.2157303370787	-0.0101123595505577	0.815730337078659
36595	31.5	28.6112359550562	29.4606741573034	-2.88876404494382	-2.03932584269662
36596	31.5	29.0595505617978	29.6966292134831	-2.44044943820224	-1.80337078651685
36597	31.5	28.9179775280899	29.5550561797753	-2.58202247191011	-1.94494382022472
36598	31.5	28.7292134831461	29.4606741573034	-2.77078651685393	-2.03932584269662
36599	31.5	27.1247191011236	28.2808988764045	-4.3752808988764	-3.2191011235955
36600	31.5	29.4606741573034	30.3101123595506	-2.03932584269662	-1.18988764044944
36601	31.5	27.1955056179775	28.3280898876405	-4.30449438202247	-3.17191011235955
36602	31.5	26.6056179775281	28.5876404494382	-4.89438202247191	-2.9123595505618
36607	29.3	28.6147532975085	29.2338055691256	-0.685246702491451	-0.0661944308744502
36608	29.3	29.4079140205178	30.0850024425989	0.107914020517832	0.785002442598923
36609	29.3	29.5626770884221	30.2591108939912	0.26267708842208	0.959110893991205
36610	29.3	29.7174401563263	30.4332193453835	0.417440156326332	1.13321934538349
36611	29.3	30.0463116756229	30.8588177821202	0.746311675622863	1.55881778212018
36612	38.4	33.5478260869565	34.437713727406	-4.85217391304348	-3.96228627259404
36613	38.4	37.4169027845628	37.9198827552516	-0.983097215437219	-0.480117244748406
36614	38.4	37.4749389350269	37.9392281387396	-0.925061064973129	-0.460771861260376
36615	38.4	35.9079628724963	36.3915974596971	-2.49203712750366	-2.00840254030288
36616	38.4	37.9198827552516	38.3261358085002	-0.480117244748406	-0.0738641914997515
36618	38.4	37.6877381533952	38.152027357108	-0.712261846604783	-0.247972642892037
36619	38.4	38.2487542745481	38.5969711773327	-0.151245725451879	0.196971177332685
36620	38.4	38.0746458231558	38.4035173424524	-0.325354176844158	0.00351734245236912
36621	38.4	38.2100635075721	38.6163165608207	-0.18993649242794	0.216316560820715
36622	38.4	38.1326819736199	38.6743527112848	-0.267318026380067	0.274352711284806
36623	29.3	27.857352222765	28.7364924279433	-1.44264777723498	-0.563507572056672
36624	29.4	29.9353199804592	30.9743038593063	0.535319980459207	1.5743038593063
36625	29.3	28.8164142647777	29.795456765999	-0.483585735222281	0.49545676599902
36626	29.3	29.3758671226185	30.394870542257	0.0758671226184617	1.09487054225696
36627	29.3	28.5566682950659	29.4757694186615	-0.743331704934054	0.175769418661453
36628	29.3	27.957254518808	29.1161211529067	-1.34274548119199	-0.183878847093311
36629	30.5	32.9188080117245	33.7317049340498	2.41880801172448	3.23170493404983
36630	30.5	32.4920371275037	33.2236443575965	1.99203712750366	2.72364435759648
36631	25.6	31.3037616023449	32.2129946262824	5.70376160234489	6.61299462628237
36632	25.6	32.2129946262824	33.0835368832438	6.61299462628237	7.48353688324377
36633	25.6	25.3260381045432	26.0224719101124	-0.273961895456768	0.422471910112357
36634	37	33.7219345383488	34.6118221787982	-3.2780654616512	-2.38817782120176
36635	37	36.1401074743527	36.8365412799218	-0.85989252564729	-0.163458720078168
36636	25.6	23.2173913043478	24.4168050806058	-2.38260869565217	-1.18319491939424
36637	25.6	25.151929653151	26.2546165119687	-0.44807034684905	0.654616511968733
36638	25.6	24.7650219833903	25.6742550073278	-0.834978016609675	0.0742550073277961
36639	26.6	29.2724963361016	30.1623839765511	2.67249633610161	3.56238397655105
36640	30	28.9436248168051	29.7948216902785	-1.05637518319492	-0.205178309721543
36641	30	23.6042989741085	24.6296042989741	-6.39570102589155	-5.37039570102589
36642	30	28.7114802149487	29.7754763067904	-1.2885197850513	-0.224523693209576
36643	30	25.209965803615	26.2546165119687	-4.79003419638495	-3.74538348803127
36644	30	24.2813873961895	25.209965803615	-5.71861260381045	-4.79003419638495
36645	31.4	30.3558378114314	31.1683439179287	-1.04416218856863	-0.231656082071321
36648	28	26.7962872496336	27.9957010258915	-1.20371275036639	-0.00429897410845115
36649	27.7	24.4941866145579	27.686174890083	-3.20581338544211	-0.0138251099169509
36650	27.7	28.5760625305325	29.7367855398144	0.876062530532487	2.03678553981436
36651	31.5	28.752808988764	29.4370786516854	-2.74719101123595	-2.06292134831461
36652	31.5	28.5876404494382	29.3898876404494	-2.9123595505618	-2.11011235955056
36653	31.5	27.2426966292135	28.1629213483146	-4.25730337078651	-3.33707865168539
36654	31.5	26.7943820224719	27.714606741573	-4.70561797752809	-3.78539325842696
36655	31.5	26.3696629213483	27.4314606741573	-5.13033707865168	-4.06853932584269
36656	31.5	26.3224719101124	27.3134831460674	-5.17752808988764	-4.18651685393258
36657	31.5	27.4550561797753	28.3752808988764	-4.04494382022472	-3.12471910112359
36658	31.5	27.2191011235955	28.1865168539326	-4.28089887640449	-3.31348314606741
36659	31.5	29.3898876404494	30.2157303370787	-2.11011235955056	-1.28426966292134
36660	34.8	37.5539325842697	38.285393258427	2.75393258426966	3.48539325842697
36661	34.8	37.9550561797753	38.7337078651685	3.15505617977529	3.93370786516854
36662	34.8	36.185393258427	37.0348314606742	1.38539325842697	2.23483146067416
36663	34.8	37.6719101123595	38.4269662921348	2.87191011235955	3.62696629213483
36664	34.8	35.6662921348315	36.8224719101124	0.866292134831461	2.02247191011237
36665	34.8	35.6426966292135	36.5157303370787	0.842696629213485	1.71573033707865
36666	34.8	35.9966292134831	36.9404494382022	1.19662921348315	2.14044943820225
36667	34.8	36.8460674157303	37.7662921348315	2.04606741573034	2.96629213483146
36668	34.8	33.7078651685393	34.4393258426966	-1.09213483146067	-0.360674157303372
36669	34.8	33.9910112359551	35.2179775280899	-0.80898876404494	0.417977528089892
36670	32.9	33	33.7314606741573	0.100000000000001	0.831460674157306
36671	32.9	33.2831460674157	33.9674157303371	0.38314606741573	1.06741573033708
36672	32.9	36.161797752809	37.5303370786517	3.26179775280899	4.63033707865169
36673	32.4	33.0835368832438	33.8960429897411	0.683536883243768	1.49604298974108
36674	32.4	32.9481191988276	33.838006839277	0.548119198827557	1.43800683927699
36675	23.5	25.0483146067416	26.747191011236	1.54831460674157	3.24719101123596
36676	33.9	30.9555446995603	31.9228138739619	-2.94445530043967	-1.9771861260381
36677	32.6	31.7100146555936	32.4838299951148	-0.889985344406451	-0.116170004885198
36678	33.9	32.4644846116268	33.2769907181241	-1.43551538837323	-0.623009281875916
36679	33.6	34.9406936980948	36.1401074743527	1.34069369809477	2.54010747435271
36680	33.6	33.4124084025403	34.2249145090376	-0.187591597459694	0.624914509037616
36681	33.6	32.7353199804592	33.3930630190523	-0.864680019540792	-0.206936980947731
36682	33.9	33.818661455789	34.6698583292623	-0.081338544211043	0.769858329262341
36683	33.9	32.4644846116268	33.2769907181241	-1.43551538837323	-0.623009281875916
36684	33.9	30.8394723986321	31.8841231069858	-3.06052760136786	-2.01587689301417
36685	33.9	33.2963361016121	33.9927699071812	-0.603663898387886	0.0927699071812427
36686	33.9	32.6385930630191	33.238299951148	-1.26140693698095	-0.661700048851976
36687	33.3	31.7293600390816	32.3677576941866	-1.57063996091841	-0.932242305813382
36688	33.3	32.5031753786028	33.1609184171959	-0.796824621397164	-0.139081582804096
36689	36.1	33.6832437713727	34.2249145090376	-2.41675622862726	-1.87508549096238
36690	36.1	34.3409868099658	34.7472398632145	-1.7590131900342	-1.35276013678554
36691	36.1	34.3022960429897	34.7278944797264	-1.79770395701026	-1.37210552027357
36692	35.9	33.1609184171959	33.6445530043967	-2.7390815828041	-2.25544699560332
36693	35.9	33.6832437713727	34.3603321934538	-2.21675622862725	-1.53966780654616
36694	36.7	33.2769907181241	33.838006839277	-3.42300928187592	-2.86199316072302
36695	36.7	32.5031753786028	33.3156814851001	-4.19682462139717	-3.38431851489986
36696	36.5	32.5418661455789	33.238299951148	-3.95813385442111	-3.26170004885198
36697	33.7	32.8320468978994	33.9153883732291	-0.867953102100643	0.215388373229118
36698	33.7	33.3930630190523	34.0894968246214	-0.306936980947732	0.389496824621389
36699	33.7	32.5225207620909	33.5284807034685	-1.17747923790914	-0.171519296531514
36700	33.7	31.7100146555936	33.0835368832438	-1.98998534440645	-0.616463116756236
36701	33.7	32.9481191988276	33.8766976062531	-0.751880801172447	0.17669760625305
36702	33.7	32.8707376648754	33.9734245236932	-0.829262335124575	0.273424523693208
36704	32.4	30.6741573033708	32.7775280898876	-1.72584269662921	0.37752808988764
36705	32.4	24.6674157303371	26.0629213483146	-7.73258426966292	-6.3370786516854
36706	33.2	27.3378602833415	28.3768441621886	-5.86213971665853	-4.82315583781144
36708	33.7	31.5359062042013	32.4257938446507	-2.16409379579873	-1.27420615534929
36709	33.7	28.6340986809966	29.6207132388862	-5.06590131900342	-4.07928676111383
36710	33.7	30.143038593063	30.9555446995603	-3.55696140693698	-2.74445530043967
36711	33.7	30.8975085490962	31.7680508060576	-2.80249145090377	-1.93194919394236
36712	33.7	30.9942354665364	31.8647777234978	-2.70576453346361	-1.8352222765022
36713	38	34.6906692721055	35.2701025891549	-3.30933072789448	-2.72989741084514
36714	33.7	30.2978016609673	31.1489985344406	-3.40219833903273	-2.55100146555936
36715	33.7	29.3305324865657	30.0269662921348	-4.3694675134343	-3.67303370786517
36716	33.7	28.1698094772838	28.9242794333171	-5.53019052271617	-4.77572056668295
36717	33.7	29.1370786516854	30.0269662921348	-4.56292134831461	-3.67303370786517
36718	33.7	27.9183194919394	29.0596971177333	-5.78168050806058	-4.64030288226673
36719	33.7	27.4733756717147	28.5760625305325	-6.2266243282853	-5.12393746946752
36720	33.7	31.5359062042013	32.1549584758183	-2.16409379579873	-1.54504152418173
36721	33.7	29.1564240351734	30.1817293600391	-4.54357596482658	-3.51827063996092
36722	33.7	27.9183194919394	29.0790425012213	-5.78168050806058	-4.6209574987787
36723	33.7	28.885588666341	29.9689301416707	-4.81441133365902	-3.73106985832926
36724	28.5	31.400488519785	33.0448461162677	2.90048851978505	4.54484611626771
36725	32.3	32.9868099658036	34.4183683439179	0.686809965803619	2.11836834391794
36726	32.3	33.9347337567172	34.8246213971666	1.63473375671715	2.52462139716658
36727	32.3	30.8588177821202	32.000195407914	-1.44118221787982	-0.299804592085977
36728	32.3	32.8900830483635	34.0894968246214	0.590083048363461	1.78949682462139
36729	32.3	32.7740107474353	33.7412799218368	0.474010747435273	1.44127992183684
36730	32.3	30.8781631656082	31.6519785051295	-1.42183683439179	-0.648021494870541
36731	32.3	30.2204201270151	30.8781631656082	-2.07957987298485	-1.42183683439179
36732	36	36.5629213483146	37.2707865168539	0.562921348314603	1.27078651685393
36733	36	36.9876404494382	37.7662921348315	0.987640449438203	1.76629213483146
36734	36	38.3325842696629	39.1584269662921	2.33258426966292	3.15842696629213
36735	36	37.223595505618	37.9786516853933	1.22359550561798	1.97865168539326
36736	36	36.9404494382022	37.5775280898876	0.940449438202243	1.57752808988764
36737	36	38.4977528089888	39.2056179775281	2.49775280898876	3.20561797752809
36738	36	37.7191011235955	38.5685393258427	1.71910112359551	2.56853932584269
36739	36	36.3033707865169	37.1056179775281	0.303370786516851	1.10561797752809
36740	36	37.152808988764	38.1202247191011	1.15280898876404	2.12022471910112
36741	36	36.114606741573	37.0584269662921	0.114606741573034	1.05842696629213
36742	36	37.8842696629213	38.6157303370787	1.88426966292135	2.61573033707865
36743	36	38.5213483146067	39.323595505618	2.52134831460674	3.32359550561798
36744	36	37.9314606741573	38.5921348314607	1.9314606741573	2.59213483146068
36745	32	30.0751831949194	31.6736199316072	-1.92481680508061	-0.326380068392773
36746	32	30.195065950171	31.7535417684416	-1.80493404982902	-0.246458231558382
36747	32.6	33.3543722520762	34.0508060576453	0.754372252076209	1.45080605764533
36748	32.6	33.1222276502198	33.6058622374206	0.522227650219833	1.00586223742062
36749	32.6	32.3871030776746	33.1802638006839	-0.212896922325356	0.58026380068393
36750	32.6	33.4897899364924	33.9927699071812	0.889789936492427	1.39276990718124
36751	32.6	33.6058622374206	34.0508060576453	1.00586223742062	1.45080605764533
36752	32.6	33.7025891548608	34.1475329750855	1.10258915486077	1.54753297508549
36753	29.9	30.3171470444553	30.8588177821202	0.417147044455302	0.958817782120178
36754	33.7	33.4510991695164	33.9734245236932	-0.248900830483635	0.273424523693208
36755	33.7	34.6892037127504	35.67581827064	0.989203712750367	1.97581827063996
36756	33.7	33.2576453346361	33.7219345383488	-0.442354665363951	0.0219345383488019
36757	36.2	31.6550561797753	33.1179775280899	-4.54494382022472	-3.08202247191011
36758	36.2	34.6752808988764	35.6191011235955	-1.5247191011236	-0.580898876404497
36759	36.2	31.4662921348315	32.5280898876404	-4.73370786516854	-3.67191011235956
36760	36.2	32.6224719101124	33.8730337078652	-3.57752808988764	-2.32696629213483
36761	36.2	28.7056179775281	29.9325842696629	-7.49438202247191	-6.26741573033708
36762	36.2	28.9887640449438	29.9797752808989	-7.21123595505618	-6.22022471910112
36766	37.8	38.6356619443087	39.0999511480215	0.835661944308747	1.2999511480215
36771	37.8	38.4808988764045	38.8871519296532	0.680898876404498	1.08715192965315
36772	37.8	38.8484611626771	39.3707865168539	1.04846116267709	1.57078651685394
36773	34.8	32.5031753786028	33.21895456766	-2.29682462139716	-1.58104543234001
36774	34.8	32.4451392281387	33.0448461162677	-2.35486077186125	-1.75515388373229
36775	34.8	29.523986321446	30.4138739618955	-5.27601367855398	-4.38612603810454
36776	34.8	33.3930630190523	34.0701514411334	-1.40693698094773	-0.729848558866635
36777	34.8	35.3276013678554	36.1014167073767	0.527601367855397	1.30141670737665
36778	34.8	34.437713727406	35.1148021494871	-0.362286272594034	0.314802149487058
36779	34.8	35.1534929164631	35.7725451880801	0.353492916463125	0.972545188080119
36780	34.8	34.4183683439179	35.2308744504152	-0.381631656082064	0.430874450415246
36781	34.8	34.3990229604299	35.2115290669272	-0.400977039570101	0.411529066927216
36782	34.8	34.1475329750855	34.8052760136786	-0.652467024914507	0.00527601367855368
36783	34.8	34.8633121641426	35.4630190522716	0.0633121641426513	0.663019052271622
36784	34.8	33.238299951148	33.8960429897411	-1.56170004885197	-0.903957010258914
36785	34.8	33.5091353199805	34.1668783585735	-1.29086468001954	-0.63312164142647
36786	34.8	33.2963361016121	33.8960429897411	-1.50366389838788	-0.903957010258914
36787	34.8	35.1534929164631	35.9659990229604	0.353492916463125	1.16599902296043
36788	34.8	35.5017098192477	36.0433805569126	0.701709819247682	1.24338055691256
36789	34.8	34.1281875915975	34.6892037127504	-0.671812408402538	-0.110796287249627
36790	34.8	31.6326331216414	32.2903761602345	-3.16736687835857	-2.50962383976551
36791	34.5	29.1361016121153	30.0552027357108	-5.36389838788471	-4.44479726428921
36792	34.3	31.933365901319	32.8924279433317	-2.366634098681	-1.40757205666829
36793	34.3	33.571763556424	34.2311187103078	-0.728236443575966	-0.0688812896922286
36794	34.3	33.8514899853444	34.4509037616023	-0.448510014655589	0.150903761602343
36795	34.3	32.9723497801661	33.7515876893014	-1.3276502198339	-0.548412310698581
36796	34.3	33.0722520762091	33.77156814851	-1.22774792379091	-0.528431851489984
36797	34.5	33.3519785051295	34.171177332682	-1.14802149487054	-0.328822667318029
36798	34.3	32.6326819736199	33.471861260381	-1.66731802638007	-0.82813873961895
36799	34.3	33.2121152906693	33.9314118221788	-1.08788470933072	-0.368588177821202
36800	34.3	33.9513922813874	34.8704934049829	-0.348607718612598	0.570493404982905
36801	34.5	33.1921348314607	33.971372740596	-1.30786516853933	-0.528627259404004
36802	36.5	33.3919394235467	34.1312164142648	-3.10806057645335	-2.36878358573522
36803	34.5	33.8914509037616	34.5308255984367	-0.608549096238399	0.0308255984367349
36804	35.8	32.7325842696629	33.4319003419638	-3.06741573033707	-2.36809965803615
36805	37.8	33.2121152906693	34.0912554958476	-4.58788470933072	-3.70874450415241
36806	37.8	35.2900830483635	36.2891060087934	-2.50991695163654	-1.51089399120664
36807	34.5	34.071275036639	34.8505129457743	-0.42872496336102	0.350512945774305
36808	34.5	35.1901807523205	35.8695163654128	0.690180752320465	1.3695163654128
36809	34.5	32.033268197362	32.7525647288715	-2.46673180263801	-1.74743527112848
36810	34.5	33.77156814851	34.5707865168539	-0.728431851489987	0.0707865168539286
36811	34.5	34.0313141182218	34.6906692721055	-0.468685881778214	0.190669272105517
36812	34.5	34.0912554958476	34.8105520273571	-0.408744504152416	0.310552027357105
36813	34.5	34.3510014655594	34.9903761602345	-0.148998534440643	0.49037616023449
36814	34.5	33.7316072300928	34.3510014655594	-0.76839276990718	-0.148998534440643
36815	34.5	35.1102589154861	35.6497313141182	0.610258915486078	1.14973131411822
36816	34.5	33.2320957498779	34.0512945774304	-1.26790425012213	-0.448705422569617
36817	34.5	34.2510991695164	34.8904738641915	-0.248900830483635	0.390473864191499
36818	34.5	34.1312164142648	34.7306301905227	-0.368783585735223	0.230630190522717
36819	34.3	32.9323888617489	33.7515876893014	-1.3676111382511	-0.548412310698581
36820	34.3	32.8924279433317	33.6516853932584	-1.40757205666829	-0.648314606741572
36821	34.3	34.9304347826087	35.4499267220322	0.630434782608695	1.14992672203224
36822	34.3	35.2301416707377	35.7496336101612	0.930141670737669	1.44963361016121
36823	35.6	33.2920371275037	34.2910600879336	-2.30796287249634	-1.30893991206644
36824	34.5	37.2481680508061	38.2671714704446	2.74816805080606	3.76717147044455
36825	34.5	34.6107474352711	35.2900830483635	0.110747435271129	0.790083048363456
36826	34.5	33.7116267708842	34.4509037616023	-0.788373229115777	-0.0490962383976594
36827	37.3	36.6043966780655	36.9913043478261	-0.695603321934534	-0.30869565217391
36828	37.3	34.8439667806546	35.5597459697118	-2.45603321934538	-1.74025403028823
36829	37.3	36.7978505129458	37.2234489496825	-0.502149487054226	-0.0765510503175335
36830	32.5	32.6326819736199	33.7515876893014	0.132681973619931	1.25158768930142
36831	38.4	37.0820224719101	37.6011235955056	-1.31797752808988	-0.798876404494379
36832	38.4	34.7932584269663	35.4303370786517	-3.60674157303371	-2.96966292134832
36833	38.4	37.6955056179775	38.1674157303371	-0.704494382022467	-0.232584269662922
36834	29	28.3988764044944	29.4842696629214	-0.601123595505616	0.484269662921353
36835	26.7	26.7943820224719	27.8325842696629	0.0943820224719119	1.13258426966292
36836	26.7	25.4494382022472	26.723595505618	-1.25056179775281	0.0235955056179797
36837	27.1	26.6292134831461	27.8797752808989	-0.470786516853931	0.779775280898878
36838	28.3	26.9595505617978	27.9269662921348	-1.34044943820225	-0.373033707865165
36839	27.1	26.2044943820225	27.2662921348315	-0.895505617977527	0.166292134831462
36840	27.1	26.8651685393258	28.0449438202247	-0.234831460674155	0.944943820224719
36841	30.7	29.9553004396678	30.6945774303859	-0.744699560332194	-0.00542256961407261
36842	30.7	30.5946751343429	31.3739130434783	-0.10532486565706	0.673913043478258
36843	30.1	28.3968246213972	29.7554958475818	-1.70317537860284	-0.344504152418178
36844	24.2	27.0781143136297	27.7374694675134	2.8781143136297	3.53746946751343
36845	24.2	26.8583292623351	27.7374694675134	2.65832926233512	3.53746946751343
36847	28.9	28.9362970200293	29.8753786028334	0.0362970200293091	0.975378602833413
36848	27.6	27.1180752320469	28.1370786516854	-0.481924767953107	0.537078651685391
36849	30.3	27.4314606741573	28.6348314606742	-2.86853932584269	-1.66516853932584
36850	29.4	27.8989741084514	29.0210063507572	-1.50102589154861	-0.378993649242794
36851	29.4	28.5954079140205	29.9302393746947	-0.804592085979479	0.530239374694677
36852	29.4	29.9495847581827	31.2070346849047	0.549584758182707	1.80703468490474
36853	29.4	28.1504640937958	29.1951148021495	-1.2495359062042	-0.204885197850512
36854	29.4	29.9882755251588	31.4585246702491	0.588275525158771	2.05852467024915
36855	29.4	29.8915486077186	30.8781631656082	0.491548607718613	1.47816316560821
36856	29.4	28.4212994626282	29.4079140205178	-0.978700537371761	0.00791402051783408
36857	29.4	31.8841231069858	33.199609184172	2.48412310698583	3.79960918417196
36858	29.4	30.2591108939912	31.5165608207132	0.859110893991208	2.11656082071324
36859	39.3	38.3470933072789	39.0064484611627	-0.952906692721051	-0.29355153883732
36860	41.1	37.2481680508061	37.9075232046898	-3.85183194919394	-3.19247679531021
36861	39.3	38.6468001954079	39.3461162677088	-0.653199804592084	0.0461162677088467
36862	39.3	36.209184171959	37.0084025403029	-3.09081582804103	-2.29159745969712
36863	39.3	37.9075232046898	38.5868588177821	-1.39247679531021	-0.713141182217875
36864	39.3	37.5278944797264	38.1672691744016	-1.77210552027357	-1.13273082559844
36865	39.3	36.5488519785051	37.0683439179287	-2.75114802149487	-2.23165608207132
36866	39.3	37.7276990718124	38.3470933072789	-1.57230092818759	-0.952906692721051
36867	39.3	34.7106497313141	35.409965803615	-4.58935026868588	-3.89003419638495
36868	39.3	35.6497313141182	36.4289692232535	-3.65026868588178	-2.87103077674646
36869	37	37.7148998534441	38.1010258915486	0.714899853444066	1.10102589154861
36870	37	38.4261846604787	38.8732779677577	1.42618466047875	1.87327796775769
36871	37	37.2271617000489	37.7961895456766	0.227161700048853	0.796189545676597
36872	37	38.1823155837811	38.6294088910601	1.18231558378114	1.62940889106009
36873	37	37.9994137762579	38.3855398143625	0.999413776257938	1.38553981436248
36874	37	37.8774792379091	38.2839276990718	0.877479237909135	1.28392769907181
36875	37	37.9587689301417	38.2839276990718	0.958768930141673	1.28392769907181
36876	37.9	36.5629213483146	37.3651685393258	-1.3370786516854	-0.534831460674155
36877	37.9	36.7280898876405	37.3651685393258	-1.17191011235955	-0.534831460674155
36878	37.9	35.6191011235955	36.4685393258427	-2.28089887640449	-1.4314606741573
36879	37.9	36.8696629213483	37.7662921348315	-1.03033707865168	-0.133707865168539
36880	37.9	36.0438202247191	36.8696629213483	-1.8561797752809	-1.03033707865168
36881	26.2	29.8141670737665	31.0909623839766	3.61416707376649	4.89096238397655
36882	31.2	22.5403028822667	23.7010258915486	-8.65969711773327	-7.49897410845139
36884	25.5	30.3945285784074	31.2457254518808	4.89452857840742	5.7457254518808
36885	25.5	28.5760625305325	29.9689301416707	3.07606253053249	4.46893014167074
36886	25.5	22.733756717147	24.8810942843185	-2.76624328285295	-0.618905715681485
36887	25.5	28.8082071323889	30.0850024425989	3.30820713238886	4.58500244259892
36889	25.5	31.1489985344406	32.0969223253542	5.64899853444064	6.59692232535418
36900	32.3	30.6460185637518	31.9228138739619	-1.65398143624817	-0.377186126038101
36902	29.7	26.5254518808012	27.8215925744993	-3.17454811919883	-1.87840742550073
36903	29.7	28.0924279433317	29.6013678553981	-1.60757205666829	-0.0986321446018543
36904	29.7	29.6207132388862	30.8394723986321	-0.0792867611138242	1.13947239863214
36905	29.7	28.0924279433317	29.5820224719101	-1.60757205666829	-0.117977528089888
36917	33.1	29.8722032242306	31.1489985344406	-3.22779677576942	-1.95100146555936
36918	33.1	31.4391792867611	32.7353199804592	-1.66082071323889	-0.364680019540792
36920	34.3	29.2483146067416	32.0325842696629	-5.05168539325842	-2.26741573033708
36921	34.3	35.5483146067416	38.4505617977528	1.24831460674157	4.15056179775281
36922	34.3	25.0011235955056	27.2426966292135	-9.29887640449438	-7.05730337078651
36924	34.3	29.2719101123596	32.0797752808989	-5.02808988764044	-2.22022471910112
36925	34.3	35.0292134831461	35.5483146067416	0.729213483146069	1.24831460674157
36928	34.3	28.4224719101124	29.1775280898876	-5.87752808988764	-5.12247191011235
36929	34.3	29.861797752809	30.5460674157303	-4.438202247191	-3.75393258426966
36931	39.2	32.6139716658525	33.8129946262824	-6.58602833414754	-5.38700537371764
36932	39.2	33.1423546653639	34.0771861260381	-6.05764533463606	-5.1228138739619
36933	34.2	32.3484123106986	33.199609184172	-1.85158768930142	-1.00039081582804
36934	34.2	35.4049829018075	36.1207620908647	1.20498290180753	1.92076209086468
36935	34.2	32.5612115290669	33.4897899364924	-1.63878847093308	-0.710210063507574
36936	34.2	36.4302882266732	37.1847581827064	2.23028822667318	2.9847581827064
36937	35.1	32.9868099658036	33.9540791402052	-2.11319003419639	-1.14592085979482
36938	33.4	35.0374206155349	36.0046897899365	1.63742061553493	2.60468978993649
36939	33.4	31.4391792867611	32.5225207620909	-1.96082071323888	-0.877479237909135
36940	32.6	34.3409868099658	35.3469467513434	1.7409868099658	2.74694675134343
36941	32.5	35.5790913531998	37.9779189057157	3.0790913531998	5.47791890571568
36942	32.5	35.1728382999512	36.9913043478261	2.67283829995115	4.49130434782609
36943	31.2	29.4659501709819	30.5106008793356	-1.73404982901807	-0.689399120664387
36944	29.6	29.9108939912066	30.9942354665364	0.310893991206644	1.39423546653639
36946	29.6	29.0210063507572	30.123693209575	-0.578993649242797	0.523693209574986
36947	29.6	29.1177332681974	30.2204201270151	-0.482266731802639	0.620420127015144
36948	29.6	29.0210063507572	30.0076209086468	-0.578993649242797	0.407620908646798
36949	35.2	34.4957498778701	35.3276013678554	-0.704250122129949	0.127601367855391
36950	34.4	35.076111382511	35.714509037616	0.676111382510989	1.31450903761603
36951	34.4	34.7859306301905	35.4630190522716	0.385930630190522	1.06301905227162
36952	34.4	34.9600390815828	35.5597459697118	0.560039081582808	1.15974596971177
36953	34.4	35.1921836834392	35.7531998045921	0.792183683439184	1.35319980459209
36954	34.4	35.3662921348315	35.8886174890083	0.966292134831463	1.48861748900831
36955	34.4	29.3498778700537	30.2591108939912	-5.05012212994626	-4.14088910600879
36956	34.4	31.4391792867611	32.2516853932584	-2.96082071323888	-2.14831460674157
36957	34.4	31.4391792867611	32.1936492427943	-2.96082071323888	-2.20635075720566
36958	34.4	35.7338544211041	36.333561309233	1.33385442110406	1.93356130923302
36959	34.4	34.2829506595017	34.9020029311187	-0.117049340498291	0.50200293111871
36960	34.4	35.9273082559844	36.5463605276014	1.52730825598437	2.14636052760137
36961	34.4	32.5612115290669	33.3930630190523	-1.83878847093307	-1.00693698094773
36962	34.4	32.3097215437225	33.0448461162677	-2.09027845627748	-1.35515388373229
36963	34.4	31.9421592574499	32.6772838299951	-2.45784074255007	-1.72271617000488
36964	34.4	31.1489985344406	31.961504640938	-3.25100146555936	-2.43849535906204
36965	34.4	31.6713238886175	32.3677576941866	-2.72867611138251	-2.03224230581338
36966	34.4	31.7100146555936	32.6579384465071	-2.68998534440645	-1.74206155349291
36967	34.4	34.4957498778701	35.1341475329751	0.0957498778700554	0.734147532975086
36968	34.4	30.8201270151441	31.5359062042013	-3.57987298485589	-2.86409379579873
36969	34.4	32.2129946262824	32.8320468978994	-2.18700537371763	-1.56795310210064
36970	34.4	34.5150952613581	35.1534929164631	0.115095261358086	0.753492916463124
36971	34.4	35.2308744504152	35.8499267220322	0.830874450415244	1.44992672203225
36972	34.4	34.5537860283341	35.1728382999512	0.153786028334146	0.772838299951154
36973	34.4	35.3469467513434	35.8886174890083	0.946946751343432	1.48861748900831
36974	34.4	31.7487054225696	32.599902296043	-2.65129457743038	-1.80009770395701
36975	34.4	33.5091353199805	34.3216414264778	-0.89086468001954	-0.0783585735222303
36976	34.4	34.1088422081094	34.7472398632145	-0.291157791890569	0.347239863214462
36977	34.4	34.9600390815828	35.5597459697118	0.560039081582808	1.15974596971177
36978	34.4	36.2368343917929	36.7204689789937	1.83683439179287	2.32046897899365
36979	34.4	35.4049829018075	35.9466536394724	1.00498290180753	1.5466536394724
36980	34.4	35.1341475329751	35.7338544211041	0.734147532975086	1.33385442110406
36981	34.4	34.9213483146067	35.4823644357596	0.521348314606747	1.08236443575965
36982	34.4	35.095456765999	35.6564728871519	0.695456765999026	1.25647288715194
36983	34.4	35.0180752320469	35.5404005862237	0.618075232046898	1.14040058622374
36984	34.4	35.1534929164631	35.714509037616	0.753492916463124	1.31450903761603
36985	34.4	34.8052760136786	35.3662921348315	0.405276013678552	0.966292134831463
36986	34.4	34.6311675622863	35.2115290669272	0.231167562286274	0.811529066927214
36987	34.4	35.4243282852956	36.1207620908647	1.02432828529556	1.72076209086468
36988	34.4	35.4823644357596	36.1014167073767	1.08236443575965	1.70141670737665
36989	34.4	31.6713238886175	32.4838299951148	-2.72867611138251	-1.9161700048852
36990	34.4	35.1728382999512	35.8112359550562	0.772838299951154	1.41123595505618
36991	34.4	34.9406936980948	35.5404005862237	0.540693698094778	1.14040058622374
36992	34.4	34.7472398632145	35.3662921348315	0.347239863214462	0.966292134831463
36993	34.4	32.0582315583781	32.7546653639472	-2.34176844162189	-1.64533463605276
36994	34.4	36.314215925745	36.8945774303859	1.91421592574499	2.49457743038593
36995	34.4	35.3662921348315	35.9659990229604	0.966292134831463	1.56599902296043
36996	34.4	35.1921836834392	35.9273082559844	0.792183683439184	1.52730825598437
36997	34.4	35.3662921348315	35.9659990229604	0.966292134831463	1.56599902296043
36998	34.4	35.3856375183195	35.9466536394724	0.985637518319493	1.5466536394724
36999	33.9	34.9020029311187	35.5404005862237	1.00200293111871	1.64040058622374
37000	33.9	35.5790913531998	36.0627259404006	1.6790913531998	2.16272594040058
37001	33.9	32.1549584758183	32.8127015144113	-1.74504152418172	-1.08729848558867
37002	26.9	25.8202247191011	26.7505617977528	-1.07977528089888	-0.149438202247193
37008	41	38.0359550561798	38.6163165608207	-2.96404494382023	-2.38368343917929
37011	41	37.9198827552516	38.4422081094284	-3.08011724474841	-2.55779189057156
37013	41	37.7457743038593	38.2100635075721	-3.25422569614069	-2.78993649242794
37014	41	38.0746458231558	38.790425012213	-2.92535417684416	-2.20957498778701
37017	41	37.7457743038593	38.2680996580361	-3.25422569614069	-2.73190034196385
37020	41	37.9005373717636	38.5969711773327	-3.09946262823645	-2.40302882266732
37021	41.3	37.8425012212995	38.5195896433806	-3.45749877870053	-2.78041035661944
37025	41	36.913922813874	37.6683927699072	-4.08607718612603	-3.33160723009281
37026	27.6	27.7774303859306	28.8363947239863	0.177430385930627	1.23639472398632
37028	31.6	26.1033707865169	27.3573033707865	-5.49662921348315	-4.24269662921349
37029	39	38.5195896433806	38.8871519296532	-0.480410356619444	-0.11284807034685
37030	39	37.3588666340987	37.7844650708354	-1.64113336590132	-1.21553492916463
37031	39	38.0939912066439	38.6743527112848	-0.906008793356129	-0.325647288715196
37032	39	37.6877381533952	38.4228627259404	-1.31226184660478	-0.577137274059602
37035	39	37.7457743038593	38.190718124084	-1.25422569614069	-0.809281875915971
37036	39	38.6743527112848	39.0999511480215	-0.325647288715196	0.0999511480214963
37037	39	38.6550073277968	39.1192965315095	-0.344992672203226	0.119296531509526
37038	39	38.2100635075721	38.6356619443087	-0.789936492427941	-0.364338055691256
37039	38.8	36.913922813874	37.552320468979	-1.88607718612603	-1.24767953102101
37041	38.8	37.8231558378114	38.4615534929165	-0.97684416218857	-0.338446507083532
37042	38.8	38.152027357108	38.5389350268686	-0.647972642892036	-0.261064973131411
37043	39	35.8692721055203	36.6237420615535	-3.13072789447973	-2.37625793844651
37044	39	38.4615534929165	38.8871519296532	-0.538446507083535	-0.11284807034685
37045	39	38.9064973131412	39.3707865168539	-0.0935026868588196	0.370786516853933
37046	39	38.3841719589643	38.7517342452369	-0.615828041035662	-0.248265754763068
37047	39	38.171372740596	38.5582804103566	-0.828627259404008	-0.441719589643377
37048	39	38.2294088910601	38.6356619443087	-0.770591108939911	-0.364338055691256
37049	39	36.6624328285296	37.3975574010747	-2.33756717147044	-1.60244259892526
37050	33.4	32.5612115290669	33.1415730337079	-0.838788470933075	-0.258426966292134
37051	32.9	33.7926722032242	34.4633121641426	0.89267220322423	1.56331216414265
37052	32.9	33.5691255495848	34.1787982413288	0.669125549584756	1.27879824132878
37053	32.9	29.80947728383	30.7849535906204	-3.09052271617	-2.11504640937958
37054	31.5	30.1549584758183	30.9678553981436	-1.34504152418173	-0.532144601856373
37055	32.9	34.3210552027357	35.0323400097704	1.42105520273571	2.1323400097704
37056	32.9	32.1262335124573	32.7765510503175	-0.773766487542744	-0.123448949682462
37057	32.9	32.1668783585735	32.8984855886663	-0.733121641426472	-0.00151441133365893
37058	32.9	32.7155837811431	33.447191011236	-0.18441621885686	0.547191011235959
37059	32.9	29.0778700537372	29.8907669760625	-3.82212994626282	-3.00923302393747
37060	32.9	27.7365901319003	28.28529555447	-5.16340986809966	-4.61470444553004
37061	32.9	31.6791402051783	32.4920371275037	-1.22085979482169	-0.407962872496334
37062	32.9	33.6910600879336	34.361700048852	0.791060087933566	1.46170004885198
37063	31.5	30.3378602833415	31.1914020517831	-1.16213971665853	-0.308597948216903
37064	31.5	31.9839765510503	32.6342940889106	0.483976551050318	1.1342940889106
37065	31.5	30.9272105520274	31.6181729360039	-0.572789447972642	0.118172936003909
37066	31.5	29.6062530532487	30.419149975574	-1.89374694675134	-1.08085002442599
37067	31.5	30.1346360527601	31.0491450903762	-1.36536394723986	-0.450854909623839
37068	36.5	34.2680019540791	34.8496824621397	-2.23199804592086	-1.65031753786028
37069	33.7	32.9674645823156	33.4897899364924	-0.732535417684417	-0.210210063507574
37070	33.7	33.7993160723009	34.2055691255496	0.0993160723009225	0.505569125549584
37071	33.7	32.3484123106986	32.8707376648754	-1.35158768930142	-0.829262335124575
37072	33.7	32.3097215437225	32.9481191988276	-1.39027845627749	-0.751880801172447
37073	33.7	33.5865168539326	34.0701514411334	-0.113483146067423	0.370151441133359
37074	33.7	31.6132877381534	32.4838299951148	-2.08671226184661	-1.2161700048852
37075	33.7	31.2070346849047	31.980850024426	-2.49296531509527	-1.71914997557401
37076	33.7	33.9540791402052	34.5344406448461	0.254079140205178	0.834440644846111
37077	33.7	33.7606253053249	34.3216414264778	0.0606253053248622	0.621641426477765
37078	33.7	32.3677576941866	32.9287738153395	-1.33224230581339	-0.771226184660478
37079	33.7	33.0255007327797	33.7025891548608	-0.674499267220327	0.00258915486077171
37080	33.7	31.2070346849047	32.000195407914	-2.49296531509527	-1.69980459208598
37081	31.3	30.8394723986321	31.342452369321	-0.460527601367858	0.0424523693209586
37082	31.3	33.7799706888129	34.3796775769419	2.47997068881289	3.07967757694187
37083	31.3	33.8766976062531	34.476404494382	2.57669760625305	3.17640449438202
37084	32.9	33.9927699071812	34.5537860283341	1.09276990718124	1.65378602833415
37085	32.9	34.0121152906693	34.6118221787982	1.11211529066927	1.71182217879824
37086	32.9	34.0508060576453	34.6311675622863	1.15080605764533	1.73116756228627
37087	32.9	33.9347337567172	34.457059110894	1.03473375671715	1.557059110894
37088	32.9	34.4183683439179	35.076111382511	1.51836834391793	2.17611138251099
37089	28	34.8246213971666	35.2695652173913	6.82462139716658	7.2695652173913
37090	28	31.361797752809	32.0195407914021	3.36179775280899	4.01954079140205
37091	28	31.2650708353688	31.7293600390816	3.26507083536883	3.72936003908158
37092	28	34.2442598925256	34.6311675622863	6.24425989252565	6.63116756228627
37093	26.2	26.1390327308256	27.2379579872985	-0.0609672691744017	1.03795798729848
37094	29.5	28.5494870542257	29.4030288226673	-0.950512945774303	-0.0969711773326836
37095	35.2	30.0184171958964	31.018661455789	-5.18158280410357	-4.18133854421104
37096	35.2	30.8408402540303	31.952222765022	-4.35915974596971	-3.24777723497802
37097	35.2	33.152515876893	33.9304836345872	-2.04748412310699	-1.2695163654128
37098	37	36.8171958964338	37.2234489496825	-0.182804103566198	0.223448949682464
37099	37	36.4109428431852	36.8558866634099	-0.589057156814846	-0.144113336590131
37100	37	36.4689789936492	36.95261358085	-0.531021006350755	-0.0473864191499729
37101	37	37.9585735222277	38.3454811919883	0.958573522227653	1.34548119198828
37102	37	37.8618466047875	38.2294088910601	0.861846604787495	1.22940889106009
37103	37	37.9972642892037	38.3454811919883	0.997264289203713	1.34548119198828
37104	37	37.7264289203713	38.0939912066439	0.726428920371276	1.09399120664387
37105	37	37.3008304836346	37.6877381533952	0.300830483634584	0.687738153395216
37106	37	37.9585735222277	38.3454811919883	0.958573522227653	1.34548119198828
37107	37	38.0166096726917	38.3841719589643	1.01660967269174	1.38417195896434
37109	37.5	36.1014167073767	37.0686858817782	-1.39858329262335	-0.431314118221792
37110	38.2	37.1073766487543	37.9005373717636	-1.09262335124573	-0.299462628236448
37111	38.2	35.3082559843674	35.9853444064485	-2.89174401563264	-2.21465559355154
37112	38.2	37.3975574010747	38.2680996580361	-0.802442598925261	0.0680996580361466
37113	37.5	34.8633121641426	35.7531998045921	-2.63668783585735	-1.74680019540791
37114	37.5	34.6118221787982	35.4436736687836	-2.88817782120176	-2.05632633121641
37115	38.2	36.3529066927211	37.2621397166585	-1.84709330727895	-0.937860283341479
37116	38.2	37.6877381533952	38.3841719589643	-0.512261846604787	0.184171958964335
37117	36.7	36.6237420615535	37.3395212506107	-0.0762579384465099	0.639521250610649
37118	36.7	36.5076697606253	37.3395212506107	-0.192330239374698	0.639521250610649
37119	36.7	33.3737176355642	34.1862237420616	-3.32628236443576	-2.51377625793845
37120	37.5	35.5790913531998	36.3915974596971	-1.9209086468002	-1.10840254030288
37121	36.7	37.6490473864191	38.5195896433806	0.949047386419146	1.81958964338055
37122	36.7	35.095456765999	36.0627259404006	-1.60454323400098	-0.63727405959942
37123	36.7	34.5924767953102	35.3856375183195	-2.10752320468979	-1.31436248168051
37124	36.7	33.0448461162677	34.2249145090376	-3.6551538837323	-2.47508549096239
37125	36.7	33.1802638006839	34.0314606741573	-3.51973619931607	-2.6685393258427
37126	37.5	33.4510991695164	34.6311675622863	-4.04890083048363	-2.86883243771373
37127	36.7	32.1936492427943	33.0641914997557	-4.50635075720567	-3.63580850024427
37128	36.7	34.9020029311187	35.7338544211041	-1.79799706888129	-0.966145578895947
37129	37.5	34.1862237420616	35.1534929164631	-3.31377625793844	-2.34650708353688
37130	37.5	34.5731314118222	35.5404005862237	-2.92686858817783	-1.95959941377626
37131	37.5	33.7993160723009	34.7665852467025	-3.70068392769907	-2.73341475329751
37132	37.5	34.7085490962384	35.67581827064	-2.7914509037616	-1.82418172936003
37133	37.5	34.7472398632145	35.5404005862237	-2.75276013678554	-1.95959941377626
37134	37.5	37.4362481680508	38.1133365901319	-0.0637518319491903	0.613336590131901
37135	37.5	35.1728382999512	36.0240351734245	-2.32716170004885	-1.47596482657548
37136	36.7	36.4496336101612	37.1847581827064	-0.250366389838788	0.4847581827064
37137	36.7	32.4257938446507	33.7025891548608	-4.27420615534929	-2.99741084513923
37138	36.7	36.913922813874	37.571665852467	0.213922813873964	0.871665852467018
37139	37.5	35.8112359550562	36.5657059110894	-1.68876404494382	-0.934294088910605
37140	38.2	38.152027357108	38.8484611626771	-0.0479726428920415	0.648461162677087
37141	36.7	34.457059110894	35.2308744504152	-2.24294088910601	-1.46912554958476
37142	37.8	36.1014167073767	36.913922813874	-1.69858329262335	-0.88607718612603
37143	37.5	37.4749389350269	38.1326819736199	-0.02506106497313	0.632681973619931
37144	37.5	35.7725451880801	36.5463605276014	-1.72745481191988	-0.953639472398635
37145	37.5	34.7472398632145	35.695163654128	-2.75276013678554	-1.804836345872
37146	37.5	34.9020029311187	35.8499267220322	-2.59799706888129	-1.65007327796776
37147	37.5	34.2249145090376	35.1728382999512	-3.27508549096238	-2.32716170004885
37148	37.5	33.3350268685882	34.1281875915975	-4.16497313141183	-3.37181240840254
37149	37.5	34.9406936980948	35.7725451880801	-2.55930630190522	-1.72745481191988
37150	37.5	36.0046897899365	36.6624328285296	-1.49531021006351	-0.83756717147044
37151	31.4	34.6698583292623	35.4630190522716	3.26985832926234	4.06301905227162
37152	31.4	33.0061553492916	33.857352222765	1.60615534929165	2.45735222276502
37153	31.4	34.1668783585735	34.7859306301905	2.76687835857353	3.38593063019052
37154	31.4	33.6832437713727	34.5344406448461	2.28324377137275	3.13444064484612
37155	31.4	35.1148021494871	35.7918905715681	3.71480214948706	4.39189057156815
37156	31.4	34.6118221787982	35.4823644357596	3.21182217879824	4.08236443575965
37157	31.4	34.9987298485589	35.9466536394724	3.59872984855887	4.5466536394724
37158	31.4	34.5924767953102	35.4630190522716	3.19247679531021	4.06301905227162
37159	31.4	34.5731314118222	35.4049829018075	3.17313141182218	4.00498290180753
37160	32	34.7859306301905	35.5404005862237	2.78593063019052	3.54040058622374
37161	32	34.5924767953102	35.3662921348315	2.59247679531021	3.36629213483146
37162	32	34.3603321934538	35.1534929164631	2.36033219345384	3.15349291646312
37163	31.5	33.7412799218368	34.5344406448461	2.24127992183683	3.03444064484611
37164	31.5	33.6058622374206	34.2829506595017	2.10586223742062	2.78295065950171
37165	31.5	33.4317537860283	34.2829506595017	1.93175378602834	2.78295065950171
37166	31.5	34.0121152906693	34.8052760136786	2.51211529066927	3.30527601367855
37167	31.5	34.9987298485589	35.7918905715681	3.49872984855887	4.29189057156815
37168	31.5	33.7799706888129	34.7085490962384	2.2799706888129	3.2085490962384
37169	31.5	33.9734245236932	34.6311675622863	2.47342452369321	3.13116756228627
37170	31.5	35.076111382511	35.8112359550562	3.57611138251099	4.31123595505618
37171	31.5	35.714509037616	36.6817782120176	4.21450903761603	5.18177821201759
37172	31.5	33.857352222765	34.5537860283341	2.35735222276502	3.05378602833414
37173	31.5	35.2308744504152	36.0433805569126	3.73087445041524	4.54338055691255
37174	31.5	34.4957498778701	35.3856375183195	2.99574987787005	3.88563751831949
37175	31.5	34.3409868099658	35.1534929164631	2.84098680996581	3.65349291646312
37176	31.5	35.2115290669272	36.0240351734245	3.71152906692721	4.52403517342452
37177	31.5	33.5284807034685	34.3796775769419	2.02848070346849	2.87967757694187
37178	31.5	34.1475329750855	34.9406936980948	2.64753297508549	3.44069369809478
37179	31.5	34.2829506595017	35.1728382999512	2.78295065950171	3.67283829995115
37180	31.5	32.2516853932584	33.3737176355642	0.751685393258427	1.87371763556424
37181	31.5	31.980850024426	32.6772838299951	0.48085002442599	1.17728382999512
37182	31.5	34.3409868099658	35.1728382999512	2.84098680996581	3.67283829995115
37183	31.5	34.9020029311187	35.5984367366878	3.40200293111871	4.09843673668784
37184	31.5	34.6118221787982	35.2889106008793	3.11182217879824	3.78891060087933
37186	31.1	29.9553004396678	32.0732291157792	-1.1446995603322	0.973229115779183
37187	38.2	36.5463605276014	37.3008304836346	-1.65363947239864	-0.899169516365419
37188	38.2	36.4302882266732	36.7398143624817	-1.76971177332682	-1.46018563751832
37189	32.1	26.8112359550562	27.8224719101124	-5.28876404494383	-4.27752808988764
37190	32.1	28.5303370786517	29.6629213483146	-3.56966292134832	-2.4370786516854
37191	32.1	27.0539325842697	28.3280898876404	-5.04606741573034	-3.77191011235955
37192	32.1	27.5393258426966	28.247191011236	-4.56067415730337	-3.85280898876405
37193	32.1	30.0674157303371	31.1595505617978	-2.03258426966293	-0.940449438202251
37194	28.8	28.5303370786517	29.4808988764045	-0.269662921348317	0.680898876404491
37195	28.8	29.5820224719101	30.4921348314607	0.782022471910111	1.69213483146067
37196	33.1	25.0921348314607	26.6292134831461	-8.00786516853933	-6.47078651685394
37197	33.1	27.3370786516854	28.2269662921348	-5.76292134831461	-4.87303370786517
37198	33.1	23.7370786516854	24.8089887640449	-9.36292134831461	-8.29101123595506
37199	33.1	24.6674157303371	25.6584269662921	-8.43258426966293	-7.44157303370787
37200	33.1	24.323595505618	25.4157303370786	-8.77640449438202	-7.68426966292135
37201	33.1	26.5280898876404	27.761797752809	-6.57191011235955	-5.33820224719101
37202	33.1	27.3168539325843	28.247191011236	-5.78314606741574	-4.85280898876405
37203	33.1	30.0674157303371	31.4426966292135	-3.03258426966293	-1.65730337078652
37204	27.1	29.5820224719101	30.6539325842697	2.48202247191011	3.55393258426966
37205	33.1	28.752808988764	29.9460674157303	-4.34719101123596	-3.15393258426967
37206	33.1	27.6	28.6719101123595	-5.5	-4.42808988764045
37207	33.1	25.2943820224719	26.6089887640449	-7.80561797752809	-6.49101123595506
37208	28.8	26.3460674157303	27.0943820224719	-2.45393258426967	-1.70561797752809
37209	29.5	29.3758671226185	30.3349291646312	-0.124132877381538	0.834929164631166
37210	29.5	30.2550073277968	31.1541279921837	0.755007327796772	1.65412799218368
37211	29.5	30.1351245725452	30.9942843185149	0.635124572545188	1.4942843185149
37212	30	30.0552027357108	30.9543234000977	0.0552027357107931	0.954323400097703
37213	29.4	28.2170004885198	29.1560820713239	-1.18299951148022	-0.243917928676112
37214	33.6	29.2959452857841	30.1551050317538	-4.30405471421593	-3.44489496824622
37215	36.8	36.4685393258427	37.0112359550562	-0.331460674157299	0.211235955056182
37216	36.8	36.3977528089888	36.9640449438202	-0.402247191011234	0.16404494382023
37217	37.1	32.1977528089888	33.1887640449438	-4.90224719101124	-3.91123595505618
37218	37.1	33.7314606741573	34.3449438202247	-3.3685393258427	-2.75505617977528
37219	37.1	33.023595505618	33.6842696629213	-4.07640449438203	-3.41573033707866
37220	37.1	32.2213483146067	33.1651685393258	-4.87865168539326	-3.93483146067416
37221	37.1	34.8404494382022	35.4067415730337	-2.25955056179775	-1.6932584269663
37222	36.7	32.3629213483146	33.1179775280899	-4.3370786516854	-3.58202247191011
37223	36.7	32.6460674157303	33.4719101123596	-4.05393258426967	-3.22808988764045
37224	29.3	23.2019052271617	24.4007327796776	-6.0980947728383	-4.89926722032243
37225	20.7	24.2460674157303	25.4022471910112	3.54606741573034	4.70224719101124
37226	26.9	28.5876404494382	29.814606741573	1.68764044943821	2.91460674157304
37227	26.9	29.5786516853933	30.5696629213483	2.67865168539327	3.66966292134832
37228	26.9	26.9595505617978	28.2337078651685	0.0595505617977565	1.33370786516854
37229	26.9	27.8089887640449	28.8707865168539	0.908988764044949	1.97078651685394
37230	26.9	27.3842696629214	28.3044943820225	0.484269662921353	1.40449438202248
37231	41.3	38.4615534929165	40.3380556912555	-2.83844650708353	-0.961944308744499
37232	38.2	32.8320468978994	34.0121152906693	-5.36795310210064	-4.18788470933073
37233	32	23.0220810942843	24.4606741573034	-8.97791890571568	-7.53932584269663
37234	31.7	29.4272594040059	30.5106008793356	-2.27274059599414	-1.18939912066439
37235	28.5	23.4108451392281	26.390034196385	-5.08915486077186	-2.10996580361505
37236	27.1	25.3453834880313	26.3513434294089	-1.75461651196873	-0.748656570591109
37237	27.1	25.209965803615	26.2933072789448	-1.89003419638496	-0.806692721055203
37238	38.7	34.2442598925256	34.9406936980948	-4.45574010747436	-3.75930630190523
37240	38.7	32.580556912555	33.1609184171959	-6.11944308744505	-5.5390815828041
37241	38.7	34.5344406448461	34.9600390815828	-4.16555935515389	-3.7399609184172
37246	32.1	29.9923790913532	30.8255984367367	-2.1076209086468	-1.27440156326331
37247	32.1	31.0897899364924	31.9636541279922	-1.01021006350758	-0.136345872007819
37248	32.1	29.4030288226673	30.4801172447484	-2.69697117733268	-1.61988275525159
37249	40.3	36.309086468002	36.8685393258427	-3.99091353199805	-3.4314606741573
37250	36.5	32.9124084025403	33.4918417195896	-3.5875915974597	-3.00815828041036
37251	40.3	34.071275036639	34.7506106497313	-6.22872496336102	-5.54938935026868
37252	40.3	33.2121152906693	33.77156814851	-7.08788470933072	-6.52843185148998
37253	40.3	35.0303370786517	35.5897899364924	-5.26966292134831	-4.71021006350757
37254	40.3	33.9114313629702	34.4509037616023	-6.3885686370298	-5.84909623839766
37255	40.3	34.7306301905227	35.409965803615	-5.56936980947728	-4.89003419638495
37256	40.3	34.6706888128969	35.2501221299463	-5.62931118710308	-5.04987787005373
37257	40.3	33.5517830972154	34.1911577918906	-6.74821690278456	-6.10884220810943
37258	40.8	34.3510014655594	34.9504152418173	-6.44899853444064	-5.84958475818271
37259	40.3	31.4738153395212	32.3529555446996	-8.82618466047875	-7.94704445530044
37260	40.3	34.071275036639	34.9703957010259	-6.22872496336102	-5.3296042989741
37261	40.3	35.1502198339033	35.7696140693698	-5.14978016609673	-4.53038593063019
37262	40.3	33.8914509037616	34.4309233023937	-6.4085490962384	-5.86907669760625
37263	40.3	32.8924279433317	34.1511968734734	-7.40757205666829	-6.14880312652662
37264	40.3	34.8505129457743	35.8495359062042	-5.44948705422569	-4.45046409379579
37265	40.3	32.8724474841231	33.971372740596	-7.42755251587689	-6.328627259404
37266	40.3	35.4299462628236	35.9294577430386	-4.87005373717636	-4.37054225696141
37267	40.3	32.9323888617489	33.671665852467	-7.3676111382511	-6.62833414753297
37268	40.3	35.0702979970689	35.6497313141182	-5.22970200293112	-4.65026868588178
37269	40.3	34.3510014655594	35.0303370786517	-5.94899853444064	-5.26966292134831
37270	40.3	32.8125061064973	33.3919394235467	-7.48749389350269	-6.90806057645334
37271	40.3	35.90947728383	36.4289692232535	-4.39052271617	-3.87103077674646
37272	40.3	34.3510014655594	34.9504152418173	-5.94899853444064	-5.34958475818271
37273	40.3	31.4138739618955	32.3729360039082	-8.88612603810454	-7.92706399609184
37274	40.3	35.0902784562775	35.7696140693698	-5.20972154372252	-4.53038593063019
37275	40.3	35.9294577430386	36.4689301416707	-4.37054225696141	-3.83106985832926
37276	40.3	34.9504152418173	35.5498290180752	-5.34958475818271	-4.75017098192477
37277	40.3	34.9903761602345	35.609770395701	-5.30962383976551	-4.69022960429897
37278	40.3	35.2701025891549	35.9893991206644	-5.02989741084514	-4.31060087933561
37279	40.3	33.3919394235467	34.0512945774304	-6.90806057645334	-6.24870542256961
37280	40.3	34.3110405471422	34.8904738641915	-5.98895945285784	-5.4095261358085
37281	40.3	32.9124084025403	33.7515876893014	-7.3875915974597	-6.54841231069858
37282	40.3	35.2701025891549	36.2691255495848	-5.02989741084514	-4.03087445041524
37283	40.3	35.6697117733268	36.2291646311676	-4.63028822667318	-4.07083536883243
37284	40.3	36.1692232535418	36.6887151929653	-4.13077674645823	-3.61128480703469
37285	40.3	35.6896922325354	36.2291646311676	-4.61030776746458	-4.07083536883243
37286	40.3	36.9484611626771	37.5079140205178	-3.35153883732291	-2.79208597948217
37287	40.3	35.8894968246214	36.4689301416707	-4.4105031753786	-3.83106985832926
37288	32.1	32.7250122129946	33.5028334147533	0.625012212994626	1.4028334147533
37289	32.1	29.1591597459697	29.8907669760625	-2.94084025403029	-2.20923302393747
37290	32.1	30.0533463605276	30.8865657059111	-2.0466536394724	-1.21343429408891
37291	32.1	30.1549584758183	30.8255984367367	-1.94504152418173	-1.27440156326331
37292	34.9	32.6342940889106	33.2642892037127	-2.2657059110894	-1.63571079628725
37293	30.4	30.5817293600391	31.171079628725	0.181729360039082	0.771079628724966
37294	30.4	33.4268685881778	34.3820224719101	3.02686858817783	3.98202247191011
37295	30.4	33.304934049829	34.219443087445	2.90493404982902	3.81944308744504
37296	30.4	30.5614069369809	31.171079628725	0.161406936980949	0.771079628724966
37297	30.4	32.1059110893991	32.9594528578407	1.70591108939912	2.55945285784075
37298	30.4	32.390425012213	33.0204201270151	1.990425012213	2.62042012701514
37299	30.4	30.3988275525159	31.1101123595506	-0.00117244748412304	0.710112359550564
37300	31.5	32.2684904738642	32.7765510503175	0.76849047386419	1.27655105031754
37301	31.5	31.4555935515388	32.1465559355154	-0.0444064484611637	0.646555935515387
37302	32.1	30.4597948216903	31.3539814362482	-1.64020517830972	-0.746018563751832
37304	40	38.0673668783586	38.4869565217391	-1.93263312164142	-1.51304347826087
37305	40	36.7686370297997	37.4279921836834	-3.23136297020029	-2.57200781631656
37306	40	37.6877381533952	38.2072300928188	-2.31226184660478	-1.79276990718124
37307	40.9	36.5688324377137	37.0883243771373	-4.33116756228628	-3.81167562286272
37308	40.9	35.1702002931119	36.3290669272106	-5.72979970688813	-4.57093307278944
37309	40.9	37.8675622862726	38.247191011236	-3.0324377137274	-2.65280898876404
37310	22.1	27.5258426966292	28.823595505618	5.42584269662921	6.72359550561798
37311	31.9	31.3011235955056	32.2685393258427	-0.59887640449438	0.368539325842697
37312	31.9	29.5078651685393	30.5932584269663	-2.39213483146067	-1.3067415730337
37313	19.1	26.3932584269663	27.3134831460674	7.29325842696629	8.21348314606742
37314	34.2	28.0449438202247	29.1539325842697	-6.15505617977528	-5.04606741573034
37315	34.2	30.6876404494382	31.6314606741573	-3.5123595505618	-2.5685393258427
37316	22.3	29.1539325842697	30.3337078651685	6.85393258426966	8.03370786516854
37317	33.4	31.400488519785	32.1162677088422	-1.99951148021495	-1.28373229115779
37318	33.1	31.0135808500244	31.6906692721055	-2.08641914997558	-1.40933072789448
37319	33.1	32.5612115290669	33.3350268685882	-0.538788470933078	0.235026868588172
37320	33.1	31.4391792867611	32.1936492427943	-1.66082071323889	-0.906350757205665
37321	33.1	32.8320468978994	33.6058622374206	-0.267953102100641	0.505862237420615
37322	33.1	32.4451392281387	33.0255007327797	-0.654860771861259	-0.0744992672203253
37323	33.1	31.6326331216414	32.2516853932584	-1.46736687835858	-0.848314606741575
37324	33.1	32.000195407914	32.9287738153395	-1.09980459208598	-0.171226184660476
37325	33.1	31.2844162188569	32.1549584758183	-1.81558378114314	-0.945041524181725
37326	33.4	30.5879824132877	31.3231069858329	-2.81201758671226	-2.07689301416707
37327	34.1	33.2769907181241	34.2636052760137	-0.823009281875919	0.163605276013676
37328	34.1	31.9228138739619	35.3662921348315	-2.17718612603811	1.26629213483146
37330	34.1	33.5671714704445	34.2829506595017	-0.532828529555452	0.182950659501707
37331	34.1	36.1401074743527	37.3395212506107	2.04010747435271	3.23952125061065
37332	34.1	32.5225207620909	34.0894968246214	-1.57747923790914	-0.0105031753786093
37337	34.1	34.1668783585735	34.7278944797264	0.0668783585735255	0.627894479726429
37339	34.1	27.1638495359062	29.9302393746947	-6.9361504640938	-4.16976062530533
37340	34.1	34.3603321934538	36.9719589643381	0.260332193453834	2.87195896433806
37342	34.1	29.9689301416707	30.8975085490962	-4.13106985832926	-3.20249145090376
37343	34.1	33.6445530043967	34.2055691255496	-0.455446995603324	0.105569125549586
37344	35	32.3097215437225	33.857352222765	-2.69027845627748	-1.14264777723498
37347	35	33.2769907181241	34.0121152906693	-1.72300928187592	-0.987884709330729
37348	33.4	31.4972154372252	32.3484123106986	-1.90278456277479	-1.05158768930141
37349	33.4	30.9361993160723	31.7100146555936	-2.4638006839277	-1.68998534440645
