36455	37	36.7615253331824	61.5688114611996	-0.238474666817595	24.5688114611996
36456	37	29.23074204432	55.3669899291953	-7.76925795567996	18.3669899291953
36457	37	27.0158057828899	49.165168397191	-9.98419421711007	12.165168397191
36458	37	22.1429460077437	52.7090664154792	-14.8570539922563	15.7090664154792
36459	37	55.8099771814813	88.1480465983609	18.8099771814813	51.1480465983609
36460	37	164.341853991557	269.77282003563	127.341853991557	232.77282003563
36461	42.5415307040872	7.22212634788563	32.83982689687	-35.3194043562016	-9.7017038072172
36463	31.6115072925847	7.22212634788563	57.1549325026858	-24.3893809446991	25.543425210101
36465	31.6115072925847	7.6563246622752	64.970502161698	-23.9551826303096	33.3589948691132
36466	31.6115072925847	6.78792803349606	50.2077594724527	-24.8235792590887	18.5962521798679
36467	31.6115072925847	9.82731623422303	81.4700381085015	-21.7841910583617	49.8585308159167
36468	32.9433337320927	7.6563246622752	80.1674431653328	-25.2870090698175	47.22410943324
36469	32.9433337320927	2.88014320398997	85.3778229380076	-30.0631905281028	52.4344892059148
36470	32.9433337320927	7.22212634788563	75.3912617070475	-25.7212073842071	42.4479279749548
36471	32.9433337320927	7.6563246622752	82.3384347372806	-25.2870090698175	49.3951010051879
36472	32.9433337320927	15.906092635677	89.7198060819032	-17.0372410964158	56.7764723498105
36473	32.9433337320927	11.1299111773917	60.1943207034127	-21.813422554701	27.25098697132
36474	32.9433337320927	10.6957128630022	87.1146161955658	-22.2476208690906	54.1712824634731
36475	32.9433337320927	12.4325061205604	84.943624623618	-20.5108276115323	52.0002908915253
36476	32.9433337320927	6.78792803349606	81.904236422891	-26.1554056985967	48.9609026907983
36477	32.9433337320927	3.7485398327691	29.8004386961431	-29.1947938993236	-3.14289503594966
36478	8.89924196782871	9.73930294373508	26.5728185306039	0.840060975906376	17.6735765627752
36479	8.89924196782871	7.52436668230499	17.2700862325974	-1.37487528552372	8.37084426476874
36480	8.89924196782871	8.41034118687702	19.0420352417415	-0.488900780951688	10.1427932739128
36481	8.89924196782871	8.85332843916305	22.5859332600297	-0.0459135286656576	13.686691292201
36482	8.89924196782871	7.52436668230499	19.0420352417415	-1.37487528552372	10.1427932739128
36483	8.89924196782871	4.42345591630283	14.1691754665953	-4.47578605152588	5.2699334987666
36484	10.1899340516152	5.30943042087488	15.0551499711674	-4.88050363074031	4.86521591955217
36485	10.1899340516152	6.19540492544692	15.9411244757394	-3.99452912616826	5.7511904241242
36486	10.1899340516152	8.41034118687702	20.8139842508856	-1.77959286473816	10.6240501992704
36487	8.50490277011808	7.967353934591	19.9280097463136	-0.537548835527076	11.4231069761955
36488	39	25.892653866637	140.521008865482	-13.107346133363	101.521008865482
36493	19	6.63839217773294	24.3578822691738	-12.3616078222671	5.3578822691738
36494	19	8.85332843916305	32.7746400626082	-10.1466715608369	13.7746400626082
36496	19	6.63839217773294	96.5648043917953	-12.3616078222671	77.5648043917953
36498	12.3545605396812	8.41034118687702	32.3316528103222	-3.94421935280421	19.977092270641
36499	-3.35315678049509	1.32254515030068	108.082472951232	4.67570193079577	111.435629731727
36501	23	44.7352958743308	81.5032378140706	21.7352958743308	58.5032378140706
36502	23	13.2832009620233	41.6343851083286	-9.71679903797674	18.6343851083286
36503	18	14.1691754665953	38.0904870900405	-3.83082453340469	20.0904870900405
36504	18	12.3972264574512	37.6474998377544	-5.60277354254879	19.6474998377544
36505	18	15.4981372234534	41.1913978560426	-2.50186277654663	23.1913978560426
36506	18	15.4981372234534	41.1913978560426	-2.50186277654663	23.1913978560426
36507	18	11.5112519528792	37.2045125854684	-6.48874804712082	19.2045125854684
36508	18	11.9542392051652	40.7484106037566	-6.04576079483481	22.7484106037566
36509	18	15.0551499711674	39.8624360991846	-2.94485002883265	21.8624360991846
36510	18	13.7261882143093	42.0773723606147	-4.27381178569071	24.0773723606147
36511	18	14.1691754665953	42.9633468651867	-3.83082453340469	24.9633468651867
36512	18	15.0551499711674	40.7484106037566	-2.94485002883265	22.7484106037566
36513	18	13.7261882143093	37.2045125854684	-4.27381178569071	19.2045125854684
36514	18	13.2832009620233	36.3185380808964	-4.71679903797674	18.3185380808964
36515	18	9.73930294373508	34.1036018194663	-8.26069705626492	16.1036018194663
36516	18	10.1822901960211	34.1036018194663	-7.81770980397889	16.1036018194663
36517	18	12.8402137097372	49.165168397191	-5.15978629026276	31.165168397191
36518	18	9.73930294373508	30.1167165488921	-8.26069705626492	12.1167165488921
36519	18	13.2832009620233	38.5334743423265	-4.71679903797674	20.5334743423265
36520	18	13.2832009620233	33.6606145671802	-4.71679903797674	15.6606145671802
36521	12	10.1822901960211	86.3760975892168	-1.81770980397889	74.3760975892168
36522	12	10.6252774483071	32.3316528103222	-1.37472255169287	20.3316528103222
36523	12	10.6252774483071	37.6474998377544	-1.37472255169287	25.6474998377544
36524	12	10.1822901960211	27.901780287462	-1.81770980397889	15.901780287462
36525	12	8.41034118687702	93.9068808780792	-3.58965881312298	81.9068808780792
36526	12	13.2832009620233	36.3185380808964	1.28320096202326	24.3185380808964
36527	19.7093037172779	11.0682647005931	40.7484106037566	-8.64103901668474	21.0391068864787
36528	19.7093037172779	11.5112519528792	42.0773723606147	-8.19805176439871	22.3680686433368
36529	19.7093037172779	11.0682647005931	41.6343851083286	-8.64103901668474	21.9250813910507
36530	19.7093037172779	13.7261882143093	41.1913978560426	-5.9831155029686	21.4820941387647
36531	19.7093037172779	13.2832009620233	39.8624360991846	-6.42610275525463	20.1531323819067
36532	19.7093037172779	11.5112519528792	40.7484106037566	-8.19805176439871	21.0391068864787
36533	19.7093037172779	11.5112519528792	55.3669899291953	-8.19805176439871	35.6576862119174
36534	12	11.9542392051652	99.2227279055114	-0.0457607948348056	87.2227279055114
36536	22.8541959583897	11.5112519528792	41.1913978560426	-11.3429440055105	18.337201897653
36537	22.8541959583897	11.0682647005931	21.6999587554577	-11.7859312577965	-1.15423720293198
36538	30.2494308571042	40.7484106037566	62.8977732180577	10.4989797466524	32.6483423609534
36539	30.2494308571042	30.1167165488921	58.9108879474835	-0.132714308212165	28.6614570903792
36540	30.2494308571042	26.5728185306039	56.2529644337673	-3.67661232650033	26.0035335766631
36541	30.2494308571042	37.6474998377544	62.4547859657716	7.3980689806502	32.2053551086674
36542	30.2494308571042	51.8230919109071	91.2489573643631	21.5736610538029	60.9995265072588
36543	30.2494308571042	48.2791938926189	95.2358426349372	18.0297630355147	64.986411777833
36544	15	14.6121627188813	43.4063341174727	-0.387837281118678	28.4063341174727
36545	15	9.29631569144907	27.0158057828899	-5.70368430855093	12.0158057828899
36546	15	11.5112519528792	32.7746400626082	-3.48874804712082	17.7746400626082
36547	15	11.0682647005931	29.23074204432	-3.93173529940685	14.23074204432
36548	15	10.1822901960211	27.0158057828899	-4.81770980397889	12.0158057828899
36549	15	9.73930294373508	22.1429460077437	-5.26069705626492	7.14294600774369
36550	15	8.41034118687702	37.2045125854684	-6.58965881312298	22.2045125854684
36551	15	9.73930294373508	38.9764615946125	-5.26069705626492	23.9764615946125
36552	15	11.0682647005931	32.7746400626082	-3.93173529940685	17.7746400626082
36553	15	10.1822901960211	24.8008695214598	-4.81770980397889	9.80086952145982
36554	15	8.85332843916305	40.7484106037566	-6.14667156083695	25.7484106037566
36555	15	9.73930294373508	44.7352958743308	-5.26069705626492	29.7352958743308
36556	15	13.7261882143093	71.3145310114921	-1.27381178569071	56.3145310114921
36557	15	6.63839217773294	41.6343851083286	-8.36160782226706	26.6343851083286
36558	15	8.85332843916305	35.4325635763243	-6.14667156083695	20.4325635763243
36559	15	9.73930294373508	39.8624360991846	-5.26069705626492	24.8624360991846
36560	15	11.9542392051652	32.7746400626082	-3.04576079483481	17.7746400626082
36561	15	14.1691754665953	33.6606145671802	-0.830824533404694	18.6606145671802
36562	15	13.2832009620233	37.2045125854684	-1.71679903797674	22.2045125854684
36563	15	12.8402137097372	32.3316528103222	-2.15978629026276	17.3316528103222
36564	15	6.19540492544692	42.0773723606147	-8.80459507455308	27.0773723606147
36566	21	26.5728185306039	50.4941301540491	5.57281853060391	29.4941301540491
36567	21	13.7261882143093	38.9764615946125	-7.27381178569071	17.9764615946125
36568	21	17.2700862325974	47.8362066403329	-3.72991376740255	26.8362066403329
36569	21	15.0551499711674	38.9764615946125	-5.94485002883265	17.9764615946125
36570	21	13.2832009620233	41.1913978560426	-7.71679903797674	20.1913978560426
36571	21	16.3841117280254	39.8624360991846	-4.61588827197458	18.8624360991846
36572	45	47.9418032361154	173.857291546054	2.94180323611543	128.857291546054
36573	45	49.0934692877307	187.293395481565	4.09346928773071	142.293395481565
36574	24.7500420547529	-5.80382308380136	111.429721801382	-30.5538651385542	86.6796797466286
36575	24.7500420547529	-4.06702982624309	15.906092635677	-28.817071880996	-8.84394941907593
36576	24.7500420547529	11.5641094917813	161.796726270571	-13.1859325629716	137.046684215818
36577	17	12.3972264574512	88.5910338506469	-4.60277354254879	71.5910338506469
36578	10.0705857578671	47.3932193880469	165.227828496129	37.3226336301799	155.157242738262
36580	20	5.0511347759378	75.3912617070475	-14.9488652240622	55.3912617070475
36581	28	33.2740252112596	152.67856166839	5.2740252112596	124.67856166839
36582	27	31.9714302680909	159.191536384234	4.97143026809091	132.191536384234
36583	27	19.8138774651831	124.889869547458	-7.18612253481695	97.8898695474581
36584	27	27.6294471241952	61.4969156465814	0.629447124195238	34.4969156465814
36585	27	39.3528016127135	160.059933013013	12.3528016127135	133.059933013013
36586	28	53.6813459875692	259.925545322613	25.6813459875692	231.925545322613
36587	28	50.6419577868422	250.807380720432	22.6419577868422	222.807380720432
36588	27	20.2480757795726	124.889869547458	-6.75192422042738	97.8898695474581
36589	27	23.7216622946892	60.6285190178023	-3.27833770531085	33.6285190178023
36590	27	37.6160083551553	62.3653122753606	10.6160083551553	35.3653122753606
36591	27	38.0502066695448	62.3653122753606	11.0502066695448	35.3653122753606
36592	27	35.0108184688179	126.626662805016	8.01081846881787	99.6266628050164
36593	27	35.4450167832074	125.324067861848	8.44501678320744	98.3240678618476
36594	26	40.2211982414927	129.231852691354	14.2211982414927	103.231852691354
36595	22	35.0108184688179	62.7995105897501	13.0108184688179	40.7995105897501
36596	22	38.918603298324	63.2337089041397	16.918603298324	41.2337089041397
36597	22	39.7869999271031	64.5363038473084	17.7869999271031	42.5363038473084
36598	22	32.4056285824805	61.0627173321918	10.4056285824805	39.0627173321918
36599	22	47.1683712717257	178.730460531764	25.1683712717257	156.730460531764
36600	22	32.4056285824805	63.6679072185292	10.4056285824805	41.6679072185292
36601	22	66.7072954192562	211.729532425371	44.7072954192562	189.729532425371
36602	22	68.0098903624249	256.017760493107	46.0098903624249	234.017760493107
36607	39	27.0158057828899	56.2529644337673	-11.9841942171101	17.2529644337673
36608	39	16.8270989803114	54.0380281723372	-22.1729010196886	15.0380281723372
36609	39	14.1691754665953	47.8362066403329	-24.8308245334047	8.83620664033295
36610	39	14.1691754665953	42.0773723606147	-24.8308245334047	3.07737236061466
36611	39	16.8270989803114	65.1127094794878	-22.1729010196886	26.1127094794878
36612	16.702681284882	13.2832009620233	46.5072448834749	-3.41948032285872	29.8045635985929
36613	16.702681284882	-9.30914890456384	10.1822901960211	-26.0118301894458	-6.52039108886087
36614	16.702681284882	-12.853046922852	4.42345591630283	-29.555728207734	-12.2792253685792
36615	16.702681284882	9.29631569144907	40.7484106037566	-7.40636559343291	24.0457293188746
36616	16.702681284882	-5.32226363398964	9.29631569144907	-22.0249449188716	-7.40636559343291
36618	16.702681284882	-7.09421264313373	11.0682647005931	-23.7968939280157	-5.63441658428883
36619	16.702681284882	-7.53719989541975	8.85332843916305	-24.2398811803017	-7.84935284571893
36620	16.702681284882	-6.20823813856168	7.967353934591	-22.9109194234437	-8.73532735029098
36621	16.702681284882	-6.20823813856168	7.08137943001896	-22.9109194234437	-9.62130185486302
36622	16.702681284882	-21.2698047162864	3.09449415944476	-37.9724860011684	-13.6081871254372
36623	23	33.1768992952582	76.7299204308155	10.1768992952582	53.7299204308155
36624	22	13.4477529688946	77.8466645624965	-8.55224703110542	55.8466645624965
36625	23	23.1262021101296	77.1021684747092	0.126202110129555	54.1021684747092
36626	23	19.403721671193	77.1021684747092	-3.59627832880697	54.1021684747092
36627	23	27.2209305929597	77.8466645624965	4.22093059295973	54.8466645624965
36628	23	22.7539540662359	76.7299204308155	-0.246045933764108	53.7299204308155
36629	29.5249024685611	12.8402137097372	57.5819261906254	-16.6846887588239	28.0570237220643
36630	29.5249024685611	12.8402137097372	59.7968624520555	-16.6846887588239	30.2719599834944
36631	53.1854768452512	12.3972264574512	61.5688114611996	-40.7882503878	8.38333461594838
36632	53.1854768452512	14.6121627188813	48.722181144905	-38.5733141263699	-4.46329570034626
36633	53.1854768452512	48.2791938926189	96.5648043917953	-4.90628295263229	43.3793275465441
36634	12.2083191542067	10.1822901960211	45.1782831266168	-2.0260289581856	32.9699639724101
36635	12.2083191542067	5.30943042087488	19.9280097463136	-6.89888873333184	7.71969059210687
36636	53.1854768452512	43.4063341174727	158.140032459552	-9.77914272777851	104.954555614301
36637	53.1854768452512	49.608155649477	161.240943225554	-3.57732119577422	108.055466380303
36638	53.1854768452512	48.2791938926189	159.911981468696	-4.90628295263229	106.726504623445
36639	45	17.7130734848835	54.4810154246233	-27.2869265151165	9.48101542462327
36640	31	21.2569715031716	58.4679006951975	-9.74302849682836	27.4679006951975
36641	31	44.7352958743308	154.153147188978	13.7352958743308	123.153147188978
36642	31	20.3709969985996	58.0249134429114	-10.6290030014004	27.0249134429114
36643	31	61.5688114611996	166.113803000701	30.5688114611996	135.113803000701
36644	31	42.5203596129007	75.7444035343523	11.5203596129007	44.7444035343523
36645	25.8718044461287	16.8270989803114	52.7090664154792	-9.04470546581727	26.8372619693505
36648	39	26.7610504954161	84.943624623618	-12.2389495045839	45.943624623618
36649	38	35.879215097597	231.702654887291	-2.120784902403	193.702654887291
36650	38	30.6688353249222	85.3778229380076	-7.33116467507779	47.3778229380076
36651	22.9028923253837	43.8493213697588	72.6434927683501	20.9464290443751	49.7406004429665
36652	22.9028923253837	41.1913978560426	75.3014162820663	18.288505530659	52.3985239566826
36653	22.9028923253837	40.3054233514706	84.1611613277867	17.4025310260869	61.258269002403
36654	22.9028923253837	40.7484106037566	76.6303780389243	17.8455182783729	53.7274857135407
36655	22.9028923253837	44.2923086220448	127.130924799531	21.3894162966611	104.228032474147
36656	22.9028923253837	42.0773723606147	88.1480465983609	19.174480035231	65.2451542729772
36657	22.9028923253837	41.6343851083286	89.477008355219	18.731492782945	66.5741160298353
36658	22.9028923253837	38.0904870900405	94.3498681303652	15.1875947646568	71.4469758049815
36659	22.9028923253837	30.1167165488921	89.0340211029329	7.21382422350841	66.1311287775493
36660	11.4913455142773	2.88014320398997	13.7351010637291	-8.61120231028728	2.24375554945186
36661	11.4913455142773	-0.593443311126563	13.7351010637291	-12.0847888254038	2.24375554945186
36662	11.4913455142773	2.01174657521084	15.4718943212874	-9.47959893906642	3.98054880701014
36663	11.4913455142773	2.01174657521084	13.3009027493396	-9.47959893906642	1.8095572350623
36664	11.4913455142773	4.18273814715867	44.9973796997779	-7.30860736711858	33.5060341855006
36665	11.4913455142773	6.3537297191065	23.7216622946892	-5.13761579517076	12.2303167804119
36666	11.4913455142773	5.0511347759378	21.9848690371309	-6.44021073833946	10.4935235228536
36667	11.4913455142773	3.7485398327691	16.7744892644561	-7.74280568150816	5.28314375017884
36668	11.4913455142773	9.82731623422303	29.3662403817535	-1.66402928005422	17.8748948674763
36669	11.4913455142773	5.48533309032736	45.4315780141675	-6.0060124239499	33.9402324998902
36670	14.7738137341916	12.4325061205604	43.6947847566092	-2.34130761363113	28.9209710224176
36671	14.7738137341916	9.82731623422303	22.4190673515205	-4.94649749996853	7.64525361732889
36672	14.7738137341916	-0.159244996737002	23.7216622946892	-14.9330587309286	8.94784856049759
36673	12.4543295060511	-15.5109704365681	22.5859332600297	-27.9652999426192	10.1316037539786
36674	12.4543295060511	-17.2829194457122	25.2438567737458	-29.7372489517633	12.7895272676948
36675	31	27.580729631879	173.092156056624	-3.41927036812101	142.092156056624
36676	16	14.1691754665953	47.3932193880469	-1.83082453340469	31.3932193880469
36677	18	14.6121627188813	47.8362066403329	-3.38783728111868	29.8362066403329
36678	16	12.8402137097372	26.1298312783179	-3.15978629026276	10.1298312783179
36679	17	5.75241767316089	27.901780287462	-11.2475823268391	10.901780287462
36680	17	10.6252774483071	25.6868440260319	-6.37472255169287	8.68684402603186
36681	17	11.9542392051652	23.9148950168878	-5.04576079483481	6.91489501688778
36682	16	13.2832009620233	27.901780287462	-2.71679903797674	11.901780287462
36683	16	11.5112519528792	24.3578822691738	-4.48874804712082	8.3578822691738
36684	16	11.5112519528792	39.4194488468985	-4.48874804712082	23.4194488468985
36685	17	11.5112519528792	29.23074204432	-5.48874804712082	12.23074204432
36686	17	13.2832009620233	25.6868440260319	-3.71679903797674	8.68684402603186
36687	18	13.2832009620233	27.901780287462	-4.71679903797674	9.90178028746197
36688	18	13.2832009620233	27.0158057828899	-4.71679903797674	9.01580578288993
36689	11	9.29631569144907	13.2832009620233	-1.70368430855093	2.28320096202326
36690	11	9.29631569144907	12.8402137097372	-1.70368430855093	1.84021370973724
36691	11	9.73930294373508	13.2832009620233	-1.26069705626492	2.28320096202326
36692	12	10.1822901960211	13.2832009620233	-1.81770980397889	1.28320096202326
36693	12	9.29631569144907	13.2832009620233	-2.70368430855093	1.28320096202326
36694	8.45820095902419	13.2832009620233	23.9148950168878	4.82500000299907	15.4566940578636
36695	8.45820095902419	11.9542392051652	25.6868440260319	3.49603824614101	17.2286430670077
36696	8.5259235551132	12.8402137097372	25.6868440260319	4.31429015462404	17.1609204709187
36697	18	9.29631569144907	54.9240026769093	-8.70368430855093	36.9240026769093
36698	18	11.9542392051652	24.3578822691738	-6.04576079483481	6.3578822691738
36699	18	8.85332843916305	39.8624360991846	-9.14667156083695	21.8624360991846
36700	18	10.6252774483071	42.5203596129007	-7.37472255169287	24.5203596129007
36701	18	9.73930294373508	34.1036018194663	-8.26069705626492	16.1036018194663
36702	18	9.73930294373508	58.9108879474835	-8.26069705626492	40.9108879474835
36704	12	12.8402137097372	107.639485698946	0.840213709737242	95.6394856989458
36705	12	38.9764615946125	151.938210927548	26.9764615946125	139.938210927548
36706	9	41.6343851083286	96.1218171395093	32.6343851083286	87.1218171395093
36708	19.0593492970566	16.8270989803114	51.8230919109071	-2.23225031674514	32.7637426138506
36709	19.0593492970566	30.1167165488921	83.2751868232147	11.0573672518355	64.2158375261581
36710	19.0593492970566	16.8270989803114	56.6959516860534	-2.23225031674514	37.6366023889968
36711	19.0593492970566	17.7130734848835	53.1520536677652	-1.34627581217309	34.0927043707086
36712	19.0593492970566	16.8270989803114	53.5950409200512	-2.23225031674514	34.5356916229946
36713	10.9366114071564	13.7261882143093	38.9764615946125	2.78957680715286	28.0398501874561
36714	19.0593492970566	19.4850224940276	61.5688114611996	0.42567319697099	42.509462164143
36715	19.0593492970566	50.4941301540491	63.3407604703437	31.4347808569925	44.2814111732871
36716	19.0593492970566	45.1782831266168	59.3538751997695	26.1189338295602	40.2945259027129
36717	19.0593492970566	21.6999587554577	58.9108879474835	2.6406094584011	39.8515386504269
36718	19.0593492970566	23.9148950168878	65.1127094794878	4.85554571983121	46.0533601824312
36719	19.0593492970566	27.0158057828899	65.1127094794878	7.95645648583336	46.0533601824312
36720	19.0593492970566	16.3841117280254	50.4941301540491	-2.67523756903115	31.4347808569925
36721	19.0593492970566	23.4719077646018	59.3538751997695	4.41255846754518	40.2945259027129
36722	19.0593492970566	26.1298312783179	60.6828369566276	7.07048198126131	41.623487659571
36723	19.0593492970566	21.6999587554577	84.6041485800727	2.6406094584011	65.5447992830162
36724	21.4077179708522	3.53748141173079	71.3145310114921	-17.8702365591214	49.9068130406398
36725	23.9051023890514	0.436570645728636	89.477008355219	-23.4685317433228	65.5719059661675
36726	23.9051023890514	6.63839217773294	34.9895763240383	-17.2667102113185	11.0844739349869
36727	23.9051023890514	10.1822901960211	46.5072448834749	-13.7228121930303	22.6021424944235
36728	23.9051023890514	7.52436668230499	42.9633468651867	-16.3807357067464	19.0582444761353
36729	23.9051023890514	8.41034118687702	39.8624360991846	-15.4947612021744	15.9573337101331
36730	23.9051023890514	10.6252774483071	46.5072448834749	-13.2798249407443	22.6021424944235
36731	23.9051023890514	15.0551499711674	44.7352958743308	-8.84995241788407	20.8301934852794
36732	12.7436790388442	4.61693646154824	20.6822740939622	-8.12674257729592	7.93859505511802
36733	12.7436790388442	1.57754826082127	17.2086875788457	-11.1661307780229	4.4650085400015
36734	12.7436790388442	-4.06702982624309	16.3402909500665	-16.8107088650872	3.59661191122236
36735	12.7436790388442	-0.593443311126563	16.7744892644561	-13.3371223499707	4.03081022561193
36736	12.7436790388442	4.61693646154824	20.2480757795726	-8.12674257729592	7.50439674072846
36737	12.7436790388442	-6.23802139819092	10.6957128630022	-18.9817004370351	-2.047966175842
36738	12.7436790388442	-4.50122814063266	14.1692993781187	-17.2449071794768	1.42562033927453
36739	12.7436790388442	2.88014320398997	21.5506707227413	-9.86353583485419	8.80699168389716
36740	12.7436790388442	-3.63283151185352	18.0770842076248	-16.3765105506977	5.33340516878063
36741	12.7436790388442	2.88014320398997	36.7476117263761	-9.86353583485419	24.003932687532
36742	12.7436790388442	2.4459448896004	20.6822740939622	-10.2977341492438	7.93859505511802
36743	12.7436790388442	-1.46183993990569	21.5506707227413	-14.2055189787498	8.80699168389716
36744	12.7436790388442	0.274953317652574	16.7744892644561	-12.4687257211916	4.03081022561193
36745	16	9.39311791983346	74.0886667638788	-6.60688208016654	58.0886667638788
36746	16	9.82731623422303	74.0886667638788	-6.17268376577697	58.0886667638788
36747	-0.297372387058934	-8.42317439999179	27.0158057828899	-8.12580201293286	27.3131781699489
36748	-0.297372387058934	-4.87927638170362	15.9411244757394	-4.58190399464469	16.2384968627983
36749	-0.297372387058934	-13.739021427424	16.3841117280254	-13.4416490403651	16.6814841150844
36750	-0.297372387058934	-8.86616165227781	2.65150690715875	-8.56878926521888	2.94887929421768
36751	-0.297372387058934	-6.6512253908477	7.52436668230499	-6.35385300378877	7.82173906936392
36752	-0.297372387058934	-7.53719989541975	5.30943042087488	-7.23982750836081	5.60680280793381
36753	-2.2650354456695	1.32254515030068	11.0682647005931	3.58758059597018	13.3333001462626
36754	2.09624201648476	-3.10732737255954	12.8402137097372	-5.2035693890443	10.7439716932525
36755	2.09624201648476	-13.296034175138	19.0420352417415	-15.3922761916228	16.9457932252568
36756	2.09624201648476	-12.853046922852	0.879557898014653	-14.9492889393368	-1.21668411847011
36757	26.4872166618149	15.0376960068978	94.0617892257989	-11.4495206549171	67.574572563984
36758	26.4872166618149	7.22212634788563	59.3259240746336	-19.2650903139293	32.8387074128187
36759	26.4872166618149	14.1692993781187	61.931113960971	-12.3179172836962	35.4438972991561
36760	26.4872166618149	8.09052297666476	59.7601223890232	-18.3966936851502	33.2729057272082
36761	26.4872166618149	29.8004386961431	99.7063673128632	3.31322203432816	73.2191506510483
36762	26.4872166618149	15.0376960068978	60.6285190178023	-11.4495206549171	34.1413023559874
36766	-7.20843050444369	-6.20823813856168	4.42345591630283	1.00019236588201	11.6318864207465
36771	-7.20843050444369	-16.3969449411402	3.53748141173079	-9.18851443669649	10.7459119161745
36772	-7.20843050444369	-14.6249959319961	3.98046866401681	-7.41656542755241	11.1888991684605
36773	4.80665930848034	-8.86616165227781	13.2832009620233	-13.6728209607581	8.47654165354292
36774	4.80665930848034	-9.75213615684986	11.9542392051652	-14.5587954653302	7.14757989668486
36775	4.80665930848034	15.0551499711674	50.051142901763	10.248490662687	45.2444835932827
36776	4.80665930848034	1.32254515030068	27.4587930351759	-3.48411415817965	22.6521337266956
36777	4.80665930848034	-13.296034175138	13.2832009620233	-18.1026934836184	8.47654165354292
36778	4.80665930848034	-17.2829194457122	9.29631569144907	-22.0895787541926	4.48965638296873
36779	4.80665930848034	-18.1688939502843	-1.77836561570147	-22.9755532587646	-6.58502492418181
36780	4.80665930848034	-21.2698047162864	10.1822901960211	-26.0764640247668	5.37563088754078
36781	4.80665930848034	-21.2698047162864	9.73930294373508	-26.0764640247668	4.93264363525475
36782	4.80665930848034	-5.32226363398964	16.8270989803114	-10.12892294247	12.0204396718311
36783	4.80665930848034	-19.9408429594284	0.436570645728636	-24.7475022679087	-4.3700886627517
36784	4.80665930848034	-2.66434012027351	21.2569715031716	-7.47099942875385	16.4503121946913
36785	4.80665930848034	-6.6512253908477	24.8008695214598	-11.457884699328	19.9942102129795
36786	4.80665930848034	6.19540492544692	22.1429460077437	1.38874561696658	17.3362866992634
36787	4.80665930848034	-5.76525088627567	27.4587930351759	-10.571910194756	22.6521337266956
36788	4.80665930848034	-15.0679831842821	7.52436668230499	-19.8746424927625	2.71770737382465
36789	4.80665930848034	-7.53719989541975	15.9411244757394	-12.3438592039001	11.134465167259
36790	4.80665930848034	0.436570645728636	31.4456783057501	-4.3700886627517	26.6390189972698
36791	31.0660686167892	56.2529644337673	120.043128762954	25.1868958169781	88.9770601461652
36792	31.339105933038	57.5819261906254	99.2227279055114	26.2428202575874	67.8836219724735
36793	31.339105933038	36.3185380808964	97.0077916440813	4.97943214785842	65.6686857110434
36794	31.339105933038	60.2398497043416	94.7928553826512	28.9007437713036	63.4537494496133
36795	31.339105933038	68.2136202454899	94.3498681303652	36.874514312452	63.0107621973272
36796	31.339105933038	34.5465890717523	90.362982859791	3.20748313871432	59.023876926753
36797	31.0660686167892	7.52436668230499	90.362982859791	-23.5417019344843	59.2969142430017
36798	31.339105933038	36.7615253331824	95.2358426349372	5.42241940014445	63.8967367018993
36799	31.339105933038	37.6474998377544	95.2358426349372	6.30839390471648	63.8967367018993
36800	31.339105933038	5.75241767316089	97.4507788963673	-25.5866882598771	66.1116729633294
36801	31.0660686167892	61.5688114611996	94.3498681303652	30.5027428444104	63.2837995135759
36802	20.7426748995995	27.901780287462	91.6919446166491	7.15910538786251	70.9492697170496
36803	30.4100925548859	4.86644316858886	43.4063341174727	-25.543649386297	12.9962415625869
36804	32.1279712708636	38.918603298324	93.1933925970198	6.79063202746033	61.0654213261561
36805	12.8458814102182	8.85332843916305	97.4507788963673	-3.99255297105518	84.6048974861491
36806	12.8458814102182	-7.53719989541975	75.7444035343523	-20.383081305638	62.8985221241341
36807	28.2601945549607	10.6252774483071	94.3498681303652	-17.6349171066536	66.0896735754045
36808	28.2601945549607	0.879557898014653	87.7050593460749	-27.380636656946	59.4448647911142
36809	28.2601945549607	36.3185380808964	97.8937661486534	8.05834352593567	69.6335715936927
36810	28.2601945549607	31.8886655580362	93.4638936257931	3.62847100307546	65.2036990708324
36811	28.2601945549607	8.85332843916305	89.919995607505	-19.4068661157977	61.6598010525443
36812	28.2601945549607	17.7130734848835	92.1349318689351	-10.5471210700772	63.8747373139744
36813	28.2601945549607	15.4981372234534	93.0209063735071	-12.7620573315073	64.7607118185464
36814	28.2601945549607	11.5112519528792	91.6919446166491	-16.7489426020815	63.4317500616883
36815	28.2601945549607	7.08137943001896	25.6868440260319	-21.1788151249417	-2.57335052892884
36816	28.2601945549607	24.3578822691738	92.1349318689351	-3.9023122857869	63.8747373139744
36817	28.2601945549607	8.85332843916305	96.5648043917953	-19.4068661157977	68.3046098368346
36818	28.2601945549607	7.967353934591	87.7050593460749	-20.2928406203697	59.4448647911142
36819	31.339105933038	32.3316528103222	93.0209063735071	0.992546877284227	61.6818004404692
36820	31.339105933038	33.6606145671802	93.0209063735071	2.32150863414229	61.6818004404692
36821	31.339105933038	-2.22135286798749	21.2569715031716	-33.5604588010254	-10.0821344298663
36822	31.339105933038	-3.99330187713157	19.4850224940276	-35.3324078101695	-11.8540834390104
36823	22.7666755002047	7.52436668230499	90.362982859791	-15.2423088178998	67.5963073595862
36824	28.2601945549607	-9.30914890456384	20.8139842508856	-37.5693434595245	-7.44621030407508
36825	28.2601945549607	7.08137943001896	97.8937661486534	-21.1788151249417	69.6335715936927
36826	28.2601945549607	19.4850224940276	101.880651419228	-8.77517206093314	73.6204568642669
36827	10.4087877150719	7.967353934591	30.5597038011781	-2.44143378048085	20.1509160861062
36828	10.4087877150719	7.52436668230499	45.1782831266168	-2.88442103276687	34.769495411545
36829	10.4087877150719	8.85332843916305	38.0904870900405	-1.5554592759088	27.6816993749686
36830	23	8.9589196054439	61.0627173321918	-14.0410803945561	38.0627173321918
36831	8.04086940631244	6.63839217773294	15.4981372234534	-1.4024772285795	7.45726781714093
36832	8.04086940631244	8.41034118687702	21.2569715031716	0.369471780564581	13.2161020968592
36833	8.04086940631244	4.86644316858886	12.3972264574512	-3.17442623772358	4.35635705113877
36834	47	42.3921898134405	204.782359395138	-4.60781018655949	157.782359395138
36835	58	89.7198060819032	205.216557709528	31.7198060819032	147.216557709528
36836	58	68.878286991204	208.690144224644	10.878286991204	150.690144224644
36837	56	71.4834768775414	212.163730739761	15.4834768775414	156.163730739761
36838	50	77.9964515933849	209.124342539034	27.9964515933849	159.124342539034
36839	56	69.3124853055936	213.03212736854	13.3124853055936	157.03212736854
36840	56	71.0492785631519	209.124342539034	15.0492785631519	153.124342539034
36841	18	23.1147742604488	60.1090345625727	5.11477426044881	42.1090345625727
36842	18	14.1355848667294	60.4682021383215	-3.86441513327058	42.4682021383215
36843	19	64.0598778958092	264.475385163626	45.0598778958092	245.475385163626
36844	29	46.819834259868	70.5248942592872	17.819834259868	41.5248942592872
36845	29	45.0239963811241	86.3282675922333	16.0239963811241	57.3282675922333
36847	24	30.8395309163202	69.6366672347532	6.83953091632023	45.6366672347532
36848	26	33.4260066708824	91.8064594167149	7.42600667088243	65.8064594167149
36849	110.308247594096	83.2068313660597	169.612295929583	-27.1014162280362	59.3040483354875
36850	19.2657608218373	14.6121627188813	61.5688114611996	-4.65359810295596	42.3030506393623
36851	19.2657608218373	13.7261882143093	86.8190848415028	-5.539572607528	67.5533240196655
36852	19.2657608218373	9.73930294373508	56.2529644337673	-9.5264578781022	36.98720361193
36853	19.2657608218373	17.7130734848835	89.919995607505	-1.55268733695381	70.6542347856677
36854	19.2657608218373	11.0682647005931	85.9331103369308	-8.19749612124414	66.6673495150935
36855	19.2657608218373	13.7261882143093	54.9240026769093	-5.539572607528	35.658241855072
36856	19.2657608218373	16.3841117280254	85.9331103369308	-2.88164909381187	66.6673495150935
36857	19.2657608218373	10.1822901960211	78.4023270480684	-9.08347062581617	59.1365662262311
36858	19.2657608218373	10.6252774483071	48.2791938926189	-8.64048337353016	29.0134330707817
36859	2.36658185002451	-6.20823813856168	10.1822901960211	-8.57481998858619	7.81570834599661
36860	-0.595878521114438	1.32254515030068	17.2700862325974	1.91842367141512	17.8659647537119
36861	2.36658185002451	-7.98018714770578	11.0682647005931	-10.3467689977303	8.70168285056864
36862	2.36658185002451	0.879557898014653	73.9724545252082	-1.48702395200985	71.6058726751837
36863	2.36658185002451	-18.1688939502843	8.85332843916305	-20.5354758003088	6.48674658913854
36864	2.36658185002451	-3.55031462484556	10.1822901960211	-5.91689647487006	7.81570834599661
36865	2.36658185002451	1.32254515030068	14.6121627188813	-1.04403669972382	12.2455808688568
36866	2.36658185002451	-5.32226363398964	12.3972264574512	-7.68884548401414	10.0306446074267
36867	2.36658185002451	7.08137943001896	80.1742760572125	4.71479757999445	77.807694207188
36868	2.36658185002451	0.879557898014653	79.7312888049265	-1.48702395200985	77.364706954902
36869	8.71992366514892	0.879557898014653	10.6252774483071	-7.84036576713426	1.90535378315821
36870	8.71992366514892	-1.77836561570147	9.29631569144907	-10.4982892808504	0.57639202630015
36871	8.71992366514892	0.879557898014653	13.7261882143093	-7.84036576713426	5.00626454916037
36872	8.71992366514892	-0.449403858843411	11.0682647005931	-9.16932752399233	2.34834103544423
36873	8.71992366514892	0.879557898014653	10.6252774483071	-7.84036576713426	1.90535378315821
36874	8.71992366514892	1.32254515030068	11.9542392051652	-7.39737851484823	3.23431554001628
36875	8.71992366514892	2.20851965487272	10.1822901960211	-6.5114040102762	1.4623665308722
36876	6.50339720293931	1.7655324025867	17.2700862325974	-4.73786480035261	10.7666890296581
36877	6.50339720293931	2.65150690715875	15.4981372234534	-3.85189029578057	8.99474002051405
36878	6.50339720293931	3.53748141173079	23.9148950168878	-2.96591579120852	17.4114978139485
36879	6.50339720293931	-2.66434012027351	15.4981372234534	-9.16773732321282	8.99474002051405
36880	6.50339720293931	3.09449415944476	15.9411244757394	-3.40890304349455	9.43772727280007
36881	31	9.39311791983346	56.7207341882962	-21.6068820801665	25.7207341882962
36882	25	42.0773723606147	164.784841243843	17.0773723606147	139.784841243843
36884	40	22.1429460077437	74.4154417774942	-17.8570539922563	34.4154417774942
36885	40	19.4850224940276	85.9331103369308	-20.5149775059724	45.9331103369308
36886	40	47.3932193880469	361.471181258836	7.39321938804692	321.471181258836
36887	40	18.1560607371695	85.4901230846448	-21.8439392628305	45.4901230846448
36889	40	17.2700862325974	83.7181740755007	-22.7299137674026	43.7181740755007
36900	16.9344187076653	9.29631569144907	66.4416712363458	-7.63810301621622	49.5072525286806
36902	26	20.8139842508856	86.3760975892168	-5.18601574911438	60.3760975892168
36903	26	14.1691754665953	85.0471358323587	-11.8308245334047	59.0471358323587
36904	26	13.2832009620233	54.0380281723372	-12.7167990379767	28.0380281723372
36905	26	14.1691754665953	85.0471358323587	-11.8308245334047	59.0471358323587
36917	14.6663456584658	11.9542392051652	62.0117987134856	-2.71210645330064	47.3454530550198
36918	14.6663456584658	8.85332843916305	42.5203596129007	-5.81301721930278	27.8540139544349
36920	15.4382805335261	20.2480757795726	402.342592442391	4.80979524604653	386.904311908865
36921	15.4382805335261	-3.19863319746396	289.016832386714	-18.63691373099	273.578551853188
36922	15.4382805335261	43.2605864422196	281.635461042091	27.8223059086935	266.197180508565
36924	15.4382805335261	20.6822740939622	404.079385699949	5.24399356043609	388.641105166423
36925	15.4382805335261	7.6563246622752	21.1164724083518	-7.78195587125089	5.67819187482567
36928	15.4382805335261	45.4315780141675	66.2730971048666	29.9932974806414	50.8348165713406
36929	15.4382805335261	37.6160083551553	66.7072954192562	22.1777278216292	51.2690148857301
36931	6.75168486914703	10.1822901960211	41.1913978560426	3.43060532687409	34.4397129868956
36932	6.75168486914703	9.73930294373508	36.7615253331824	2.98761807458806	30.0098404640354
36933	9.1017847030571	-6.20823813856168	37.6474998377544	-15.3100228416188	28.5457151346973
36934	9.1017847030571	-23.0417537254305	15.4981372234534	-32.1435384284876	6.39635252039627
36935	9.1017847030571	6.19540492544692	44.7352958743308	-2.90637977761018	35.6335111712737
36936	9.1017847030571	-17.7259066979982	7.52436668230499	-26.8276914010553	-1.57741802075212
36937	6.46616579055292	-3.55031462484556	42.5203596129007	-10.0164804153985	36.0541938223478
36938	7.9878695993223	-7.09421264313373	26.5728185306039	-15.082082242456	18.5849489312816
36939	7.9878695993223	-2.22135286798749	39.8624360991846	-10.2092224673098	31.8745664998623
36940	5.64867656174677	-11.96707241828	20.8139842508856	-17.6157489800267	15.1653076891389
36941	8.84332870770005	-35.0024095371531	36.7615253331824	-43.8457382448531	27.9181966254824
36942	8.84332870770005	-11.0810979137079	39.4194488468985	-19.924426621408	30.5761201391985
36943	11.7441232575775	12.1265318879208	46.4224937617987	0.382408630343305	34.6783705042212
36944	19	7.08137943001896	38.5334743423265	-11.918620569981	19.5334743423265
36946	19	9.29631569144907	43.8493213697588	-9.70368430855093	24.8493213697588
36947	19	9.73930294373508	46.5072448834749	-9.26069705626492	27.5072448834749
36948	19	7.967353934591	38.0904870900405	-11.032646065409	19.0904870900405
36949	18.3018999780645	-8.86616165227781	21.6999587554577	-27.1680616303423	3.3980587773932
36950	22.2607171327041	-23.0417537254305	-7.98018714770578	-45.3024708581346	-30.2409042804099
36951	22.2607171327041	-24.8137027345746	-7.98018714770578	-47.0744198672787	-30.2409042804099
36952	22.2607171327041	2.65150690715875	34.9895763240383	-19.6092102255454	12.7288591913342
36953	22.2607171327041	-5.76525088627567	23.9148950168878	-28.0259680189798	1.65417788418364
36954	22.2607171327041	-1.33537836341544	19.4850224940276	-23.5960954961196	-2.77569463867658
36955	22.2607171327041	18.5990479894555	46.9502321357609	-3.66166914324863	24.6895150030567
36956	22.2607171327041	14.1691754665953	44.7352958743308	-8.09154166610884	22.4745787416266
36957	22.2607171327041	18.5990479894555	59.7968624520555	-3.66166914324863	37.5361453193514
36958	22.2607171327041	-8.42317439999179	14.6121627188813	-30.6838915326959	-7.64855441382282
36959	22.2607171327041	-2.66434012027351	37.2045125854684	-24.9250572529777	14.9437954527643
36960	22.2607171327041	3.98046866401681	30.5597038011781	-18.2802484686873	8.29898666847396
36961	22.2607171327041	15.9411244757394	53.5950409200512	-6.31959265696476	31.3343237873471
36962	22.2607171327041	12.8402137097372	42.0773723606147	-9.4205034229669	19.8166552279105
36963	22.2607171327041	15.4981372234534	46.5072448834749	-6.76257990925077	24.2465277507707
36964	22.2607171327041	19.0420352417415	51.3801046586211	-3.2186818909626	29.119387525917
36965	22.2607171327041	17.2700862325974	43.4063341174727	-4.99063090010669	21.1456169847686
36966	22.2607171327041	11.0682647005931	48.2791938926189	-11.192452432111	26.0184767599148
36967	22.2607171327041	-3.10732737255954	40.7484106037566	-25.3680445052637	18.4876934710525
36968	22.2607171327041	17.7130734848835	45.1782831266168	-4.54764364782066	22.9175659939127
36969	22.2607171327041	15.9411244757394	40.7484106037566	-6.31959265696476	18.4876934710525
36970	22.2607171327041	0.436570645728636	39.8624360991846	-21.8241464869755	17.6017189664804
36971	22.2607171327041	-9.30914890456384	18.1560607371695	-31.569866037268	-4.10465639553465
36972	22.2607171327041	-1.77836561570147	34.9895763240383	-24.0390827484056	12.7288591913342
36973	22.2607171327041	-11.0810979137079	15.9411244757394	-33.3418150464121	-6.31959265696476
36974	22.2607171327041	15.0551499711674	60.2398497043416	-7.20556716153679	37.9791325716374
36975	22.2607171327041	-22.5987664731445	-0.892391111129427	-44.8594836058486	-23.1531082438336
36976	22.2607171327041	-8.86616165227781	31.4456783057501	-31.126878784982	9.18496117304599
36977	22.2607171327041	-15.5109704365681	5.75241767316089	-37.7716875692723	-16.5082994595433
36978	22.2607171327041	-1.77836561570147	15.9411244757394	-24.0390827484056	-6.31959265696476
36979	22.2607171327041	-7.53719989541975	13.7261882143093	-29.7979170281239	-8.53452891839486
36980	22.2607171327041	-16.3969449411402	6.19540492544692	-38.6576620738443	-16.0653122072572
36981	22.2607171327041	-6.6512253908477	23.9148950168878	-28.9119425235518	1.65417788418364
36982	22.2607171327041	-6.6512253908477	15.9411244757394	-28.9119425235518	-6.31959265696476
36983	22.2607171327041	-0.892391111129427	27.901780287462	-23.1531082438336	5.64106315475783
36984	22.2607171327041	3.98046866401681	30.1167165488921	-18.2802484686873	7.85599941618793
36985	22.2607171327041	-8.86616165227781	10.1822901960211	-31.126878784982	-12.078426936683
36986	22.2607171327041	1.7655324025867	31.8886655580362	-20.4951847301174	9.62794842533202
36987	22.2607171327041	-6.20823813856168	29.23074204432	-28.4689552712658	6.97002491161589
36988	22.2607171327041	-7.53719989541975	12.3972264574512	-29.7979170281239	-9.86349067525293
36989	22.2607171327041	16.8270989803114	45.1782831266168	-5.43361815239271	22.9175659939127
36990	22.2607171327041	-12.853046922852	18.1560607371695	-35.1137640555561	-4.10465639553465
36991	22.2607171327041	-3.99330187713157	31.4456783057501	-26.2540190098357	9.18496117304599
36992	22.2607171327041	5.75241767316089	40.3054233514706	-16.5082994595433	18.0447062187664
36993	22.2607171327041	16.8270989803114	48.2791938926189	-5.43361815239271	26.0184767599148
36994	22.2607171327041	-0.449403858843411	21.6999587554577	-22.7101209915476	-0.560758377246472
36995	22.2607171327041	-8.86616165227781	14.1691754665953	-31.126878784982	-8.09154166610884
36996	22.2607171327041	-6.6512253908477	22.5859332600297	-28.9119425235518	0.325216127325561
36997	22.2607171327041	-4.4362891294176	13.7261882143093	-26.6970062621217	-8.53452891839486
36998	22.2607171327041	-3.55031462484556	16.3841117280254	-25.8110317575497	-5.87660540467873
36999	24.7208043414354	1.32254515030068	36.3185380808964	-23.3982591911348	11.5977337394609
37000	24.7208043414354	-4.4362891294176	27.4587930351759	-29.157093470853	2.7379886937405
37001	24.7208043414354	16.8270989803114	44.7352958743308	-7.89370536112401	20.0144915328953
37002	36	51.0761561012318	166.572907728856	15.0761561012318	130.572907728856
37008	-3.60617483067798	-5.76525088627567	9.29631569144907	-2.15907605559768	12.9024905221271
37011	-3.60617483067798	-8.42317439999179	20.3709969985996	-4.81699956931381	23.9771718292776
37013	-3.60617483067798	3.53748141173079	23.4719077646018	7.14365624240878	27.0780825952797
37014	-3.60617483067798	-16.8399321934262	12.8402137097372	-13.2337573627482	16.4463885404152
37017	-3.60617483067798	-0.00641660655738008	18.1560607371695	3.5997582241206	21.7622355678475
37020	-3.60617483067798	-11.5240851659939	12.3972264574512	-7.91791033531595	16.0034012881292
37021	-3.36694705346901	-12.410059670566	11.5112519528792	-9.04311261709698	14.8781990063482
37025	-3.60617483067798	-15.5109704365681	18.5990479894555	-11.9047956058901	22.2052228201335
37026	33	34.1424218400388	97.1011774265258	1.14242184003875	64.1011774265258
37028	14	39.7869999271031	100.574763941642	25.7869999271031	86.5747639416424
37029	11.2850516559266	-11.0810979137079	6.63839217773294	-22.3661495696345	-4.64665947819365
37030	11.2850516559266	-12.410059670566	13.7261882143093	-23.6951113264926	2.4411365583827
37031	11.2850516559266	-25.2566899868606	1.32254515030068	-36.5417416427872	-9.96250650562591
37032	11.2850516559266	-31.4585115188649	-8.86616165227781	-42.7435631747915	-20.1512133082044
37035	11.2850516559266	-23.4847409777165	-3.10732737255954	-34.7697926336431	-14.3923790284861
37036	11.2850516559266	-12.410059670566	11.0682647005931	-23.6951113264926	-0.216786955333443
37037	11.2850516559266	-22.1557792208585	1.32254515030068	-33.4408308767851	-9.96250650562591
37038	11.2850516559266	-16.3969449411402	3.09449415944476	-27.6819965970668	-8.19055749648183
37039	9.84290865784293	-5.76525088627567	45.1782831266168	-15.6081595441186	35.3353744687739
37041	9.84290865784293	-13.296034175138	28.787754792034	-23.138942832981	18.9448461341911
37042	9.84290865784293	-17.7259066979982	-0.449403858843411	-27.5688153558412	-10.2923125166863
37043	11.2850516559266	3.53748141173079	42.5203596129007	-7.7475702441958	31.2353079569741
37044	11.2850516559266	-8.86616165227781	3.53748141173079	-20.1512133082044	-7.7475702441958
37045	11.2850516559266	-22.5987664731445	3.53748141173079	-33.8838181290711	-7.7475702441958
37046	11.2850516559266	-14.1820086797101	2.65150690715875	-25.4670603356367	-8.63354474876784
37047	11.2850516559266	-7.09421264313373	9.29631569144907	-18.3792642990603	-1.98873596447752
37048	11.2850516559266	-13.296034175138	7.967353934591	-24.5810858310646	-3.31769772133559
37049	11.2850516559266	-10.1951234091359	34.9895763240383	-21.4801750650625	23.7045246681117
37050	2.37404370014794	3.09449415944476	32.3316528103222	0.720450459296824	29.9576091101742
37051	19.6426535904125	10.6252774483071	28.787754792034	-9.0173761421054	9.14510120162148
37052	19.6426535904125	11.5112519528792	35.8755508286103	-8.13140163753335	16.2328972381978
37053	19.6426535904125	16.3841117280254	59.3538751997695	-3.25854186238712	39.711221609357
37054	24.8837427496553	14.6121627188813	52.2660791631931	-10.2715800307739	27.3823364135379
37055	19.6426535904125	9.29631569144907	26.1298312783179	-10.3463378989635	6.48717768790535
37056	19.6426535904125	14.6121627188813	31.0026910534641	-5.03049087153121	11.3600374630516
37057	19.6426535904125	12.8402137097372	49.165168397191	-6.80243988067529	29.5225148067785
37058	19.6426535904125	12.3972264574512	54.4810154246233	-7.24542713296132	34.8383618342107
37059	19.6426535904125	19.4850224940276	59.3538751997695	-0.157631096384971	39.711221609357
37060	19.6426535904125	32.7746400626082	58.9108879474835	13.1319864721957	39.2682343570709
37061	19.6426535904125	11.9542392051652	35.4325635763243	-7.68841438524734	15.7899099859118
37062	19.6426535904125	10.6252774483071	48.722181144905	-9.0173761421054	29.0795275544924
37063	24.8837427496553	13.7261882143093	66.4416712363458	-11.157554535346	41.5579284866906
37064	24.8837427496553	12.8402137097372	39.4194488468985	-12.043529039918	14.5357060972433
37065	24.8837427496553	15.0551499711674	42.0773723606147	-9.82859277848791	17.1936296109594
37066	24.8837427496553	16.8270989803114	55.3669899291953	-8.05664376934383	30.48324717954
37067	24.8837427496553	16.8270989803114	57.1389389383394	-8.05664376934383	32.2551961886841
37068	9.68089843224844	7.52436668230499	20.8139842508856	-2.15653174994345	11.1330858186372
37069	10.0195825255677	-13.739021427424	9.29631569144907	-23.7586039529917	-0.723266834118615
37070	10.0195825255677	-16.8399321934262	-5.32226363398964	-26.8595147189939	-15.3418461595573
37071	10.0195825255677	-3.99330187713157	35.8755508286103	-14.0128844026993	25.8559683030427
37072	10.0195825255677	-10.6381106614219	31.8886655580362	-20.6576931869896	21.8690830324685
37073	10.0195825255677	-7.98018714770578	19.0420352417415	-17.9997696732735	9.02245271617386
37074	10.0195825255677	2.65150690715875	50.051142901763	-7.36807561840893	40.0315603761954
37075	10.0195825255677	-8.42317439999179	38.0904870900405	-18.4427569255595	28.0709045644728
37076	10.0195825255677	-6.6512253908477	16.3841117280254	-16.6708079164154	6.36452920245774
37077	10.0195825255677	-8.86616165227781	12.8402137097372	-18.8857441778455	2.82063118416956
37078	10.0195825255677	-9.75213615684986	18.5990479894555	-19.7717186824175	8.57946546388783
37079	10.0195825255677	-12.410059670566	17.2700862325974	-22.4296421961337	7.25050370702977
37080	10.0195825255677	0.436570645728636	41.1913978560426	-9.58301187983905	31.1718153304749
37081	15.0615514636071	9.73930294373508	23.9148950168878	-5.322248519872	8.8533435532807
37082	15.0615514636071	-11.0810979137079	16.8270989803114	-26.142649377315	1.76554751670435
37083	15.0615514636071	-13.296034175138	14.1691754665953	-28.3575856387451	-0.892375997011777
37084	11.8409602202956	-0.449403858843411	22.5859332600297	-12.290364079139	10.7449730397341
37085	11.8409602202956	-16.3969449411402	-3.10732737255954	-28.2379051614358	-14.9482875928552
37086	11.8409602202956	-19.4978557071423	-2.66434012027351	-31.338815927438	-14.5053003405691
37087	11.8409602202956	-13.739021427424	8.85332843916305	-25.5799816477197	-2.98763178113258
37088	11.8409602202956	-13.296034175138	9.73930294373508	-25.1369943954337	-2.10165727656055
37089	22.7011671133657	-21.2698047162864	-8.86616165227781	-43.9709718296521	-31.5673287656435
37090	22.7011671133657	12.3972264574512	37.2045125854684	-10.3039406559145	14.5033454721027
37091	22.7011671133657	13.7261882143093	35.8755508286103	-8.97497889905637	13.1743837152447
37092	22.7011671133657	-4.87927638170362	10.6252774483071	-27.5804434950693	-12.0758896650585
37093	40	35.0108184688179	130.968645948912	-4.98918153118213	90.968645948912
37094	20.1059964971818	24.3578822691738	60.6828369566276	4.25188577199204	40.5768404594458
37095	23.7358753468964	60.6285190178023	107.087738657486	36.8926436709059	83.3518633105895
37096	23.7358753468964	60.6285190178023	118.811093146004	36.8926436709059	95.0752177991077
37097	23.7358753468964	46.2999746429466	96.6669791121363	22.5640992960502	72.9311037652399
37098	-7.92121282979015	-19.4978557071423	-5.32226363398964	-11.5766428773522	2.59894919580052
37099	-7.92121282979015	-9.75213615684986	6.19540492544692	-1.8309233270597	14.1166177552371
37100	-7.92121282979015	-9.75213615684986	-0.00641660655738008	-1.8309233270597	7.91479622323277
37101	-7.92121282979015	-18.6118812025703	-7.53719989541975	-10.6906683727801	0.384012934370407
37102	-7.92121282979015	-20.3838302117144	-11.96707241828	-12.4626173819242	-4.04585958848982
37103	-7.92121282979015	-19.9408429594284	-11.5240851659939	-12.0196301296382	-3.60287233620378
37104	-7.92121282979015	-21.2698047162864	-13.296034175138	-13.3485918864963	-5.37482134534788
37105	-7.92121282979015	-18.1688939502843	-8.42317439999179	-10.2476811204941	-0.50196157020164
37106	-7.92121282979015	-21.7127919685724	-13.296034175138	-13.7915791387823	-5.37482134534788
37107	-7.92121282979015	-21.2698047162864	-13.296034175138	-13.3485918864963	-5.37482134534788
37109	17.181526809537	-8.42317439999179	15.9411244757394	-25.6047012095288	-1.2404023337976
37110	15.9120712803491	-23.4847409777165	2.65150690715875	-39.3968122580656	-13.2605643731903
37111	15.9120712803491	-21.7127919685724	-3.10732737255954	-37.6248632489215	-19.0193986529086
37112	15.9120712803491	-22.1557792208585	6.19540492544692	-38.0678505012075	-9.71666635490216
37113	17.181526809537	-16.8399321934262	28.787754792034	-34.0214590029632	11.606227982497
37114	17.181526809537	-17.7259066979982	31.8886655580362	-34.9074335075352	14.7071387484992
37115	15.9120712803491	-17.7259066979982	26.5728185306039	-33.6379779783473	10.6607472502548
37116	15.9120712803491	-24.3707154822886	-0.449403858843411	-40.2827867626376	-16.3614751391925
37117	14.7116472073246	-11.5240851659939	10.1822901960211	-26.2357323733185	-4.52935701130344
37118	14.7116472073246	-20.3838302117144	8.85332843916305	-35.0954774190389	-5.8583187681615
37119	14.7116472073246	10.1822901960211	34.9895763240383	-4.52935701130344	20.2779291167138
37120	17.181526809537	-23.0417537254305	-0.449403858843411	-40.2232805349675	-17.6309306683804
37121	14.7116472073246	-23.0417537254305	6.19540492544692	-37.753400932755	-8.51624228187763
37122	14.7116472073246	-21.2698047162864	19.4850224940276	-35.981451923611	4.77337528670301
37123	14.7116472073246	-0.892391111129427	32.3316528103222	-15.604038318454	17.6200056029976
37124	14.7116472073246	-35.0024095371531	-4.4362891294176	-49.7140567444776	-19.1479363367422
37125	14.7116472073246	-3.99330187713157	32.7746400626082	-18.7049490844561	18.0629928552837
37126	17.181526809537	-19.4978557071423	32.7746400626082	-36.6793825166793	15.5931132530712
37127	14.7116472073246	10.1822901960211	35.4325635763243	-4.52935701130344	20.7209163689998
37128	14.7116472073246	-17.2829194457122	30.1167165488921	-31.9945666530368	15.4050693415675
37129	17.181526809537	-19.0548684548563	31.0026910534641	-36.2363952643933	13.8211642439271
37130	17.181526809537	-20.8268174640004	27.4587930351759	-38.0083442735374	10.277266225639
37131	17.181526809537	-19.9408429594284	31.4456783057501	-37.1223697689653	14.2641514962131
37132	17.181526809537	-19.4978557071423	23.4719077646018	-36.6793825166793	6.29038095506476
37133	17.181526809537	-18.6118812025703	28.344767539748	-35.7934080121073	11.163240730211
37134	17.181526809537	-10.6381106614219	12.3972264574512	-27.8196374709589	-4.78430035208578
37135	17.181526809537	-3.55031462484556	39.4194488468985	-20.7318414343825	22.2379220373615
37136	14.7116472073246	-7.09421264313373	13.2832009620233	-21.8058598504583	-1.42844624530129
37137	14.7116472073246	-36.3313712940111	31.8886655580362	-51.0430185013357	17.1770183507116
37138	14.7116472073246	-7.09421264313373	12.3972264574512	-21.8058598504583	-2.31442074987334
37139	17.181526809537	-19.4978557071423	21.6999587554577	-36.6793825166793	4.51843194592068
37140	15.9120712803491	-26.1426644914327	-11.0810979137079	-42.0547357717817	-26.993169194057
37141	14.7116472073246	-3.10732737255954	33.6606145671802	-17.8189745798841	18.9489673598557
37142	13.8595172921895	-6.6512253908477	18.5990479894555	-20.5107426830372	4.73953069726597
37143	17.181526809537	-9.75213615684986	12.3972264574512	-26.9336629663868	-4.78430035208578
37144	17.181526809537	-11.96707241828	19.9280097463136	-29.148599227817	2.74648293677659
37145	17.181526809537	-20.3838302117144	28.787754792034	-37.5653570212514	11.606227982497
37146	17.181526809537	-20.8268174640004	23.4719077646018	-38.0083442735374	6.29038095506476
37147	17.181526809537	-17.2829194457122	29.23074204432	-34.4644462552492	12.049215234783
37148	17.181526809537	0.879557898014653	33.6606145671802	-16.3019689115223	16.4790877576433
37149	17.181526809537	-22.1557792208585	8.85332843916305	-39.3373060303955	-8.32819837037394
37150	17.181526809537	-10.6381106614219	11.0682647005931	-27.8196374709589	-6.11326210894384
37151	9.31636719220202	-35.4453967894391	-13.739021427424	-44.7617639816411	-23.0553886196261
37152	9.31636719220202	34.5465890717523	86.3760975892168	25.2302218795503	77.0597303970148
37153	9.31636719220202	-21.7127919685724	-1.77836561570147	-31.0291591607745	-11.0947328079035
37154	9.31636719220202	-33.230460528009	86.3760975892168	-42.546827720211	77.0597303970148
37155	9.31636719220202	-35.4453967894391	-15.0679831842821	-44.7617639816411	-24.3843503764841
37156	9.31636719220202	-40.3182565645853	-27.9146135005767	-49.6346237567874	-37.2309806927788
37157	9.31636719220202	-39.4322820600133	-18.1688939502843	-48.7486492522153	-27.4852611424863
37158	9.31636719220202	-33.673447780295	-10.6381106614219	-42.989814972497	-19.9544778536239
37159	9.31636719220202	-35.4453967894391	-15.5109704365681	-44.7617639816411	-24.8273376287702
37160	2.77616840948254	-35.8883840417251	-13.296034175138	-38.6645524512077	-16.0722025846206
37161	2.77616840948254	-19.0548684548563	0.879557898014653	-21.8310368643388	-1.89661051146789
37162	2.77616840948254	-30.5725370142929	-9.75213615684986	-33.3487054237754	-12.5283045663324
37163	3.78882698594595	-26.5856517437187	-7.09421264313373	-30.3744787296646	-10.8830396290797
37164	3.78882698594595	-38.9892948077273	-13.739021427424	-42.7781217936732	-17.52784841337
37165	3.78882698594595	-40.7612438168714	-14.6249959319961	-44.5500708028173	-18.413822917942
37166	3.78882698594595	-27.4716262482907	-7.53719989541975	-31.2604532342367	-11.3260268813657
37167	3.78882698594595	-30.5725370142929	-10.1951234091359	-34.3613640002388	-13.9839503950818
37168	3.78882698594595	-40.3182565645853	-23.9277282300025	-44.1070835505313	-27.7165552159485
37169	3.78882698594595	-28.8005880051488	-10.6381106614219	-32.5894149910947	-14.4269376473679
37170	3.78882698594595	-38.5463075554413	-21.7127919685724	-42.3351345413872	-25.5016189545184
37171	3.78882698594595	-36.3313712940111	-15.0679831842821	-40.1201982799571	-18.8568101702281
37172	3.78882698594595	-23.0417537254305	-3.55031462484556	-26.8305807113764	-7.3391416107915
37173	3.78882698594595	-31.4585115188649	3.53748141173079	-35.2473385048109	-0.251345574215151
37174	3.78882698594595	-34.5594222848671	15.4981372234534	-38.348249270813	11.7093102375074
37175	3.78882698594595	-27.0286389960047	-9.30914890456384	-30.8174659819506	-13.0979758905098
37176	3.78882698594595	-16.8399321934262	15.4981372234534	-20.6287591793721	11.7093102375074
37177	3.78882698594595	-34.116435032581	-8.42317439999179	-37.905262018527	-12.2120013859377
37178	3.78882698594595	-18.1688939502843	12.8402137097372	-21.9577209362302	9.0513867237913
37179	3.78882698594595	-33.673447780295	62.0117987134856	-37.462274766241	58.2229717275397
37180	3.78882698594595	-0.892391111129427	91.2489573643631	-4.68121809707537	87.4601303784171
37181	3.78882698594595	-14.6249959319961	62.8977732180577	-18.413822917942	59.1089462321117
37182	3.78882698594595	-22.1557792208585	5.75241767316089	-25.9446062068044	1.96359068721495
37183	3.78882698594595	-23.4847409777165	-7.53719989541975	-27.2735679636625	-11.3260268813657
37184	3.78882698594595	-32.344486023437	-13.739021427424	-36.1333130093829	-17.52784841337
37186	17	11.5641094917813	113.16651505894	-5.43589050821871	96.1665150589398
37187	24.9798287219377	-9.75213615684986	42.5203596129007	-34.7319648787876	17.540530890963
37188	24.9798287219377	11.9542392051652	43.4063341174727	-13.0255895167725	18.426505395535
37189	18	39.8624360991846	85.9331103369308	21.8624360991846	67.9331103369308
37190	18	24.3578822691738	102.323638671514	6.3578822691738	84.3236386715136
37191	18	34.5465890717523	89.477008355219	16.5465890717523	71.477008355219
37192	18	34.9895763240383	62.4547859657716	16.9895763240383	44.4547859657716
37193	18	17.2700862325974	88.5910338506469	-0.72991376740255	70.5910338506469
37194	40	25.6868440260319	60.6828369566276	-14.3131559739681	20.6828369566276
37195	40	23.9148950168878	61.1258242089136	-16.0851049831122	21.1258242089136
37196	13.3380584757682	26.5728185306039	59.3538751997695	13.2347600548357	46.0158167240013
37197	13.3380584757682	34.9895763240383	60.6828369566276	21.6515178482701	47.3447784808593
37198	13.3380584757682	41.1913978560426	104.095587680658	27.8533393802744	90.7575292048894
37199	13.3380584757682	41.1913978560426	64.6697222272017	27.8533393802744	51.3316637514335
37200	13.3380584757682	39.8624360991846	102.7666259238	26.5243776234163	89.4285674480314
37201	13.3380584757682	26.5728185306039	58.9108879474835	13.2347600548357	45.5728294717152
37202	13.3380584757682	31.8886655580362	60.2398497043416	18.5506070822679	46.9017912285733
37203	13.3380584757682	13.2832009620233	58.4679006951975	-0.0548575137449721	45.1298422194292
37204	48	18.5990479894555	111.62637096952	-29.4009520105445	63.62637096952
37205	13.3380584757682	20.3709969985996	57.5819261906254	7.03293852283138	44.2438677148572
37206	13.3380584757682	35.4325635763243	63.3407604703437	22.0945051005561	50.0027019945755
37207	13.3380584757682	30.1167165488921	60.6828369566276	16.7786580731238	47.3447784808593
37208	40	54.0380281723372	82.8321995709286	14.0380281723372	42.8321995709286
37209	22	19.7759697150867	66.6792232456869	-2.22403028491333	44.6792232456869
37210	22	17.9147294956184	62.2122467189631	-4.08527050438158	40.2122467189631
37211	22	16.0534892761501	61.8399986750694	-5.94651072384985	39.8399986750694
37212	20	15.6812412322565	47.322324963217	-4.3187587677435	27.322324963217
37213	22	31.3156590757899	77.1021684747092	9.31565907578991	55.1021684747092
37214	12	19.0420352417415	77.0733652912104	7.04203524174154	65.0733652912104
37215	11.2081550721849	5.75241767316089	14.1691754665953	-5.45573739902401	2.9610203944104
37216	11.2081550721849	6.19540492544692	15.0551499711674	-5.01275014673798	3.84699489898245
37217	9.82564538862679	10.1822901960211	41.1913978560426	0.356644807394321	31.3657524674158
37218	9.82564538862679	10.6252774483071	22.1429460077437	0.799632059680338	12.3173006191169
37219	9.82564538862679	11.5112519528792	26.1298312783179	1.68560656425239	16.3041858896911
37220	9.82564538862679	11.0682647005931	39.8624360991846	1.24261931196635	30.0367907105578
37221	9.82564538862679	8.85332843916305	20.3709969985996	-0.972316949463742	10.5453516099728
37222	10.7894816469752	11.5112519528792	27.901780287462	0.721770305903986	17.1122986404868
37223	10.7894816469752	10.1822901960211	39.8624360991846	-0.607191450954078	29.0729544522094
37224	46.8236342032949	48.2791938926189	141.749504124969	1.45555968932409	94.9258699216746
37225	51	83.2502284786227	318.891568324705	32.2502284786227	267.891568324705
37226	30	24.5900589234683	133.573835835249	-5.40994107653172	103.573835835249
37227	30	26.3268521810266	86.2462195667867	-3.67314781897345	56.2462195667867
37228	30	60.6285190178023	201.742971194411	30.6285190178023	171.742971194411
37229	30	33.7082235256492	98.4037723696946	3.70822352564916	68.4037723696946
37230	30	42.3921898134405	138.350017293535	12.3921898134405	108.350017293535
37231	-1.56966194339042	-46.5200780965896	-19.4978557071423	-44.9504161531992	-17.9281937637519
37232	17.7028627842136	17.7130734848835	82.3892123186426	0.0102107006699228	64.686349534429
37233	14	41.1913978560426	155.925096198122	27.1913978560426	141.925096198122
37234	26	15.0551499711674	64.2267349749157	-10.9448500288326	38.2267349749157
37235	57	54.9240026769093	248.952419178187	-2.07599732309073	191.952419178187
37236	42	141.823603808651	197.400988050516	99.8236038086512	155.400988050516
37237	42	153.981156611559	220.847697027552	111.981156611559	178.847697027552
37238	20.165447865623	5.75241767316089	42.5203596129007	-14.4130301924621	22.3549117472777
37240	20.165447865623	16.3841117280254	28.344767539748	-3.78133613759756	8.17931967412501
37241	20.165447865623	15.4981372234534	27.0158057828899	-4.66731064216961	6.85035791726695
37246	22.8541959583897	16.8270989803114	54.4810154246233	-6.02709697807822	31.6268194662336
37247	22.8541959583897	13.7261882143093	48.2791938926189	-9.12800774408036	25.4249979342293
37248	22.8541959583897	13.2832009620233	88.1480465983609	-9.57099499636639	65.2938506399712
37249	9.40078397796874	8.41034118687702	26.1298312783179	-0.990442791091724	16.7290473003491
37250	15.6717463873664	12.8402137097372	30.1167165488921	-2.83153267762917	14.4449701615257
37251	9.40078397796874	11.5112519528792	49.165168397191	2.11046797491043	39.7643844192223
37252	9.40078397796874	13.2832009620233	29.23074204432	3.88241698405452	19.8299580663513
37253	9.40078397796874	8.41034118687702	20.8139842508856	-0.990442791091724	11.4132002729169
37254	9.40078397796874	12.3972264574512	46.5072448834749	2.99644247948247	37.1064609055061
37255	9.40078397796874	9.29631569144907	26.1298312783179	-0.104468286519676	16.7290473003491
37256	9.40078397796874	9.29631569144907	26.1298312783179	-0.104468286519676	16.7290473003491
37257	9.40078397796874	10.6252774483071	51.8230919109071	1.22449347033839	42.4223079329384
37258	9.74512459388434	10.6252774483071	27.901780287462	0.880152854422795	18.1566556935776
37259	9.40078397796874	16.3841117280254	59.3538751997695	6.98332775005667	49.9530912218007
37260	9.40078397796874	8.85332843916305	40.7484106037566	-0.547455538805693	31.3476266257879
37261	9.40078397796874	7.08137943001896	46.9502321357609	-2.31940454794979	37.5494481577921
37262	9.40078397796874	11.5112519528792	27.901780287462	2.11046797491043	18.5009963094932
37263	9.40078397796874	7.967353934591	57.5819261906254	-1.43343004337774	48.1811422126567
37264	9.40078397796874	9.73930294373508	36.3185380808964	0.33851896576634	26.9177541029276
37265	9.40078397796874	10.1822901960211	54.4810154246233	0.781506218052371	45.0802314466545
37266	9.40078397796874	6.63839217773294	20.3709969985996	-2.7623918002358	10.9702130206309
37267	9.40078397796874	10.6252774483071	57.1389389383394	1.22449347033839	47.7381549603707
37268	9.40078397796874	5.30943042087488	19.9280097463136	-4.09135355709387	10.5272257683448
37269	9.40078397796874	8.41034118687702	23.0289205123157	-0.990442791091724	13.628136534347
37270	9.40078397796874	11.5112519528792	25.2438567737458	2.11046797491043	15.8430727957771
37271	9.40078397796874	6.63839217773294	27.901780287462	-2.7623918002358	18.5009963094932
37272	9.40078397796874	7.52436668230499	20.8139842508856	-1.87641729566376	11.4132002729169
37273	9.40078397796874	13.7261882143093	54.9240026769093	4.32540423634055	45.5232186989405
37274	9.40078397796874	7.08137943001896	27.901780287462	-2.31940454794979	18.5009963094932
37275	9.40078397796874	6.19540492544692	21.2569715031716	-3.20537905252182	11.8561875252029
37276	9.40078397796874	7.967353934591	27.901780287462	-1.43343004337774	18.5009963094932
37277	9.40078397796874	6.63839217773294	25.2438567737458	-2.7623918002358	15.8430727957771
37278	9.40078397796874	6.63839217773294	47.8362066403329	-2.7623918002358	38.4354226623642
37279	9.40078397796874	10.6252774483071	29.23074204432	1.22449347033839	19.8299580663513
37280	9.40078397796874	9.73930294373508	27.901780287462	0.33851896576634	18.5009963094932
37281	9.40078397796874	11.0682647005931	25.6868440260319	1.6674807226244	16.2860600480631
37282	9.40078397796874	5.30943042087488	53.5950409200512	-4.09135355709387	44.1942569420825
37283	9.40078397796874	10.6252774483071	27.901780287462	1.22449347033839	18.5009963094932
37284	9.40078397796874	7.52436668230499	20.8139842508856	-1.87641729566376	11.4132002729169
37285	9.40078397796874	8.85332843916305	28.787754792034	-0.547455538805693	19.3869708140653
37286	9.40078397796874	1.7655324025867	15.4981372234534	-7.63525157538204	6.09735324548463
37287	9.40078397796874	7.08137943001896	22.5859332600297	-2.31940454794979	13.185149282061
37288	22.6989706260804	8.85332843916305	53.1520536677652	-13.8456421869174	30.4530830416848
37289	22.6989706260804	19.4850224940276	56.6959516860534	-3.21394813205286	33.9969810599729
37290	22.6989706260804	16.3841117280254	56.2529644337673	-6.31485889805501	33.5539938076869
37291	22.6989706260804	16.8270989803114	52.7090664154792	-5.87187164576899	30.0100957893987
37292	14.9585903489702	11.0682647005931	42.0773723606147	-3.89032564837708	27.1187820116444
37293	29.4794527058126	15.0551499711674	58.9108879474835	-14.4243027346453	29.4314352416708
37294	29.4794527058126	9.73930294373508	41.1913978560426	-19.7401497620776	11.71194515023
37295	29.4794527058126	9.73930294373508	42.5203596129007	-19.7401497620776	13.0409069070881
37296	29.4794527058126	16.3841117280254	50.9371174063351	-13.0953409777872	21.4576647005224
37297	29.4794527058126	10.6252774483071	29.23074204432	-18.8541752575055	-0.248710661492595
37298	29.4794527058126	11.5112519528792	35.8755508286103	-17.9682007529335	6.39609812279771
37299	29.4794527058126	15.0551499711674	55.8099771814813	-14.4243027346453	26.3305244756687
37300	24.9945835038025	13.2832009620233	27.4587930351759	-11.7113825417792	2.46420953137346
37301	24.9945835038025	14.1691754665953	54.0380281723372	-10.8254080372072	29.0434446685348
37302	22.6989706260804	12.3972264574512	49.165168397191	-10.3017441686292	26.4661977711106
37304	8.13550722374871	1.32254515030068	15.9411244757394	-6.81296207344802	7.80561725199068
37305	8.13550722374871	3.09449415944476	26.1298312783179	-5.04101306430394	17.9943240545692
37306	8.13550722374871	2.65150690715875	31.8886655580362	-5.48400031658996	23.7531583342875
37307	7.21284234410451	3.09449415944476	30.5597038011781	-4.11834818465975	23.3468614570736
37308	7.21284234410451	3.98046866401681	78.8453143003544	-3.2323736800877	71.6324719562499
37309	7.21284234410451	1.32254515030068	13.7261882143093	-5.89029719380383	6.51334587020478
37310	51	31.5372319537013	96.6669791121363	-19.4627680462987	45.6669791121363
37311	26.8327423147971	41.9579914990509	97.5353757409154	15.1252491842538	70.7026334261183
37312	26.8327423147971	38.4844049839344	98.8379706840841	11.6516626691373	72.005228369287
37313	65	40.2211982414927	64.5363038473084	-24.7788017585073	-0.463696152691611
37314	27.0177655205918	32.83982689687	90.1540043962928	5.82206137627825	63.136238875701
37315	27.0177655205918	27.1952488098057	97.1011774265258	0.177483289213885	70.083411905934
37316	46	29.8004386961431	97.1011774265258	-16.1995613038569	51.1011774265258
37317	20.4059702682323	8.41034118687702	41.6343851083286	-11.9956290813553	21.2284148400963
37318	21.4812080275512	13.2832009620233	36.3185380808964	-8.1980070655279	14.8373300533452
37319	21.4812080275512	7.967353934591	28.787754792034	-13.5138540929602	7.30654676448285
37320	21.4812080275512	12.8402137097372	36.7615253331824	-8.64099431781391	15.2803173056313
37321	21.4812080275512	7.08137943001896	24.8008695214598	-14.3998285975322	3.31966149390866
37322	21.4812080275512	8.85332843916305	25.2438567737458	-12.6278795883881	3.76264874619469
37323	21.4812080275512	11.5112519528792	35.4325635763243	-9.96995607467198	13.9513555487732
37324	21.4812080275512	8.41034118687702	27.4587930351759	-13.0708668406741	5.97758500762479
37325	21.4812080275512	10.1822901960211	30.1167165488921	-11.29891783153	8.63550852134092
37326	20.4059702682323	12.3972264574512	38.5334743423265	-8.0087438107811	18.1275040740942
37327	18.1195031107686	2.20851965487272	53.1520536677652	-15.9109834558959	35.0325505569966
37328	18.1195031107686	-59.3667084128843	384.063531125423	-77.4862115236529	365.944028014655
37330	18.1195031107686	4.86644316858886	26.1298312783179	-13.2530599421798	8.01032816754924
37331	18.1195031107686	-6.20823813856168	25.6868440260319	-24.3277412493303	7.56734091526322
37332	18.1195031107686	-8.86616165227781	84.1611613277867	-26.9856647630465	66.0416582170181
37337	18.1195031107686	6.63839217773294	19.9280097463136	-11.4811109330357	1.80850663554493
37339	18.1195031107686	25.6868440260319	308.7556982368	7.56734091526322	290.636195126031
37340	18.1195031107686	-24.8137027345746	110.297409212662	-42.9332058453432	92.1779061018933
37342	18.1195031107686	13.2832009620233	55.3669899291953	-4.83630214874539	37.2474868184267
37343	18.1195031107686	9.29631569144907	26.5728185306039	-8.82318741931958	8.45331541983527
37344	16.7802912875658	-0.00641660655738008	40.7484106037566	-16.7867078941232	23.9681193161908
37347	16.7802912875658	11.9542392051652	28.344767539748	-4.82605208240063	11.5644762521822
37348	20.4059702682323	11.9542392051652	41.6343851083286	-8.45173106306712	21.2284148400963
37349	20.4059702682323	11.9542392051652	40.7484106037566	-8.45173106306712	20.3424403355243
