36455	37	13.4601209057211	90.5416598194435	-23.5398790942789	53.5416598194435
36456	37	17.1769131806275	82.9897231858864	-19.8230868193725	45.9897231858864
36457	37	1	2	-36	-35
36458	37	13	53.9562647138739	-24	16.9562647138739
36459	37	17.1769131806275	75.9475788742149	-19.8230868193725	38.9475788742149
36460	37	13.4601209057211	265.107600082336	-23.5398790942789	228.107600082336
36461	42.5415307040872	13.5735269492417	36.8132201334028	-28.9680037548455	-5.72831057068443
36462	31.6115072925847	-25.3707117098286	100.383089740673	-56.9822190024134	68.7715824480887
36463	31.6115072925847	2.75435770463133	83	-28.8571495879534	51.3884927074153
36464	31.6115072925847	-25.3707117098286	100.383089740673	-56.9822190024134	68.7715824480887
36465	31.6115072925847	9	84.2779450138185	-22.6115072925847	52.6664377212337
36466	31.6115072925847	9	84.2355789897586	-22.6115072925847	52.6240716971738
36467	31.6115072925847	15.7821986182447	83.2880093727315	-15.82930867434	51.6765020801467
36468	32.9433337320927	13.5735269492417	83	-19.369806782851	50.0566662679073
36469	32.9433337320927	13.5735269492417	88	-19.369806782851	55.0566662679073
36470	32.9433337320927	13.5735269492417	83	-19.369806782851	50.0566662679073
36471	32.9433337320927	13.5735269492417	92	-19.369806782851	59.0566662679073
36472	32.9433337320927	13.5735269492417	83.232079027737	-19.369806782851	50.2887452956442
36473	32.9433337320927	13.5735269492417	90.9560516990178	-19.369806782851	58.0127179669251
36474	32.9433337320927	8.85729888868133	92.0891364422558	-24.0860348434114	59.1458027101631
36475	32.9433337320927	13.5735269492417	83	-19.369806782851	50.0566662679073
36476	32.9433337320927	13.5735269492417	83	-19.369806782851	50.0566662679073
36477	32.9433337320927	1.5217985262233	52.4210688075078	-31.4215352058694	19.4777350754151
36478	8.89924196782871	11.2091204894268	45.1142345086254	2.30987852159805	36.2149925407967
36479	8.89924196782871	11.2091204894268	25.8310953928145	2.30987852159805	16.9318534249857
36480	8.89924196782871	11.2091204894268	25.8310953928145	2.30987852159805	16.9318534249857
36481	8.89924196782871	11.2091204894268	25.8310953928145	2.30987852159805	16.9318534249857
36482	8.89924196782871	11.2091204894268	25.8100180142526	2.30987852159805	16.9107760464239
36483	8.89924196782871	8	39.9825431424283	-0.899241967828708	31.0833011745996
36484	10.1899340516152	10.8234685702259	35.9908084587892	0.63353451861072	25.8008744071741
36485	10.1899340516152	10.8234685702259	35.9950098209711	0.63353451861072	25.8050757693559
36486	10.1899340516152	10.8234685702259	45.1158189793983	0.63353451861072	34.9258849277831
36487	8.50490277011808	7.06854133751508	25.8310953928145	-1.436361432603	17.3261926226964
36488	39	8.85729888868133	136.011668155645	-30.1427011113187	97.0116681556445
36489	40	-21.2219489478621	530.567287757081	-61.2219489478621	490.567287757081
36491	19	0.538365044376269	309.645308300717	-18.4616349556237	290.645308300717
36493	19	8.85729888868133	83.3164631334441	-10.1427011113187	64.3164631334441
36494	19	9.9399614790975	82.9780574404426	-9.0600385209025	63.9780574404426
36495	19	0.538365044376269	309.645308300717	-18.4616349556237	290.645308300717
36496	19	0.538365044376269	137.304689170889	-18.4616349556237	118.304689170889
36498	12.3545605396812	2	1	-10.3545605396812	-11.3545605396812
36499	-3.35315678049509	1	2	4.35315678049509	5.35315678049509
36500	-14.0252054174335	1	1	15.0252054174335	15.0252054174335
36501	23	1	2	-22	-21
36502	23	8.85729888868133	39.9950958929952	-14.1427011113187	16.9950958929952
36503	18	13	39.9312669306766	-5	21.9312669306766
36504	18	13	39.9312669306766	-5	21.9312669306766
36505	18	13	39.9950958929952	-5	21.9950958929952
36506	18	13	39.9950958929952	-5	21.9950958929952
36507	18	8.85729888868133	62.5609443436189	-9.14270111131867	44.5609443436189
36508	18	8.85729888868133	39.9950958929952	-9.14270111131867	21.9950958929952
36509	18	13	39.8918879473835	-5	21.8918879473835
36510	18	13	39.9950958929952	-5	21.9950958929952
36511	18	13	39.9950958929952	-5	21.9950958929952
36512	18	8.85729888868133	39.9950958929952	-9.14270111131867	21.9950958929952
36513	18	13	39.9950958929952	-5	21.9950958929952
36514	18	8.85729888868133	39.9312669306766	-9.14270111131867	21.9312669306766
36515	18	8.85729888868133	39.9312669306766	-9.14270111131867	21.9312669306766
36516	18	8.85729888868133	39.9950958929952	-9.14270111131867	21.9950958929952
36517	18	13	86.9858403720776	-5	68.9858403720776
36518	18	8.85729888868133	39.9950958929952	-9.14270111131867	21.9950958929952
36519	18	8.85729888868133	39.9950958929952	-9.14270111131867	21.9950958929952
36520	18	8.85729888868133	39.9312669306766	-9.14270111131867	21.9312669306766
36521	12	8.85729888868133	83.0823770919693	-3.14270111131867	71.0823770919693
36522	12	8.85729888868133	41.8986071300788	-3.14270111131867	29.8986071300788
36523	12	8.85729888868133	41.8986071300788	-3.14270111131867	29.8986071300788
36524	12	8.85729888868133	41.8986071300788	-3.14270111131867	29.8986071300788
36525	12	8.85729888868133	136.970736137725	-3.14270111131867	124.970736137725
36526	12	10	41.8754771860913	-2	29.8754771860913
36527	19.7093037172779	8.85729888868133	86	-10.8520048285966	66.2906962827221
36528	19.7093037172779	8.85729888868133	86.8432013080162	-10.8520048285966	67.1338975907383
36529	19.7093037172779	8.85729888868133	41.8986071300788	-10.8520048285966	22.1893034128009
36530	19.7093037172779	8.85729888868133	39.9825431424283	-10.8520048285966	20.2732394251504
36531	19.7093037172779	8.85729888868133	39.9825431424283	-10.8520048285966	20.2732394251504
36532	19.7093037172779	8.85729888868133	39.8819394607458	-10.8520048285966	20.1726357434679
36533	19.7093037172779	8.85729888868133	86.8432013080162	-10.8520048285966	67.1338975907383
36534	12	8.85729888868133	136.94256512473	-3.14270111131867	124.94256512473
36535	-10.712012583405	2	1	12.712012583405	11.712012583405
36536	22.8541959583897	8.85729888868133	54.8915101999339	-13.9968970697083	32.0373142415443
36537	22.8541959583897	8.85729888868133	32.8943904265839	-13.9968970697083	10.0401944681943
36538	30.2494308571042	17	84.8732530967564	-13.2494308571042	54.6238222396522
36539	30.2494308571042	17	60.9834222562253	-13.2494308571042	30.7339913991211
36540	30.2494308571042	9.83925184071126	57.9935165472471	-20.410179016393	27.7440856901429
36541	30.2494308571042	17	84.9504144731589	-13.2494308571042	54.7009836160547
36542	30.2494308571042	1	2	-29.2494308571042	-28.2494308571042
36543	30.2494308571042	17	84.9971646763178	-13.2494308571042	54.7477338192135
36544	15	15	58.9845706560697	0	43.9845706560697
36545	15	7.06854133751508	42.7548117107967	-7.93145866248492	27.7548117107967
36546	15	7.06854133751508	42.8168113130247	-7.93145866248492	27.8168113130247
36547	15	7.06854133751508	42.7548117107967	-7.93145866248492	27.7548117107967
36548	15	7.06854133751508	42.7548117107967	-7.93145866248492	27.7548117107967
36549	15	7.06854133751508	42.7548117107967	-7.93145866248492	27.7548117107967
36550	15	7.06854133751508	42.7669745121837	-7.93145866248492	27.7669745121837
36551	15	7.06854133751508	42.7548117107967	-7.93145866248492	27.7548117107967
36552	15	7.06854133751508	42.8372611600317	-7.93145866248492	27.8372611600317
36553	15	7.06854133751508	42.7548117107967	-7.93145866248492	27.7548117107967
36554	15	7.06854133751508	42.7548117107967	-7.93145866248492	27.7548117107967
36555	15	7.06854133751508	72.2598724233772	-7.93145866248492	57.2598724233772
36556	15	7.06854133751508	72.2598724233772	-7.93145866248492	57.2598724233772
36557	15	7.06854133751508	42.7014176736343	-7.93145866248492	27.7014176736343
36558	15	7.06854133751508	42.7669745121837	-7.93145866248492	27.7669745121837
36559	15	7.06854133751508	57.9986722452783	-7.93145866248492	42.9986722452783
36560	15	9.48523195396602	68.9861337651484	-5.51476804603398	53.9861337651484
36561	15	9.48523195396602	63.1927423096056	-5.51476804603398	48.1927423096056
36562	15	9.48523195396602	68.9444936571699	-5.51476804603398	53.9444936571699
36563	15	9.48523195396602	44.9927173620438	-5.51476804603398	29.9927173620438
36564	15	7.06854133751508	44.9939309318155	-7.93145866248492	29.9939309318155
36565	-2.38036930848632	1	2	3.38036930848632	4.38036930848632
36566	21	1	2	-20	-19
36567	21	13	44.9964155436136	-8	23.9964155436136
36568	21	13	44.9927173620438	-8	23.9927173620438
36569	21	13	44.9866093763858	-8	23.9866093763858
36570	21	1	2	-20	-19
36571	21	17.1769131806275	39.9914437493842	-3.8230868193725	18.9914437493842
36572	45	12.0403535327762	176.991390016173	-32.9596464672238	131.991390016173
36573	45	12.0403535327762	309.645308300717	-32.9596464672238	264.645308300717
36574	24.7500420547529	-18.5228801246039	122	-43.2729221793568	97.2499579452471
36575	24.7500420547529	-5.06895409505148	47.2025708004867	-29.8189961498044	22.4525287457339
36576	24.7500420547529	-18.5228801246039	160.566972057891	-43.2729221793568	135.816930003138
36577	17	8.85729888868133	136.890723253615	-8.14270111131867	119.890723253615
36578	10.0705857578671	17	151.363668364241	6.92941424213295	141.293082606374
36580	20	4.02323124206133	133	-15.9767687579387	113
36581	28	14.225435909083	212.167394946628	-13.774564090917	184.167394946628
36582	27	14.225435909083	193.856716411947	-12.774564090917	166.856716411947
36583	27	14.225435909083	120.24143255309	-12.774564090917	93.2414325530905
36584	27	17	56.9777906601918	-10	29.9777906601918
36585	27	28	190.761594690912	1	163.761594690912
36586	28	14.225435909083	313.241762710169	-13.774564090917	285.241762710169
36587	28	14.225435909083	311.441112429253	-13.774564090917	283.441112429253
36588	27	28	120	1	93
36589	27	28	56.9211966578461	1	29.9211966578461
36590	27	28	56.998850378889	1	29.998850378889
36591	27	28	56.9888828775939	1	29.9888828775939
36592	27	28	120.792036611438	1	93.7920366114377
36593	27	14.225435909083	120.792036611438	-12.774564090917	93.7920366114377
36594	26	28	190.761594690912	2	164.761594690912
36595	22	17	56.998850378889	-5	34.998850378889
36596	22	28	56.998850378889	6	34.998850378889
36597	22	28	56.998850378889	6	34.998850378889
36598	22	28	56.9783076895963	6	34.9783076895963
36599	22	28	215.939918074422	6	193.939918074422
36600	22	21	57.997205777844	-1	35.997205777844
36601	22	21	289.76359096847	-1	267.76359096847
36602	22	12.0403535327762	313.521566228975	-9.9596464672238	291.521566228975
36604	19.5569077220242	7.06854133751508	316	-12.4883663845092	296.443092277976
36606	19.5569077220242	-58.5102024292991	488.696894971743	-78.0671101513234	469.139987249719
36607	39	15	58.9845706560697	-24	19.9845706560697
36608	39	9	82.9780574404426	-30	43.9780574404426
36609	39	9	82.9780574404426	-30	43.9780574404426
36610	39	9	69.0095244510618	-30	30.0095244510618
36611	39	1.45138647395542	82.9780574404426	-37.5486135260446	43.9780574404426
36612	16.702681284882	8.85729888868133	49.4443813091884	-7.84538239620064	32.7417000243065
36613	16.702681284882	1	2	-15.702681284882	-14.702681284882
36614	16.702681284882	2	1	-14.702681284882	-15.702681284882
36615	16.702681284882	2	1	-14.702681284882	-15.702681284882
36616	16.702681284882	1	2	-15.702681284882	-14.702681284882
36617	16.702681284882	2	1	-14.702681284882	-15.702681284882
36618	16.702681284882	2	1	-14.702681284882	-15.702681284882
36619	16.702681284882	1	2	-15.702681284882	-14.702681284882
36620	16.702681284882	1	2	-15.702681284882	-14.702681284882
36621	16.702681284882	2	1	-14.702681284882	-15.702681284882
36622	16.702681284882	1	2	-15.702681284882	-14.702681284882
36623	23	18	133.116271868783	-5	110.116271868783
36624	22	9.9399614790975	133.116271868783	-12.0600385209025	111.116271868783
36625	23	12	133.116271868783	-11	110.116271868783
36626	23	12	133.053139487452	-11	110.053139487452
36627	23	12	133	-11	110
36628	23	12	133	-11	110
36629	29.5249024685611	8.85729888868133	64.955155482197	-20.6676035798798	35.4302530136359
36630	29.5249024685611	8.85729888868133	64.955155482197	-20.6676035798798	35.4302530136359
36631	53.1854768452512	11.2091204894268	55.6812406936503	-41.9763563558245	2.49576384839906
36632	53.1854768452512	11.2091204894268	55.2088121703895	-41.9763563558245	2.02333532513821
36633	53.1854768452512	25	87.9587680589454	-28.1854768452512	34.7732912136942
36634	12.2083191542067	8.81116035741199	60.9742827921816	-3.39715879679473	48.7659636379749
36635	12.2083191542067	8.81116035741199	60.9653164471763	-3.39715879679473	48.7569972929696
36636	53.1854768452512	12	150.283268517736	-41.1854768452512	97.0977916724845
36637	53.1854768452512	9.49372539652152	151.517878513666	-43.6917514487297	98.332401668415
36638	53.1854768452512	12	151.517878513666	-41.1854768452512	98.332401668415
36639	45	13	52	-32	7
36640	31	9.83925184071126	52	-21.1607481592887	21
36641	31	12	151.517878513666	-19	120.517878513666
36642	31	9.83925184071126	60.9587681496396	-21.1607481592887	29.9587681496396
36643	31	5.55986047175834	151.378855274756	-25.4401395282417	120.378855274756
36644	31	12	60.965997565538	-19	29.965997565538
36645	25.8718044461287	13	52	-12.8718044461287	26.1281955538713
36646	30	-21.2219489478621	524.671345190684	-51.2219489478621	494.671345190684
36647	30	-21.2219489478621	524.671345190684	-51.2219489478621	494.671345190684
36648	39	12.7260639804431	90.2434650429688	-26.2739360195569	51.2434650429688
36649	38	8	232.963387545597	-30	194.963387545597
36650	38	21.3129278716104	133.116271868783	-16.6870721283896	95.1162718687832
36651	22.9028923253837	8.85729888868133	88.9837325357115	-14.0455934367023	66.0808402103278
36652	22.9028923253837	8.85729888868133	88.9032257092258	-14.0455934367023	66.0003333838422
36653	22.9028923253837	8.85729888868133	88.9032257092258	-14.0455934367023	66.0003333838422
36654	22.9028923253837	8	88.9837325357115	-14.9028923253837	66.0808402103278
36655	22.9028923253837	8	123.560752837499	-14.9028923253837	100.657860512115
36656	22.9028923253837	8	88.9032257092258	-14.9028923253837	66.0003333838422
36657	22.9028923253837	8.85729888868133	93	-14.0455934367023	70.0971076746163
36658	22.9028923253837	8.85729888868133	93	-14.0455934367023	70.0971076746163
36659	22.9028923253837	8.85729888868133	90.4159133272431	-14.0455934367023	67.5130210018594
36660	11.4913455142773	10.8234685702259	35.9862885982284	-0.667876944051352	24.4949430839512
36661	11.4913455142773	1.5217985262233	58.031696297379	-9.96954698805395	46.5403507831017
36662	11.4913455142773	1.5217985262233	58.0511804955112	-9.96954698805395	46.559834981234
36663	11.4913455142773	10.8234685702259	35.9862885982284	-0.667876944051352	24.4949430839512
36664	11.4913455142773	10.8234685702259	45.0561492036434	-0.667876944051352	33.5648036893661
36665	11.4913455142773	10.8234685702259	45.0590842052707	-0.667876944051352	33.5677386909934
36666	11.4913455142773	10.8234685702259	45.1229707152429	-0.667876944051352	33.6316252009657
36667	11.4913455142773	10.8234685702259	45.0590842052707	-0.667876944051352	33.5677386909934
36668	11.4913455142773	8.85729888868133	26.4526105070522	-2.63404662559592	14.9612649927749
36669	11.4913455142773	10.8234685702259	45.0590842052707	-0.667876944051352	33.5677386909934
36670	14.7738137341916	1	2	-13.7738137341916	-12.7738137341916
36671	14.7738137341916	10.8234685702259	35.9908084587892	-3.95034516396566	21.2169947245977
36672	14.7738137341916	1.5217985262233	36.9318771362257	-13.2520152079683	22.1580634020341
36673	12.4543295060511	-3.69664748732687	82.9780574404426	-16.150976993378	70.5237279343915
36674	12.4543295060511	-3.69664748732687	82.9780574404426	-16.150976993378	70.5237279343915
36675	31	9	211.882216953128	-22	180.882216953128
36676	16	8.85729888868133	83.2227761277978	-7.14270111131867	67.2227761277978
36677	18	8.85729888868133	84.3276479936107	-9.14270111131867	66.3276479936107
36678	16	8.85729888868133	41.8986071300788	-7.14270111131867	25.8986071300788
36679	17	8.85729888868133	36.9846458343526	-8.14270111131867	19.9846458343526
36680	17	8.85729888868133	41.894574523482	-8.14270111131867	24.894574523482
36681	17	10	36.9337733341903	-7	19.9337733341903
36682	16	8.85729888868133	41.8986071300788	-7.14270111131867	25.8986071300788
36683	16	8.85729888868133	41.8986071300788	-7.14270111131867	25.8986071300788
36684	16	8.85729888868133	41.8754771860913	-7.14270111131867	25.8754771860913
36685	17	8.85729888868133	39.8918879473835	-8.14270111131867	22.8918879473835
36686	17	8.85729888868133	39.9825431424283	-8.14270111131867	22.9825431424283
36687	18	8.85729888868133	39.9246534704096	-9.14270111131867	21.9246534704096
36688	18	8.85729888868133	39.9825431424283	-9.14270111131867	21.9825431424283
36689	11	2	1	-9	-10
36690	11	2	1	-9	-10
36691	11	10	11.9635121383149	-1	0.963512138314893
36692	12	1	1	-11	-11
36693	12	2	1	-10	-11
36694	8.45820095902419	8.65128886236349	32.525720977401	0.193087903339306	24.0675200183769
36695	8.45820095902419	8.65128886236349	44.9929326620041	0.193087903339306	36.5347317029799
36696	8.5259235551132	8.65128886236349	32.4612979216818	0.12536530725029	23.9353743665686
36697	18	8.85729888868133	82.2986338081972	-9.14270111131867	64.2986338081972
36698	18	8.85729888868133	42.8125636718531	-9.14270111131867	24.8125636718531
36699	18	8.85729888868133	82.2744070601351	-9.14270111131867	64.2744070601351
36700	18	8.85729888868133	63	-9.14270111131867	45
36701	18	8.85729888868133	82.75118870818	-9.14270111131867	64.75118870818
36702	18	8.85729888868133	82.75118870818	-9.14270111131867	64.75118870818
36703	12	7.06854133751508	399	-4.93145866248492	387
36704	12	7.06854133751508	191	-4.93145866248492	179
36705	12	7.06854133751508	151	-4.93145866248492	139
36706	9	5.05232201421717	123.591275115127	-3.94767798578283	114.591275115127
36708	19.0593492970566	8.85729888868133	48.7117308163612	-10.2020504083752	29.6523815193047
36709	19.0593492970566	8.85729888868133	83.3181417194209	-10.2020504083752	64.2587924223643
36710	19.0593492970566	8.85729888868133	83.3181417194209	-10.2020504083752	64.2587924223643
36711	19.0593492970566	8.85729888868133	55.2384827990761	-10.2020504083752	36.1791335020196
36712	19.0593492970566	8.85729888868133	55.2384827990761	-10.2020504083752	36.1791335020196
36713	10.9366114071564	2	1	-8.93661140715643	-9.93661140715643
36714	19.0593492970566	8.85729888868133	62.5280965480875	-10.2020504083752	43.4687472510309
36715	19.0593492970566	8.85729888868133	55.7740523213824	-10.2020504083752	36.7147030243259
36716	19.0593492970566	9.49372539652152	55.2384827990761	-9.56562390053505	36.1791335020196
36717	19.0593492970566	9.49372539652152	62.5280965480875	-9.56562390053505	43.4687472510309
36718	19.0593492970566	9.49372539652152	62.5280965480875	-9.56562390053505	43.4687472510309
36719	19.0593492970566	8.85729888868133	62.5280965480875	-10.2020504083752	43.4687472510309
36720	19.0593492970566	2	1	-17.0593492970566	-18.0593492970566
36721	19.0593492970566	8.85729888868133	110.287929790615	-10.2020504083752	91.2285804935581
36722	19.0593492970566	8.85729888868133	110.287929790615	-10.2020504083752	91.2285804935581
36723	19.0593492970566	8.85729888868133	113	-10.2020504083752	93.9406507029434
36724	21.4077179708522	9.83925184071126	60.9574924388997	-11.568466130141	39.5497744680474
36725	23.9051023890514	1.56801168179895	228.620788555015	-22.3370907072525	204.715686165963
36726	23.9051023890514	8.65128886236349	44.9939309318155	-15.2538135266879	21.0888285427641
36727	23.9051023890514	8.65128886236349	44.9939309318155	-15.2538135266879	21.0888285427641
36728	23.9051023890514	8.65128886236349	44.9939309318155	-15.2538135266879	21.0888285427641
36729	23.9051023890514	8.65128886236349	44.9939309318155	-15.2538135266879	21.0888285427641
36730	23.9051023890514	8.65128886236349	44.9964155436136	-15.2538135266879	21.0913131545621
36731	23.9051023890514	8.65128886236349	42.8372611600317	-15.2538135266879	18.9321587709803
36732	12.7436790388442	7.10899077913768	52.3798512218149	-5.63468825970648	39.6361721829707
36733	12.7436790388442	3.91833312610834	52.3798512218149	-8.82534591273582	39.6361721829707
36734	12.7436790388442	1.17060807925266	40.8161198047024	-11.5730709595915	28.0724407658582
36735	12.7436790388442	4.84025433287339	74.9322143264311	-7.90342470597077	62.188535287587
36736	12.7436790388442	7.10899077913768	52.3798512218149	-5.63468825970648	39.6361721829707
36737	12.7436790388442	-4.06733651247207	40.900786395112	-16.8110155513162	28.1571073562678
36738	12.7436790388442	-4.06733651247207	52.3519273769501	-16.8110155513162	39.6082483381059
36739	12.7436790388442	4.84025433287339	74.9322143264311	-7.90342470597077	62.188535287587
36740	12.7436790388442	4.84025433287339	74.9322143264311	-7.90342470597077	62.188535287587
36741	12.7436790388442	3.91833312610834	83	-8.82534591273582	70.2563209611558
36742	12.7436790388442	7.10899077913768	40.6648244250188	-5.63468825970648	27.9211453861746
36743	12.7436790388442	3.91833312610834	40.7030928448355	-8.82534591273582	27.9594138059913
36744	12.7436790388442	4.84025433287339	40.8161198047024	-7.90342470597077	28.0724407658582
36745	16	7.24105904364995	133	-8.75894095635005	117
36746	16	8.85729888868133	133	-7.14270111131867	117
36747	-0.297372387058934	-6.24268473977746	38.9906983229929	-5.94531235271853	39.2880707100519
36748	-0.297372387058934	-2.36936861379526	38.9944520342627	-2.07199622673632	39.2918244213216
36749	-0.297372387058934	-6.24268473977746	46.401301905664	-5.94531235271853	46.6986742927229
36750	-0.297372387058934	-6.24268473977746	16.7802912875658	-5.94531235271853	17.0776636746248
36751	-0.297372387058934	-2.36936861379526	16.7821543561848	-2.07199622673632	17.0795267432438
36752	-0.297372387058934	-3.69664748732687	16.7802912875658	-3.39927510026793	17.0776636746248
36753	-2.2650354456695	1	1	3.2650354456695	3.2650354456695
36754	2.09624201648476	2	1	-0.0962420164847639	-1.09624201648476
36755	2.09624201648476	2	1	-0.0962420164847639	-1.09624201648476
36756	2.09624201648476	2	1	-0.0962420164847639	-1.09624201648476
36757	26.4872166618149	8.85729888868133	84.2355789897586	-17.6299177731336	57.7483623279437
36758	26.4872166618149	8.85729888868133	56.998850378889	-17.6299177731336	30.5116337170741
36759	26.4872166618149	8.85729888868133	56.9888828775939	-17.6299177731336	30.501666215779
36760	26.4872166618149	8.85729888868133	56.3559592279698	-17.6299177731336	29.8687425661549
36761	26.4872166618149	8.85729888868133	116.368609255931	-17.6299177731336	89.8813925941164
36762	26.4872166618149	10	56.0622997986584	-16.4872166618149	29.5750831368435
36763	-7.20843050444369	2	1	9.20843050444369	8.20843050444369
36764	-7.20843050444369	2	1	9.20843050444369	8.20843050444369
36765	-7.20843050444369	2	1	9.20843050444369	8.20843050444369
36766	-7.20843050444369	1	2	8.20843050444369	9.20843050444369
36767	-7.20843050444369	1	2	8.20843050444369	9.20843050444369
36768	-7.20843050444369	2	1	9.20843050444369	8.20843050444369
36769	-7.20843050444369	2	1	9.20843050444369	8.20843050444369
36770	-7.20843050444369	2	1	9.20843050444369	8.20843050444369
36771	-7.20843050444369	1	2	8.20843050444369	9.20843050444369
36772	-7.20843050444369	2	1	9.20843050444369	8.20843050444369
36773	4.80665930848034	1	2	-3.80665930848034	-2.80665930848034
36774	4.80665930848034	1	2	-3.80665930848034	-2.80665930848034
36775	4.80665930848034	7.06854133751508	51.4824978052268	2.26188202903474	46.6758384967465
36776	4.80665930848034	2.75435770463133	51.4824978052268	-2.05230160384901	46.6758384967465
36777	4.80665930848034	-6.24268473977746	47.2650404365991	-11.0493440482578	42.4583811281187
36778	4.80665930848034	1	2	-3.80665930848034	-2.80665930848034
36779	4.80665930848034	1	2	-3.80665930848034	-2.80665930848034
36780	4.80665930848034	-16.0900181817976	41.7767435025615	-20.8966774902779	36.9700841940812
36781	4.80665930848034	-16.3704485493341	51.4935768929404	-21.1771078578145	46.68691758446
36782	4.80665930848034	2.75435770463133	51.4935768929404	-2.05230160384901	46.68691758446
36783	4.80665930848034	1	2	-3.80665930848034	-2.80665930848034
36784	4.80665930848034	2.75435770463133	51.4935768929404	-2.05230160384901	46.68691758446
36785	4.80665930848034	6.0725864799711	115.47011613594	1.26592717149076	110.66345682746
36786	4.80665930848034	6.0725864799711	51.4935768929404	1.26592717149076	46.68691758446
36787	4.80665930848034	-5.93332780304308	47.3498861675914	-10.7399871115234	42.5432268591111
36788	4.80665930848034	1	2	-3.80665930848034	-2.80665930848034
36789	4.80665930848034	2	1	-2.80665930848034	-3.80665930848034
36790	4.80665930848034	2	1	-2.80665930848034	-3.80665930848034
36791	31.0660686167892	2	1	-29.0660686167892	-30.0660686167892
36792	31.339105933038	17.9277624019039	90.9539020609679	-13.4113435311341	59.6147961279299
36793	31.339105933038	17.9277624019039	90.6880394937076	-13.4113435311341	59.3489335606696
36794	31.339105933038	17.9277624019039	84.2355789897586	-13.4113435311341	52.8964730567206
36795	31.339105933038	17.9277624019039	84.2355789897586	-13.4113435311341	52.8964730567206
36796	31.339105933038	17.9277624019039	79.1786803638208	-13.4113435311341	47.8395744307828
36797	31.0660686167892	17.9277624019039	84.2355789897586	-13.1383062148854	53.1695103729693
36798	31.339105933038	17.9277624019039	79.2577930664445	-13.4113435311341	47.9186871334066
36799	31.339105933038	17.9277624019039	79.2577930664445	-13.4113435311341	47.9186871334066
36800	31.339105933038	17.9277624019039	90.6880394937076	-13.4113435311341	59.3489335606696
36801	31.0660686167892	17.9277624019039	84.2355789897586	-13.1383062148854	53.1695103729693
36802	20.7426748995995	17.9277624019039	79.2577930664445	-2.81491249769561	58.515118166845
36803	30.4100925548859	17.9277624019039	45.1282973005674	-12.482330152982	14.7182047456815
36804	32.1279712708636	17.7718707580037	79.2577930664445	-14.3561005128599	47.1298217955809
36805	12.8458814102182	17.9277624019039	102.033080886677	5.08188099168562	89.1871994764588
36806	12.8458814102182	0.102578529174199	110.92734911459	-12.743302881044	98.0814677043716
36807	28.2601945549607	1.23480584399555	79.1786803638208	-27.0253887109652	50.9184858088601
36808	28.2601945549607	1.23480584399555	79.2396940803663	-27.0253887109652	50.9794995254056
36809	28.2601945549607	2	1	-26.2601945549607	-27.2601945549607
36810	28.2601945549607	17.7718707580037	79	-10.488323796957	50.7398054450393
36811	28.2601945549607	17.7718707580037	79.1513070283473	-10.488323796957	50.8911124733866
36812	28.2601945549607	17.7718707580037	79.1513070283473	-10.488323796957	50.8911124733866
36813	28.2601945549607	17.7718707580037	79	-10.488323796957	50.7398054450393
36814	28.2601945549607	17.7718707580037	79.1925973660887	-10.488323796957	50.932402811128
36815	28.2601945549607	1	2	-27.2601945549607	-26.2601945549607
36816	28.2601945549607	17.7718707580037	79.2577930664445	-10.488323796957	50.9975985114838
36817	28.2601945549607	17.7718707580037	95.6244342385226	-10.488323796957	67.3642396835619
36818	28.2601945549607	17.7718707580037	79.1925973660887	-10.488323796957	50.932402811128
36819	31.339105933038	17.9277624019039	79	-13.4113435311341	47.660894066962
36820	31.339105933038	17.9277624019039	79	-13.4113435311341	47.660894066962
36821	31.339105933038	1	2	-30.339105933038	-29.339105933038
36822	31.339105933038	1	2	-30.339105933038	-29.339105933038
36823	22.7666755002047	17.7718707580037	102	-4.994804742201	79.2333244997953
36824	28.2601945549607	1	2	-27.2601945549607	-26.2601945549607
36825	28.2601945549607	5.37633375059098	95.570531780785	-22.8838608043697	67.3103372258243
36826	28.2601945549607	17.7718707580037	95.5833605362662	-10.488323796957	67.3231659813055
36827	10.4087877150719	2	1	-8.40878771507185	-9.40878771507185
36828	10.4087877150719	2	1	-8.40878771507185	-9.40878771507185
36829	10.4087877150719	2	1	-8.40878771507185	-9.40878771507185
36830	23	8.85729888868133	136.897517577419	-14.1427011113187	113.897517577419
36831	8.04086940631244	8.85729888868133	25.8249407496571	0.816429482368896	17.7840713433446
36832	8.04086940631244	8.85729888868133	25.8310953928145	0.816429482368896	17.790225986502
36833	8.04086940631244	11.2236512265509	25.8310953928145	3.18278182023841	17.790225986502
36834	47	12.0403535327762	213	-34.9596464672238	166
36835	58	16.6733948761975	232.963387545597	-41.3266051238025	174.963387545597
36836	58	16.6733948761975	232.963387545597	-41.3266051238025	174.963387545597
36837	56	14.225435909083	233	-41.774564090917	177
36838	50	16.6733948761975	232.963387545597	-33.3266051238025	182.963387545597
36839	56	16.6733948761975	233.092988830605	-39.3266051238025	177.092988830605
36840	56	16.6733948761975	233	-39.3266051238025	177
36841	18	12	61.991235474856	-6	43.991235474856
36842	18	11	61.9972187977898	-7	43.9972187977898
36843	19	9.9399614790975	351.61417040334	-9.0600385209025	332.61417040334
36844	29	18	114.987146053437	-11	85.9871460534368
36845	29	10	133.116271868783	-19	104.116271868783
36846	15	3.0295655916445	316	-11.9704344083555	301
36847	24	18	133.116271868783	-6	109.116271868783
36848	26	8.85729888868133	132.557005788886	-17.1427011113187	106.557005788886
36849	110.308247594096	15.8212917602964	151.363668364241	-94.4869558337995	41.0554207701454
36850	19.2657608218373	1.56801168179895	86.7709212926028	-17.6977491400383	67.5051604707655
36851	19.2657608218373	8.85729888868133	86.8305759726277	-10.408461933156	67.5648151507904
36852	19.2657608218373	7.06854133751508	93.0796673044038	-12.1972194843222	73.8139064825665
36853	19.2657608218373	-3.69664748732687	86.9203627043607	-22.9624083091642	67.6546018825234
36854	19.2657608218373	8.85729888868133	86.9203627043607	-10.408461933156	67.6546018825234
36855	19.2657608218373	8.85729888868133	86.9694786429302	-10.408461933156	67.7037178210929
36856	19.2657608218373	6.27957001494971	86.9339365139931	-12.9861908068876	67.6681756921558
36857	19.2657608218373	8.85729888868133	93.1574526762983	-10.408461933156	73.891691854461
36858	19.2657608218373	8.85729888868133	86.9527577276859	-10.408461933156	67.6869969058486
36859	2.36658185002451	1	2	-1.36658185002451	-0.366581850024508
36860	-0.595878521114438	2	1	2.59587852111444	1.59587852111444
36861	2.36658185002451	1	2	-1.36658185002451	-0.366581850024508
36862	2.36658185002451	6.82642711041161	78.0794921260184	4.4598452603871	75.7129102759939
36863	2.36658185002451	2	1	-0.366581850024508	-1.36658185002451
36864	2.36658185002451	-3.68503885742522	38.9637476905383	-6.05162070744973	36.5971658405138
36865	2.36658185002451	2	1	-0.366581850024508	-1.36658185002451
36866	2.36658185002451	2	1	-0.366581850024508	-1.36658185002451
36867	2.36658185002451	7.06854133751508	78.0794921260184	4.70195948749057	75.7129102759939
36868	2.36658185002451	7.06854133751508	78.0987251654301	4.70195948749057	75.7321433154056
36869	8.71992366514892	1	2	-7.71992366514892	-6.71992366514892
36870	8.71992366514892	1	2	-7.71992366514892	-6.71992366514892
36871	8.71992366514892	1	2	-7.71992366514892	-6.71992366514892
36872	8.71992366514892	1	2	-7.71992366514892	-6.71992366514892
36873	8.71992366514892	1	2	-7.71992366514892	-6.71992366514892
36874	8.71992366514892	1	2	-7.71992366514892	-6.71992366514892
36875	8.71992366514892	2	1	-6.71992366514892	-7.71992366514892
36876	6.50339720293931	1.56801168179895	42.8050196209766	-4.93538552114036	36.3016224180373
36877	6.50339720293931	-0.315069113190287	58.0511804955112	-6.8184663161296	51.5477832925719
36878	6.50339720293931	6.82642711041161	58.0262231598534	0.323029907472297	51.5228259569141
36879	6.50339720293931	-4.06733651247207	39.9825431424283	-10.5707337154114	33.479145939489
36880	6.50339720293931	1.56801168179895	39.9825431424283	-4.93538552114036	33.479145939489
36881	31	8.85729888868133	133	-22.1427011113187	102
36882	25	16.8634924424514	151.244397658567	-8.13650755754864	126.244397658567
36883	40	-35.2795342888567	538.432730626724	-75.2795342888567	498.432730626724
36884	40	8.85729888868133	82.9897231858864	-31.1427011113187	42.9897231858864
36885	40	8.85729888868133	82.8769099606642	-31.1427011113187	42.8769099606642
36886	40	12.7260639804431	342.055997660841	-27.2739360195569	302.055997660841
36887	40	8.85729888868133	82.8769099606642	-31.1427011113187	42.8769099606642
36889	40	8.85729888868133	82.8769099606642	-31.1427011113187	42.8769099606642
36890	40	-35.2795342888567	538.432730626724	-75.2795342888567	498.432730626724
36891	40	-35.2795342888567	538.432730626724	-75.2795342888567	498.432730626724
36892	40	5.55986047175834	273.249945473944	-34.4401395282417	233.249945473944
36893	40	-35.2795342888567	538.432730626724	-75.2795342888567	498.432730626724
36894	40	-35.2795342888567	538.432730626724	-75.2795342888567	498.432730626724
36897	18	-21.2219489478621	524.671345190684	-39.2219489478621	506.671345190684
36900	16.9344187076653	8.85729888868133	83.5090741107238	-8.07711981898395	66.5746554030585
36902	26	8.85729888868133	86	-17.1427011113187	60
36903	26	8.85729888868133	86	-17.1427011113187	60
36904	26	8.85729888868133	86	-17.1427011113187	60
36905	26	8.85729888868133	86	-17.1427011113187	60
36917	14.6663456584658	8.85729888868133	62.5280965480875	-5.8090467697845	47.8617508896217
36918	14.6663456584658	8.85729888868133	62.4830751721022	-5.8090467697845	47.8167295136363
36920	15.4382805335261	3.0295655916445	380.652377701839	-12.4087149418816	365.214097168313
36921	15.4382805335261	-3.98925855733207	279.002112095248	-19.4275390908582	263.563831561722
36922	15.4382805335261	9.49372539652152	292.306525502082	-5.94455513700457	276.868244968556
36923	15.4382805335261	3.0295655916445	316	-12.4087149418816	300.561719466474
36924	15.4382805335261	3.0295655916445	380.652377701839	-12.4087149418816	365.214097168313
36925	15.4382805335261	13.5735269492417	44.9945916172122	-1.86475358428439	29.5563110836861
36926	15.5062240468261	3.0295655916445	316	-12.4766584551816	300.493775953174
36927	15.5062240468261	3.0295655916445	316	-12.4766584551816	300.493775953174
36928	15.4382805335261	17	62.4544600311803	1.56171946647391	47.0161794976543
36929	15.4382805335261	17	62.4544600311803	1.56171946647391	47.0161794976543
36930	4.93942638162826	2	1	-2.93942638162826	-3.93942638162826
36931	6.75168486914703	8.85729888868133	62.5609443436189	2.10561401953431	55.8092594744718
36932	6.75168486914703	8.85729888868133	81.9374456245325	2.10561401953431	75.1857607553854
36933	9.1017847030571	-0.999466027638968	57.9935165472471	-10.1012507306961	48.89173184419
36934	9.1017847030571	-16.7262013825014	82.0939036330054	-25.8279860855585	72.9921189299482
36935	9.1017847030571	3.0295655916445	57.9935165472471	-6.0722191114126	48.89173184419
36936	9.1017847030571	-7.6075870102856	34.0932674081617	-16.7093717133427	24.9914827051045
36937	6.46616579055292	-0.999466027638968	57.9935165472471	-7.46563181819189	51.5273507566942
36938	7.9878695993223	-0.784160843819532	47.2430397657581	-8.77203044314183	39.2551701664358
36939	7.9878695993223	-0.419009715227777	39.0661087421622	-8.40687931455008	31.0782391428399
36940	5.64867656174677	-0.999466027638968	56.2885057456585	-6.64814258938574	50.6398291839118
36941	8.84332870770005	-25.1849365416398	131.431081673941	-34.0282652493399	122.58775296624
36942	8.84332870770005	-0.999466027638968	56.0228178527856	-9.84279473533902	47.1794891450856
36943	11.7441232575775	9.48523195396602	84.4759349682178	-2.2588913036115	72.7318117106402
36944	19	4.02323124206133	86.9858403720776	-14.9767687579387	67.9858403720776
36946	19	-3.69664748732687	80	-22.6966474873269	61
36947	19	-3.69664748732687	80.7043688934516	-22.6966474873269	61.7043688934516
36948	19	4.02323124206133	86.8305759726277	-14.9767687579387	67.8305759726277
36949	18.3018999780645	2.75435770463133	55.2261292634579	-15.5475422734331	36.9242292853934
36950	22.2607171327041	-1.11796786955704	68.6723768767194	-23.3786850022612	46.4116597440153
36951	22.2607171327041	-1.11796786955704	68.6723768767194	-23.3786850022612	46.4116597440153
36952	22.2607171327041	2.75435770463133	46.3078299698256	-19.5063594280728	24.0471128371215
36953	22.2607171327041	2.75435770463133	55.2669099850358	-19.5063594280728	33.0061928523317
36954	22.2607171327041	2.75435770463133	46.3078299698256	-19.5063594280728	24.0471128371215
36955	22.2607171327041	8.85729888868133	52	-13.4034182440228	29.7392828672959
36956	22.2607171327041	8.85729888868133	52	-13.4034182440228	29.7392828672959
36957	22.2607171327041	8.85729888868133	69.0049968912136	-13.4034182440228	46.7442797585095
36958	22.2607171327041	2.75435770463133	41.872810770555	-19.5063594280728	19.6120936378509
36959	22.2607171327041	2.75435770463133	55.2669099850358	-19.5063594280728	33.0061928523317
36960	22.2607171327041	2.75435770463133	43.2632762682722	-19.5063594280728	21.0025591355681
36961	22.2607171327041	8.85729888868133	55.26328793431	-13.4034182440228	33.0025708016059
36962	22.2607171327041	8.85729888868133	50.9984869704139	-13.4034182440228	28.7377698377098
36963	22.2607171327041	8.85729888868133	50.9830561642662	-13.4034182440228	28.7223390315621
36964	22.2607171327041	8.85729888868133	52	-13.4034182440228	29.7392828672959
36965	22.2607171327041	8.85729888868133	52	-13.4034182440228	29.7392828672959
36966	22.2607171327041	8.85729888868133	55.26328793431	-13.4034182440228	33.0025708016059
36967	22.2607171327041	1	2	-21.2607171327041	-20.2607171327041
36968	22.2607171327041	8.85729888868133	52	-13.4034182440228	29.7392828672959
36969	22.2607171327041	8.85729888868133	52	-13.4034182440228	29.7392828672959
36970	22.2607171327041	2.75435770463133	52	-19.5063594280728	29.7392828672959
36971	22.2607171327041	2.75435770463133	55.2669099850358	-19.5063594280728	33.0061928523317
36972	22.2607171327041	2.75435770463133	52	-19.5063594280728	29.7392828672959
36973	22.2607171327041	2.75435770463133	43.2619356386844	-19.5063594280728	21.0012185059802
36974	22.2607171327041	8.85729888868133	83.9508787596647	-13.4034182440228	61.6901616269605
36975	22.2607171327041	-1.11796786955704	68.6658375053013	-23.3786850022612	46.4051203725971
36976	22.2607171327041	2.75435770463133	55.2669099850358	-19.5063594280728	33.0061928523317
36977	22.2607171327041	-1.11796786955704	73.0449323218352	-23.3786850022612	50.7842151891311
36978	22.2607171327041	1	2	-21.2607171327041	-20.2607171327041
36979	22.2607171327041	2.75435770463133	55.2669099850358	-19.5063594280728	33.0061928523317
36980	22.2607171327041	-1.11796786955704	69.1938917021423	-23.3786850022612	46.9331745694381
36981	22.2607171327041	1	2	-21.2607171327041	-20.2607171327041
36982	22.2607171327041	2.75435770463133	55.2669099850358	-19.5063594280728	33.0061928523317
36983	22.2607171327041	2.75435770463133	46.3078299698256	-19.5063594280728	24.0471128371215
36984	22.2607171327041	2.75435770463133	46.3078299698256	-19.5063594280728	24.0471128371215
36985	22.2607171327041	2.75435770463133	55.2669099850358	-19.5063594280728	33.0061928523317
36986	22.2607171327041	2.75435770463133	46.3078299698256	-19.5063594280728	24.0471128371215
36987	22.2607171327041	2.75435770463133	55.2669099850358	-19.5063594280728	33.0061928523317
36988	22.2607171327041	2.75435770463133	55.2669099850358	-19.5063594280728	33.0061928523317
36989	22.2607171327041	8.85729888868133	50.9830561642662	-13.4034182440228	28.7223390315621
36990	22.2607171327041	1	2	-21.2607171327041	-20.2607171327041
36991	22.2607171327041	1	2	-21.2607171327041	-20.2607171327041
36992	22.2607171327041	8.85729888868133	46.3078299698256	-13.4034182440228	24.0471128371215
36993	22.2607171327041	8.85729888868133	50.9984869704139	-13.4034182440228	28.7377698377098
36994	22.2607171327041	2.75435770463133	43.2619356386844	-19.5063594280728	21.0012185059802
36995	22.2607171327041	2.75435770463133	55.2669099850358	-19.5063594280728	33.0061928523317
36996	22.2607171327041	2.75435770463133	55.2669099850358	-19.5063594280728	33.0061928523317
36997	22.2607171327041	2.75435770463133	52	-19.5063594280728	29.7392828672959
36998	22.2607171327041	2.75435770463133	52	-19.5063594280728	29.7392828672959
36999	24.7208043414354	2.75435770463133	46.3078299698256	-21.9664466368041	21.5870256283902
37000	24.7208043414354	1	2	-23.7208043414354	-22.7208043414354
37001	24.7208043414354	8.85729888868133	46.3146196844959	-15.8635054527541	21.5938153430604
37002	36	20.7271471824947	151.04772309401	-15.2728528175053	115.04772309401
37003	32	7.06854133751508	316	-24.9314586624849	284
37004	25.7824238274609	1	1	-24.7824238274609	-24.7824238274609
37005	25.7824238274609	1	1	-24.7824238274609	-24.7824238274609
37006	25.7824238274609	1	2	-24.7824238274609	-23.7824238274609
37007	25.7824238274609	1	1	-24.7824238274609	-24.7824238274609
37008	-3.60617483067798	2	1	5.60617483067798	4.60617483067798
37009	-3.60617483067798	2	1	5.60617483067798	4.60617483067798
37010	-3.60617483067798	2	1	5.60617483067798	4.60617483067798
37011	-3.60617483067798	1	2	4.60617483067798	5.60617483067798
37012	-3.60617483067798	2	1	5.60617483067798	4.60617483067798
37013	-3.60617483067798	1	2	4.60617483067798	5.60617483067798
37014	-3.60617483067798	2	1	5.60617483067798	4.60617483067798
37015	-3.60617483067798	2	1	5.60617483067798	4.60617483067798
37016	-3.60617483067798	2	1	5.60617483067798	4.60617483067798
37017	-3.60617483067798	1	2	4.60617483067798	5.60617483067798
37018	-3.60617483067798	2	1	5.60617483067798	4.60617483067798
37019	-3.60617483067798	2	1	5.60617483067798	4.60617483067798
37020	-3.60617483067798	2	1	5.60617483067798	4.60617483067798
37021	-3.36694705346901	2	1	5.36694705346901	4.36694705346901
37022	-3.36694705346901	2	1	5.36694705346901	4.36694705346901
37023	-3.60617483067798	2	1	5.60617483067798	4.60617483067798
37024	-3.60617483067798	1	2	4.60617483067798	5.60617483067798
37025	-3.60617483067798	2	1	5.60617483067798	4.60617483067798
37026	33	8.85729888868133	136	-24.1427011113187	103
37027	14	7.06854133751508	399	-6.93145866248492	385
37028	14	7.06854133751508	98.0387352279011	-6.93145866248492	84.0387352279011
37029	11.2850516559266	1	2	-10.2850516559266	-9.28505165592659
37030	11.2850516559266	1	2	-10.2850516559266	-9.28505165592659
37031	11.2850516559266	1	2	-10.2850516559266	-9.28505165592659
37032	11.2850516559266	1	2	-10.2850516559266	-9.28505165592659
37033	11.2850516559266	1	2	-10.2850516559266	-9.28505165592659
37034	11.2850516559266	2	1	-9.28505165592659	-10.2850516559266
37035	11.2850516559266	1	2	-10.2850516559266	-9.28505165592659
37036	11.2850516559266	1	2	-10.2850516559266	-9.28505165592659
37037	11.2850516559266	1	2	-10.2850516559266	-9.28505165592659
37038	11.2850516559266	1	2	-10.2850516559266	-9.28505165592659
37039	9.84290865784293	1	2	-8.84290865784293	-7.84290865784293
37040	9.84290865784293	2	1	-7.84290865784293	-8.84290865784293
37041	9.84290865784293	2	1	-7.84290865784293	-8.84290865784293
37042	9.84290865784293	1	2	-8.84290865784293	-7.84290865784293
37043	11.2850516559266	2	1	-9.28505165592659	-10.2850516559266
37044	11.2850516559266	1	2	-10.2850516559266	-9.28505165592659
37045	11.2850516559266	1	2	-10.2850516559266	-9.28505165592659
37046	11.2850516559266	1	2	-10.2850516559266	-9.28505165592659
37047	11.2850516559266	1	2	-10.2850516559266	-9.28505165592659
37048	11.2850516559266	1	2	-10.2850516559266	-9.28505165592659
37049	11.2850516559266	1	2	-10.2850516559266	-9.28505165592659
37050	2.37404370014794	1	2	-1.37404370014794	-0.37404370014794
37051	19.6426535904125	10.3910131652559	36.6180787293842	-9.25164042515659	16.9754251389717
37052	19.6426535904125	10.3910131652559	36.6536663287061	-9.25164042515659	17.0110127382936
37053	19.6426535904125	8.85729888868133	89.3067751343392	-10.7853547017312	69.6641215439266
37054	24.8837427496553	8.85729888868133	89.2184604438602	-16.0264438609739	64.334717694205
37055	19.6426535904125	13	25.8310953928145	-6.64265359041253	6.18844180240192
37056	19.6426535904125	1	2	-18.6426535904125	-17.6426535904125
37057	19.6426535904125	13	49.9580715215455	-6.64265359041253	30.3154179311329
37058	19.6426535904125	13	60.9882400944249	-6.64265359041253	41.3455865040123
37059	19.6426535904125	9.49372539652152	89.2184604438602	-10.148928193891	69.5758068534477
37060	19.6426535904125	1	2	-18.6426535904125	-17.6426535904125
37061	19.6426535904125	13	98.0387352279011	-6.64265359041253	78.3960816374885
37062	19.6426535904125	13	60.9882400944249	-6.64265359041253	41.3455865040123
37063	24.8837427496553	9.49372539652152	107.322412799366	-15.3900173531337	82.4386700497103
37064	24.8837427496553	13	60.9882400944249	-11.8837427496553	36.1044973447696
37065	24.8837427496553	13	36.5970266971322	-11.8837427496553	11.713283947477
37066	24.8837427496553	13	107.041534517654	-11.8837427496553	82.1577917679987
37067	24.8837427496553	13	107.320280028704	-11.8837427496553	82.4365372790487
37068	9.68089843224844	8.85729888868133	25.8310953928145	-0.823599543567106	16.150196960566
37069	10.0195825255677	-8.25135877070352	18.5443798073844	-18.2709412962712	8.52479728181667
37070	10.0195825255677	1	2	-9.01958252556768	-8.01958252556768
37071	10.0195825255677	2.75435770463133	39.1284742354221	-7.26522482093636	29.1088917098545
37072	10.0195825255677	-3.69664748732687	41.7895147413083	-13.7162300128945	31.7699322157406
37073	10.0195825255677	-3.69664748732687	18.5443798073844	-13.7162300128945	8.52479728181667
37074	10.0195825255677	-3.69664748732687	82.9750600282159	-13.7162300128945	72.9554775026482
37075	10.0195825255677	-8.25135877070352	69	-18.2709412962712	58.9804174744323
37076	10.0195825255677	2.75435770463133	62.9152889414057	-7.26522482093636	52.895706415838
37077	10.0195825255677	-0.999466027638968	15.2851170497752	-11.0190485532066	5.2655345242075
37078	10.0195825255677	-5.80691477817376	43.3157858882026	-15.8264973037414	33.2962033626349
37079	10.0195825255677	0.164767072525757	39.1284742354221	-9.85481545304192	29.1088917098545
37080	10.0195825255677	0.164767072525757	39.1284742354221	-9.85481545304192	29.1088917098545
37081	15.0615514636071	1.56801168179895	16.9608086510363	-13.4935397818081	1.89925718742925
37082	15.0615514636071	-5.05826132800796	62.9177618121422	-20.119812791615	47.8562103485351
37083	15.0615514636071	-5.05826132800796	62.9177618121422	-20.119812791615	47.8562103485351
37084	11.8409602202956	0.594108216668962	57.9986722452783	-11.2468520036267	46.1577120249827
37085	11.8409602202956	-8.25135877070352	45.6145232120099	-20.0923189909991	33.7735629917142
37086	11.8409602202956	-8.25135877070352	45.6145232120099	-20.0923189909991	33.7735629917142
37087	11.8409602202956	-5.80691477817376	45.6145232120099	-17.6478749984694	33.7735629917142
37088	11.8409602202956	-5.80691477817376	45.5948853608299	-17.6478749984694	33.7539251405343
37089	22.7011671133657	-16.1483408121391	45.610674592675	-38.8495079255048	22.9095074793093
37090	22.7011671133657	3.0295655916445	54.9912644288201	-19.6716015217212	32.2900973154544
37091	22.7011671133657	3.0295655916445	39.1284742354221	-19.6716015217212	16.4273071220565
37092	22.7011671133657	8.70906029288932	53.2857985597475	-13.9921068204763	30.5846314463818
37093	40	8	133.116271868783	-32	93.1162718687832
37094	20.1059964971818	8.85729888868133	110.287929790615	-11.2486976085004	90.1819332934329
37095	23.7358753468964	19.9839408533194	117.101934058611	-3.75193449357702	93.3660587117147
37096	23.7358753468964	19.9839408533194	110.651276152668	-3.75193449357702	86.9154008057721
37097	23.7358753468964	19.9839408533194	107	-3.75193449357702	83.2641246531036
37098	-7.92121282979015	2	1	9.92121282979015	8.92121282979015
37099	-7.92121282979015	2	1	9.92121282979015	8.92121282979015
37100	-7.92121282979015	1	2	8.92121282979015	9.92121282979015
37101	-7.92121282979015	2	1	9.92121282979015	8.92121282979015
37102	-7.92121282979015	2	1	9.92121282979015	8.92121282979015
37103	-7.92121282979015	2	1	9.92121282979015	8.92121282979015
37104	-7.92121282979015	1	2	8.92121282979015	9.92121282979015
37105	-7.92121282979015	1	2	8.92121282979015	9.92121282979015
37106	-7.92121282979015	1	2	8.92121282979015	9.92121282979015
37107	-7.92121282979015	1	2	8.92121282979015	9.92121282979015
37108	-7.92121282979015	1	1	8.92121282979015	8.92121282979015
37109	17.181526809537	1.81650928715389	79.2754001065366	-15.3650175223831	62.0938732969996
37110	15.9120712803491	-10.9164203059526	42.0479026675852	-26.8284915863017	26.1358313872362
37111	15.9120712803491	1	2	-14.9120712803491	-13.9120712803491
37112	15.9120712803491	-10.9164203059526	42.0939835173751	-26.8284915863017	26.181912237026
37113	17.181526809537	1	2	-16.181526809537	-15.181526809537
37114	17.181526809537	1	2	-16.181526809537	-15.181526809537
37115	15.9120712803491	1	2	-14.9120712803491	-13.9120712803491
37116	15.9120712803491	1	2	-14.9120712803491	-13.9120712803491
37117	14.7116472073246	1	2	-13.7116472073246	-12.7116472073246
37118	14.7116472073246	1	2	-13.7116472073246	-12.7116472073246
37119	14.7116472073246	1	2	-13.7116472073246	-12.7116472073246
37120	17.181526809537	1	2	-16.181526809537	-15.181526809537
37121	14.7116472073246	-10.9164203059526	42.0939835173751	-25.6280675132772	27.3823363100505
37122	14.7116472073246	1	2	-13.7116472073246	-12.7116472073246
37123	14.7116472073246	1	2	-13.7116472073246	-12.7116472073246
37124	14.7116472073246	1	2	-13.7116472073246	-12.7116472073246
37125	14.7116472073246	1	2	-13.7116472073246	-12.7116472073246
37126	17.181526809537	1	2	-16.181526809537	-15.181526809537
37127	14.7116472073246	1	2	-13.7116472073246	-12.7116472073246
37128	14.7116472073246	1	2	-13.7116472073246	-12.7116472073246
37129	17.181526809537	1	2	-16.181526809537	-15.181526809537
37130	17.181526809537	1	2	-16.181526809537	-15.181526809537
37131	17.181526809537	1	2	-16.181526809537	-15.181526809537
37132	17.181526809537	1	2	-16.181526809537	-15.181526809537
37133	17.181526809537	1	2	-16.181526809537	-15.181526809537
37134	17.181526809537	1	2	-16.181526809537	-15.181526809537
37135	17.181526809537	1	2	-16.181526809537	-15.181526809537
37136	14.7116472073246	1	2	-13.7116472073246	-12.7116472073246
37137	14.7116472073246	1	2	-13.7116472073246	-12.7116472073246
37138	14.7116472073246	1	2	-13.7116472073246	-12.7116472073246
37139	17.181526809537	1	2	-16.181526809537	-15.181526809537
37140	15.9120712803491	1	2	-14.9120712803491	-13.9120712803491
37141	14.7116472073246	1	2	-13.7116472073246	-12.7116472073246
37142	13.8595172921895	1	2	-12.8595172921895	-11.8595172921895
37143	17.181526809537	1	2	-16.181526809537	-15.181526809537
37144	17.181526809537	1	2	-16.181526809537	-15.181526809537
37145	17.181526809537	1	2	-16.181526809537	-15.181526809537
37146	17.181526809537	1	2	-16.181526809537	-15.181526809537
37147	17.181526809537	1	2	-16.181526809537	-15.181526809537
37148	17.181526809537	1	2	-16.181526809537	-15.181526809537
37149	17.181526809537	1	2	-16.181526809537	-15.181526809537
37150	17.181526809537	1	2	-16.181526809537	-15.181526809537
37151	9.31636719220202	1	2	-8.31636719220202	-7.31636719220202
37152	9.31636719220202	6.27957001494971	117.766431623088	-3.03679717725231	108.450064430886
37153	9.31636719220202	1	2	-8.31636719220202	-7.31636719220202
37154	9.31636719220202	1	2	-8.31636719220202	-7.31636719220202
37155	9.31636719220202	1	2	-8.31636719220202	-7.31636719220202
37156	9.31636719220202	2	1	-7.31636719220202	-8.31636719220202
37157	9.31636719220202	1	2	-8.31636719220202	-7.31636719220202
37158	9.31636719220202	1	2	-8.31636719220202	-7.31636719220202
37159	9.31636719220202	1	2	-8.31636719220202	-7.31636719220202
37160	2.77616840948254	1	2	-1.77616840948254	-0.776168409482541
37161	2.77616840948254	1	2	-1.77616840948254	-0.776168409482541
37162	2.77616840948254	-10.1728979401404	69.1166961486917	-12.949066349623	66.3405277392091
37163	3.78882698594595	2	1	-1.78882698594595	-2.78882698594595
37164	3.78882698594595	2	1	-1.78882698594595	-2.78882698594595
37165	3.78882698594595	1	2	-2.78882698594595	-1.78882698594595
37166	3.78882698594595	1	2	-2.78882698594595	-1.78882698594595
37167	3.78882698594595	1	2	-2.78882698594595	-1.78882698594595
37168	3.78882698594595	-12.7626690468784	117.769390798471	-16.5514960328243	113.980563812525
37169	3.78882698594595	2	1	-1.78882698594595	-2.78882698594595
37170	3.78882698594595	1	2	-2.78882698594595	-1.78882698594595
37171	3.78882698594595	1	2	-2.78882698594595	-1.78882698594595
37172	3.78882698594595	1	2	-2.78882698594595	-1.78882698594595
37173	3.78882698594595	-12.7626690468784	69.1869399894004	-16.5514960328243	65.3981130034545
37174	3.78882698594595	-12.7626690468784	73.7147378026796	-16.5514960328243	69.9259108167336
37175	3.78882698594595	1	2	-2.78882698594595	-1.78882698594595
37176	3.78882698594595	-8.05684384909663	73.7147378026796	-11.8456708350426	69.9259108167336
37177	3.78882698594595	1	2	-2.78882698594595	-1.78882698594595
37178	3.78882698594595	2	1	-1.78882698594595	-2.78882698594595
37179	3.78882698594595	-4.03845031209364	73.7147378026796	-7.82727729803959	69.9259108167336
37180	3.78882698594595	-4.03845031209364	73.6219827133132	-7.82727729803959	69.8331557273673
37181	3.78882698594595	3.43532488458177	107.518274494604	-0.353502101364178	103.729447508658
37182	3.78882698594595	1	2	-2.78882698594595	-1.78882698594595
37183	3.78882698594595	1	2	-2.78882698594595	-1.78882698594595
37184	3.78882698594595	1	2	-2.78882698594595	-1.78882698594595
37186	17	7.24105904364995	225.825958919649	-9.75894095635005	208.825958919649
37187	24.9798287219377	1	2	-23.9798287219377	-22.9798287219377
37188	24.9798287219377	1	2	-23.9798287219377	-22.9798287219377
37189	18	17	84.9396668157671	-1	66.9396668157671
37190	18	8.85729888868133	110.287929790615	-9.14270111131867	92.2879297906147
37191	18	17	84.8732530967564	-1	66.8732530967564
37192	18	17	84.9504144731589	-1	66.9504144731589
37193	18	8.85729888868133	136.95373009659	-9.14270111131867	118.95373009659
37194	40	20	84.8732530967564	-20	44.8732530967564
37195	40	20	84.8732530967564	-20	44.8732530967564
37196	13.3380584757682	20	84	6.66194152423177	70.6619415242318
37197	13.3380584757682	20	84.9504144731589	6.66194152423177	71.6123559973907
37198	13.3380584757682	20	84.9396668157671	6.66194152423177	71.6016083399989
37199	13.3380584757682	20	84.9396668157671	6.66194152423177	71.6016083399989
37200	13.3380584757682	20	84.9396668157671	6.66194152423177	71.6016083399989
37201	13.3380584757682	20	84.8732530967564	6.66194152423177	71.5351946209882
37202	13.3380584757682	20	84.9504144731589	6.66194152423177	71.6123559973907
37203	13.3380584757682	8.85729888868133	110	-4.4807595870869	96.6619415242318
37204	48	3.0295655916445	110.287929790615	-44.9704344083555	62.2879297906147
37205	13.3380584757682	20	84.8732530967564	6.66194152423177	71.5351946209882
37206	13.3380584757682	20	84.8998285343327	6.66194152423177	71.5617700585644
37207	13.3380584757682	20	84.8732530967564	6.66194152423177	71.5351946209882
37208	40	20	84.8998285343327	-20	44.8998285343327
37209	22	13	114.789411684326	-9	92.789411684326
37210	22	13	61.9972187977898	-9	39.9972187977898
37211	22	13	61.991235474856	-9	39.991235474856
37212	20	13	61.991235474856	-7	41.991235474856
37213	22	12	133	-10	111
37214	12	8.85729888868133	93.1574526762983	-3.14270111131867	81.1574526762983
37215	11.2081550721849	6.82642711041161	25.8338712104719	-4.38172796177329	14.625716138287
37216	11.2081550721849	6.82642711041161	25.8338712104719	-4.38172796177329	14.625716138287
37217	9.82564538862679	10.8234685702259	45.0590842052707	0.997823181599109	35.2334388166439
37218	9.82564538862679	10.8234685702259	26.4526105070522	0.997823181599109	16.6269651184254
37219	9.82564538862679	10.8234685702259	26.423617959408	0.997823181599109	16.5979725707812
37220	9.82564538862679	10.8234685702259	45.0590842052707	0.997823181599109	35.2334388166439
37221	9.82564538862679	10.8234685702259	25.8310953928145	0.997823181599109	16.0054500041877
37222	10.7894816469752	13	45.0590842052707	2.21051835302481	34.2696025582955
37223	10.7894816469752	10.8234685702259	38.1538505423424	0.0339869232507102	27.3643688953672
37224	46.8236342032949	16	137.66083270831	-30.8236342032949	90.837198505015
37225	51	10	313.883895355114	-41	262.883895355114
37226	30	8.85729888868133	136.422103402317	-21.1427011113187	106.422103402317
37227	30	8.85729888868133	111.324481772911	-21.1427011113187	81.3244817729112
37228	30	7.06854133751508	316.063121991817	-22.9314586624849	286.063121991817
37229	30	8.85729888868133	111.324481772911	-21.1427011113187	81.3244817729112
37230	30	8.85729888868133	136.422103402317	-21.1427011113187	106.422103402317
37231	-1.56966194339042	-39.5397884753445	131.180586709711	-37.9701265319541	132.750248653101
37232	17.7028627842136	5.03577774987644	148.455132284934	-12.6670850343371	130.75226950072
37233	14	7.06854133751508	151	-6.93145866248492	137
37234	26	8.85729888868133	74.9859076994065	-17.1427011113187	48.9859076994065
37235	57	8	243.694967056052	-49	186.694967056052
37236	42	14	187.640717821491	-28	145.640717821491
37237	42	13.5563083374055	233	-28.4436916625945	191
37238	20.165447865623	8.85729888868133	56.0005512817123	-11.3081489769416	35.8351034160893
37239	20.165447865623	2	1	-18.165447865623	-19.165447865623
37240	20.165447865623	1	2	-19.165447865623	-18.165447865623
37241	20.165447865623	1	2	-19.165447865623	-18.165447865623
37242	20.165447865623	1	2	-19.165447865623	-18.165447865623
37243	20.165447865623	2	1	-18.165447865623	-19.165447865623
37244	20.165447865623	2	1	-18.165447865623	-19.165447865623
37245	20.165447865623	1	2	-19.165447865623	-18.165447865623
37246	22.8541959583897	13	78	-9.85419595838965	55.1458040416103
37247	22.8541959583897	11.2091204894268	60.9742827921816	-11.6450754689629	38.120086833792
37248	22.8541959583897	8.85729888868133	90.6626331282973	-13.9968970697083	67.8084371699077
37249	9.40078397796874	2	1	-7.40078397796874	-8.40078397796874
37250	15.6717463873664	1	2	-14.6717463873664	-13.6717463873664
37251	9.40078397796874	11.2091204894268	52.4095492310055	1.80833651145802	43.0087652530368
37252	9.40078397796874	1	2	-8.40078397796874	-7.40078397796874
37253	9.40078397796874	1	2	-8.40078397796874	-7.40078397796874
37254	9.40078397796874	11.2091204894268	52.4210688075078	1.80833651145802	43.0202848295391
37255	9.40078397796874	1	2	-8.40078397796874	-7.40078397796874
37256	9.40078397796874	1	2	-8.40078397796874	-7.40078397796874
37257	9.40078397796874	17	52.4210688075078	7.59921602203126	43.0202848295391
37258	9.74512459388434	1	2	-8.74512459388434	-7.74512459388434
37259	9.40078397796874	17	54.8869045644083	7.59921602203126	45.4861205864396
37260	9.40078397796874	4.83167051769583	55.2384827990761	-4.56911346027291	45.8376988211074
37261	9.40078397796874	8.53224348901973	52.4210688075078	-0.868540488949018	43.0202848295391
37262	9.40078397796874	1	2	-8.40078397796874	-7.40078397796874
37263	9.40078397796874	1.56801168179895	62.426723050427	-7.83277229616979	53.0259390724582
37264	9.40078397796874	8.14124122279109	54.8983876772992	-1.25954275517765	45.4976036993305
37265	9.40078397796874	8.14124122279109	54.9682032618219	-1.25954275517765	45.5674192838532
37266	9.40078397796874	1	2	-8.40078397796874	-7.40078397796874
37267	9.40078397796874	11.2091204894268	55.2384827990761	1.80833651145802	45.8376988211074
37268	9.40078397796874	2	1	-7.40078397796874	-8.40078397796874
37269	9.40078397796874	2	1	-7.40078397796874	-8.40078397796874
37270	9.40078397796874	1	2	-8.40078397796874	-7.40078397796874
37271	9.40078397796874	1	2	-8.40078397796874	-7.40078397796874
37272	9.40078397796874	1	2	-8.40078397796874	-7.40078397796874
37273	9.40078397796874	4.83167051769583	55.2384827990761	-4.56911346027291	45.8376988211074
37274	9.40078397796874	11.2091204894268	38.1660452051383	1.80833651145802	28.7652612271695
37275	9.40078397796874	1	2	-8.40078397796874	-7.40078397796874
37276	9.40078397796874	11.2091204894268	38.1660452051383	1.80833651145802	28.7652612271695
37277	9.40078397796874	11.2091204894268	52.4210688075078	1.80833651145802	43.0202848295391
37278	9.40078397796874	4.83167051769583	52.4210688075078	-4.56911346027291	43.0202848295391
37279	9.40078397796874	17	55.2384827990761	7.59921602203126	45.8376988211074
37280	9.40078397796874	1	2	-8.40078397796874	-7.40078397796874
37281	9.40078397796874	1	2	-8.40078397796874	-7.40078397796874
37282	9.40078397796874	1.17060807925266	52.4095492310055	-8.23017589871609	43.0087652530368
37283	9.40078397796874	1	2	-8.40078397796874	-7.40078397796874
37284	9.40078397796874	1	2	-8.40078397796874	-7.40078397796874
37285	9.40078397796874	1	2	-8.40078397796874	-7.40078397796874
37286	9.40078397796874	2	1	-7.40078397796874	-8.40078397796874
37287	9.40078397796874	4.83167051769583	52.4210688075078	-4.56911346027291	43.0202848295391
37288	22.6989706260804	9.83925184071126	60.9882400944249	-12.8597187853692	38.2892694683445
37289	22.6989706260804	17	76.9423045125669	-5.69897062608042	54.2433338864864
37290	22.6989706260804	8.85729888868133	83.0303421284891	-13.8416717373991	60.3313715024086
37291	22.6989706260804	17	60.9834222562253	-5.69897062608042	38.2844516301449
37292	14.9585903489702	8.85729888868133	55.2384827990761	-6.10129146028889	40.2798924501059
37293	29.4794527058126	17	76.7357014805378	-12.4794527058126	47.2562487747251
37294	29.4794527058126	9.83925184071126	55.2384827990761	-19.6402008651014	25.7590300932635
37295	29.4794527058126	9.83925184071126	55.2384827990761	-19.6402008651014	25.7590300932635
37296	29.4794527058126	8.85729888868133	78.0718499172665	-20.6221538171313	48.5923972114539
37297	29.4794527058126	8.85729888868133	78	-20.6221538171313	48.5205472941874
37298	29.4794527058126	8.85729888868133	78	-20.6221538171313	48.5205472941874
37299	29.4794527058126	8.85729888868133	78	-20.6221538171313	48.5205472941874
37300	24.9945835038025	9.83925184071126	34.9707128411013	-15.1553316630912	9.97612933729877
37301	24.9945835038025	9.83925184071126	60.9882400944249	-15.1553316630912	35.9936565906224
37302	22.6989706260804	8.85729888868133	94.3940734765021	-13.8416717373991	71.6951028504217
37303	7.21284234410451	2	1	-5.21284234410451	-6.21284234410451
37304	8.13550722374871	1	2	-7.13550722374871	-6.13550722374871
37305	8.13550722374871	2	1	-6.13550722374871	-7.13550722374871
37306	8.13550722374871	1	2	-7.13550722374871	-6.13550722374871
37307	7.21284234410451	1	2	-6.21284234410451	-5.21284234410451
37308	7.21284234410451	3.0295655916445	78	-4.18327675246001	70.7871576558955
37309	7.21284234410451	1	2	-6.21284234410451	-5.21284234410451
37310	51	8.85729888868133	93	-42.1427011113187	42
37311	26.8327423147971	15.7821986182447	93	-11.0505436965524	66.1672576852029
37312	26.8327423147971	15.7821986182447	93	-11.0505436965524	66.1672576852029
37313	65	20	84.9504144731589	-45	19.9504144731589
37314	27.0177655205918	15.7821986182447	93	-11.2355669023471	65.9822344794082
37315	27.0177655205918	8.85729888868133	107.518274494604	-18.1604666319105	80.5005089740119
37316	46	8.85729888868133	93	-37.1427011113187	47
37317	20.4059702682323	2.75435770463133	82.9750600282159	-17.651612563601	62.5690897599835
37318	21.4812080275512	15	43.9810158669811	-6.48120802755115	22.4998078394299
37319	21.4812080275512	6.19969798786081	53.9533291994409	-15.2815100396903	32.4721211718897
37320	21.4812080275512	15	43.9802273188415	-6.48120802755115	22.4990192912904
37321	21.4812080275512	2.75435770463133	53.9618377339039	-18.7268503229198	32.4806297063528
37322	21.4812080275512	6.19969798786081	81.9966071116113	-15.2815100396903	60.5153990840601
37323	21.4812080275512	6.19969798786081	53.9618377339039	-15.2815100396903	32.4806297063528
37324	21.4812080275512	6.19969798786081	53.7555363235743	-15.2815100396903	32.2743282960231
37325	21.4812080275512	6.19969798786081	53.963132206588	-15.2815100396903	32.4819241790369
37326	20.4059702682323	7.81375386645763	39.9825431424283	-12.5922164017747	19.576572874196
37327	18.1195031107686	-2.80881188282943	78.0794921260184	-20.9283149935981	59.9599890152498
37328	18.1195031107686	-51.0899861831239	434.626990858894	-69.2094892938926	416.507487748126
37330	18.1195031107686	1.5311171824074	58.0202121709059	-16.5883859283612	39.9007090601372
37331	18.1195031107686	-2.80881188282943	58	-20.9283149935981	39.8804968892314
37332	18.1195031107686	-9.12226449497597	83.2018956012921	-27.2417676057446	65.0823924905234
37333	18.1195031107686	3.0295655916445	316	-15.0899375191241	297.880496889231
37334	18.1195031107686	3.0295655916445	316	-15.0899375191241	297.880496889231
37335	18.1195031107686	3.0295655916445	316	-15.0899375191241	297.880496889231
37336	18.1195031107686	-21.2219489478621	519.649713373836	-39.3414520586307	501.530210263067
37337	18.1195031107686	9	42.1614072643735	-9.11950311076864	24.0419041536049
37339	18.1195031107686	3.0295655916445	359.552054594136	-15.0899375191241	341.432551483367
37340	18.1195031107686	-21.2219489478621	115	-39.3414520586307	96.8804968892314
37341	18.1195031107686	-10.01440362082	44	-28.1339067315887	25.8804968892314
37342	18.1195031107686	8	78.0794921260184	-10.1195031107686	59.9599890152498
37343	18.1195031107686	8.86333791835791	55.7249100959315	-9.25616519241074	37.6054069851628
37344	16.7802912875658	1.5311171824074	129.664358855431	-15.2491741051584	112.884067567865
37345	16.7802912875658	-21.2219489478621	519.649713373836	-38.0022402354279	502.86942208627
37346	16.7802912875658	1.5311171824074	42.6045149405114	-15.2491741051584	25.8242236529455
37347	16.7802912875658	8	42.2278893269992	-8.78029128756582	25.4475980394333
37348	20.4059702682323	7.81375386645763	39.9825431424283	-12.5922164017747	19.576572874196
37349	20.4059702682323	7.81375386645763	39.9825431424283	-12.5922164017747	19.576572874196
