36455	37	26.1298312783179	58.9108879474835	-10.8701687216821	21.9108879474835
36456	37	21.6999587554577	47.8362066403329	-15.3000412445423	10.8362066403329
36457	37	22.1429460077437	42.0773723606147	-14.8570539922563	5.07737236061466
36458	37	18.1560607371695	39.8624360991846	-18.8439392628305	2.86243609918456
36459	37	39.4194488468985	80.1742760572125	2.41944884689853	43.1742760572125
36460	37	17.2700862325974	108.082472951232	-19.7299137674026	71.0824729512318
36461	42.5415307040872	7.22212634788563	33.2740252112596	-35.3194043562016	-9.26750549282764
36463	31.6115072925847	11.1299111773917	44.5631813853883	-20.481596115193	12.9516740928036
36465	31.6115072925847	8.52472129105433	43.2605864422196	-23.0867860015304	11.6490791496349
36466	31.6115072925847	8.9589196054439	41.0895948702718	-22.6525876871409	9.47808757768705
36467	31.6115072925847	11.1299111773917	41.0895948702718	-20.481596115193	9.47808757768705
36468	32.9433337320927	8.9589196054439	42.3921898134405	-23.9844141266488	9.44885608134777
36469	32.9433337320927	7.22212634788563	42.3921898134405	-25.7212073842071	9.44885608134777
36470	32.9433337320927	9.82731623422303	41.0895948702718	-23.1160174978697	8.14626113817906
36471	32.9433337320927	10.2615145486126	44.1289830709988	-22.6818191834801	11.185649338906
36472	32.9433337320927	15.0376960068978	49.3393628436736	-17.9056377251949	16.3960291115808
36473	32.9433337320927	8.09052297666476	47.6025695861153	-24.852810755428	14.6592358540225
36474	32.9433337320927	10.6957128630022	45.4315780141675	-22.2476208690906	12.4882442820747
36475	32.9433337320927	15.0376960068978	43.2605864422196	-17.9056377251949	10.3172527101269
36476	32.9433337320927	10.6957128630022	36.7476117263761	-22.2476208690906	3.80427799428341
36477	32.9433337320927	8.09052297666476	33.7082235256492	-24.852810755428	0.764889793556421
36478	8.89924196782871	12.8402137097372	34.9895763240383	3.94097174190853	26.0903343562096
36479	8.89924196782871	11.9542392051652	30.1167165488921	3.05499723733649	21.2174745810634
36480	8.89924196782871	12.8402137097372	30.5597038011781	3.94097174190853	21.6604618333494
36481	8.89924196782871	12.3972264574512	31.0026910534641	3.4979844896225	22.1034490856354
36482	8.89924196782871	10.1822901960211	29.23074204432	1.28304822819241	20.3315000764913
36483	8.89924196782871	7.52436668230499	24.8008695214598	-1.37487528552372	15.9016275536311
36484	10.1899340516152	8.85332843916305	24.8008695214598	-1.33660561245213	14.6109354698446
36485	10.1899340516152	10.1822901960211	26.1298312783179	-0.00764385559406833	15.9398972267027
36486	10.1899340516152	11.9542392051652	31.0026910534641	1.76430515355001	20.8127570018489
36487	8.50490277011808	11.0682647005931	30.1167165488921	2.56336193047507	21.611813778774
36488	39	14.1692993781187	66.2730971048666	-24.8307006218813	27.2730971048666
36493	19	11.5112519528792	41.1913978560426	-7.48874804712082	22.1913978560426
36494	19	14.6121627188813	40.7484106037566	-4.38783728111868	21.7484106037566
36496	19	7.52436668230499	61.5688114611996	-11.475633317695	42.5688114611996
36498	12.3545605396812	11.9542392051652	31.8886655580362	-0.400321334516036	19.5341050183549
36499	-3.35315678049509	-7.98018714770578	89.919995607505	-4.62703036721069	93.2731523880001
36501	23	31.8886655580362	69.542582002348	8.88866555803617	46.542582002348
36502	23	15.0551499711674	37.2045125854684	-7.94485002883265	14.2045125854684
36503	18	15.9411244757394	36.7615253331824	-2.05887552426061	18.7615253331824
36504	18	15.9411244757394	37.2045125854684	-2.05887552426061	19.2045125854684
36505	18	18.1560607371695	37.2045125854684	0.156060737169497	19.2045125854684
36506	18	18.1560607371695	37.6474998377544	0.156060737169497	19.6474998377544
36507	18	16.3841117280254	41.6343851083286	-1.61588827197458	23.6343851083286
36508	18	17.2700862325974	38.5334743423265	-0.72991376740255	20.5334743423265
36509	18	17.7130734848835	37.2045125854684	-0.286926515116519	19.2045125854684
36510	18	17.7130734848835	38.5334743423265	-0.286926515116519	20.5334743423265
36511	18	17.7130734848835	38.9764615946125	-0.286926515116519	20.9764615946125
36512	18	17.7130734848835	38.0904870900405	-0.286926515116519	20.0904870900405
36513	18	16.8270989803114	36.7615253331824	-1.17290101968857	18.7615253331824
36514	18	17.2700862325974	36.3185380808964	-0.72991376740255	18.3185380808964
36515	18	13.2832009620233	36.7615253331824	-4.71679903797674	18.7615253331824
36516	18	15.0551499711674	36.7615253331824	-2.94485002883265	18.7615253331824
36517	18	18.1560607371695	44.7352958743308	0.156060737169497	26.7352958743308
36518	18	15.4981372234534	36.3185380808964	-2.50186277654663	18.3185380808964
36519	18	15.0551499711674	36.7615253331824	-2.94485002883265	18.7615253331824
36520	18	16.3841117280254	36.3185380808964	-1.61588827197458	18.3185380808964
36521	12	9.73930294373508	52.2660791631931	-2.26069705626492	40.2660791631931
36522	12	15.0551499711674	37.6474998377544	3.05514997116735	25.6474998377544
36523	12	13.7261882143093	38.5334743423265	1.72618821430929	26.5334743423265
36524	12	14.1691754665953	37.2045125854684	2.16917546659531	25.2045125854684
36525	12	10.6252774483071	55.8099771814813	-1.37472255169287	43.8099771814813
36526	12	15.9411244757394	34.9895763240383	3.94112447573939	22.9895763240383
36527	19.7093037172779	14.1691754665953	38.9764615946125	-5.54012825068259	19.2671578773346
36528	19.7093037172779	15.4981372234534	39.4194488468985	-4.21116649382452	19.7101451296206
36529	19.7093037172779	15.9411244757394	38.0904870900405	-3.7681792415385	18.3811833727626
36530	19.7093037172779	16.3841117280254	36.3185380808964	-3.32519198925247	16.6092343636185
36531	19.7093037172779	16.3841117280254	35.8755508286103	-3.32519198925247	16.1662471113325
36532	19.7093037172779	14.1691754665953	36.3185380808964	-5.54012825068259	16.6092343636185
36533	19.7093037172779	13.7261882143093	42.9633468651867	-5.9831155029686	23.2540431479088
36534	12	10.1822901960211	60.2398497043416	-1.81770980397889	48.2398497043416
36536	22.8541959583897	17.2700862325974	36.7615253331824	-5.5841097257922	13.9073293747928
36537	22.8541959583897	15.4981372234534	30.5597038011781	-7.35605873493628	7.70550784278845
36538	30.2494308571042	27.4587930351759	60.6828369566276	-2.79063782192829	30.4334060995233
36539	30.2494308571042	22.5859332600297	42.9633468651867	-7.66349759707453	12.7139160080825
36540	30.2494308571042	21.6999587554577	42.5203596129007	-8.54947210164656	12.2709287557965
36541	30.2494308571042	27.0158057828899	54.4810154246233	-3.23362507421431	24.231584567519
36542	30.2494308571042	29.23074204432	61.1258242089136	-1.0186888127842	30.8763933518093
36543	30.2494308571042	27.901780287462	69.985569254634	-2.34765056964226	39.7361383975298
36544	15	19.0420352417415	41.1913978560426	4.04203524174154	26.1913978560426
36545	15	13.7261882143093	32.7746400626082	-1.27381178569071	17.7746400626082
36546	15	15.9411244757394	34.9895763240383	0.941124475739386	19.9895763240383
36547	15	14.1691754665953	32.7746400626082	-0.830824533404694	17.7746400626082
36548	15	13.2832009620233	32.3316528103222	-1.71679903797674	17.3316528103222
36549	15	13.7261882143093	31.0026910534641	-1.27381178569071	16.0026910534641
36550	15	11.5112519528792	34.1036018194663	-3.48874804712082	19.1036018194663
36551	15	11.5112519528792	34.1036018194663	-3.48874804712082	19.1036018194663
36552	15	15.4981372234534	34.1036018194663	0.498137223453369	19.1036018194663
36553	15	15.0551499711674	34.1036018194663	0.0551499711673529	19.1036018194663
36554	15	10.6252774483071	34.5465890717523	-4.37472255169287	19.5465890717523
36555	15	14.6121627188813	44.7352958743308	-0.387837281118678	29.7352958743308
36556	15	17.2700862325974	54.0380281723372	2.27008623259745	39.0380281723372
36557	15	8.85332843916305	36.7615253331824	-6.14667156083695	21.7615253331824
36558	15	13.7261882143093	37.2045125854684	-1.27381178569071	22.2045125854684
36559	15	13.2832009620233	36.3185380808964	-1.71679903797674	21.3185380808964
36560	15	15.9411244757394	38.5334743423265	0.941124475739386	23.5334743423265
36561	15	17.2700862325974	36.3185380808964	2.27008623259745	21.3185380808964
36562	15	17.2700862325974	39.8624360991846	2.27008623259745	24.8624360991846
36563	15	16.8270989803114	34.5465890717523	1.82709898031143	19.5465890717523
36564	15	6.63839217773294	36.7615253331824	-8.36160782226706	21.7615253331824
36566	21	20.3709969985996	44.2923086220448	-0.629003001400392	23.2923086220448
36567	21	17.7130734848835	35.4325635763243	-3.28692651511652	14.4325635763243
36568	21	18.1560607371695	39.8624360991846	-2.8439392628305	18.8624360991846
36569	21	16.3841117280254	36.3185380808964	-4.61588827197458	15.3185380808964
36570	21	16.3841117280254	34.9895763240383	-4.61588827197458	13.9895763240383
36571	21	18.1560607371695	35.8755508286103	-2.8439392628305	14.8755508286103
36572	45	22.9890387844509	86.7145603071634	-22.0109612155491	41.7145603071634
36573	45	19.9179293134768	94.0084453007269	-25.0820706865232	49.0084453007269
36574	24.7500420547529	-3.19863319746396	51.5103544156214	-27.9486752522168	26.7603123608685
36575	24.7500420547529	5.48533309032736	39.7869999271031	-19.2647089644255	15.0369578723502
36576	24.7500420547529	0.274953317652574	84.943624623618	-24.4750887371003	60.1935825688651
36577	17	8.85332843916305	54.9240026769093	-8.14667156083695	37.9240026769093
36578	10.0705857578671	25.2438567737458	87.7050593460749	15.1732710158788	77.6344735882078
36580	20	0.709151632042136	48.905164529284	-19.2908483679579	28.905164529284
36581	28	11.5641094917813	69.7466836199832	-16.4358905082187	41.7466836199832
36582	27	11.5641094917813	63.6679072185292	-15.4358905082187	36.6679072185292
36583	27	12.86670443495	54.1155443019588	-14.13329556505	27.1155443019588
36584	27	19.3796791507935	47.1683712717257	-7.62032084920652	20.1683712717257
36585	27	12.86670443495	65.8388987904771	-14.13329556505	38.8388987904771
36586	28	5.48533309032736	134.442232464029	-22.5146669096726	106.442232464029
36587	28	5.48533309032736	131.837042577691	-22.5146669096726	103.837042577691
36588	27	14.6034976925083	56.2865358739066	-12.3965023074917	29.2865358739066
36589	27	19.8138774651831	48.0367679005049	-7.18612253481695	21.0367679005049
36590	27	23.2874639802996	49.7735611580631	-3.71253601970042	22.7735611580631
36591	27	22.85326566591	48.905164529284	-4.14673433408998	21.905164529284
36592	27	17.6428858932352	54.9839409307379	-9.35711410676478	27.9839409307379
36593	27	18.5112825220144	57.5891308170753	-8.48871747798565	30.5891308170753
36594	26	20.6822740939622	62.3653122753606	-5.31772590603782	36.3653122753606
36595	22	18.9454808364039	53.6813459875692	-3.05451916359608	31.6813459875692
36596	22	22.4190673515205	53.2471476731796	0.419067351520454	31.2471476731796
36597	22	23.7216622946892	52.3787510444005	1.72166229468915	30.3787510444005
36598	22	20.6822740939622	50.2077594724527	-1.31772590603782	28.2077594724527
36599	22	21.9848690371309	85.8120212523971	-0.0151309628691223	63.8120212523971
36600	22	19.8138774651831	51.5103544156214	-2.18612253481695	29.5103544156214
36601	22	28.0636454385848	114.469110002108	6.06364543858481	92.4691100021085
36602	22	14.1692993781187	106.653540343096	-7.83070062188131	84.6535403430963
36607	39	23.0289205123157	45.1782831266168	-15.9710794876843	6.17828312661682
36608	39	20.8139842508856	44.7352958743308	-18.1860157491144	5.73529587433079
36609	39	19.4850224940276	44.7352958743308	-19.5149775059724	5.73529587433079
36610	39	19.0420352417415	42.0773723606147	-19.9579647582585	3.07737236061466
36611	39	20.3709969985996	48.2791938926189	-18.6290030014004	9.27919389261895
36612	16.702681284882	15.0551499711674	37.6474998377544	-1.64753131371463	20.9448185528725
36613	16.702681284882	4.42345591630283	24.8008695214598	-12.2792253685792	8.09818823657784
36614	16.702681284882	3.53748141173079	23.9148950168878	-13.1651998731512	7.2122137320058
36615	16.702681284882	15.0551499711674	31.8886655580362	-1.64753131371463	15.1859842731542
36616	16.702681284882	6.63839217773294	24.8008695214598	-10.064289107149	8.09818823657784
36618	16.702681284882	6.19540492544692	25.6868440260319	-10.5072763594351	8.98416274114988
36619	16.702681284882	4.86644316858886	22.5859332600297	-11.8362381162931	5.88325197514773
36620	16.702681284882	6.63839217773294	22.1429460077437	-10.064289107149	5.44026472286171
36621	16.702681284882	4.42345591630283	21.2569715031716	-12.2792253685792	4.55429021828966
36622	16.702681284882	1.32254515030068	23.0289205123157	-15.3801361345813	6.32623922743376
36623	23	18.6592255834057	53.2782936655154	-4.34077441659429	30.2782936655154
36624	22	14.9367451444692	48.0668210510043	-7.06325485553081	26.0668210510043
36625	23	15.6812412322565	49.5558132265789	-7.3187587677435	26.5558132265789
36626	23	16.0534892761501	49.5558132265789	-6.94651072384985	26.5558132265789
36627	23	16.4257373200438	50.3003093143662	-6.57426267995619	27.3003093143662
36628	23	14.5644971005755	51.7893014899408	-8.43550289942446	28.7893014899408
36629	29.5249024685611	16.3841117280254	41.6343851083286	-13.1407907405357	12.1094826397675
36630	29.5249024685611	17.7130734848835	39.4194488468985	-11.8118289836777	9.8945463783374
36631	53.1854768452512	14.6121627188813	40.7484106037566	-38.5733141263699	-12.4370662414946
36632	53.1854768452512	16.8270989803114	40.3054233514706	-36.3583778649398	-12.8800534937807
36633	53.1854768452512	26.1298312783179	63.3407604703437	-27.0556455669334	10.1552836250924
36634	12.2083191542067	14.1691754665953	38.9764615946125	1.96085631238859	26.7681424404058
36635	12.2083191542067	12.3972264574512	34.5465890717523	0.1889073032445	22.3382699175456
36636	53.1854768452512	26.1298312783179	91.6919446166491	-27.0556455669334	38.5064677713978
36637	53.1854768452512	23.9148950168878	77.0733652912104	-29.2705818283635	23.8878884459591
36638	53.1854768452512	29.23074204432	75.7444035343523	-23.9547348009312	22.558926689101
36639	45	16.3841117280254	42.5203596129007	-28.6158882719746	-2.47964038709931
36640	31	17.7130734848835	41.1913978560426	-13.2869265151165	10.1913978560426
36641	31	24.8008695214598	85.0471358323587	-6.19913047854018	54.0471358323587
36642	31	14.6121627188813	49.608155649477	-16.3878372811187	18.608155649477
36643	31	30.1167165488921	95.2358426349372	-0.883283451107928	64.2358426349372
36644	31	22.1429460077437	66.8846584886319	-8.85705399225631	35.8846584886319
36645	25.8718044461287	17.2700862325974	39.4194488468985	-8.60171821353126	13.5476444007698
36648	39	16.3402909500665	59.3259240746336	-22.6597090499335	20.3259240746336
36649	38	-9.27740959891788	143.994595380599	-47.2774095989179	105.994595380599
36650	38	15.4718943212874	54.1155443019588	-22.5281056787126	16.1155443019588
36651	22.9028923253837	24.3578822691738	49.608155649477	1.45498994379014	26.7052633240933
36652	22.9028923253837	24.3578822691738	51.8230919109071	1.45498994379014	28.9201995855235
36653	22.9028923253837	23.0289205123157	56.2529644337673	0.126028186932071	33.3500721083837
36654	22.9028923253837	22.1429460077437	57.1389389383394	-0.759946317639976	34.2360466129557
36655	22.9028923253837	24.3578822691738	69.542582002348	1.45498994379014	46.6396896769643
36656	22.9028923253837	23.4719077646018	61.1258242089136	0.569015439218088	38.2229318835299
36657	22.9028923253837	21.2569715031716	55.3669899291953	-1.64592082221202	32.4640976038116
36658	22.9028923253837	19.4850224940276	53.5950409200512	-3.4178698313561	30.6921485946675
36659	22.9028923253837	20.3709969985996	49.165168397191	-2.53189532678406	26.2622760718073
36660	11.4913455142773	3.7485398327691	25.0242572378579	-7.74280568150816	13.5329117235806
36661	11.4913455142773	4.61693646154824	31.9714302680909	-6.87440905272902	20.4800847538137
36662	11.4913455142773	6.3537297191065	35.879215097597	-5.13761579517076	24.3878695833197
36663	11.4913455142773	4.61693646154824	25.892653866637	-6.87440905272902	14.4013083523597
36664	11.4913455142773	5.0511347759378	39.3528016127135	-6.44021073833946	27.8614560984363
36665	11.4913455142773	10.2615145486126	35.0108184688179	-1.22983096566466	23.5194729545406
36666	11.4913455142773	7.22212634788563	34.1424218400388	-4.26921916639162	22.6510763257615
36667	11.4913455142773	5.91953140471693	32.4056285824805	-5.57181410956032	20.9142830682032
36668	11.4913455142773	11.9983078061709	30.6688353249222	0.506962291893602	19.177489810645
36669	11.4913455142773	5.91953140471693	38.918603298324	-5.57181410956032	27.4272577840467
36670	14.7738137341916	14.1692993781187	33.2740252112596	-0.604514356072869	18.500211477068
36671	14.7738137341916	12.4325061205604	30.6688353249222	-2.34130761363113	15.8950215907307
36672	14.7738137341916	4.61693646154824	33.2740252112596	-10.1568772726433	18.500211477068
36673	12.4543295060511	9.73930294373508	41.1913978560426	-2.71502656231601	28.7370683499915
36674	12.4543295060511	8.85332843916305	42.5203596129007	-3.60100106688804	30.0660301068496
36675	31	1.06229210587403	73.1380453816824	-29.937707894126	42.1380453816824
36676	16	15.4981372234534	44.2923086220448	-0.501862776546631	28.2923086220448
36677	18	17.2700862325974	43.8493213697588	-0.72991376740255	25.8493213697588
36678	16	15.4981372234534	34.5465890717523	-0.501862776546631	18.5465890717523
36679	17	4.42345591630283	33.6606145671802	-12.5765440836972	16.6606145671802
36680	17	14.6121627188813	32.7746400626082	-2.38783728111868	15.7746400626082
36681	17	14.6121627188813	31.0026910534641	-2.38783728111868	14.0026910534641
36682	16	15.4981372234534	35.4325635763243	-0.501862776546631	19.4325635763243
36683	16	15.0551499711674	33.6606145671802	-0.944850028832647	17.6606145671802
36684	16	15.0551499711674	36.7615253331824	-0.944850028832647	20.7615253331824
36685	17	14.6121627188813	33.2176273148942	-2.38783728111868	16.2176273148942
36686	17	16.3841117280254	31.4456783057501	-0.615888271974583	14.4456783057501
36687	18	16.8270989803114	32.7746400626082	-1.17290101968857	14.7746400626082
36688	18	16.3841117280254	32.3316528103222	-1.61588827197458	14.3316528103222
36689	11	9.73930294373508	14.1691754665953	-1.26069705626492	3.16917546659531
36690	11	10.1822901960211	14.6121627188813	-0.817709803978886	3.61216271888132
36691	11	10.1822901960211	14.6121627188813	-0.817709803978886	3.61216271888132
36692	12	10.1822901960211	14.6121627188813	-1.81770980397889	2.61216271888132
36693	12	9.29631569144907	14.1691754665953	-2.70368430855093	2.16917546659531
36694	8.45820095902419	15.9411244757394	27.901780287462	7.4829235167152	19.4435793284378
36695	8.45820095902419	15.4981372234534	31.4456783057501	7.03993626442918	22.9874773467259
36696	8.5259235551132	15.9411244757394	29.23074204432	7.41520092062618	20.7048184892068
36697	18	11.0682647005931	44.7352958743308	-6.93173529940685	26.7352958743308
36698	18	14.6121627188813	31.4456783057501	-3.38783728111868	13.4456783057501
36699	18	12.3972264574512	39.8624360991846	-5.60277354254879	21.8624360991846
36700	18	11.9542392051652	39.8624360991846	-6.04576079483481	21.8624360991846
36701	18	12.8402137097372	40.3054233514706	-5.15978629026276	22.3054233514706
36702	18	11.5112519528792	46.0642576311889	-6.48874804712082	28.0642576311889
36704	12	2.20851965487272	68.2136202454899	-9.79148034512728	56.2136202454899
36705	12	17.2700862325974	87.7050593460749	5.27008623259745	75.7050593460749
36706	9	19.4850224940276	67.7706329932039	10.4850224940276	58.7706329932039
36708	19.0593492970566	15.9411244757394	42.5203596129007	-3.11822482131718	23.4610103158441
36709	19.0593492970566	19.0420352417415	52.7090664154792	-0.0173140553150262	33.6497171184226
36710	19.0593492970566	18.5990479894555	47.3932193880469	-0.460301307601057	28.3338700909903
36711	19.0593492970566	17.7130734848835	42.9633468651867	-1.34627581217309	23.9039975681301
36712	19.0593492970566	17.7130734848835	43.8493213697588	-1.34627581217309	24.7899720727022
36713	10.9366114071564	15.0551499711674	36.7615253331824	4.11853856401092	25.824913926026
36714	19.0593492970566	17.2700862325974	46.5072448834749	-1.78926306445912	27.4478955864183
36715	19.0593492970566	21.2569715031716	48.2791938926189	2.19762220611507	29.2198445955624
36716	19.0593492970566	19.4850224940276	42.5203596129007	0.42567319697099	23.4610103158441
36717	19.0593492970566	18.5990479894555	46.5072448834749	-0.460301307601057	27.4478955864183
36718	19.0593492970566	15.4981372234534	52.7090664154792	-3.5612120736032	33.6497171184226
36719	19.0593492970566	17.7130734848835	53.1520536677652	-1.34627581217309	34.0927043707086
36720	19.0593492970566	16.3841117280254	38.9764615946125	-2.67523756903115	19.9171122975559
36721	19.0593492970566	18.1560607371695	56.2529644337673	-0.903288559887073	37.1936151367108
36722	19.0593492970566	17.2700862325974	57.5819261906254	-1.78926306445912	38.5225768935688
36723	19.0593492970566	16.3841117280254	56.2529644337673	-2.67523756903115	37.1936151367108
36724	21.4077179708522	5.75241767316089	54.0380281723372	-15.6553002976913	32.630310201485
36725	23.9051023890514	-3.10732737255954	67.7706329932039	-27.012429761611	43.8655306041525
36726	23.9051023890514	11.0682647005931	34.9895763240383	-12.8368376884583	11.0844739349869
36727	23.9051023890514	12.3972264574512	41.6343851083286	-11.5078759316002	17.7292827192772
36728	23.9051023890514	11.0682647005931	42.0773723606147	-12.8368376884583	18.1722699715632
36729	23.9051023890514	11.0682647005931	36.3185380808964	-12.8368376884583	12.413435691845
36730	23.9051023890514	15.9411244757394	44.7352958743308	-7.96397791331203	20.8301934852794
36731	23.9051023890514	15.9411244757394	36.7615253331824	-7.96397791331203	12.856422944131
36732	12.7436790388442	9.39311791983346	31.9714302680909	-3.3505611190107	19.2277512292468
36733	12.7436790388442	5.0511347759378	31.5372319537013	-7.69254426290636	18.7935529148572
36734	12.7436790388442	2.01174657521084	28.9320420673639	-10.7319324636333	16.1883630285198
36735	12.7436790388442	5.91953140471693	31.9714302680909	-6.82414763412723	19.2277512292468
36736	12.7436790388442	10.6957128630022	31.1030336393118	-2.047966175842	18.3593546004676
36737	12.7436790388442	0.274953317652574	24.5900589234683	-12.4687257211916	11.8463798846241
36738	12.7436790388442	2.01174657521084	30.2346370105326	-10.7319324636333	17.4909579716885
36739	12.7436790388442	7.6563246622752	35.0108184688179	-5.08735437656896	22.2671394299737
36740	12.7436790388442	3.7485398327691	35.0108184688179	-8.99513920607506	22.2671394299737
36741	12.7436790388442	4.18273814715867	36.3134134119866	-8.56094089168549	23.5697343731424
36742	12.7436790388442	5.0511347759378	28.9320420673639	-7.69254426290636	16.1883630285198
36743	12.7436790388442	0.709151632042136	28.4978437529744	-12.034527406802	15.7541647141302
36744	12.7436790388442	5.48533309032736	28.4978437529744	-7.2583459485168	15.7541647141302
36745	16	5.48533309032736	50.2077594724527	-10.5146669096726	34.2077594724527
36746	16	9.82731623422303	48.0367679005049	-6.17268376577697	32.0367679005049
36747	-0.297372387058934	7.967353934591	31.8886655580362	8.26472632164994	32.1860379450951
36748	-0.297372387058934	11.0682647005931	29.6737292966061	11.3656370876521	29.971101683665
36749	-0.297372387058934	-1.33537836341544	31.8886655580362	-1.03800597635651	32.1860379450951
36750	-0.297372387058934	3.09449415944476	22.1429460077437	3.3918665465037	22.4403183948026
36751	-0.297372387058934	4.42345591630283	20.3709969985996	4.72082830336176	20.6683693856585
36752	-0.297372387058934	6.63839217773294	23.4719077646018	6.93576456479187	23.7692801516607
36753	-2.2650354456695	1.32254515030068	12.3972264574512	3.58758059597018	14.6622619031207
36754	2.09624201648476	9.73930294373508	33.2176273148942	7.64306092725032	31.1213852984095
36755	2.09624201648476	0.879557898014653	38.5334743423265	-1.21668411847011	36.4372323258417
36756	2.09624201648476	-2.22135286798749	15.4981372234534	-4.31759488447226	13.4018952069686
36757	26.4872166618149	10.6957128630022	51.5103544156214	-15.7915037988128	25.0231377538065
36758	26.4872166618149	11.5641094917813	36.3134134119866	-14.9231071700336	9.82619675017164
36759	26.4872166618149	10.6957128630022	38.918603298324	-15.7915037988128	12.431386636509
36760	26.4872166618149	8.52472129105433	38.0502066695448	-17.9624953707606	11.5629900077299
36761	26.4872166618149	14.6034976925083	59.3259240746336	-11.8837189693067	32.8387074128187
36762	26.4872166618149	10.2615145486126	40.2211982414927	-16.2257021132023	13.7339815796778
36766	-7.20843050444369	2.20851965487272	19.4850224940276	9.41695015931641	26.6934529984713
36771	-7.20843050444369	0.436570645728636	19.0420352417415	7.64500115017233	26.2504657461852
36772	-7.20843050444369	-1.77836561570147	17.7130734848835	5.43006488874222	24.9215039893272
36773	4.80665930848034	7.08137943001896	38.0904870900405	2.27472012153862	33.2838277815601
36774	4.80665930848034	8.41034118687702	33.6606145671802	3.60368187839668	28.8539552586999
36775	4.80665930848034	12.3972264574512	44.7352958743308	7.59056714897087	39.9286365658505
36776	4.80665930848034	12.8402137097372	35.8755508286103	8.0335544012569	31.06889152013
36777	4.80665930848034	2.65150690715875	30.1167165488921	-2.15515240132159	25.3100572404117
36778	4.80665930848034	6.63839217773294	38.9764615946125	1.8317328692526	34.1698022861322
36779	4.80665930848034	3.09449415944476	25.6868440260319	-1.71216514903557	20.8801847175515
36780	4.80665930848034	-0.449403858843411	30.1167165488921	-5.25606316732375	25.3100572404117
36781	4.80665930848034	4.86644316858886	37.2045125854684	0.0597838601085208	32.3978532769881
36782	4.80665930848034	7.52436668230499	31.4456783057501	2.71770737382465	26.6390189972698
36783	4.80665930848034	6.19540492544692	31.8886655580362	1.38874561696658	27.0820062495558
36784	4.80665930848034	11.0682647005931	34.9895763240383	6.26160539211281	30.182917015558
36785	4.80665930848034	12.3972264574512	45.1782831266168	7.59056714897087	40.3716238181365
36786	4.80665930848034	12.8402137097372	33.2176273148942	8.0335544012569	28.4109680064139
36787	4.80665930848034	7.08137943001896	34.1036018194663	2.27472012153862	29.2969425109859
36788	4.80665930848034	6.63839217773294	29.6737292966061	1.8317328692526	24.8670699881257
36789	4.80665930848034	10.1822901960211	31.4456783057501	5.37563088754078	26.6390189972698
36790	4.80665930848034	7.08137943001896	28.344767539748	2.27472012153862	23.5381082312677
36791	31.0660686167892	31.8886655580362	93.4638936257931	0.822596941246918	62.3978250090039
36792	31.339105933038	18.1560607371695	62.8977732180577	-13.1830451958685	31.5586672850197
36793	31.339105933038	17.7130734848835	47.8362066403329	-13.6260324481545	16.497100707295
36794	31.339105933038	17.7130734848835	46.0642576311889	-13.6260324481545	14.7251516981509
36795	31.339105933038	17.7130734848835	52.2660791631931	-13.6260324481545	20.9269732301552
36796	31.339105933038	18.1560607371695	49.608155649477	-13.1830451958685	18.2690497164391
36797	31.0660686167892	12.3972264574512	46.9502321357609	-18.668842159338	15.8841635189716
36798	31.339105933038	19.0420352417415	56.6959516860534	-12.2970706912964	25.3568457530154
36799	31.339105933038	19.4850224940276	54.0380281723372	-11.8540834390104	22.6989222392993
36800	31.339105933038	12.3972264574512	49.165168397191	-18.9418794755867	17.8260624641531
36801	31.0660686167892	15.0551499711674	51.3801046586211	-16.0109186456219	20.3140360418319
36802	20.7426748995995	15.4981372234534	53.1520536677652	-5.24453767614609	32.4093787681657
36803	30.4100925548859	15.0551499711674	38.5334743423265	-15.3549425837185	8.12338178744061
36804	32.1279712708636	21.9848690371309	57.5891308170753	-10.1431022337328	25.4611595462117
36805	12.8458814102182	12.3972264574512	56.6959516860534	-0.448654952767024	43.8500702758351
36806	12.8458814102182	5.30943042087488	41.1913978560426	-7.53645098934336	28.3455164458244
36807	28.2601945549607	15.9411244757394	49.165168397191	-12.3190700792213	20.9049738422303
36808	28.2601945549607	14.6121627188813	42.5203596129007	-13.6480318360794	14.26016505794
36809	28.2601945549607	19.0420352417415	53.1520536677652	-9.21815931321916	24.8918591128045
36810	28.2601945549607	19.0420352417415	58.0249134429114	-9.21815931321916	29.7647188879507
36811	28.2601945549607	17.2700862325974	46.5072448834749	-10.9901083223633	18.2470503285142
36812	28.2601945549607	16.8270989803114	50.4941301540491	-11.4330955746493	22.2339355990884
36813	28.2601945549607	16.3841117280254	46.0642576311889	-11.8760828269353	17.8040630762282
36814	28.2601945549607	17.2700862325974	46.0642576311889	-10.9901083223633	17.8040630762282
36815	28.2601945549607	10.6252774483071	31.0026910534641	-17.6349171066536	2.74249649850342
36816	28.2601945549607	17.2700862325974	54.9240026769093	-10.9901083223633	26.6638081219486
36817	28.2601945549607	16.8270989803114	44.7352958743308	-11.4330955746493	16.4751013193701
36818	28.2601945549607	17.2700862325974	43.8493213697588	-10.9901083223633	15.5891268147981
36819	31.339105933038	17.2700862325974	55.3669899291953	-14.0690197004405	24.0278839961573
36820	31.339105933038	18.5990479894555	54.4810154246233	-12.7400579435824	23.1419094915853
36821	31.339105933038	7.52436668230499	30.1167165488921	-23.814739250733	-1.22238938414588
36822	31.339105933038	6.19540492544692	27.4587930351759	-25.143701007591	-3.88031289786201
36823	22.7666755002047	10.1822901960211	50.9371174063351	-12.5843853041836	28.1704419061303
36824	28.2601945549607	-9.30914890456384	20.8139842508856	-37.5693434595245	-7.44621030407508
36825	28.2601945549607	14.6121627188813	44.7352958743308	-13.6480318360794	16.4751013193701
36826	28.2601945549607	15.9411244757394	49.165168397191	-12.3190700792213	20.9049738422303
36827	10.4087877150719	16.3841117280254	33.2176273148942	5.97532401295356	22.8088395998224
36828	10.4087877150719	14.6121627188813	37.6474998377544	4.20337500380947	27.2387121226826
36829	10.4087877150719	15.0551499711674	32.7746400626082	4.6463622560955	22.3658523475364
36830	23	14.1692993781187	50.2077594724527	-8.83070062188131	27.2077594724527
36831	8.04086940631244	10.1822901960211	23.4719077646018	2.14142078970868	15.4310383582893
36832	8.04086940631244	13.2832009620233	29.23074204432	5.24233155571082	21.1898726380076
36833	8.04086940631244	8.41034118687702	21.2569715031716	0.369471780564581	13.2161020968592
36834	47	19.8138774651831	74.5228650782684	-27.1861225348169	27.5228650782684
36835	58	37.1818100407657	111.429721801382	-20.8181899592343	53.4297218013815
36836	58	32.4056285824805	117.508498202835	-25.5943714175195	59.5084982028355
36837	56	35.879215097597	117.074299888446	-20.120784902403	61.0742998884459
36838	50	33.2740252112596	113.16651505894	-16.7259747887404	63.1665150589398
36839	56	32.4056285824805	129.666051005743	-23.5943714175195	73.6660510057433
36840	56	28.4978437529744	111.429721801382	-27.5021562470256	55.4297218013815
36841	18	20.9597688059562	43.587326078129	2.95976880595616	25.587326078129
36842	18	19.523098502961	43.2281585023803	1.52309850296105	25.2281585023803
36843	19	15.5722551697245	97.8216300161942	-3.42774483027549	78.8216300161942
36844	29	30.6572933511731	62.6232075928141	1.6572933511731	33.6232075928141
36845	29	20.6006012302074	60.8273697140703	-8.39939876979263	31.8273697140703
36847	24	18.2766486798753	50.4228473437197	-5.72335132012473	26.4228473437197
36848	26	17.1681590707772	54.8568057801121	-8.83184092922282	28.8568057801121
36849	110.308247594096	39.7869999271031	119.245291460394	-70.5212476669928	8.9370438662978
36850	19.2657608218373	13.7261882143093	47.8362066403329	-5.539572607528	28.5704458184957
36851	19.2657608218373	11.0682647005931	54.4810154246233	-8.19749612124414	35.215254602786
36852	19.2657608218373	7.52436668230499	49.608155649477	-11.7413941395323	30.3423948276397
36853	19.2657608218373	14.6121627188813	62.0117987134856	-4.65359810295596	42.7460378916483
36854	19.2657608218373	10.1822901960211	54.4810154246233	-9.08347062581617	35.215254602786
36855	19.2657608218373	15.0551499711674	46.5072448834749	-4.21061085066993	27.2414840616376
36856	19.2657608218373	15.0551499711674	49.165168397191	-4.21061085066993	29.8994075753537
36857	19.2657608218373	9.29631569144907	49.165168397191	-9.96944513038822	29.8994075753537
36858	19.2657608218373	11.9542392051652	44.2923086220448	-7.31152161667209	25.0265478002075
36859	2.36658185002451	-0.892391111129427	22.1429460077437	-3.25897296115394	19.7763641577192
36860	-0.595878521114438	4.42345591630283	28.344767539748	5.01933443741727	28.9406460608624
36861	2.36658185002451	-3.10732737255954	22.1429460077437	-5.47390922258405	19.7763641577192
36862	2.36658185002451	5.75241767316089	35.4325635763243	3.38583582313638	33.0659817262998
36863	2.36658185002451	-0.449403858843411	29.23074204432	-2.81598570886792	26.8641601942955
36864	2.36658185002451	3.98046866401681	26.1298312783179	1.6138868139923	23.7632494282934
36865	2.36658185002451	8.85332843916305	30.5597038011781	6.48674658913854	28.1931219511536
36866	2.36658185002451	3.53748141173079	28.787754792034	1.17089956170629	26.4211729420095
36867	2.36658185002451	10.6252774483071	36.7615253331824	8.25869559828262	34.3949434831579
36868	2.36658185002451	5.75241767316089	36.3185380808964	3.38583582313638	33.9519562308719
36869	8.71992366514892	7.52436668230499	21.2569715031716	-1.19555698284393	12.5370478380227
36870	8.71992366514892	5.30943042087488	19.9280097463136	-3.41049324427404	11.2080860811647
36871	8.71992366514892	6.63839217773294	23.4719077646018	-2.08153148741598	14.7519840994528
36872	8.71992366514892	5.30943042087488	20.8139842508856	-3.41049324427404	12.0940605857367
36873	8.71992366514892	6.63839217773294	19.9280097463136	-2.08153148741598	11.2080860811647
36874	8.71992366514892	7.08137943001896	21.6999587554577	-1.63854423512996	12.9800350903088
36875	8.71992366514892	8.41034118687702	20.3709969985996	-0.309582478271897	11.6510733334507
36876	6.50339720293931	6.63839217773294	30.5597038011781	0.134994974793625	24.0563065982388
36877	6.50339720293931	8.41034118687702	28.787754792034	1.90694398393771	22.2843575890947
36878	6.50339720293931	7.08137943001896	36.7615253331824	0.577982227079642	30.2581281302431
36879	6.50339720293931	1.7655324025867	24.8008695214598	-4.73786480035261	18.2974723185205
36880	6.50339720293931	7.08137943001896	27.4587930351759	0.577982227079642	20.9553958322366
36881	31	8.52472129105433	47.1683712717257	-22.4752787089457	16.1683712717257
36882	25	23.0289205123157	101.437664166942	-1.97107948768426	76.4376641669415
36884	40	18.5990479894555	46.0642576311889	-21.4009520105445	6.06425763118885
36885	40	14.1691754665953	53.1520536677652	-25.8308245334047	13.1520536677652
36886	40	-15.0679831842821	161.240943225554	-55.0679831842821	121.240943225554
36887	40	14.1691754665953	53.1520536677652	-25.8308245334047	13.1520536677652
36889	40	15.0551499711674	48.722181144905	-24.9448500288326	8.72218114490498
36900	16.9344187076653	11.5112519528792	50.051142901763	-5.42316675478611	33.1167241940978
36902	26	13.7261882143093	54.9240026769093	-12.2738117856907	28.9240026769093
36903	26	9.29631569144907	53.5950409200512	-16.7036843085509	27.5950409200512
36904	26	12.3972264574512	46.9502321357609	-13.6027735425488	20.9502321357609
36905	26	9.29631569144907	53.5950409200512	-16.7036843085509	27.5950409200512
36917	14.6663456584658	11.9542392051652	44.7352958743308	-2.71210645330064	30.068950215865
36918	14.6663456584658	11.0682647005931	42.9633468651867	-3.59808095787269	28.2970012067209
36920	15.4382805335261	-21.0007640874362	122.71887797551	-36.4390446209623	107.280597441984
36921	15.4382805335261	-22.3033590306049	98.8379706840841	-37.741639564131	83.399690150558
36922	15.4382805335261	-7.10641802697006	136.179025721587	-22.5446985604961	120.740745188061
36924	15.4382805335261	-21.0007640874362	122.71887797551	-36.4390446209623	107.280597441984
36925	15.4382805335261	15.0376960068978	31.9714302680909	-0.400584526628268	16.5331497345648
36928	15.4382805335261	24.1558606090787	53.6813459875692	8.71758007555263	38.2430654540431
36929	15.4382805335261	22.85326566591	49.3393628436736	7.41498513238393	33.9010823101475
36931	6.75168486914703	11.9542392051652	42.5203596129007	5.20255433601817	35.7686747437537
36932	6.75168486914703	12.3972264574512	39.4194488468985	5.64554158830419	32.6677639777515
36933	9.1017847030571	11.0682647005931	37.6474998377544	1.96647999753604	28.5457151346973
36934	9.1017847030571	8.85332843916305	38.5334743423265	-0.248456263894052	29.4316896392694
36935	9.1017847030571	13.2832009620233	46.0642576311889	4.18141625896616	36.9624729281317
36936	9.1017847030571	2.20851965487272	30.1167165488921	-6.89326504818439	21.014931845835
36937	6.46616579055292	12.3972264574512	48.2791938926189	5.93106066689829	41.813028102066
36938	7.9878695993223	7.08137943001896	34.9895763240383	-0.906490169303346	27.001706724716
36939	7.9878695993223	10.6252774483071	39.4194488468985	2.63740784898483	31.4315792475762
36940	5.64867656174677	4.42345591630283	36.3185380808964	-1.22522064544394	30.6698615191496
36941	8.84332870770005	-23.0417537254305	51.8230919109071	-31.8850824331305	42.9797632032071
36942	8.84332870770005	-0.00641660655738008	43.8493213697588	-8.84974531425743	35.0059926620587
36943	11.7441232575775	13.7291469287562	46.1019707536316	1.98502367117872	34.3578474960541
36944	19	8.41034118687702	44.7352958743308	-10.589658813123	25.7352958743308
36946	19	9.29631569144907	48.722181144905	-9.70368430855093	29.722181144905
36947	19	10.6252774483071	51.3801046586211	-8.37472255169287	32.3801046586211
36948	19	10.1822901960211	45.6212703789028	-8.81770980397889	26.6212703789028
36949	18.3018999780645	8.85332843916305	40.3054233514706	-9.44857153890143	22.0035233734061
36950	22.2607171327041	8.85332843916305	37.2045125854684	-13.4073886935411	14.9437954527643
36951	22.2607171327041	9.73930294373508	42.0773723606147	-12.5214141889691	19.8166552279105
36952	22.2607171327041	11.9542392051652	31.8886655580362	-10.3064779275389	9.62794842533202
36953	22.2607171327041	11.5112519528792	31.8886655580362	-10.749465179825	9.62794842533202
36954	22.2607171327041	12.8402137097372	31.0026910534641	-9.4205034229669	8.74197392075997
36955	22.2607171327041	16.3841117280254	44.2923086220448	-5.87660540467873	22.0315914893406
36956	22.2607171327041	17.2700862325974	41.1913978560426	-4.99063090010669	18.9306807233385
36957	22.2607171327041	19.4850224940276	47.3932193880469	-2.77569463867658	25.1325022553428
36958	22.2607171327041	8.85332843916305	31.0026910534641	-13.4073886935411	8.74197392075997
36959	22.2607171327041	14.1691754665953	37.2045125854684	-8.09154166610884	14.9437954527643
36960	22.2607171327041	10.1822901960211	31.8886655580362	-12.078426936683	9.62794842533202
36961	22.2607171327041	17.7130734848835	43.4063341174727	-4.54764364782066	21.1456169847686
36962	22.2607171327041	16.3841117280254	40.7484106037566	-5.87660540467873	18.4876934710525
36963	22.2607171327041	18.5990479894555	42.0773723606147	-3.66166914324863	19.8166552279105
36964	22.2607171327041	17.7130734848835	42.5203596129007	-4.54764364782066	20.2596424801965
36965	22.2607171327041	18.5990479894555	38.9764615946125	-3.66166914324863	16.7157444619084
36966	22.2607171327041	15.4981372234534	43.8493213697588	-6.76257990925077	21.5886042370546
36967	22.2607171327041	11.9542392051652	35.8755508286103	-10.3064779275389	13.6148336959062
36968	22.2607171327041	18.5990479894555	40.7484106037566	-3.66166914324863	18.4876934710525
36969	22.2607171327041	17.2700862325974	37.6474998377544	-4.99063090010669	15.3867827050503
36970	22.2607171327041	12.3972264574512	35.4325635763243	-9.86349067525293	13.1718464436202
36971	22.2607171327041	10.1822901960211	35.4325635763243	-12.078426936683	13.1718464436202
36972	22.2607171327041	12.3972264574512	35.4325635763243	-9.86349067525293	13.1718464436202
36973	22.2607171327041	10.6252774483071	32.7746400626082	-11.635439684397	10.5139229299041
36974	22.2607171327041	18.1560607371695	48.722181144905	-4.10465639553465	26.4614640122008
36975	22.2607171327041	1.7655324025867	36.7615253331824	-20.4951847301174	14.5008082004783
36976	22.2607171327041	8.85332843916305	34.5465890717523	-13.4073886935411	12.2858719390481
36977	22.2607171327041	7.967353934591	34.9895763240383	-14.2933631981131	12.7288591913342
36978	22.2607171327041	11.0682647005931	28.344767539748	-11.192452432111	6.08405040704385
36979	22.2607171327041	10.6252774483071	33.2176273148942	-11.635439684397	10.9569101821901
36980	22.2607171327041	8.41034118687702	35.4325635763243	-13.8503759458271	13.1718464436202
36981	22.2607171327041	11.0682647005931	34.9895763240383	-11.192452432111	12.7288591913342
36982	22.2607171327041	10.6252774483071	32.3316528103222	-11.635439684397	10.070935677618
36983	22.2607171327041	13.2832009620233	32.3316528103222	-8.97751617068089	10.070935677618
36984	22.2607171327041	14.1691754665953	33.2176273148942	-8.09154166610884	10.9569101821901
36985	22.2607171327041	11.5112519528792	34.5465890717523	-10.749465179825	12.2858719390481
36986	22.2607171327041	13.7261882143093	34.1036018194663	-8.53452891839486	11.8428846867621
36987	22.2607171327041	9.29631569144907	35.4325635763243	-12.9644014412551	13.1718464436202
36988	22.2607171327041	10.1822901960211	34.1036018194663	-12.078426936683	11.8428846867621
36989	22.2607171327041	17.2700862325974	42.5203596129007	-4.99063090010669	20.2596424801965
36990	22.2607171327041	10.1822901960211	36.7615253331824	-12.078426936683	14.5008082004783
36991	22.2607171327041	11.5112519528792	34.1036018194663	-10.749465179825	11.8428846867621
36992	22.2607171327041	15.4981372234534	37.2045125854684	-6.76257990925077	14.9437954527643
36993	22.2607171327041	19.0420352417415	42.5203596129007	-3.2186818909626	20.2596424801965
36994	22.2607171327041	10.1822901960211	30.5597038011781	-12.078426936683	8.29898666847396
36995	22.2607171327041	8.85332843916305	31.4456783057501	-13.4073886935411	9.18496117304599
36996	22.2607171327041	7.52436668230499	33.6606145671802	-14.7363504503992	11.3998974344761
36997	22.2607171327041	10.1822901960211	30.1167165488921	-12.078426936683	7.85599941618793
36998	22.2607171327041	10.6252774483071	30.5597038011781	-11.635439684397	8.29898666847396
36999	24.7208043414354	12.8402137097372	33.6606145671802	-11.8805906316982	8.93981022574481
37000	24.7208043414354	12.8402137097372	32.3316528103222	-11.8805906316982	7.61084846888674
37001	24.7208043414354	17.7130734848835	37.6474998377544	-7.00773085655196	12.926695496319
37002	36	30.2346370105326	86.6804178811762	-5.76536298946736	50.6804178811762
37008	-3.60617483067798	-0.449403858843411	21.6999587554577	3.15677097183457	25.3061335861357
37011	-3.60617483067798	2.65150690715875	30.1167165488921	6.25768173783673	33.7228913795701
37013	-3.60617483067798	9.29631569144907	29.6737292966061	12.9024905221271	33.279904127284
37014	-3.60617483067798	-3.99330187713157	27.4587930351759	-0.387127046453587	31.0649678658539
37017	-3.60617483067798	9.29631569144907	31.8886655580362	12.9024905221271	35.4948403887142
37020	-3.60617483067798	-1.33537836341544	27.4587930351759	2.27079646726254	31.0649678658539
37021	-3.36694705346901	1.32254515030068	27.4587930351759	4.68949220376969	30.825740088645
37025	-3.60617483067798	-2.22135286798749	31.0026910534641	1.38482196269049	34.6088658841421
37026	33	19.3796791507935	66.7072954192562	-13.6203208492065	33.7072954192562
37028	14	18.0770842076248	67.5756920480354	4.07708420762479	53.5756920480354
37029	11.2850516559266	1.7655324025867	22.1429460077437	-9.51951925333989	10.8578943518171
37030	11.2850516559266	6.63839217773294	27.0158057828899	-4.64665947819365	15.7307541269633
37031	11.2850516559266	-0.892391111129427	26.1298312783179	-12.177442767056	14.8447796223913
37032	11.2850516559266	-7.53719989541975	25.6868440260319	-18.8222515513463	14.4017923701053
37035	11.2850516559266	3.53748141173079	27.901780287462	-7.7475702441958	16.6167286315354
37036	11.2850516559266	-0.449403858843411	24.3578822691738	-11.73445551477	13.0728306132472
37037	11.2850516559266	-0.449403858843411	24.3578822691738	-11.73445551477	13.0728306132472
37038	11.2850516559266	0.436570645728636	23.0289205123157	-10.848481010198	11.7438688563891
37039	9.84290865784293	7.967353934591	34.5465890717523	-1.87555472325192	24.7036804139094
37041	9.84290865784293	2.65150690715875	31.0026910534641	-7.19140175068418	21.1597823956212
37042	9.84290865784293	3.98046866401681	23.4719077646018	-5.86243999382611	13.6289991067588
37043	11.2850516559266	11.9542392051652	34.5465890717523	0.669187549238604	23.2615374158257
37044	11.2850516559266	0.436570645728636	22.5859332600297	-10.848481010198	11.3008816041031
37045	11.2850516559266	-3.10732737255954	22.1429460077437	-14.3923790284861	10.8578943518171
37046	11.2850516559266	1.7655324025867	22.5859332600297	-9.51951925333989	11.3008816041031
37047	11.2850516559266	4.42345591630283	24.8008695214598	-6.86159573962376	13.5158178655332
37048	11.2850516559266	2.20851965487272	24.3578822691738	-9.07653200105387	13.0728306132472
37049	11.2850516559266	4.42345591630283	34.9895763240383	-6.86159573962376	23.7045246681117
37050	2.37404370014794	7.08137943001896	27.0158057828899	4.70733572987102	24.641762082742
37051	19.6426535904125	15.4981372234534	33.2176273148942	-4.14451636695916	13.5749737244817
37052	19.6426535904125	16.8270989803114	34.1036018194663	-2.8155546101011	14.4609482290537
37053	19.6426535904125	17.7130734848835	46.9502321357609	-1.92958010552905	27.3075785453484
37054	24.8837427496553	18.5990479894555	42.9633468651867	-6.28469476019975	18.0796041155314
37055	19.6426535904125	12.3972264574512	31.8886655580362	-7.24542713296132	12.2460119676236
37056	19.6426535904125	15.4981372234534	32.3316528103222	-4.14451636695916	12.6889992199097
37057	19.6426535904125	15.9411244757394	35.8755508286103	-3.70152911467315	16.2328972381978
37058	19.6426535904125	17.7130734848835	40.3054233514706	-1.92958010552905	20.662769761058
37059	19.6426535904125	20.3709969985996	45.1782831266168	0.728343408187076	25.5356295362043
37060	19.6426535904125	25.2438567737458	44.2923086220448	5.60120318333331	24.6496550316322
37061	19.6426535904125	16.3841117280254	40.3054233514706	-3.25854186238712	20.662769761058
37062	19.6426535904125	17.2700862325974	38.0904870900405	-2.37256735781508	18.4478334996279
37063	24.8837427496553	16.8270989803114	47.3932193880469	-8.05664376934383	22.5094766383917
37064	24.8837427496553	17.7130734848835	37.6474998377544	-7.17066926477178	12.7637570880992
37065	24.8837427496553	18.1560607371695	36.3185380808964	-6.72768201248577	11.4347953312411
37066	24.8837427496553	19.0420352417415	46.0642576311889	-5.84170750791372	21.1805148815336
37067	24.8837427496553	17.7130734848835	46.5072448834749	-7.17066926477178	21.6235021338196
37068	9.68089843224844	11.9542392051652	28.787754792034	2.27334077291675	19.1068563597856
37069	10.0195825255677	4.86644316858886	25.2438567737458	-5.15313935697882	15.2242742481782
37070	10.0195825255677	-0.00641660655738008	16.3841117280254	-10.0259991321251	6.36452920245774
37071	10.0195825255677	11.9542392051652	32.7746400626082	1.93465667959751	22.7550575370405
37072	10.0195825255677	8.41034118687702	31.8886655580362	-1.60924133869066	21.8690830324685
37073	10.0195825255677	7.08137943001896	27.0158057828899	-2.93820309554873	16.9962232573222
37074	10.0195825255677	12.8402137097372	48.2791938926189	2.82063118416956	38.2596113670513
37075	10.0195825255677	14.6121627188813	42.5203596129007	4.59258019331364	32.500777087333
37076	10.0195825255677	8.41034118687702	31.0026910534641	-1.60924133869066	20.9831085278964
37077	10.0195825255677	4.42345591630283	21.2569715031716	-5.59612660926485	11.237388977604
37078	10.0195825255677	9.29631569144907	27.901780287462	-0.723266834118615	17.8821977618943
37079	10.0195825255677	12.3972264574512	39.4194488468985	2.37764393188353	29.3998663213309
37080	10.0195825255677	14.1691754665953	38.5334743423265	4.14959294102762	28.5138918167588
37081	15.0615514636071	11.9542392051652	30.1167165488921	-3.10731225844189	15.055165085285
37082	15.0615514636071	9.73930294373508	33.2176273148942	-5.322248519872	18.1560758512871
37083	15.0615514636071	6.63839217773294	32.3316528103222	-8.42315928587414	17.2701013467151
37084	11.8409602202956	13.7261882143093	37.6474998377544	1.88522799401366	25.8065396174588
37085	11.8409602202956	7.967353934591	31.8886655580362	-3.87360628570463	20.0477053377405
37086	11.8409602202956	5.75241767316089	30.5597038011781	-6.08854254713474	18.7187435808825
37087	11.8409602202956	9.29631569144907	29.6737292966061	-2.54464452884656	17.8327690763104
37088	11.8409602202956	7.08137943001896	33.6606145671802	-4.75958079027668	21.8196543468846
37089	22.7011671133657	8.41034118687702	27.4587930351759	-14.2908259264886	4.75762592181028
37090	22.7011671133657	16.3841117280254	37.6474998377544	-6.31705538534025	14.9463327243888
37091	22.7011671133657	17.2700862325974	34.1036018194663	-5.43108088076821	11.4024347061006
37092	22.7011671133657	9.73930294373508	25.2438567737458	-12.9618641696306	2.54268966038018
37093	40	14.6034976925083	59.3259240746336	-25.3965023074917	19.3259240746336
37094	20.1059964971818	19.4850224940276	50.9371174063351	-0.620974003154203	30.8311209091533
37095	23.7358753468964	25.0242572378579	68.0098903624249	1.28838189096143	44.2740150155285
37096	23.7358753468964	17.6428858932352	62.7995105897501	-6.0929894536612	39.0636352428537
37097	23.7358753468964	18.9454808364039	47.1683712717257	-4.7903945104925	23.4324959248293
37098	-7.92121282979015	-1.33537836341544	14.1691754665953	6.58583446637471	22.0903882963855
37099	-7.92121282979015	1.32254515030068	16.3841117280254	9.24375798009084	24.3053245578156
37100	-7.92121282979015	0.436570645728636	15.4981372234534	8.35778347551879	23.4193500532435
37101	-7.92121282979015	-2.66434012027351	11.0682647005931	5.25687270951665	18.9894775303833
37102	-7.92121282979015	-3.55031462484556	10.6252774483071	4.3708982049446	18.5464902780973
37103	-7.92121282979015	-2.66434012027351	11.0682647005931	5.25687270951665	18.9894775303833
37104	-7.92121282979015	-3.55031462484556	11.5112519528792	4.3708982049446	19.4324647826693
37105	-7.92121282979015	-3.99330187713157	11.5112519528792	3.92791095265858	19.4324647826693
37106	-7.92121282979015	-4.87927638170362	9.29631569144907	3.04193644808653	17.2175285212392
37107	-7.92121282979015	-1.77836561570147	11.5112519528792	6.14284721408868	19.4324647826693
37109	17.181526809537	2.65150690715875	35.8755508286103	-14.5300199023782	18.6940240190734
37110	15.9120712803491	1.7655324025867	29.23074204432	-14.1465388777624	13.318670763971
37111	15.9120712803491	-0.449403858843411	23.9148950168878	-16.3614751391925	8.0028237365387
37112	15.9120712803491	0.436570645728636	29.6737292966061	-15.4755006346204	13.761658016257
37113	17.181526809537	-3.55031462484556	23.4719077646018	-20.7318414343825	6.29038095506476
37114	17.181526809537	-2.66434012027351	24.8008695214598	-19.8458669298105	7.61934271192283
37115	15.9120712803491	-4.4362891294176	22.1429460077437	-20.3483604097667	6.23087472739461
37116	15.9120712803491	-2.66434012027351	23.9148950168878	-18.5764114006226	8.0028237365387
37117	14.7116472073246	3.09449415944476	27.901780287462	-11.6171530478798	13.1901330801374
37118	14.7116472073246	-5.32226363398964	19.9280097463136	-20.0339108413142	5.21636253898902
37119	14.7116472073246	1.32254515030068	27.0158057828899	-13.3891020570239	12.3041585755654
37120	17.181526809537	-3.99330187713157	22.1429460077437	-21.1748286866686	4.9614191982067
37121	14.7116472073246	-0.449403858843411	29.6737292966061	-15.161051066168	14.9620820892815
37122	14.7116472073246	-7.09421264313373	21.6999587554577	-21.8058598504583	6.98831154813312
37123	14.7116472073246	0.879557898014653	25.6868440260319	-13.8320893093099	10.9751968187073
37124	14.7116472073246	-13.296034175138	24.3578822691738	-28.0076813824626	9.64623506184925
37125	14.7116472073246	-0.00641660655738008	27.0158057828899	-14.7180638138819	12.3041585755654
37126	17.181526809537	-11.96707241828	23.4719077646018	-29.148599227817	6.29038095506476
37127	14.7116472073246	2.20851965487272	30.5597038011781	-12.5031275524518	15.8480565938535
37128	14.7116472073246	-3.10732737255954	23.4719077646018	-17.8189745798841	8.7602605572772
37129	17.181526809537	-6.20823813856168	21.6999587554577	-23.3897649480987	4.51843194592068
37130	17.181526809537	-6.6512253908477	21.2569715031716	-23.8327522003847	4.07544469363465
37131	17.181526809537	-5.76525088627567	23.9148950168878	-22.9467776958127	6.73336820735079
37132	17.181526809537	-6.20823813856168	21.6999587554577	-23.3897649480987	4.51843194592068
37133	17.181526809537	-2.66434012027351	23.4719077646018	-19.8458669298105	6.29038095506476
37134	17.181526809537	1.7655324025867	24.8008695214598	-15.4159944069503	7.61934271192283
37135	17.181526809537	5.75241767316089	33.2176273148942	-11.4291091363761	16.0361005053572
37136	14.7116472073246	4.42345591630283	29.23074204432	-10.2881912910217	14.5190948369955
37137	14.7116472073246	-15.5109704365681	21.2569715031716	-30.2226176438927	6.54532429584709
37138	14.7116472073246	4.86644316858886	28.344767539748	-9.84520403873569	13.6331203324234
37139	17.181526809537	-1.77836561570147	23.0289205123157	-18.9598924252385	5.84739370277875
37140	15.9120712803491	-4.4362891294176	22.1429460077437	-20.3483604097667	6.23087472739461
37141	14.7116472073246	0.436570645728636	25.2438567737458	-14.2750765615959	10.5322095664213
37142	13.8595172921895	4.42345591630283	31.8886655580362	-9.43606137588672	18.0291482658466
37143	17.181526809537	1.7655324025867	26.5728185306039	-15.4159944069503	9.39129172106692
37144	17.181526809537	-2.22135286798749	20.8139842508856	-19.4028796775245	3.63245744134863
37145	17.181526809537	-6.6512253908477	22.1429460077437	-23.8327522003847	4.9614191982067
37146	17.181526809537	-5.76525088627567	22.5859332600297	-22.9467776958127	5.40440645049271
37147	17.181526809537	-5.76525088627567	23.0289205123157	-22.9467776958127	5.84739370277875
37148	17.181526809537	1.7655324025867	26.5728185306039	-15.4159944069503	9.39129172106692
37149	17.181526809537	-3.55031462484556	22.5859332600297	-20.7318414343825	5.40440645049271
37150	17.181526809537	6.19540492544692	30.5597038011781	-10.9861218840901	13.3781769916411
37151	9.31636719220202	-0.00641660655738008	34.1036018194663	-9.3227837987594	24.7872346272643
37152	9.31636719220202	11.5112519528792	51.8230919109071	2.19488476067716	42.5067247187051
37153	9.31636719220202	7.967353934591	37.2045125854684	-1.34901325761102	27.8881453932664
37154	9.31636719220202	4.42345591630283	49.165168397191	-4.89291127589919	39.848801204989
37155	9.31636719220202	1.7655324025867	33.2176273148942	-7.55083478961532	23.9012601226922
37156	9.31636719220202	-10.1951234091359	20.3709969985996	-19.5114906013379	11.0546298063976
37157	9.31636719220202	-3.99330187713157	38.5334743423265	-13.3096690693336	29.2171071501244
37158	9.31636719220202	-0.892391111129427	37.6474998377544	-10.2087583033315	28.3311326455524
37159	9.31636719220202	-0.00641660655738008	38.0904870900405	-9.3227837987594	28.7741198978384
37160	2.77616840948254	4.42345591630283	40.3054233514706	1.64728750682029	37.529254941988
37161	2.77616840948254	3.98046866401681	38.9764615946125	1.20430025453427	36.20029318513
37162	2.77616840948254	4.42345591630283	38.9764615946125	1.64728750682029	36.20029318513
37163	3.78882698594595	-10.1951234091359	20.8139842508856	-13.9839503950818	17.0251572649397
37164	3.78882698594595	-5.32226363398964	22.5859332600297	-9.11109061993558	18.7971062740838
37165	3.78882698594595	-7.98018714770578	23.4719077646018	-11.7690141336517	19.6830807786558
37166	3.78882698594595	1.7655324025867	39.8624360991846	-2.02329458335925	36.0736091132386
37167	3.78882698594595	-2.22135286798749	34.1036018194663	-6.01017985393344	30.3147748335203
37168	3.78882698594595	3.09449415944476	45.6212703789028	-0.694332826501181	41.8324433929569
37169	3.78882698594595	5.75241767316089	37.6474998377544	1.96359068721495	33.8586728518085
37170	3.78882698594595	1.32254515030068	38.0904870900405	-2.46628183564526	34.3016601040945
37171	3.78882698594595	-5.32226363398964	38.9764615946125	-9.11109061993558	35.1876346086666
37172	3.78882698594595	3.98046866401681	31.0026910534641	0.191641678070866	27.2138640675182
37173	3.78882698594595	1.7655324025867	39.4194488468985	-2.02329458335925	35.6306218609526
37174	3.78882698594595	3.09449415944476	39.8624360991846	-0.694332826501181	36.0736091132386
37175	3.78882698594595	-9.30914890456384	19.4850224940276	-13.0979758905098	15.6961955080816
37176	3.78882698594595	3.98046866401681	35.4325635763243	0.191641678070866	31.6437365903784
37177	3.78882698594595	-8.42317439999179	22.1429460077437	-12.2120013859377	18.3541190217977
37178	3.78882698594595	-4.4362891294176	22.1429460077437	-8.22511611536355	18.3541190217977
37179	3.78882698594595	3.53748141173079	40.7484106037566	-0.251345574215151	36.9595836178107
37180	3.78882698594595	3.53748141173079	52.2660791631931	-0.251345574215151	48.4772521772472
37181	3.78882698594595	13.2832009620233	50.9371174063351	9.49437397607731	47.1482904203891
37182	3.78882698594595	4.42345591630283	45.6212703789028	0.634628930356882	41.8324433929569
37183	3.78882698594595	3.53748141173079	33.6606145671802	-0.251345574215151	29.8717875812343
37184	3.78882698594595	3.09449415944476	33.2176273148942	-0.694332826501181	29.4288003289483
37186	17	-0.593443311126563	69.3124853055936	-17.5934433111266	52.3124853055936
37187	24.9798287219377	6.19540492544692	38.5334743423265	-18.7844237964908	13.5536456203888
37188	24.9798287219377	16.8270989803114	31.0026910534641	-8.15272974162626	6.02286233152642
37189	18	22.1429460077437	54.9240026769093	4.14294600774369	36.9240026769093
37190	18	17.2700862325974	58.4679006951975	-0.72991376740255	40.4679006951975
37191	18	20.8139842508856	65.1127094794878	2.81398425088562	47.1127094794878
37192	18	23.9148950168878	50.4941301540491	5.91489501688778	32.4941301540491
37193	18	14.6121627188813	57.1389389383394	-3.38783728111868	39.1389389383394
37194	40	22.5859332600297	54.0380281723372	-17.4140667399703	14.0380281723372
37195	40	22.5859332600297	53.5950409200512	-17.4140667399703	13.5950409200512
37196	13.3380584757682	21.2569715031716	57.1389389383394	7.91891302740341	43.8008804625712
37197	13.3380584757682	24.3578822691738	51.3801046586211	11.0198237934056	38.0420461828529
37198	13.3380584757682	27.901780287462	65.9986839840598	14.5637218116937	52.6606255082916
37199	13.3380584757682	27.0158057828899	60.6828369566276	13.6777473071217	47.3447784808593
37200	13.3380584757682	26.1298312783179	65.5556967317738	12.7917728025496	52.2176382560056
37201	13.3380584757682	21.2569715031716	55.3669899291953	7.91891302740341	42.0289314534271
37202	13.3380584757682	23.0289205123157	51.3801046586211	9.69086203654751	38.0420461828529
37203	13.3380584757682	12.8402137097372	53.1520536677652	-0.497844766030989	39.813995191997
37204	48	14.6121627188813	54.9240026769093	-33.3878372811187	6.92400267690927
37205	13.3380584757682	19.4850224940276	51.3801046586211	6.14696401825933	38.0420461828529
37206	13.3380584757682	24.3578822691738	63.7837477226297	11.0198237934056	50.4456892468615
37207	13.3380584757682	22.5859332600297	62.4547859657716	9.24787478426147	49.1167274900034
37208	40	28.787754792034	64.6697222272017	-11.212245207966	24.6697222272017
37209	22	19.0314736272994	48.8113171387916	-2.96852637270062	26.8113171387916
37210	22	19.7759697150867	45.0888366998551	-2.22403028491333	23.0888366998551
37211	22	20.520465802874	44.3443406120677	-1.47953419712601	22.3443406120677
37212	20	19.7759697150867	43.9720925681741	-0.224030284913326	23.9720925681741
37213	22	17.5424814517248	50.6725573582599	-4.45751854827525	28.6725573582599
37214	12	17.7130734848835	46.5072448834749	5.71307348488348	34.5072448834749
37215	11.2081550721849	9.73930294373508	27.4587930351759	-1.46885212844982	16.250637962991
37216	11.2081550721849	10.6252774483071	27.4587930351759	-0.582877623877772	16.250637962991
37217	9.82564538862679	13.2832009620233	37.6474998377544	3.45755557339647	27.8218544491276
37218	9.82564538862679	12.8402137097372	27.4587930351759	3.01456832111045	17.6331476465492
37219	9.82564538862679	13.2832009620233	29.23074204432	3.45755557339647	19.4050966556932
37220	9.82564538862679	14.1691754665953	38.9764615946125	4.34353007796851	29.1508162059857
37221	9.82564538862679	11.5112519528792	27.901780287462	1.68560656425239	18.0761348988352
37222	10.7894816469752	15.4981372234534	37.2045125854684	4.70865557647818	26.4150309384932
37223	10.7894816469752	12.3972264574512	32.3316528103222	1.60774481047602	21.542171163347
37224	46.8236342032949	25.2438567737458	91.6919446166491	-21.579777429549	44.8683104133542
37225	51	8.44345392431081	123.033831309779	-42.5565460756892	72.0338313097794
37226	30	15.906092635677	62.3653122753606	-14.093907364323	32.3653122753606
37227	30	18.0770842076248	51.5103544156214	-11.9229157923752	21.5103544156214
37228	30	14.6034976925083	96.6669791121363	-15.3965023074917	66.6669791121363
37229	30	18.0770842076248	54.9839409307379	-11.9229157923752	24.9839409307379
37230	30	23.2874639802996	64.5363038473084	-6.71253601970042	34.5363038473084
37231	-1.56966194339042	-18.1688939502843	46.5072448834749	-16.5992320068938	48.0769068268653
37232	17.7028627842136	14.1691754665953	68.6566074977759	-3.53368731761825	50.9537447135624
37233	14	19.4850224940276	92.1349318689351	5.48502249402756	78.1349318689351
37234	26	15.4981372234534	51.8230919109071	-10.5018627765466	25.8230919109071
37235	57	4.86644316858886	155.482108945836	-52.1335568314111	98.4821089458362
37236	42	21.1164724083518	101.443160570422	-20.8835275916482	59.4431605704215
37237	42	24.5900589234683	115.337506630888	-17.4099410765317	73.3375066308876
37238	20.165447865623	11.9542392051652	38.5334743423265	-8.21120866045779	18.3680264767035
37240	20.165447865623	15.9411244757394	28.344767539748	-4.22432338988359	8.17931967412501
37241	20.165447865623	15.0551499711674	25.6868440260319	-5.11029789445563	5.52139616040888
37246	22.8541959583897	19.4850224940276	43.8493213697588	-3.36917346436209	20.9951254113691
37247	22.8541959583897	16.8270989803114	39.8624360991846	-6.02709697807822	17.0082401407949
37248	22.8541959583897	14.6121627188813	47.3932193880469	-8.24203323950833	24.5390234296573
37249	9.40078397796874	12.8402137097372	30.1167165488921	3.4394297317685	20.7159325709233
37250	15.6717463873664	17.2700862325974	38.9764615946125	1.59833984523104	23.3047152072461
37251	9.40078397796874	14.1691754665953	34.5465890717523	4.76839148862656	25.1458050937835
37252	9.40078397796874	17.2700862325974	37.6474998377544	7.86930225462871	28.2467158597857
37253	9.40078397796874	11.0682647005931	31.4456783057501	1.6674807226244	22.0448943277814
37254	9.40078397796874	17.2700862325974	34.5465890717523	7.86930225462871	25.1458050937835
37255	9.40078397796874	11.9542392051652	36.7615253331824	2.55345522719645	27.3607413552137
37256	9.40078397796874	11.9542392051652	34.9895763240383	2.55345522719645	25.5887923460696
37257	9.40078397796874	16.3841117280254	33.2176273148942	6.98332775005667	23.8168433369255
37258	9.74512459388434	12.8402137097372	27.4587930351759	3.09508911585291	17.7136684412916
37259	9.40078397796874	16.8270989803114	40.3054233514706	7.42631500234269	30.9046393735018
37260	9.40078397796874	13.7261882143093	38.0904870900405	4.32540423634055	28.6897031120717
37261	9.40078397796874	13.2832009620233	33.6606145671802	3.88241698405452	24.2598305892115
37262	9.40078397796874	15.9411244757394	34.9895763240383	6.54034049777064	25.5887923460696
37263	9.40078397796874	8.41034118687702	45.1782831266168	-0.990442791091724	35.7774991486481
37264	9.40078397796874	12.8402137097372	37.2045125854684	3.4394297317685	27.8037286074997
37265	9.40078397796874	11.9542392051652	38.9764615946125	2.55345522719645	29.5756776166438
37266	9.40078397796874	11.0682647005931	29.6737292966061	1.6674807226244	20.2729453186373
37267	9.40078397796874	14.6121627188813	38.9764615946125	5.21137874091258	29.5756776166438
37268	9.40078397796874	8.41034118687702	26.5728185306039	-0.990442791091724	17.1720345526352
37269	9.40078397796874	10.1822901960211	31.4456783057501	0.781506218052371	22.0448943277814
37270	9.40078397796874	15.4981372234534	32.7746400626082	6.09735324548463	23.3738560846395
37271	9.40078397796874	8.41034118687702	28.787754792034	-0.990442791091724	19.3869708140653
37272	9.40078397796874	11.0682647005931	31.0026910534641	1.6674807226244	21.6019070754954
37273	9.40078397796874	14.6121627188813	42.9633468651867	5.21137874091258	33.562562887218
37274	9.40078397796874	10.6252774483071	31.0026910534641	1.22449347033839	21.6019070754954
37275	9.40078397796874	9.29631569144907	29.23074204432	-0.104468286519676	19.8299580663513
37276	9.40078397796874	12.3972264574512	31.4456783057501	2.99644247948247	22.0448943277814
37277	9.40078397796874	13.7261882143093	32.3316528103222	4.32540423634055	22.9308688323534
37278	9.40078397796874	12.3972264574512	34.5465890717523	2.99644247948247	25.1458050937835
37279	9.40078397796874	14.1691754665953	37.2045125854684	4.76839148862656	27.8037286074997
37280	9.40078397796874	14.1691754665953	34.9895763240383	4.76839148862656	25.5887923460696
37281	9.40078397796874	13.2832009620233	38.5334743423265	3.88241698405452	29.1326903643577
37282	9.40078397796874	8.41034118687702	36.7615253331824	-0.990442791091724	27.3607413552137
37283	9.40078397796874	14.1691754665953	33.6606145671802	4.76839148862656	24.2598305892115
37284	9.40078397796874	7.967353934591	30.1167165488921	-1.43343004337774	20.7159325709233
37285	9.40078397796874	13.2832009620233	31.4456783057501	3.88241698405452	22.0448943277814
37286	9.40078397796874	6.19540492544692	25.2438567737458	-3.20537905252182	15.8430727957771
37287	9.40078397796874	12.8402137097372	30.1167165488921	3.4394297317685	20.7159325709233
37288	22.6989706260804	15.4981372234534	39.4194488468985	-7.20083340262705	16.7204782208181
37289	22.6989706260804	21.6999587554577	42.0773723606147	-0.999011870622752	19.3784017345342
37290	22.6989706260804	19.4850224940276	42.0773723606147	-3.21394813205286	19.3784017345342
37291	22.6989706260804	21.6999587554577	40.7484106037566	-0.999011870622752	18.0494399776762
37292	14.9585903489702	16.8270989803114	35.4325635763243	1.86850863134121	20.4739732273541
37293	29.4794527058126	21.2569715031716	40.3054233514706	-8.22248120264099	10.8259706456579
37294	29.4794527058126	14.1691754665953	37.6474998377544	-15.3102772392173	8.1680471319418
37295	29.4794527058126	15.0551499711674	37.2045125854684	-14.4243027346453	7.72505987965577
37296	29.4794527058126	20.3709969985996	38.9764615946125	-9.10845570721303	9.49700888879987
37297	29.4794527058126	15.4981372234534	38.0904870900405	-13.9813154823593	8.61103438422784
37298	29.4794527058126	18.1560607371695	36.7615253331824	-11.3233919686431	7.28207262736977
37299	29.4794527058126	19.0420352417415	41.6343851083286	-10.4374174640711	12.154932402516
37300	24.9945835038025	17.7130734848835	31.4456783057501	-7.281510018919	6.45109480194765
37301	24.9945835038025	19.0420352417415	38.5334743423265	-5.95254826206094	13.538890838524
37302	22.6989706260804	16.3841117280254	42.5203596129007	-6.31485889805501	19.8213889868203
37304	8.13550722374871	8.41034118687702	26.1298312783179	0.274833963128314	17.9943240545692
37305	8.13550722374871	7.52436668230499	30.5597038011781	-0.611140541443719	22.4241965774294
37306	8.13550722374871	8.85332843916305	29.23074204432	0.717821215414345	21.0952348205713
37307	7.21284234410451	11.9542392051652	30.1167165488921	4.74139686106068	22.9038742047876
37308	7.21284234410451	3.98046866401681	37.6474998377544	-3.2323736800877	30.4346574936499
37309	7.21284234410451	9.73930294373508	26.1298312783179	2.52646059963057	18.9169889342134
37310	51	16.7744892644561	59.7601223890232	-34.2255107355439	8.76012238902315
37311	26.8327423147971	18.5112825220144	51.5103544156214	-8.32145979278279	24.6776121008242
37312	26.8327423147971	17.2086875788457	54.9839409307379	-9.62405473595149	28.1511986159408
37313	65	26.3268521810266	55.4181392451275	-38.6731478189734	-9.58186075487252
37314	27.0177655205918	17.2086875788457	51.5103544156214	-9.80907794174614	24.4925888950296
37315	27.0177655205918	17.2086875788457	51.944552730011	-9.80907794174614	24.9267872094192
37316	46	14.6034976925083	55.852337559517	-31.3965023074917	9.85233755951704
37317	20.4059702682323	13.7261882143093	43.8493213697588	-6.67978205392302	23.4433511015264
37318	21.4812080275512	17.7130734848835	34.9895763240383	-3.76813454266767	13.5083682964872
37319	21.4812080275512	13.2832009620233	35.8755508286103	-8.1980070655279	14.3943428010592
37320	21.4812080275512	16.3841117280254	34.9895763240383	-5.09709629952574	13.5083682964872
37321	21.4812080275512	12.3972264574512	34.5465890717523	-9.08398157009994	13.0653810442011
37322	21.4812080275512	17.7130734848835	39.4194488468985	-3.76813454266767	17.9382408193474
37323	21.4812080275512	16.8270989803114	36.7615253331824	-4.65410904723972	15.2803173056313
37324	21.4812080275512	11.0682647005931	33.6606145671802	-10.412943326958	12.1794065396291
37325	21.4812080275512	14.6121627188813	36.7615253331824	-6.86904530866983	15.2803173056313
37326	20.4059702682323	15.4981372234534	37.2045125854684	-4.90783304477894	16.7985423172361
37327	18.1195031107686	7.967353934591	41.6343851083286	-10.1521491761776	23.51488199756
37328	18.1195031107686	-37.2173457985832	145.736389395544	-55.3368489093518	127.616886284775
37330	18.1195031107686	7.967353934591	32.7746400626082	-10.1521491761776	14.6551369518396
37331	18.1195031107686	-3.10732737255954	37.2045125854684	-21.2268304833282	19.0850094746998
37332	18.1195031107686	-0.892391111129427	37.6474998377544	-19.0118942218981	19.5279967269858
37337	18.1195031107686	12.3972264574512	28.344767539748	-5.72227665331743	10.2252644289793
37339	18.1195031107686	-7.09421264313373	117.385205249238	-25.2137157539024	99.2657021384696
37340	18.1195031107686	-26.1426644914327	55.3669899291953	-44.2621676022013	37.2474868184267
37342	18.1195031107686	13.7261882143093	45.6212703789028	-4.39331489645935	27.5017672681342
37343	18.1195031107686	13.7261882143093	33.2176273148942	-4.39331489645935	15.0981242041256
37344	16.7802912875658	-1.77836561570147	45.1782831266168	-18.5586569032673	28.397991839051
37347	16.7802912875658	13.7261882143093	31.0026910534641	-3.05410307325653	14.2223997658983
37348	20.4059702682323	15.4981372234534	38.5334743423265	-4.90783304477894	18.1275040740942
37349	20.4059702682323	14.6121627188813	36.7615253331824	-5.79380754935099	16.3555550649501
