36455	-102	-86.1294577430386	-78.5085490962384	15.8705422569614	23.4914509037616
36456	-102	-87.3019052271617	-82.0258915486077	14.6980947728383	19.9741084513923
36457	-102	-91.4054714215926	-86.7156814851002	10.5945285784074	15.2843185148998
36458	-102	-89.0605764533464	-83.7845627747924	12.9394235466536	18.2154372252076
36459	-102	-158.52808988764	-149.734733756717	-56.5280898876404	-47.7347337567172
36460	-102	-61.8011724474841	-54.1802638006839	40.1988275525159	47.8197361993161
36461	-41	-12.095261358085	-5.24816805080604	28.904738641915	35.751831949194
36463	-31	-20.0835368832438	-6.67464582315586	10.9164631167562	24.3253541768441
36465	-31	-76.0014655593552	-72.2926233512457	-45.0014655593552	-41.2926233512457
36466	-31	-77.7132388861749	-74.2896922325354	-46.7132388861749	-43.2896922325354
36467	-31	-9.24230581338543	-4.67757694186616	21.7576941866146	26.3224230581338
36468	-35	-4.10698583292623	2.16951636541279	30.8930141670738	37.1695163654128
36469	-35	1.31362970200291	6.73424523693211	36.3136297020029	41.7342452369321
36470	-35	-19.5129457743039	-10.3834880312653	15.4870542256961	24.6165119687347
36471	-35	-8.67171470444555	-3.53639472398635	26.3282852955545	31.4636052760137
36472	-35	-9.24230581338543	-4.10698583292623	25.7576941866146	30.8930141670738
36473	-35	-75.7161700048852	-69.1543722520762	-40.7161700048852	-34.1543722520762
36474	-35	-5.24816805080604	-0.968734733756719	29.751831949194	34.0312652662433
36475	-35	-6.38935026868592	-1.53932584269666	28.6106497313141	33.4606741573033
36476	-35	-6.67464582315586	-1.53932584269666	28.3253541768441	33.4606741573033
36477	-35	1.59892525647285	6.16365412799217	36.5989252564729	41.1636541279922
36478	-16	-28.6609672691744	-19.2784562774792	-12.6609672691744	-3.27845627747922
36479	-16	-15.866634098681	-10.4645823155838	0.133365901318996	5.53541768441619
36480	-16	-18.9941377625794	-12.7391304347826	-2.99413776257938	3.26086956521738
36481	-16	-27.2393746946751	-20.9843673668784	-11.2393746946751	-4.98436736687836
36482	-16	-22.1216414264778	-16.4352711284807	-6.12164142647777	-0.435271128480736
36483	-16	2.04543234000977	6.59452857840739	18.0454323400098	22.5945285784074
36484	-12	-7.81582804103567	-1.8246213971666	4.18417195896433	10.1753786028334
36485	-12	-7.81582804103567	0.457743038593037	4.18417195896433	12.457743038593
36486	-12	-7.53053248656573	-2.10991695163654	4.46946751343427	9.89008304836346
36487	-11	-12.9511480214949	-8.38641914997561	-1.95114802149487	2.61358085002439
36488	-71	-85.9995114802149	-76.942354665364	-14.9995114802149	-5.94235466536395
36493	-88	-83.0674157303371	-75.0083048363459	4.93258426966293	12.9916951636541
36494	-88	-83.6643869076697	-77.6946751343429	4.33561309233028	10.3053248656571
36496	-88	-90.5295554469956	-80.6795310210063	-2.52955544699557	7.32046897899369
36498	14	14.4391792867611	19.8505129457743	0.439179286761146	5.85051294577431
36499	57	9.19296531509525	15.8739618954568	-47.8070346849047	-41.1260381045432
36501	-91	-158.016609672692	-148.601856375183	-67.0166096726917	-57.6018563751832
36502	-91	-81.2721055202736	-74.1397166585247	9.72789447972644	16.8602833414753
36503	-97	-87.2203224230581	-81.5955056179776	9.77967757694188	15.4044943820224
36504	-97	-88.1084513922814	-82.4836345872008	8.89154860771862	14.5163654127992
36505	-97	-86.628236443576	-81.0034196384954	10.371763556424	15.9965803615046
36506	-97	-86.628236443576	-81.5955056179776	10.371763556424	15.4044943820224
36507	-97	-87.8124084025403	-80.4113336590132	9.18759159745969	16.5886663409868
36508	-97	-84.8519785051295	-78.9311187103078	12.1480214948705	18.0688812896922
36509	-97	-85.4440644846117	-79.819247679531	11.5559355153883	17.180752320469
36510	-97	-86.628236443576	-81.5955056179776	10.371763556424	15.4044943820224
36511	-97	-86.9242794333171	-81.8915486077186	10.0757205666829	15.1084513922814
36512	-97	-86.0361504640938	-80.7073766487543	10.9638495359062	16.2926233512457
36513	-97	-85.4440644846117	-79.819247679531	11.5559355153883	17.180752320469
36514	-97	-84.8519785051295	-78.9311187103078	12.1480214948705	18.0688812896922
36515	-97	-86.9242794333171	-80.7073766487543	10.0757205666829	16.2926233512457
36516	-97	-86.9242794333171	-81.2994626282364	10.0757205666829	15.7005373717636
36517	-97	-88.9965803615046	-82.7796775769419	8.00341963849536	14.2203224230581
36518	-97	-85.1480214948705	-79.52320468979	11.8519785051295	17.47679531021
36519	-97	-86.0361504640938	-79.52320468979	10.9638495359062	17.47679531021
36520	-97	-85.7401074743527	-80.4113336590132	11.2598925256473	16.5886663409868
36521	-70	-79.1875915974597	-68.105031753786	-9.18759159745969	1.89496824621398
36522	-70	-80.3541768441622	-74.2296042989741	-10.3541768441622	-4.2296042989741
36523	-70	-80.3541768441622	-72.4797264289203	-10.3541768441622	-2.47972642892034
36524	-70	-78.0210063507572	-71.6047874938935	-8.0210063507572	-1.60478749389347
36525	-70	-82.6873473375671	-75.3961895456766	-12.6873473375671	-5.39618954567658
36526	-70	-88.228627259404	-83.2706399609184	-18.228627259404	-13.2706399609184
36527	-118	-96.7342452369321	-89.3820224719101	21.2657547630679	28.6179775280899
36528	-118	-93.4992672203225	-87.0293111871031	24.5007327796775	30.9706888128969
36529	-118	-85.8529555446996	-80.5593551538838	32.1470444553004	37.4406448461162
36530	-118	-88.7938446507084	-83.7943331704934	29.2061553492916	34.2056668295066
36531	-118	-90.2642892037127	-84.9706888128969	27.7357107962873	33.0293111871031
36532	-118	-89.676111382511	-82.6179775280899	28.323888617489	35.3820224719101
36533	-118	-90.8524670249145	-82.9120664386908	27.1475329750855	35.0879335613092
36534	-70	-85.3121641426478	-76.5627747923791	-15.3121641426478	-6.56277479237906
36536	-44	-11.6267708842208	-7.62579384465067	32.3732291157792	36.3742061553493
36537	-44	-11.3409868099658	-7.91157791890566	32.6590131900342	36.0884220810943
36538	-50	-87.6985832926234	-80.2808988764045	-37.6985832926234	-30.2808988764045
36539	-50	-83.133854421104	-76.5720566682951	-33.133854421104	-26.5720566682951
36540	-50	-76.5720566682951	-70.866145578896	-26.5720566682951	-20.866145578896
36541	-50	-76.5720566682951	-70.866145578896	-26.5720566682951	-20.866145578896
36542	-50	-82.5632633121642	-77.427943331705	-32.5632633121642	-27.427943331705
36543	-50	-83.419149975574	-77.142647777235	-33.419149975574	-27.142647777235
36544	-103	-81.1787982413288	-75.3654127992183	21.8212017586712	27.6345872007817
36545	-108	-82.3952125061065	-77.171958964338	25.6047874938935	30.828041035662
36546	-108	-83.8461162677089	-78.6228627259404	24.1538837322911	29.3771372740596
36547	-108	-82.3952125061065	-76.8817782120176	25.6047874938935	31.1182217879824
36548	-108	-77.752320468979	-70.4978016609673	30.247679531021	37.5021983390327
36549	-108	-79.2032242305813	-72.819247679531	28.7967757694187	35.180752320469
36550	-108	-81.2344894968246	-75.7210552027357	26.7655105031754	32.2789447972643
36551	-108	-74.5603321934539	-62.6629213483146	33.4396678065461	45.3370786516854
36552	-108	-83.8461162677089	-78.3326819736199	24.1538837322911	29.6673180263801
36553	-108	-82.9755740107474	-78.3326819736199	25.0244259892526	29.6673180263801
36554	-108	-80.9443087445042	-73.1094284318515	27.0556912554958	34.8905715681485
36555	-108	-83.8461162677089	-76.3014167073766	24.1538837322911	31.6985832926234
36556	-108	-80.6541279921837	-72.819247679531	27.3458720078163	35.180752320469
36557	-108	-81.5246702491451	-69.9174401563263	26.4753297508549	38.0825598436737
36558	-108	-82.3952125061065	-76.8817782120176	25.6047874938935	31.1182217879824
36559	-108	-85.5872007816317	-79.4934049829018	22.4127992183683	28.5065950170982
36560	-103	-88.7361993160723	-83.2134831460674	14.2638006839277	19.7865168539326
36561	-103	-88.1548607718613	-83.5041524181729	14.8451392281387	19.4958475818271
36562	-103	-85.8295065950171	-80.5974596971177	17.1704934049829	22.4025403028823
36563	-103	-87.2828529555447	-82.9228138739619	15.7171470444553	20.0771861260381
36564	-108	-82.3952125061065	-71.6585246702492	25.6047874938935	36.3414753297508
36566	-79	-95.9755740107474	-89.8817782120176	-16.9755740107474	-10.8817782120176
36567	-79	-88.7210552027357	-84.0781631656082	-9.72105520273573	-5.0781631656082
36568	-79	-87.8505129457743	-82.6272594040059	-8.85051294577431	-3.62725940400588
36569	-79	-86.6897899364924	-79.7254518808012	-7.68978993649245	-0.725451880801188
36570	-79	-94.5246702491451	-90.171958964338	-15.5246702491451	-11.171958964338
36571	-79	-75.9531021006351	-71.6003908158281	3.04689789936492	7.39960918417194
36572	-70	-77.7440156326331	-70.6238397655105	-7.74401563263308	-0.623839765510468
36573	-70	-78.5984367366878	-71.7630679042501	-8.5984367366878	-1.76306790425008
36574	-21	39.9340498290181	51.5109916951636	60.9340498290181	72.5109916951636
36575	-21	30.6160234489496	43.0400586223742	51.6160234489496	64.0400586223742
36576	-21	16.7801660967269	39.0869565217391	37.7801660967269	60.0869565217391
36577	-106	-83.9960918417196	-75.3683439179287	22.0039081582804	30.6316560820713
36578	-106	-112.911577918906	-100.034684904739	-6.91157791890572	5.96531509526136
36580	-114	-93.4416218856863	-78.3219345383488	20.5583781143137	35.6780654616512
36581	-81	-83.9203712750366	-77.7547630679042	-2.92037127503664	3.24523693209579
36582	-81	-79.2227650219834	-72.7635564240351	1.77723497801662	8.23644357596487
36583	-81	-78.9291646311676	-75.1123595505618	2.07083536883243	5.88764044943821
36584	-81	-80.9843673668784	-77.1675622862726	0.0156326331216405	3.83243771372742
36585	-81	-74.5251587689301	-67.4787493893502	6.47484123106989	13.5212506106498
36586	-81	-78.3419638495359	-62.1939423546654	2.65803615046411	18.8060576453346
36587	-81	-82.7459697117733	-72.7635564240351	-1.74596971177328	8.23644357596487
36588	-81	-77.7547630679042	-73.9379579872985	3.24523693209579	7.06204201270151
36589	-81	-80.3971665852467	-76.5803615046409	0.60283341475332	4.4196384953591
36590	-81	-78.9291646311676	-75.9931607230093	2.07083536883243	5.00683927699072
36591	-81	-79.2227650219834	-76.5803615046409	1.77723497801662	4.4196384953591
36592	-81	-78.3419638495359	-74.8187591597459	2.65803615046411	6.18124084025408
36593	-81	-79.2227650219834	-75.4059599413776	1.77723497801662	5.5940400586224
36594	-79	-76.8739618954567	-72.1763556424035	2.12603810454328	6.82364435759649
36595	-72	-82.6634098680996	-77.9345383488031	-10.6634098680996	-5.93453834880313
36596	-72	-80.5945285784074	-75.2745481191988	-8.59452857840739	-3.27454811919881
36597	-72	-79.4123106985833	-74.3878847093307	-7.41231069858327	-2.38788470933071
36598	-72	-81.4811919882755	-77.343429408891	-9.4811919882755	-5.34342940889104
36599	-72	-82.3678553981436	-74.9789936492428	-10.3678553981436	-2.9789936492428
36600	-72	-80.8900830483635	-76.4567659990229	-8.89008304836346	-4.45676599902293
36601	-72	-79.4123106985833	-68.47679531021	-7.41231069858327	3.52320468978996
36602	-72	-79.4123106985833	-69.0679042501221	-7.41231069858327	2.93209574987787
36607	-111	-85.0293111871031	-80.8710307767465	25.9706888128969	30.1289692232535
36608	-111	-84.7322911577919	-80.5740107474353	26.2677088422081	30.4259892525647
36609	-111	-83.8412310698583	-79.0889106008793	27.1587689301417	31.9110893991207
36610	-111	-87.1084513922814	-82.3561309233024	23.8915486077186	28.6438690766976
36611	-111	-82.9501709819248	-77.9008304836346	28.0498290180752	33.0991695163654
36612	5	-5.48705422569611	1.27796775769423	-10.4870542256961	-3.72203224230577
36613	5	42.71372740596	48.9149975574011	37.71372740596	43.9149975574011
36614	5	37.9218368343918	42.1499755740108	32.9218368343918	37.1499755740108
36615	5	17.9086468001954	21.009281875916	12.9086468001954	16.009281875916
36616	5	39.0493404982902	44.4049829018076	34.0493404982902	39.4049829018076
36618	5	36.2305813385443	40.4587200781632	31.2305813385443	35.4587200781632
36619	5	34.8212017586712	39.894968246214	29.8212017586712	34.894968246214
36620	5	40.1768441621886	44.4049829018076	35.1768441621886	39.4049829018076
36621	5	40.7405959941378	45.2506106497314	35.7405959941378	40.2506106497314
36622	5	50.6062530532487	55.961895456766	45.6062530532487	50.961895456766
36623	-150	-92.5266243282853	-85.2926233512457	57.4733756717147	64.7073766487543
36624	-151	-87.4025403028822	-80.771372740596	63.5974596971178	70.228627259404
36625	-150	-92.5266243282853	-85.2926233512457	57.4733756717147	64.7073766487543
36626	-150	-92.2252076209086	-85.5940400586223	57.7747923790914	64.4059599413777
36627	-150	-90.7181240840254	-84.0869565217391	59.2818759159746	65.9130434782609
36628	-150	-98.2535417684416	-88.9096238397655	51.7464582315584	61.0903761602345
36629	-52	-30.4885197850513	-22.7723497801661	21.5114802149487	29.2276502198339
36630	-52	-32.4890083048363	-25.0586223742062	19.5109916951637	26.9413776257938
36631	-93	-74.9242794333171	-68.1358085002443	18.0757205666829	24.8641914997557
36632	-93	-14.676599902296	-6.75671714704441	78.323400097704	86.2432828529556
36633	-93	-74.3585735222276	-69.267220322423	18.6414264777724	23.732779677577
36634	-42	-27.9706888128969	-16.6565705911089	14.0293111871031	25.3434294088911
36635	-42	-8.45383488031263	-3.07962872496336	33.5461651196874	38.9203712750366
36636	-93	-81.9956033219345	-69.5500732779677	11.0043966780655	23.4499267220323
36637	-93	-85.9555446995603	-73.5100146555935	7.04445530043967	19.4899853444065
36638	-93	-82.2784562774792	-75.2071323888617	10.7215437225208	17.7928676111383
36639	-90	-82.942843185149	-74.2046897899365	7.057156814851	15.7953102100635
36640	-75	-37.457254518808	-33.4904738641915	37.542745481192	41.5095261358085
36641	-75	-75.4250122129947	-63.5246702491451	-0.425012212994659	11.4753297508549
36642	-75	-84.2085979482169	-70.8915486077186	-9.20859794821689	4.10845139228138
36643	-75	-85.9086468001954	-73.4416218856864	-10.9086468001954	1.5583781143136
36644	-75	-115.37616023449	-68.0581338544211	-40.3761602344895	6.9418661455789
36645	-68	-34.1783097215437	-24.3126526624328	33.8216902784563	43.6873473375672
36648	-133	-107.132877381534	-85.6976062530533	25.8671226184661	47.3023937469467
36649	-134	-94.4528578407426	-78.1499755740107	39.5471421592574	55.8500244259893
36650	-134	-82.3766487542746	-77.5461651196874	51.6233512457254	56.4538348803126
36651	-54	-83.3844650708353	-78.4929164631167	-29.3844650708353	-24.4929164631167
36652	-54	-81.9457743038593	-76.4787493893502	-27.9457743038593	-22.4787493893502
36653	-54	-87.7005373717635	-81.0825598436737	-33.7005373717635	-27.0825598436737
36654	-54	-86.2618466047875	-79.0683927699072	-32.2618466047875	-25.0683927699072
36655	-54	-82.5212506106497	-75.6155349291646	-28.5212506106497	-21.6155349291646
36656	-54	-86.8373229115779	-79.0683927699072	-32.8373229115779	-25.0683927699072
36657	-54	-85.9741084513923	-80.219345383488	-31.9741084513923	-26.219345383488
36658	-54	-86.8373229115779	-80.5070835368832	-32.8373229115779	-26.5070835368832
36659	-54	-86.2618466047875	-80.7948216902784	-32.2618466047875	-26.7948216902784
36660	-65	-4.42354665363945	0.484611626770914	60.5764533463606	65.4846116267709
36661	-65	4.23790913532002	10.3009281875916	69.23790913532	75.3009281875916
36662	-65	1.06204201270157	7.41377625793848	66.0620420127016	72.4137762579385
36663	-65	-3.84611626770879	1.63947239863217	61.1538837322912	66.6394723986322
36664	-65	-2.11382510991695	4.23790913532002	62.8861748900831	69.23790913532
36665	-65	-3.5574010747435	0.773326819736212	61.4425989252565	65.7733268197362
36666	-65	-5.867122618466	-0.958964338055694	59.132877381534	64.0410356619443
36667	-65	-5.2896922325354	0.195896433805615	59.7103077674646	65.1958964338056
36668	-65	-65.3424523693209	-60.1455788959453	-0.342452369320938	4.85442110405472
36669	-65	-1.24767953102099	5.97020029311187	63.752320468979	70.9702002931119
36670	-74	-26.0771861260381	-16.838299951148	47.9228138739619	57.161700048852
36671	-74	-41.3790913531998	-36.1822178798241	32.6209086468002	37.8177821201759
36672	-74	-0.958964338055694	8.27992183683443	73.0410356619443	82.2799218368344
36673	-51	33.6551050317537	39.8241328773815	84.6551050317537	90.8241328773815
36674	-51	31.6922325354177	38.4220810942843	82.6922325354177	89.4220810942843
36675	-155	-107.791402051783	-96.9579872984856	47.2085979482169	58.0420127015144
36676	-86	-85.5828041035662	-78.2427943331705	0.417195896433839	7.75720566682952
36677	-89	-83.7352222765022	-77.2652662432828	5.26477772349779	11.7347337567172
36678	-86	-83.5276013678554	-76.1875915974597	2.47239863214463	9.81240840254031
36679	-87	-81.9706888128969	-74.324377137274	5.02931118710308	12.675622862726
36680	-87	-86.3820224719101	-80.5002442598926	0.617977528089853	6.49975574010745
36681	-87	-84.0293111871031	-79.323888617489	2.97068881289692	7.67611138251101
36682	-86	-53.2867611138251	-48.0019540791402	32.7132388861749	37.9980459208598
36683	-86	-87.3444064484611	-82.0595994137763	-1.34440644846114	3.94040058622375
36684	-86	-87.0508060576453	-80.2979970688813	-1.05080605764533	5.70200293111873
36685	-86	-86.676111382511	-81.3825109916952	-0.67611138251101	4.6174890083048
36686	-86	-86.676111382511	-82.5588666340987	-0.67611138251101	3.44113336590129
36687	-87	-86.0879335613092	-81.3825109916952	0.912066438690772	5.6174890083048
36688	-87	-89.028822667318	-84.9115779189057	-2.02882266731802	2.08842208109428
36689	-77	-81.1460674157303	-77.3483146067416	-4.14606741573033	-0.348314606741553
36690	-77	-79.1011235955056	-75.8876404494382	-2.10112359550561	1.11235955056179
36691	-77	-75.5955056179776	-72.0898876404494	1.40449438202245	4.91011235955057
36692	-75	-86.4044943820225	-82.6067415730337	-11.4044943820225	-7.60674157303373
36693	-75	-80.8539325842697	-76.7640449438202	-5.85393258426967	-1.76404494382024
36694	-47	-81.3702979970689	-75.0400586223742	-34.3702979970689	-28.0400586223742
36695	-47	-79.6438690766976	-73.6013678553981	-32.6438690766976	-26.6013678553981
36696	-48	-86.2618466047875	-81.3702979970689	-38.2618466047875	-33.3702979970689
36697	-88	-46.0918417195896	-34.9164631167562	41.9081582804104	53.0835368832438
36698	-88	-84.0293111871031	-78.1475329750855	3.97068881289692	9.85246702491452
36699	-88	-90.4992672203225	-84.0293111871031	-2.49926722032245	3.97068881289692
36700	-88	-89.9110893991207	-82.5588666340987	-1.91108939912067	5.44113336590129
36701	-88	-39.9159745969712	-28.152418172936	48.0840254030288	59.847581827064
36702	-88	-46.3859306301906	-34.6223742061554	41.6140693698094	53.3776257938446
36704	-98	-82.7357107962872	-71.0185637518319	15.2642892037128	26.9814362481681
36705	-98	-79.1304347826087	-67.7137274059599	18.8695652173913	30.2862725940401
36706	-90	-82.4352711284807	-74.3234000977039	7.56472887151932	15.6765999022961
36708	-58	-65.7914020517831	-58.9912066438691	-7.79140205178311	-0.991206643869077
36709	-58	-75.7083536883244	-67.2081094284318	-17.7083536883244	-9.20810942843184
36710	-58	-76.8417195896434	-70.0415241817294	-18.8417195896434	-12.0415241817294
36711	-58	-78.2584269662921	-72.0249145090376	-20.2584269662921	-14.0249145090376
36712	-58	-76.8417195896434	-70.0415241817294	-18.8417195896434	-12.0415241817294
36713	-9	13.0337078651686	18.370786516854	22.0337078651686	27.370786516854
36714	-58	-80.5251587689302	-74.0083048363459	-22.5251587689302	-16.0083048363459
36715	-58	-75.4250122129947	-70.3248656570591	-17.4250122129947	-12.3248656570591
36716	-58	-82.5085490962384	-74.5749877870054	-24.5085490962384	-16.5749877870054
36717	-58	-78.8251099169516	-70.0415241817294	-20.8251099169516	-12.0415241817294
36718	-58	-79.1084513922814	-71.7415730337079	-21.1084513922814	-13.7415730337079
36719	-58	-79.1084513922814	-70.3248656570591	-21.1084513922814	-12.3248656570591
36720	-58	-57.2911577918906	-50.7743038593063	0.708842208109445	7.22569614069369
36721	-58	-87.8920371275037	-80.2418172936004	-29.8920371275037	-22.2418172936004
36722	-58	-86.7586712261847	-78.2584269662921	-28.7586712261847	-20.2584269662921
36723	-58	-82.5085490962384	-75.4250122129947	-24.5085490962384	-17.4250122129947
36724	-101	-30.8153395212506	-17.5393258426967	70.1846604787494	83.4606741573033
36725	-65	14.2110405471422	27.3121641426478	79.2110405471422	92.3121641426478
36726	-65	15.6350757205667	24.4640937957988	80.6350757205667	89.4640937957988
36727	-65	-86.6106497313141	-56.7059110893991	-21.6106497313141	8.29408891060092
36728	-65	-82.6233512457254	-74.6487542745481	-17.6233512457254	-9.64875427454808
36729	-65	-83.4777723497801	-76.0727894479726	-18.4777723497801	-11.0727894479726
36730	-65	13.3566194430875	18.7679531021006	78.3566194430875	83.7679531021006
36731	-65	-78.9208597948217	-73.7943331704934	-13.9208597948217	-8.79433317049336
36732	-24	-5.34245236932094	-0.816805080605718	18.6575476306791	23.1831949193943
36733	-24	-3.64533463605272	2.01172447484123	20.3546653639473	26.0117244748412
36734	-24	-0.251099169516351	6.25451880801177	23.7489008304836	30.2545188080118
36735	-24	-0.251099169516351	4.84025403028824	23.7489008304836	28.8402540302882
36736	-24	-2.51392281387393	1.16316560820718	21.4860771861261	25.1631656082072
36737	-24	43.5911089399121	48.399609184172	67.5911089399121	72.399609184172
36738	-24	-4.77674645823151	3.14313629702008	19.2232535417685	27.1431362970201
36739	-24	-2.51392281387393	2.57743038593065	21.4860771861261	26.5774303859307
36740	-24	-2.23106985832925	3.99169516365413	21.7689301416708	27.9916951636541
36741	-24	-4.21104054714215	2.86028334147534	19.7889594528579	26.8602833414753
36742	-24	-1.66536394723983	3.14313629702008	22.3346360527602	27.1431362970201
36743	-24	-1.09965803615046	4.84025403028824	22.9003419638495	28.8402540302882
36744	-24	-0.816805080605718	3.14313629702008	23.1831949193943	27.1431362970201
36745	-103	-86.4865657059111	-73.4836345872008	16.5134342940889	29.5163654127992
36746	-103	-88.3009281875916	-78.6243282852955	14.6990718124084	24.3756717147045
36747	-17	28.7816316560821	33.7147044455301	45.7816316560821	50.7147044455301
36748	-17	29.8778700537372	33.7147044455301	46.8778700537372	50.7147044455301
36749	-17	-18.6306790425012	36.4553004396678	-1.63067904250119	53.4553004396678
36750	-17	35.9071812408403	39.7440156326331	52.9071812408403	56.7440156326331
36751	-17	32.8925256472887	36.4553004396678	49.8925256472887	53.4553004396678
36752	-17	33.9887640449438	37.0034196384954	50.9887640449438	54.0034196384954
36753	-27	3.20762090864679	6.47874938935024	30.2076209086468	33.4787493893502
36754	-26	-20.9350268685882	-12.6839276990718	5.06497313141182	13.3160723009282
36755	-26	34.6223742061554	38.7479237909135	60.6223742061554	64.7479237909135
36756	-26	39.5730337078652	42.323400097704	65.5730337078652	68.323400097704
36757	-27	-8.67171470444555	-1.53932584269666	18.3282852955545	25.4606741573033
36758	-27	-2.39521250610653	2.45481191988273	24.6047874938935	29.4548119198827
36759	-27	-18.0864680019541	-10.3834880312653	8.91353199804593	16.6165119687347
36760	-27	-26.6453346360528	-16.6599902296043	0.35466536394722	10.3400097703957
36761	-27	-75.4308744504153	-66.0161211529067	-48.4308744504153	-39.0161211529067
36762	-27	-75.1455788959453	-62.0219833903273	-48.1455788959453	-35.0219833903273
36766	63	47.2921348314607	49.7498778700538	-15.7078651685393	-13.2501221299462
36771	63	49.2037127503664	53.8461162677089	-13.7962872496336	-9.15388373229115
36772	63	48.3844650708354	51.9345383488031	-14.6155349291646	-11.0654616511969
36773	-20	10.0224719101124	20.9262335124573	30.0224719101124	40.9262335124573
36774	-20	31.5574010747435	42.1885686370298	51.5574010747435	62.1885686370298
36775	-20	28.8314606741573	37.009281875916	48.8314606741573	57.009281875916
36776	-20	31.5574010747435	36.4640937957987	51.5574010747435	56.4640937957987
36777	-20	30.7396189545677	36.4640937957987	50.7396189545677	56.4640937957987
36778	-20	39.7352222765022	43.5515388373229	59.7352222765022	63.5515388373229
36779	-20	40.553004396678	44.0967269174402	60.553004396678	64.0967269174402
36780	-20	40.0078163165608	46.0048851978505	60.0078163165608	66.0048851978505
36781	-20	36.7366878358574	43.8241328773815	56.7366878358574	63.8241328773815
36782	-20	37.8270639960919	43.0063507572057	57.8270639960919	63.0063507572057
36783	-20	39.7352222765022	43.8241328773815	59.7352222765022	63.8241328773815
36784	-20	37.009281875916	42.4611626770884	57.009281875916	62.4611626770884
36785	-20	37.009281875916	40.8255984367367	57.009281875916	60.8255984367367
36786	-20	31.5574010747435	35.6463116756228	51.5574010747435	55.6463116756228
36787	-20	25.5603321934538	31.5574010747435	45.5603321934538	51.5574010747435
36788	-20	37.2818759159746	41.0981924767953	57.2818759159746	61.0981924767953
36789	-20	29.7576941866146	33.8392769907181	49.7576941866146	53.8392769907181
36790	-20	28.9413776257938	36.8324377137274	48.9413776257938	56.8324377137274
36791	-1	-23.3160723009282	-18.7904250122129	-22.3160723009282	-17.7904250122129
36792	-1	-1.11577918905715	1.70786516853934	-0.11577918905715	2.70786516853934
36793	-1	1.14313629702002	4.81387396189547	2.14313629702002	5.81387396189547
36794	-1	2.27259404005861	6.22569614069369	3.27259404005861	7.22569614069369
36795	-1	-1.11577918905715	1.70786516853934	-0.11577918905715	2.70786516853934
36796	-1	-1.68050806057647	0.5784074255007	-0.680508060576472	1.5784074255007
36797	-1	-0.268685881778197	3.40205178309719	0.731314118221803	4.40205178309719
36798	-1	-1.68050806057647	0.860771861260389	-0.680508060576472	1.86077186126039
36799	-1	-0.833414753297518	1.99022960429897	0.166585246702482	2.99022960429897
36800	-1	-0.551050317537886	2.83732291157793	0.448949682462114	3.83732291157793
36801	-1	-1.11577918905715	1.99022960429897	-0.11577918905715	2.99022960429897
36802	8	-0.687835857352184	2.14069369809482	-8.68783585735218	-5.85930630190518
36803	0	2.98925256472887	6.3834880312653	2.98925256472887	6.3834880312653
36804	5	0.443575964826607	3.27210552027361	-4.55642403517339	-1.72789447972639
36805	15	-0.4049829018075	3.5549584758183	-15.4049829018075	-11.4450415241817
36806	15	10.6262823644358	17.6976062530533	-4.37371763556422	2.69760625305327
36807	1	5.94333170493405	9.89643380556913	4.94333170493405	8.89643380556913
36808	1	6.22569614069369	10.1787982413288	5.22569614069369	9.17879824132876
36809	1	-5.91597459697118	-2.80996580361506	-6.91597459697118	-3.80996580361506
36810	1	1.99022960429897	4.81387396189547	0.990229604298975	3.81387396189547
36811	1	4.81387396189547	7.6375183194919	3.81387396189547	6.6375183194919
36812	1	3.40205178309719	6.22569614069369	2.40205178309719	5.22569614069369
36813	1	4.24914509037615	7.07278944797264	3.24914509037615	6.07278944797264
36814	1	3.96678065461651	6.79042501221301	2.96678065461651	5.79042501221301
36815	1	29.6619443087445	31.9208597948217	28.6619443087445	30.9208597948217
36816	1	0.5784074255007	3.40205178309719	-0.4215925744993	2.40205178309719
36817	1	1.42550073277965	5.37860283341473	0.425500732779653	4.37860283341473
36818	1	3.11968734733756	5.94333170493405	2.11968734733756	4.94333170493405
36819	-1	-2.3849535906204	0.726428920371291	-1.3849535906204	1.72642892037129
36820	-1	-2.95065950170982	-0.122129946262817	-1.95065950170982	0.877870053737183
36821	-1	24.4860771861261	26.466047874939	25.4860771861261	27.466047874939
36822	-1	24.4860771861261	26.7489008304836	25.4860771861261	27.7489008304836
36823	7	1.55984367366881	7.19736199316077	-5.44015632633119	0.197361993160769
36824	1	41.5212506106497	45.7567171470445	40.5212506106497	44.7567171470445
36825	1	5.94333170493405	10.7435271128481	4.94333170493405	9.74352711284808
36826	1	4.24914509037615	9.04934049829018	3.24914509037615	8.04934049829018
36827	39	18.5129457743038	21.8778700537372	-20.4870542256962	-17.1221299462628
36828	39	5.89447972642893	9.25940400586222	-33.1055202735711	-29.7405959941378
36829	39	8.69858329262337	16.8304836345872	-30.3014167073766	-22.1695163654128
36830	-88	-82.0747435271128	-76.3385442110405	5.92525647288716	11.6614557889595
36831	-21	-7.98974108451392	-5.15632633121641	13.0102589154861	15.8436736687836
36832	-21	-12.52320468979	-8.27308255984366	8.47679531021004	12.7269174401563
36833	-21	-5.72300928187593	-2.32291157791894	15.2769907181241	18.6770884220811
36834	-66	-79.4308744504152	-72.8212017586712	-13.4308744504152	-6.82120175867118
36835	-71	-76.7269174401563	-69.5163654127992	-5.72691744015629	1.48363458720081
36836	-71	-74.6238397655105	-66.8124084025403	-3.62383976551047	4.18759159745974
36837	-69	-79.4308744504152	-71.9198827552516	-10.4308744504152	-2.91988275525159
36838	-63	-80.0317537860283	-73.7225207620908	-17.0317537860283	-10.7225207620908
36839	-69	-80.0317537860283	-72.8212017586712	-11.0317537860283	-3.82120175867118
36840	-69	-82.1348314606741	-74.9242794333171	-13.1348314606741	-5.92427943331705
36841	-160	-87.7039570102589	-82.8812896922325	72.2960429897411	77.1187103077675
36842	-160	-85.2926233512457	-80.1685393258427	74.7073766487543	79.8314606741573
36843	-158	-84.3883732291158	-76.2501221299462	73.6116267708842	81.7498778700538
36844	-174	-93.4308744504152	-88.0053737176356	80.5691255495848	85.9946262823644
36845	-174	-88.0053737176356	-81.3742061553493	85.9946262823644	92.6257938446507
36847	-160	-86.7997068881289	-81.9770395701026	73.2002931118711	78.0229604298974
36848	-165	-92.8280410356619	-84.6897899364924	72.1719589643381	80.3102100635076
36849	-25	-1.62432828529552	4.37713727405963	23.3756717147045	29.3771372740596
36850	-88	-105.721543722521	-96.3390327308256	-17.7215437225208	-8.33903273082561
36851	-88	-97.7606253053249	-86.1035661944309	-9.76062530532488	1.89643380556913
36852	-88	-98.3292623351246	-86.9565217391304	-10.3292623351246	1.04347826086956
36853	-88	-108.849047386419	-99.7508549096239	-20.8490473864192	-11.7508549096239
36854	-88	-94.9174401563263	-83.5446995603322	-6.91744015632634	4.45530043966778
36855	-88	-92.0742550073278	-84.1133365901319	-4.07425500732779	3.88666340986811
36856	-88	-99.466536394724	-90.9369809477284	-11.466536394724	-2.93698094772839
36857	-88	-90.3683439179287	-77.8583292623351	-2.36834391792868	10.1416707376649
36858	-88	-94.3488031265266	-84.9662921348315	-6.34880312652663	3.03370786516854
36859	37	46.14215925745	51.590620420127	9.14215925744998	14.590620420127
36860	45	-1.90425012212995	6.68392769907183	-46.90425012213	-38.3160723009282
36861	37	44.9951148021495	51.3038593063019	7.99511480214949	14.3038593063019
36862	37	17.1792867611139	24.3483146067416	-19.8207132388861	-12.6516853932584
36863	37	46.7156814851002	53.0244259892526	9.71568148510016	16.0244259892526
36864	37	39.2598925256473	44.9951148021495	2.25989252564733	7.99511480214949
36865	37	23.7747923790914	34.6717147044455	-13.2252076209086	-2.32828529555445
36866	37	35.5319980459209	47.2892037127504	-1.46800195407911	10.2892037127504
36867	37	6.85588666340988	13.1646311675623	-30.1441133365901	-23.8353688324377
36868	37	30.657059110894	38.6863702979971	-6.34294088910599	1.68637029799709
36869	9	40.3287738153396	43.6878358573522	31.3287738153396	34.6878358573522
36870	9	40.3287738153396	44.247679531021	31.3287738153396	35.247679531021
36871	9	37.80947728383	41.4484611626771	28.80947728383	32.4484611626771
36872	9	42.5681485100147	46.2071323888618	33.5681485100147	37.2071323888618
36873	9	40.0488519785052	43.1279921836835	31.0488519785052	34.1279921836835
36874	9	36.4098680996581	40.6086956521739	27.4098680996581	31.6086956521739
36875	9	33.8905715681485	37.80947728383	24.8905715681485	28.80947728383
36876	-9	12.9638495359062	20.5613092330239	21.9638495359062	29.5613092330239
36877	-9	9.58720078163162	16.6218856863703	18.5872007816316	25.6218856863703
36878	-9	3.39667806546163	12.1196873473376	12.3966780654616	21.1196873473376
36879	-9	22.2496336101612	30.6912554958476	31.2496336101612	39.6912554958476
36880	-9	9.30581338544209	15.7777234978017	18.3058133854421	24.7777234978017
36881	-152	-100.699071812408	-89.5105031753786	51.3009281875916	62.4894968246214
36882	-81	-131.683927699072	-116.518319491939	-50.6839276990718	-35.5183194919394
36884	-96	-39.0981924767953	-31.0278456277479	56.9018075232047	64.9721543722521
36885	-96	-86.0791402051783	-78.2970200293112	9.92085979482169	17.7029799706888
36886	-96	-82.6204201270152	-61.5798729848559	13.3795798729848	34.4201270151441
36887	-96	-86.6555935515389	-78.8734733756717	9.34440644846114	17.1265266243283
36889	-96	-41.4040058622375	-32.7572056668295	54.5959941377625	63.2427943331705
36900	-61	-87.8085002442599	-78.5852467024915	-26.8085002442599	-17.5852467024915
36902	-70	-122.969711773327	-102.252564728872	-52.9697117733268	-32.2525647288715
36903	-70	-93.0449438202247	-80.0967269174402	-23.0449438202247	-10.0967269174402
36904	-70	-89.8798241328774	-80.0967269174402	-19.8798241328774	-10.0967269174402
36905	-70	-93.0449438202247	-79.8089887640449	-23.0449438202247	-9.8089887640449
36917	-59	-85.4396678065461	-77.066927210552	-26.4396678065461	-18.066927210552
36918	-59	-83.9960918417196	-76.4894968246214	-24.9960918417196	-17.4894968246214
36920	-36	-91.8343917928676	-74.628724963361	-55.8343917928676	-38.628724963361
36921	-36	-81.5109916951636	29.4655593551539	-45.5109916951636	65.4655593551539
36922	-36	-74.3419638495359	-41.3644357596482	-38.3419638495359	-5.36443575964825
36924	-36	-92.1211529066927	-74.628724963361	-56.1211529066927	-38.628724963361
36925	-36	-6.37957987298483	-2.65168539325839	29.6204201270152	33.3483146067416
36928	-36	-83.2315583781143	-79.7904250122129	-47.2315583781143	-43.7904250122129
36929	-36	-81.5109916951636	-78.0698583292623	-45.5109916951636	-42.0698583292623
36931	-8	-82.7870053737176	-74.7850512945774	-74.7870053737176	-66.7850512945774
36932	-8	-40.7767464582315	-31.0600879335613	-32.7767464582315	-23.0600879335613
36933	-27	32.0703468490474	38.3737176355643	59.0703468490474	65.3737176355643
36934	-27	41.1143136297021	46.5955056179776	68.1143136297021	73.5955056179776
36935	-27	30.7000488519785	38.647777234978	57.7000488519785	65.647777234978
36936	-27	45.2252076209087	56.1875915974597	72.2252076209087	83.1875915974597
36937	-23	29.3297508549097	38.0996580361505	52.3297508549097	61.0996580361505
36938	-30	24.0087933561309	32.2452369320957	54.0087933561309	62.2452369320957
36939	-30	-37.7645334636053	-26.2335124572545	-7.76453346360529	3.76648754274549
36940	-32	34.457254518808	41.5574010747436	66.457254518808	73.5574010747436
36941	-32	38.0107474352711	53.6599902296043	70.0107474352711	85.6599902296043
36942	-32	24.2833414753297	38.5598436736688	56.2833414753297	70.5598436736688
36943	-145	-95.8422081094284	-88.0053737176356	49.1577918905716	56.9946262823644
36944	-81	-92.9081582804104	-85.6780654616512	-11.9081582804104	-4.67806546165122
36946	-81	-88.8593063019052	-77.0019540791402	-7.85930630190524	3.99804592085979
36947	-81	-55.8900830483635	-44.3219345383488	25.1099169516365	36.6780654616512
36948	-81	-93.1973619931607	-86.2564728871519	-12.1973619931607	-5.25647288715192
36949	-29	37.8255984367367	44.9511480214949	66.8255984367367	73.9511480214949
36950	-32	43.2271617000488	48.9926722032242	75.2271617000488	80.9926722032242
36951	-32	43.5017098192477	49.267220322423	75.5017098192477	81.267220322423
36952	-32	31.1470444553004	36.638006839277	63.1470444553004	68.638006839277
36953	-32	38.0107474352711	42.1289692232535	70.0107474352711	74.1289692232535
36954	-32	38.0107474352711	41.8544211040547	70.0107474352711	73.8544211040547
36955	-32	-90.2032242305814	-83.3395212506107	-58.2032242305814	-51.3395212506107
36956	-32	-84.9868099658036	-79.2212994626283	-52.9868099658036	-47.2212994626283
36957	-32	-84.7122618466048	-80.3194919394236	-52.7122618466048	-48.3194919394236
36958	-32	38.0107474352711	42.4035173424523	70.0107474352711	74.4035173424523
36959	-32	30.0488519785051	34.7161700048852	62.0488519785051	66.7161700048852
36960	-32	27.8524670249145	33.8925256472887	59.8524670249145	65.8925256472887
36961	-32	-84.1631656082072	-78.3976551050318	-52.1631656082072	-46.3976551050318
36962	-32	-85.8104543234001	-81.4176844162189	-53.8104543234001	-49.4176844162189
36963	-32	-83.3395212506107	-78.6722032242306	-51.3395212506107	-46.6722032242306
36964	-32	-85.5359062042013	-79.7703957010259	-53.5359062042013	-47.7703957010259
36965	-32	-83.8886174890083	-78.9467513434294	-51.8886174890083	-46.9467513434294
36966	-32	-85.2613580850025	-78.3976551050318	-53.2613580850025	-46.3976551050318
36967	-32	38.5598436736688	43.7762579384465	70.5598436736688	75.7762579384465
36968	-32	-83.8886174890083	-78.6722032242306	-51.8886174890083	-46.6722032242306
36969	-32	-75.1030776746458	-69.0630190522716	-43.1030776746458	-37.0630190522716
36970	-32	35.5398143624816	40.2071323888617	67.5398143624816	72.2071323888617
36971	-32	40.7562286272594	45.4235466536394	72.7562286272594	77.4235466536394
36972	-32	38.2852955544699	42.6780654616512	70.2852955544699	74.6780654616512
36973	-32	37.1871030776746	41.305324865657	69.1871030776746	73.305324865657
36974	-32	-81.6922325354177	-75.6521739130435	-49.6922325354177	-43.6521739130435
36975	-32	35.5398143624816	42.4035173424523	67.5398143624816	74.4035173424523
36976	-32	34.4416218856863	39.3834880312652	66.4416218856863	71.3834880312652
36977	-32	40.2071323888617	44.3253541768441	72.2071323888617	76.3253541768441
36978	-32	36.0889106008793	39.9325842696629	68.0889106008793	71.9325842696629
36979	-32	39.3834880312652	43.2271617000488	71.3834880312652	75.2271617000488
36980	-32	40.7562286272594	45.1489985344406	72.7562286272594	77.1489985344406
36981	-32	39.1089399120664	43.2271617000488	71.1089399120664	75.2271617000488
36982	-32	37.1871030776746	41.305324865657	69.1871030776746	73.305324865657
36983	-32	38.0107474352711	42.1289692232535	70.0107474352711	74.1289692232535
36984	-32	30.3234000977039	35.2652662432828	62.3234000977039	67.2652662432828
36985	-32	42.1289692232535	45.9726428920371	74.1289692232535	77.9726428920371
36986	-32	32.5197850512945	38.2852955544699	64.5197850512945	70.2852955544699
36987	-32	37.4616511968734	42.4035173424523	69.4616511968734	74.4035173424523
36988	-32	42.6780654616512	47.3453834880312	74.6780654616512	79.3453834880312
36989	-32	-80.5940400586224	-74.5539814362482	-48.5940400586224	-42.5539814362482
36990	-32	42.4035173424523	47.8944797264289	74.4035173424523	79.8944797264289
36991	-32	35.8143624816805	41.305324865657	67.8143624816805	73.305324865657
36992	-32	22.3615046409379	27.8524670249145	54.3615046409379	59.8524670249145
36993	-32	-81.6922325354177	-76.2012701514412	-49.6922325354177	-44.2012701514412
36994	-32	35.5398143624816	39.9325842696629	67.5398143624816	71.9325842696629
36995	-32	38.2852955544699	42.6780654616512	70.2852955544699	74.6780654616512
36996	-32	36.9125549584758	42.1289692232535	68.9125549584758	74.1289692232535
36997	-32	38.5598436736688	43.2271617000488	70.5598436736688	75.2271617000488
36998	-32	39.3834880312652	43.7762579384465	71.3834880312652	75.7762579384465
36999	-35	36.0889106008793	41.5798729848559	71.0889106008793	76.5798729848559
37000	-35	36.3634587200781	41.0307767464582	71.3634587200781	76.0307767464582
37001	-35	-78.9467513434294	-72.3575964826576	-43.9467513434294	-37.3575964826576
37002	-132	-70.3004396678065	-60.9413776257938	61.6995603321935	71.0586223742062
37008	50	46.6546165119687	51.6492427943331	-3.3453834880313	1.64924279433313
37011	50	45.267220322423	52.2042012701514	-4.73277967757696	2.20420127015143
37013	50	14.7445041524182	21.1265266243283	-35.2554958475818	-28.8734733756717
37014	50	52.2042012701514	59.6961406936981	2.20420127015143	9.69614069369811
37017	50	20.8490473864192	26.3986321446018	-29.1509526135808	-23.6013678553982
37020	50	47.209574987787	55.8114313629702	-2.79042501221301	5.81143136297021
37021	51	44.9897410845139	51.9267220322423	-6.01025891548608	0.92672203224231
37025	50	43.8798241328774	52.7591597459697	-6.12017586712261	2.75915974596973
37026	-130	-86.9052271617001	-79.0556912554958	43.0947728382999	50.9443087445042
37028	-102	-81.7728382999512	-70.6023448949683	20.2271617000488	31.3976551050317
37029	44	35.3737176355642	44.3693209574988	-8.62628236443578	0.369320957498758
37030	44	28.8314606741573	33.1929653150953	-15.1685393258427	-10.8070346849047
37031	44	33.1929653150953	38.6448461162677	-10.8070346849047	-5.35515388373233
37032	44	111.700048851978	114.698583292623	67.7000488519785	70.6985832926233
37035	44	31.5574010747435	37.8270639960919	-12.4425989252565	-6.17293600390815
37036	44	31.5574010747435	37.009281875916	-12.4425989252565	-6.99071812408403
37037	44	49.5486077186126	54.7278944797264	5.54860771861257	10.7278944797264
37038	44	47.6404494382022	52.8197361993161	3.64044943820221	8.81973619931608
37039	45	20.256961406937	23.8070346849047	-24.743038593063	-21.1929653150953
37041	45	23.8070346849047	29.5417684416219	-21.1929653150953	-15.4582315583781
37042	45	43.4689789936493	48.6575476306791	-1.53102100635073	3.65754763067906
37043	44	14.6565705911089	19.2906692721055	-29.3434294088911	-24.7093307278945
37044	44	46.0048851978505	49.276013678554	2.00488519785051	5.27601367855397
37045	44	48.4582315583781	54.4553004396678	4.45823155837809	10.4553004396678
37046	44	44.6419149975574	51.1841719589643	0.641914997557365	7.18417195896433
37047	44	30.467024914509	37.009281875916	-13.532975085491	-6.99071812408403
37048	44	50.9115779189057	56.0908646800195	6.91157791890572	12.0908646800195
37049	44	26.6507083536883	31.2848070346849	-17.3492916463117	-12.7151929653151
37050	-34	20.2056668295066	26.6893014167074	54.2056668295066	60.6893014167074
37051	-35	-19.6809965803615	-12.8456277479237	15.3190034196385	22.1543722520763
37052	-35	-28.2252076209086	-20.8202247191011	6.77479237909137	14.1797752808989
37053	-35	-84.04738641915	-74.6487542745481	-49.04738641915	-39.6487542745481
37054	-43	-82.6233512457254	-75.7879824132877	-39.6233512457254	-32.7879824132877
37055	-35	-29.9340498290181	-20.5354176844162	5.06595017098192	14.4645823155838
37056	-35	-44.1744015632633	-38.4782608695652	-9.1744015632633	-3.47826086956519
37057	-35	-28.7948216902784	-22.2442598925256	6.20517830972159	12.7557401074744
37058	-35	-26.2315583781143	-12.8456277479237	8.7684416218857	22.1543722520763
37059	-35	-81.4841231069858	-75.2183683439179	-46.4841231069858	-40.2183683439179
37060	-35	-80.6297020029311	-76.0727894479726	-45.6297020029311	-41.0727894479726
37061	-35	-77.781631656082	-71.800683927699	-42.781631656082	-36.800683927699
37062	-35	-9.7127503663898	-4.87103077674641	25.2872496336102	30.1289692232536
37063	-43	-80.3448949682462	-73.2247191011236	-37.3448949682462	-30.2247191011236
37064	-43	-31.0732779677577	-25.0923302393747	11.9267220322423	17.9076697606253
37065	-43	-36.7694186614557	-32.2125061064973	6.23058133854425	10.7874938935027
37066	-43	-85.7562286272594	-77.781631656082	-42.7562286272594	-34.781631656082
37067	-43	-83.4777723497801	-77.2120175867122	-40.4777723497801	-34.2120175867122
37068	-11	-15.6917440156327	-11.1739130434783	-4.69174401563265	-0.173913043478251
37069	-28	37.8578407425501	41.7357107962873	65.8578407425501	69.7357107962873
37070	-28	38.6888128969223	41.1817293600391	66.6888128969223	69.1817293600391
37071	-28	17.3605276013679	23.4543234000977	45.3605276013679	51.4543234000977
37072	-28	27.8861748900831	33.1489985344407	55.8861748900831	61.1489985344407
37073	-28	29.5481191988276	35.3649242794334	57.5481191988276	63.3649242794334
37074	-28	19.0224719101124	28.9941377625794	47.0224719101124	56.9941377625794
37075	-28	35.9189057156815	41.4587200781632	63.9189057156815	69.4587200781632
37076	-28	37.8578407425501	42.0127015144113	65.8578407425501	70.0127015144113
37077	-28	-8.95359062042013	-5.07572056668295	19.0464093795799	22.9242794333171
37078	-28	35.9189057156815	39.7967757694187	63.9189057156815	67.7967757694187
37079	-28	21.2383976551051	26.7782120175867	49.2383976551051	54.7782120175867
37080	-28	6.83488031265267	12.9286761113825	34.8348803126527	40.9286761113825
37081	-50	-67.6433805569126	-64.0234489496825	-17.6433805569126	-14.0234489496825
37082	-50	32.8793356130923	38.4484611626771	82.8793356130923	88.4484611626771
37083	-50	42.3468490473864	47.9159745969712	92.3468490473864	97.9159745969712
37084	-46	-61.2388861748901	-54.2774792379091	-15.2388861748901	-8.27747923790912
37085	-46	39.0053737176356	44.0175867122618	85.0053737176356	90.0175867122618
37086	-46	40.1191988275525	45.6883243771373	86.1191988275525	91.6883243771373
37087	-46	33.4362481680508	37.8915486077186	79.4362481680508	83.8915486077186
37088	-46	31.7655105031754	38.1700048851978	77.7655105031754	84.1700048851978
37089	-62	44.2960429897411	49.0297997068881	106.296042989741	111.029799706888
37090	-62	-70.7063996091842	-65.1372740595994	-8.70639960918419	-3.13727405959941
37091	-62	-64.0234489496825	-59.5681485100147	-2.02344894968246	2.43185148998532
37092	-62	39.8407425500733	42.3468490473864	101.840742550073	104.346849047386
37093	-130	-112.073277967758	-97.2559843673669	17.9267220322423	32.7440156326331
37094	-111	-94.0454323400098	-84.4626282364435	16.9545676599902	26.5373717635565
37095	-5	-2.67855398143627	1.23351245725451	2.32144601856373	6.23351245725451
37096	-5	-2.39912066438694	1.51294577430383	2.60087933561306	6.51294577430383
37097	-5	-1.00195407914021	2.63067904250119	3.99804592085979	7.63067904250119
37098	55	57.6033219345383	61.0327308255984	2.60332193453831	6.03273082559843
37099	55	52.591108939912	54.9653150952614	-2.40889106008797	-0.0346849047386399
37100	55	53.1187103077675	55.7567171470445	-1.88128969223254	0.756717147044469
37101	55	54.7015144113337	58.3947239863214	-0.298485588666324	3.39472398632142
37102	55	59.1861260381045	63.14313629702	4.18612603810453	8.14313629702002
37103	55	54.1739130434783	58.1309233023937	-0.826086956521749	3.13092330239374
37104	55	81.3453834880312	84.2471910112359	26.3453834880312	29.2471910112359
37105	55	57.6033219345383	62.3517342452369	2.60332193453831	7.35173424523691
37106	55	58.9223253541768	61.5603321934538	3.92232535417685	6.5603321934538
37107	55	57.6033219345383	60.505129457743	2.60332193453831	5.50512945774301
37109	39	18.6414264777724	25.4929164631168	-20.3585735222276	-13.5070835368832
37110	44	41.3883732291158	47.4176844162189	-2.61162677088419	3.41768441621889
37111	44	45.7733268197362	50.1582804103567	1.77332681973621	6.15828041035667
37112	44	40.2921348314607	46.5955056179776	-3.70786516853929	2.59550561797755
37113	39	40.2921348314607	46.3214460185638	1.29213483146071	7.32144601856379
37114	39	40.5661944308745	46.3214460185638	1.56619443087448	7.32144601856379
37115	44	40.8402540302882	47.4176844162189	-3.15974596971176	3.41768441621889
37116	44	45.7733268197362	50.4323400097704	1.77332681973621	6.43234000977043
37117	34	28.7816316560821	35.3590620420127	-5.21836834391792	1.35906204201274
37118	34	44.4030288226674	52.6248168050806	10.4030288226674	18.6248168050806
37119	34	30.9741084513923	34.8109428431852	-3.02589154860772	0.81094284318516
37120	39	45.2252076209087	51.2545188080118	6.22520762090869	12.2545188080118
37121	34	41.1143136297021	47.6917440156327	7.11431362970205	13.6917440156327
37122	34	44.6770884220811	52.6248168050806	10.6770884220811	18.6248168050806
37123	34	31.5222276502199	35.3590620420127	-2.47777234978014	1.35906204201274
37124	34	52.8988764044944	58.1060087933562	18.8988764044944	24.1060087933562
37125	34	32.3444064484612	35.9071812408403	-1.6555935515388	1.90718124084026
37126	39	46.5955056179776	51.8026380068393	7.59550561797755	12.8026380068393
37127	34	29.6038104543234	33.7147044455301	-4.39618954567658	-0.28529555446994
37128	34	40.0180752320469	46.3214460185638	6.0180752320469	12.3214460185638
37129	39	45.2252076209087	52.6248168050806	6.22520762090869	13.6248168050806
37130	39	39.1958964338056	51.2545188080118	0.195896433805615	12.2545188080118
37131	39	42.4846116267709	52.0766976062531	3.48461162677091	13.0766976062531
37132	39	46.3214460185638	52.3507572056669	7.32144601856379	13.3507572056669
37133	39	40.8402540302882	47.1436248168051	1.84025403028824	8.14362481680513
37134	39	26.0410356619443	32.0703468490474	-12.9589643380557	-6.92965315095256
37135	39	14.256472887152	19.1895456765999	-24.743527112848	-19.8104543234001
37136	34	21.9301416707377	28.2335124572546	-12.0698583292623	-5.76648754274544
37137	34	50.4323400097704	56.4616511968735	16.4323400097704	22.4616511968735
37138	34	24.9447972642892	30.9741084513923	-9.05520273571079	-3.02589154860772
37139	39	40.2921348314607	45.2252076209087	1.29213483146071	6.22520762090869
37140	44	47.6917440156327	52.8988764044944	3.69174401563265	8.89887640449439
37141	34	32.0703468490474	35.6331216414265	-1.92965315095256	1.6331216414265
37142	43	16.1748900830484	24.1226184660479	-26.8251099169516	-18.8773815339521
37143	39	29.8778700537372	35.6331216414265	-9.12212994626282	-3.3668783585735
37144	39	35.085002442599	38.9218368343918	-3.91499755740102	-0.0781631656082027
37145	39	46.04738641915	53.1729360039082	7.04738641915003	14.1729360039082
37146	39	44.4030288226674	52.6248168050806	5.40302882266735	13.6248168050806
37147	39	42.7586712261847	51.2545188080118	3.75867122618467	12.2545188080118
37148	39	31.7962872496336	35.3590620420127	-7.20371275036638	-3.64093795798726
37149	39	47.6917440156327	53.7210552027357	8.69174401563265	14.7210552027357
37150	39	29.0556912554959	35.3590620420127	-9.9443087445041	-3.64093795798726
37151	25	82.8988764044944	90.7191011235955	57.8988764044944	65.7191011235955
37152	25	12.5168539325842	18.9887640449438	-12.4831460674158	-6.01123595505618
37153	25	43.5280898876404	49.191011235955	18.5280898876404	24.191011235955
37154	25	42.7191011235955	52.1573033707865	17.7191011235955	27.1573033707865
37155	25	82.629213483146	88.8314606741573	57.629213483146	63.8314606741573
37156	25	107.977528089888	113.370786516854	82.9775280898876	88.3707865168539
37157	25	87.4831460674157	101.23595505618	62.4831460674157	76.2359550561798
37158	25	96.3820224719101	108.247191011236	71.3820224719101	83.2471910112359
37159	25	96.6516853932584	107.977528089888	71.6516853932584	82.9775280898876
37160	29	84.532975085491	94.4924279433317	55.532975085491	65.4924279433317
37161	29	38.504152418173	45.5026868588178	9.50415241817296	16.5026868588178
37162	29	42.8109428431852	49.5403028822668	13.8109428431852	20.5403028822668
37163	27	39.9482169027846	47.4714215925745	12.9482169027846	20.4714215925745
37164	27	80.7884709330728	86.162188568637	53.7884709330728	59.162188568637
37165	27	56.0693698094773	64.9360039081583	29.0693698094773	37.9360039081583
37166	27	40.2169027845628	47.4714215925745	13.2169027845628	20.4714215925745
37167	27	84.818759159746	92.3419638495359	57.818759159746	65.3419638495359
37168	27	82.400586223742	89.3864191499756	55.400586223742	62.3864191499756
37169	27	35.9179286761114	40.2169027845628	8.91792867611139	13.2169027845628
37170	27	84.2813873961895	89.3864191499756	57.2813873961895	62.3864191499756
37171	27	99.8651685393259	109.000488519785	72.8651685393259	82.0004885197851
37172	27	48.8148510014656	57.1441133365901	21.8148510014656	30.1441133365901
37173	27	42.9037616023449	48.8148510014656	15.9037616023449	21.8148510014656
37174	27	33.2310698583292	38.0674157303371	6.23106985832925	11.0674157303371
37175	27	34.0371275036639	38.6047874938935	7.0371275036639	11.6047874938935
37176	27	34.0371275036639	38.6047874938935	7.0371275036639	11.6047874938935
37177	27	55.5319980459208	61.9804592085979	28.5319980459208	34.9804592085979
37178	27	53.9198827552516	59.562286272594	26.9198827552516	32.562286272594
37179	27	34.0371275036639	38.8734733756717	7.0371275036639	11.8734733756717
37180	27	31.8876404494382	37.2613580850024	4.88764044943821	10.2613580850024
37181	27	38.8734733756717	44.2471910112359	11.8734733756717	17.2471910112359
37182	27	44.5158768930141	56.3380556912555	17.5158768930141	29.3380556912555
37183	27	64.1299462628236	75.6834391792867	37.1299462628236	48.6834391792867
37184	27	72.19052271617	82.400586223742	45.19052271617	55.400586223742
37186	-104	-82.3766487542746	-69.9985344406448	21.6233512457254	34.0014655593552
37187	22	25.5461651196874	30.7718612603811	3.54616511968737	8.77186126038106
37188	22	20.3204689789937	22.7957987298486	-1.67953102100631	0.79579872984857
37189	-105	-87.7650219833903	-80.6130923302394	17.2349780166097	24.3869076697606
37190	-105	-80.9110893991207	-71.971177332682	24.0889106008793	33.028822667318
37191	-105	-81.8050806057645	-74.057156814851	23.1949193942355	30.942843185149
37192	-105	-94.0229604298974	-84.1890571568148	10.9770395701026	20.8109428431852
37193	-105	-74.3551538837323	-63.0312652662433	30.6448461162677	41.9687347337567
37194	-117	-82.8886174890083	-75.1279921836834	34.1113825109917	41.8720078163166
37195	-117	-78.4113336590132	-70.9491939423547	38.5886663409868	46.0508060576453
37196	-103	-132.138739618955	-124.079628724963	-29.1387396189546	-21.0796287249634
37197	-103	-89.4553004396678	-84.38104543234	13.5446995603322	18.61895456766
37198	-103	-87.9628724963361	-81.0977039570103	15.0371275036639	21.9022960429897
37199	-103	-88.5598436736688	-82.5901319003419	14.4401563263312	20.4098680996581
37200	-103	-90.6492427943331	-83.485588666341	12.3507572056669	19.514411333659
37201	-103	-127.362970200293	-87.6643869076697	-24.3629702002931	15.3356130923303
37202	-103	-85.276502198339	-79.3067904250122	17.723497801661	23.6932095749878
37203	-103	-88.5598436736688	-76.9189057156815	14.4401563263312	26.0810942843185
37204	-123	-84.1890571568148	-74.057156814851	38.8109428431852	48.942843185149
37205	-103	-88.8583292623351	-82.2916463116756	14.1416707376649	20.7083536883244
37206	-103	-84.9780166096727	-78.7098192476795	18.0219833903273	24.2901807523205
37207	-103	-89.7537860283341	-81.0977039570103	13.2462139716659	21.9022960429897
37208	-117	-87.3659013190034	-80.5007327796775	29.6340986809966	36.4992672203225
37209	-154	-88.6082071323888	-82.8812896922325	65.3917928676112	71.1187103077675
37210	-154	-89.8138739618954	-84.3883732291158	64.1861260381046	69.6116267708842
37211	-154	-90.1152906692721	-84.9912066438691	63.8847093307279	69.0087933561309
37212	-157	-89.2110405471421	-84.0869565217391	67.7889594528579	72.9130434782609
37213	-151	-89.5124572545188	-82.2784562774792	61.4875427454812	68.7215437225208
37214	-96	-83.4010747435271	-74.7733268197362	12.5989252564729	21.2266731802638
37215	-10	0.457743038593037	4.73717635564242	10.457743038593	14.7371763556424
37216	-10	0.172447484123097	4.16658524670248	10.1724474841231	14.1665852467025
37217	-14	-32.4890083048363	-21.629213483146	-18.4890083048363	-7.62921348314603
37218	-14	-17.6282364435759	-14.1988275525159	-3.62823644357593	-0.198827552515866
37219	-14	-52.4938935026868	-42.4914509037616	-38.4938935026868	-28.4914509037616
37220	-14	-77.6428920371275	-71.6414264777723	-63.6428920371275	-57.6414264777723
37221	-14	-13.3414753297508	-8.76893014167069	0.658524670249165	5.23106985832931
37222	-15	-27.9164631167562	-20.200293111871	-12.9164631167562	-5.20029311187102
37223	-15	-19.628724963361	-14.4846116267709	-4.62872496336098	0.515388373229143
37224	-100	-122.093307278945	-108.57352222765	-22.0933072789448	-8.57352222765019
37225	-114	-125.379579872985	-101.95163654128	-11.3795798729848	12.0483634587201
37226	-107	-93.218856863703	-84.8886174890083	13.781143136297	22.1113825109917
37227	-107	-85.1861260381045	-79.2359550561798	21.8138739618955	27.7640449438202
37228	-107	-90.838788470933	-80.4259892525647	16.161211529067	26.5740107474353
37229	-107	-91.4338055691255	-76.8558866634098	15.5661944308745	30.1441133365902
37230	-107	-95.3014167073766	-87.5661944308744	11.6985832926234	19.4338055691256
37231	47	94.7386419149976	107.872007816317	47.7386419149976	60.8720078163166
37232	24	12.4777723497801	20.1651196873473	-11.5222276502199	-3.83488031265267
37233	-111	-162.051783097215	-151.23595505618	-51.0517830972154	-40.2359550561798
37234	-107	-87.7230092818759	-79.5583781143136	19.2769907181241	27.4416218856864
37235	-117	-41.6917440156327	-30.2564728871519	75.3082559843673	86.7435271128481
37236	-133	-80.0073277967758	-66.3776257938447	52.9926722032242	66.6223742061553
37237	-133	-86.9736199316072	-74.8583292623351	46.0263800683928	58.1416707376649
37238	21	14.3996091841719	20.714215925745	-6.60039081582806	-0.285784074254991
37240	21	-27.057156814851	-21.2916463116756	-48.057156814851	-42.2916463116756
37241	21	19.6160234489496	23.1851489985344	-1.38397655105035	2.18514899853443
37246	-44	-80.7865168539325	-74.2134831460674	-36.7865168539325	-30.2134831460674
37247	-44	-79.9291646311676	-74.2134831460674	-35.9291646311676	-30.2134831460674
37248	-44	-75.6424035173424	-70.2125061064973	-31.6424035173424	-26.2125061064973
37249	14	-4.21104054714215	3.42598925256476	-18.2110405471421	-10.5740107474352
37250	-7	-33.9106008793356	-29.3849535906204	-26.9106008793356	-22.3849535906204
37251	14	-11.2823644357596	-4.49389350268683	-25.2823644357596	-18.4938935026868
37252	14	-32.7791890571568	-22.0307767464582	-46.7791890571568	-36.0307767464582
37253	14	-25.990718124084	-17.505129457743	-39.990718124084	-31.505129457743
37254	14	-5.62530532486562	-0.533952125061035	-19.6253053248656	-14.533952125061
37255	14	-29.6678065461651	-24.5764533463605	-43.6678065461651	-38.5764533463605
37256	14	-34.476306790425	-17.7879824132877	-48.476306790425	-31.7879824132877
37257	14	-13.8280410356619	-8.17098192476794	-27.8280410356619	-22.1709819247679
37258	18	-37.0219833903273	-33.3448949682462	-55.0219833903273	-51.3448949682462
37259	14	-73.7928676111382	-20.6165119687347	-87.7928676111382	-34.6165119687347
37260	14	-0.816805080605718	8.51734245236935	-14.8168050806057	-5.48265754763065
37261	14	-3.36248168050804	3.70884220810944	-17.362481680508	-10.2911577918906
37262	14	-30.7992183683439	-21.7479237909135	-44.7992183683439	-35.7479237909135
37263	14	-0.533952125061035	7.66878358573524	-14.533952125061	-6.33121641426476
37264	14	-5.62530532486562	0.597459697117756	-19.6253053248656	-13.4025403028822
37265	14	-7.8881289692232	-0.533952125061035	-21.8881289692232	-14.533952125061
37266	14	-4.49389350268683	2.01172447484123	-18.4938935026868	-11.9882755251588
37267	14	-34.7591597459697	-30.7992183683439	-48.7591597459697	-44.7992183683439
37268	14	-24.2936003908158	-20.8993649242794	-38.2936003908158	-34.8993649242794
37269	14	-30.5163654127992	-26.5564240351734	-44.5163654127992	-40.5564240351734
37270	14	-31.647777234978	-27.9706888128969	-45.647777234978	-41.9706888128969
37271	14	-7.60527601367852	-1.66536394723983	-21.6052760136785	-15.6653639472398
37272	14	-28.819247679531	-24.8593063019052	-42.819247679531	-38.8593063019052
37273	14	-83.9755740107474	-74.0757205666829	-97.9755740107474	-88.0757205666829
37274	14	-7.8881289692232	-3.07962872496336	-21.8881289692232	-17.0796287249634
37275	14	-10.1509526135808	-4.49389350268683	-24.1509526135808	-18.4938935026868
37276	14	-9.8680996580361	-3.92818759159741	-23.8680996580361	-17.9281875915974
37277	14	6.53737176355645	12.7601367855398	-7.46262823644355	-1.23986321446017
37278	14	-5.34245236932094	0.597459697117756	-19.3424523693209	-13.4025403028822
37279	14	-35.6077186126038	-29.9506595017098	-49.6077186126038	-43.9506595017098
37280	14	-27.4049829018075	-20.6165119687347	-41.4049829018075	-34.6165119687347
37281	14	-31.3649242794333	-26.8392769907181	-45.3649242794333	-40.8392769907181
37282	14	-11.848070346849	-1.09965803615046	-25.848070346849	-15.0996580361505
37283	14	-23.7278944797264	-18.3536883243771	-37.7278944797264	-32.3536883243771
37284	14	-27.9706888128969	-21.7479237909135	-41.9706888128969	-35.7479237909135
37285	14	-10.4338055691255	-4.21104054714215	-24.4338055691255	-18.2110405471421
37286	14	20.1143136297021	26.3370786516854	6.11431362970205	12.3370786516854
37287	14	1.72887151929655	9.64875427454814	-12.2711284807035	-4.35124572545186
37288	-42	-32.3512457254519	-23.2217879824133	9.64875427454808	18.7782120175867
37289	-42	-79.7103077674646	-67.1573033707865	-37.7103077674646	-25.1573033707865
37290	-42	-86.2721055202736	-79.7103077674646	-44.2721055202736	-37.7103077674646
37291	-42	-72.2926233512457	-64.019052271617	-30.2926233512457	-22.019052271617
37292	-27	-33.4924279433317	-27.7865168539326	-6.49242794333173	-0.786516853932596
37293	-52	-73.1485100146556	-68.5837811431363	-21.1485100146556	-16.5837811431363
37294	-52	-12.9511480214949	-6.9599413776258	39.0488519785051	45.0400586223742
37295	-52	-17.8011724474841	-9.81289692232536	34.1988275525159	42.1871030776746
37296	-52	-72.2926233512457	-67.4425989252565	-20.2926233512457	-15.4425989252565
37297	-52	-30.6394723986322	-23.2217879824133	21.3605276013678	28.7782120175867
37298	-52	-34.3483146067416	-27.5012212994627	17.6516853932584	24.4987787005373
37299	-52	-79.1397166585247	-73.1485100146556	-27.1397166585247	-21.1485100146556
37300	-45	-51.7513434294089	-45.4748412310699	-6.75134342940891	-0.474841231069888
37301	-45	-69.1543722520762	-60.0249145090376	-24.1543722520762	-15.0249145090376
37302	-42	-85.9868099658036	-79.4250122129947	-43.9868099658036	-37.4250122129947
37304	40	20.5158768930141	23.9276990718124	-19.4841231069859	-16.0723009281876
37305	40	11.133365901319	18.8099658036151	-28.866634098681	-21.1900341963849
37306	40	19.0942843185149	22.5061064973131	-20.9057156814851	-17.4938935026869
37307	43	20.0449438202247	24.0185637518319	-22.9550561797753	-18.9814362481681
37308	43	-8.62188568637026	-0.674645823155799	-51.6218856863703	-43.6746458231558
37309	43	22.2217879824133	25.3492916463117	-20.7782120175867	-17.6507083536883
37310	-94	-84.3976551050317	-75.1587689301417	9.60234489496827	18.8412310698583
37311	-76	-19.2794333170493	-10.5593551538837	56.7205666829507	65.4406448461163
37312	-76	-81.4826575476307	-76.5412799218368	-5.48265754763065	-0.541279921836804
37313	-107	-75.7361993160723	-70.5393258426966	31.2638006839277	36.4606741573034
37314	-59	-81.7230092818759	-76.8065461651197	-22.7230092818759	-17.8065461651197
37315	-59	-38.342452369321	-29.66634098681	20.657547630679	29.33365901319
37316	-98	-80.6443575964826	-73.4264777723498	17.3556424035174	24.5735222276502
37317	-59	-84.8656570591109	-78.4499267220322	-25.8656570591109	-19.4499267220322
37318	-60	-81.4787493893503	-77.8461162677089	-21.4787493893503	-17.8461162677089
37319	-60	-78.4049829018076	-72.257449926722	-18.4049829018076	-12.257449926722
37320	-60	-83.1553492916463	-79.5227161700049	-23.1553492916463	-19.5227161700049
37321	-60	-70.0219833903273	-63.0361504640938	-10.0219833903273	-3.03615046409379
37322	-60	-72.257449926722	-65.8304836345872	-12.257449926722	-5.83048363458721
37323	-60	-80.3610161211529	-74.4929164631168	-20.3610161211529	-14.4929164631168
37324	-60	-69.1836834391793	-46.8290180752321	-9.18368343917928	13.1709819247679
37325	-60	-83.1553492916463	-77.0078163165608	-23.1553492916463	-17.0078163165608
37326	-59	-87.3468490473864	-80.6404494382023	-28.3468490473864	-21.6404494382023
37327	-57	-64.9921836834392	-56.609184171959	-7.99218368343918	0.390815828041013
37328	-57	103.506106497313	130.611138251099	160.506106497313	187.611138251099
37330	-57	-67.2276502198339	-61.6389838788471	-10.2276502198339	-4.63898387884711
37331	-57	-10.2232535417684	5.70444553004398	46.7767464582316	62.704445530044
37332	-57	-80.0815828041036	-70.3014167073766	-23.0815828041036	-13.3014167073766
37337	-57	-56.4132877381534	-50.5554469956033	0.586712261846628	6.44455300439671
37339	-57	-84.8656570591109	-70.6394723986321	-27.8656570591109	-13.6394723986321
37340	-57	14.4386907669761	46.7962872496336	71.4386907669761	103.796287249634
37342	-57	-87.9340498290181	-76.4973131411822	-30.9340498290181	-19.4973131411822
37343	-57	-59.7606253053248	-49.9975574010747	-2.76062530532482	7.00244259892526
37344	-53	-96.8602833414753	-80.123595505618	-43.8602833414753	-27.123595505618
37347	-53	-76.7762579384465	-71.1973619931607	-23.7762579384465	-18.1973619931607
37348	-59	-84.552515876893	-78.6844162188569	-25.552515876893	-19.6844162188569
37349	-59	-85.9814362481681	-78.4499267220322	-26.9814362481681	-19.4499267220322
