36455	-102	-78.5085490962384	-69.1289692232535	23.4914509037616	32.8710307767465
36456	-102	-74.9912066438691	-65.0254030288227	27.0087933561309	36.9745969711773
36457	-102	-79.0947728382999	-71.180752320469	22.9052271617001	30.819247679531
36458	-102	-82.0258915486077	-72.9394235466536	19.9741084513923	29.0605764533464
36459	-102	-113.09574987787	-103.129946262824	-11.09574987787	-1.12994626282364
36460	-102	-36.0073277967758	-19.2999511480215	65.9926722032242	82.7000488519785
36461	-41	-27.2159257449927	-16.3746946751344	13.7840742550073	24.6253053248656
36463	-31	-40.6248168050806	-27.2159257449927	-9.62481680508063	3.78407425500734
36465	-31	-65.4455300439668	-58.8837322911578	-34.4455300439668	-27.8837322911578
36466	-31	-67.1573033707865	-60.5955056179776	-36.1573033707865	-29.5955056179776
36467	-31	-39.4836345872008	-30.3541768441622	-8.48363458720081	0.645823155837775
36468	-35	-18.657059110894	-8.67171470444555	16.342940889106	26.3282852955545
36469	-35	-5.24816805080604	4.73717635564242	29.751831949194	39.7371763556424
36470	-35	-30.0688812896922	-19.7982413287738	4.93111871030777	15.2017586712262
36471	-35	-30.0688812896922	-20.0835368832438	4.93111871030777	14.9164631167562
36472	-35	-32.9218368343918	-23.7923790913532	2.0781631656082	11.2076209086468
36473	-35	-76.857352222765	-68.5837811431363	-41.857352222765	-33.5837811431363
36474	-35	-26.3600390815828	-16.9452857840743	8.63996091841716	18.0547142159257
36475	-35	-29.2129946262824	-20.9394235466536	5.78700537371765	14.0605764533464
36476	-35	-16.9452857840743	-8.38641914997561	18.0547142159257	26.6135808500244
36477	-35	-5.81875915974598	2.16951636541279	29.181240840254	37.1695163654128
36478	-16	-38.0434782608696	-30.9355153883732	-22.0434782608696	-14.9355153883732
36479	-16	-25.533463605276	-18.9941377625794	-9.53346360527604	-2.99413776257938
36480	-16	-26.6707376648754	-20.7000488519785	-10.6707376648754	-4.70004885197852
36481	-16	-37.7591597459697	-31.2198339032731	-21.7591597459697	-15.2198339032731
36482	-16	-34.6316560820713	-27.2393746946751	-18.6316560820713	-11.2393746946751
36483	-16	-4.77821201758672	1.1924767953102	11.2217879824133	17.1924767953102
36484	-12	-17.8011724474841	-11.8099658036151	-5.80117244748413	0.190034196384943
36485	-12	-20.6541279921837	-14.6629213483146	-8.6541279921837	-2.66292134831463
36486	-12	-26.0747435271128	-20.0835368832438	-14.0747435271128	-8.08353688324377
36487	-11	-28.0718124084025	-21.5100146555936	-17.0718124084025	-10.5100146555936
36488	-71	-96.8680996580362	-79.9614069369809	-25.8680996580362	-8.96140693698095
36493	-88	-37.3991206643869	-26.0566682950659	50.6008793356131	61.9433317049341
36494	-88	-51.1294577430386	-40.6824621397166	36.8705422569614	47.3175378602834
36496	-88	-46.9506595017098	-27.8475818270639	41.0493404982902	60.1524181729361
36498	14	4.75574010747437	11.0214948705423	-9.24425989252563	-2.97850512945774
36499	57	9.96384953590621	19.4714215925745	-47.0361504640938	-37.5285784074255
36501	-91	-126.348803126527	-115.792867611138	-35.3488031265266	-24.7928676111383
36502	-91	-57.0219833903273	-46.7513434294089	33.9780166096727	44.2486565705911
36503	-97	-66.4973131411822	-56.7278944797264	30.5026868588178	40.2721055202736
36504	-97	-67.6814851001466	-57.9120664386908	29.3185148998534	39.0879335613092
36505	-97	-71.2340009770396	-62.3527112848071	25.7659990229604	34.6472887151929
36506	-97	-65.9052271617001	-57.0239374694675	31.0947728382999	39.9760625305325
36507	-97	-67.0893991206644	-55.5437225207621	29.9106008793356	41.4562774792379
36508	-97	-67.3854421104055	-58.2081094284318	29.6145578895945	38.7918905715682
36509	-97	-72.4181729360039	-63.8329262335125	24.5818270639961	33.1670737664875
36510	-97	-66.2012701514411	-57.6160234489497	30.7987298485589	39.3839765510503
36511	-97	-66.4973131411822	-57.3199804592086	30.5026868588178	39.6800195407914
36512	-97	-65.9052271617001	-56.7278944797264	31.0947728382999	40.2721055202736
36513	-97	-65.609184171959	-56.4318514899854	31.390815828041	40.5681485100146
36514	-97	-67.9775280898876	-59.0962383976551	29.0224719101124	37.9037616023449
36515	-97	-62.9447972642892	-51.9912066438691	34.0552027357108	45.0087933561309
36516	-97	-61.4645823155838	-51.695163654128	35.5354176844162	45.304836345872
36517	-97	-74.1944308744504	-62.6487542745481	22.8055691255496	34.3512457254519
36518	-97	-65.3131411822179	-55.8397655105032	31.6868588177821	41.1602344894968
36519	-97	-65.0170981924768	-54.6555935515389	31.9829018075232	42.3444064484611
36520	-97	-61.4645823155838	-51.9912066438691	35.5354176844162	45.0087933561309
36521	-70	-46.8148510014655	-32.2325354176844	23.1851489985345	37.7674645823156
36522	-70	-45.9399120664387	-36.0239374694675	24.0600879335613	33.9760625305325
36523	-70	-43.0234489496825	-31.9408891060088	26.9765510503175	38.0591108939912
36524	-70	-46.5232046897899	-36.0239374694675	23.4767953102101	33.9760625305325
36525	-70	-54.3976551050317	-38.0654616511969	15.6023448949683	31.9345383488031
36526	-70	-70.7298485588666	-61.9804592085979	-0.729848558866593	8.01954079140205
36527	-118	-98.2046897899365	-84.6765999022961	19.7953102100635	33.3234000977039
36528	-118	-92.028822667318	-79.3829995114803	25.971177332682	38.6170004885197
36529	-118	-74.971665852467	-64.0903761602345	43.028334147533	53.9096238397655
36530	-118	-77.324377137274	-67.6194430874451	40.675622862726	50.3805569125549
36531	-118	-82.323888617489	-72.61895456766	35.676111382511	45.38104543234
36532	-118	-76.7361993160723	-65.5608207132389	41.2638006839277	52.4391792867611
36533	-118	-86.4411333659014	-71.4425989252565	31.5588666340986	46.5574010747435
36534	-70	-60.5222276502198	-41.5652173913043	9.4777723497802	28.4347826086957
36536	-44	-30.4885197850513	-24.2012701514411	13.5114802149487	19.7987298485589
36537	-44	-26.7733268197362	-21.629213483146	17.2266731802638	22.370786516854
36538	-50	-93.9750854909624	-85.1309233023937	-43.9750854909624	-35.1309233023937
36539	-50	-79.9956033219345	-73.1485100146556	-29.9956033219345	-23.1485100146556
36540	-50	-73.1485100146556	-66.3014167073766	-23.1485100146556	-16.3014167073766
36541	-50	-80.2808988764045	-73.1485100146556	-30.2808988764045	-23.1485100146556
36542	-50	-87.4132877381534	-79.1397166585247	-37.4132877381534	-29.1397166585247
36543	-50	-88.2691744015632	-78.5691255495848	-38.2691744015632	-28.5691255495848
36544	-103	-75.0747435271128	-66.3546653639472	27.9252564728872	36.6453346360528
36545	-108	-45.8324377137274	-36.2564728871519	62.1675622862726	71.7435271128481
36546	-108	-58.0200293111871	-48.4440644846117	49.9799706888129	59.5559355153883
36547	-108	-57.1494870542257	-47.5735222276502	50.8505129457743	60.4264777723498
36548	-108	-49.314606741573	-39.4484611626771	58.685393258427	68.5515388373229
36549	-108	-43.8011724474841	-34.5153883732291	64.1988275525159	73.4846116267709
36550	-108	-51.3458720078163	-40.3190034196385	56.6541279921837	67.6809965803615
36551	-108	-61.7923790913532	-49.6047874938935	46.2076209086468	58.3952125061065
36552	-108	-56.2789447972643	-47.2833414753297	51.7210552027357	60.7166585246703
36553	-108	-46.4127992183684	-37.4171958964338	61.5872007816316	70.5828041035662
36554	-108	-58.6003908158281	-46.4127992183684	49.3996091841719	61.5872007816316
36555	-108	-57.7298485588666	-43.8011724474841	50.2701514411334	64.1988275525159
36556	-108	-52.7967757694187	-39.4484611626771	55.2032242305813	68.5515388373229
36557	-108	-50.7655105031754	-36.2564728871519	57.2344894968246	71.7435271128481
36558	-108	-44.6717147044455	-33.9350268685882	63.3282852955545	74.0649731314118
36559	-108	-51.9262335124573	-40.609184171959	56.0737664875427	67.390815828041
36560	-103	-61.4132877381534	-50.9491939423547	41.5867122618466	52.0508060576453
36561	-103	-61.9946262823644	-53.8558866634098	41.0053737176356	49.1441133365902
36562	-103	-57.9252564728872	-48.6238397655105	45.0747435271128	54.3761602344895
36563	-103	-60.2506106497313	-51.8212017586712	42.7493893502687	51.1787982413288
36564	-108	-58.3102100635076	-41.4797264289204	49.6897899364924	66.5202735710796
36566	-79	-95.105031753786	-85.2388861748901	-16.105031753786	-6.23888617489007
36567	-79	-67.828041035662	-59.4127992183684	11.171958964338	19.5872007816316
36568	-79	-73.9218368343918	-64.0556912554958	5.0781631656082	14.9443087445042
36569	-79	-59.7029799706888	-50.1270151441133	19.2970200293112	28.8729848558867
36570	-79	-88.1406936980948	-78.2745481191988	-9.14069369809476	0.725451880801188
36571	-79	-59.1226184660479	-51.5779189057157	19.8773815339521	27.4220810942843
36572	-70	-80.5920859794821	-67.7757694186614	-10.5920859794821	2.22423058133859
36573	-70	-81.7313141182217	-68.3453834880312	-11.7313141182217	1.65461651196875
36574	-21	1.25012212994625	18.4743527112848	22.2501221299462	39.4743527112848
36575	-21	4.63849535906201	13.1094284318515	25.638495359062	34.1094284318515
36576	-21	-30.0923302393747	-5.24425989252563	-9.09233023937469	15.7557401074744
36577	-106	-70.3106985832926	-53.6502198339032	35.6893014167074	52.3497801660968
36578	-106	-118.601367855398	-103.628236443576	-12.6013678553981	2.37176355642407
36580	-114	-86.4865657059111	-58.3639472398632	27.5134342940889	55.6360527601368
36581	-81	-82.7459697117733	-69.2403517342452	-1.74596971177328	11.7596482657548
36582	-81	-59.2579384465071	-46.9267220322423	21.7420615534929	34.0732779677577
36583	-81	-72.4699560332193	-65.1299462628236	8.53004396678068	15.8700537371764
36584	-81	-76.5803615046409	-72.1763556424035	4.4196384953591	8.82364435759649
36585	-81	-56.3219345383488	-44.8715192965315	24.6780654616512	36.1284807034685
36586	-81	-76.2867611138251	-56.028334147533	4.71323888617491	24.971665852467
36587	-81	-68.3595505617977	-49.5691255495847	12.6404494382023	31.4308744504153
36588	-81	-78.0483634587201	-71.0019540791402	2.95163654127992	9.99804592085979
36589	-81	-78.9291646311676	-74.5251587689301	2.07083536883243	6.47484123106989
36590	-81	-75.6995603321934	-71.5891548607718	5.30043966780659	9.41084513922817
36591	-81	-77.4611626770884	-73.6443575964826	3.5388373229116	7.35564240351738
36592	-81	-73.6443575964826	-66.8915486077186	7.35564240351738	14.1084513922814
36593	-81	-75.4059599413776	-68.3595505617977	5.5940400586224	12.6404494382023
36594	-79	-57.7899364924279	-48.1011235955056	21.2100635075721	30.8988764044944
36595	-72	-77.047874938935	-72.0234489496825	-5.04787493893502	-0.0234489496824608
36596	-72	-72.9101123595506	-68.47679531021	-0.910112359550567	3.52320468978996
36597	-72	-72.6145578895945	-68.47679531021	-0.614557889594494	3.52320468978996
36598	-72	-78.5256472887152	-74.3878847093307	-6.52564728871516	-2.38788470933071
36599	-72	-70.5456765999023	-60.7923790913532	1.45432340009773	11.2076209086468
36600	-72	-74.9789936492428	-66.7034684904738	-2.9789936492428	5.29653150952618
36601	-72	-66.1123595505618	-53.1079628724963	5.88764044943821	18.8920371275037
36602	-72	-59.314606741573	-43.0591108939912	12.685393258427	28.9408891060088
36607	-111	-85.6233512457255	-77.6038104543234	25.3766487542745	33.3961895456766
36608	-111	-68.990229604299	-60.0796287249634	42.009770395701	50.9203712750366
36609	-111	-65.7230092818759	-56.2183683439179	45.2769907181241	54.7816316560821
36610	-111	-68.990229604299	-59.485588666341	42.009770395701	51.514411333659
36611	-111	-53.5451880801173	-42.5554469956033	57.4548119198827	68.4445530043967
36612	5	-17.8895945285784	-10.2789447972643	-22.8895945285784	-15.2789447972643
36613	5	47.7874938935027	53.4250122129947	42.7874938935027	48.4250122129947
36614	5	43.2774792379092	49.1968734733757	38.2774792379092	44.1968734733757
36615	5	12.2711284807035	16.781143136297	7.27112848070351	11.781143136297
36616	5	33.4118221787983	38.485588666341	28.4118221787983	33.485588666341
36618	5	36.7943331704934	43.5593551538838	31.7943331704934	38.5593551538838
36619	5	42.4318514899854	47.2237420615535	37.4318514899854	42.2237420615535
36620	5	42.1499755740108	46.3781143136297	37.1499755740108	41.3781143136297
36621	5	41.0224719101124	46.3781143136297	36.0224719101124	41.3781143136297
36622	5	49.1968734733757	55.6800195407914	44.1968734733757	50.6800195407914
36623	-150	-92.2252076209086	-80.1685393258427	57.7747923790914	69.8314606741573
36624	-151	-77.1543722520762	-64.1934538348803	73.8456277479238	86.8065461651197
36625	-150	-90.7181240840254	-77.7572056668295	59.2818759159746	72.2427943331705
36626	-150	-82.8812896922325	-69.61895456766	67.1187103077675	80.38104543234
36627	-150	-89.2110405471421	-77.4557889594528	60.7889594528579	72.5442110405472
36628	-150	-99.7606253053248	-84.6897899364924	50.2393746946752	65.3102100635076
36629	-52	-37.6331216414264	-29.9169516365413	14.3668783585736	22.0830483634587
36630	-52	-40.4909623839765	-33.6321446018563	11.5090376160235	18.3678553981437
36631	-93	-54.8417195896433	-47.2046897899365	38.1582804103567	45.7953102100635
36632	-93	-24.8593063019052	-15.5251587689301	68.1406936980948	77.4748412310699
36633	-93	-77.1871030776746	-68.9843673668784	15.8128969223254	24.0156326331216
36634	-42	-38.7191011235955	-29.6678065461651	3.28089887640454	12.3321934538349
36635	-42	-4.21104054714215	2.57743038593065	37.7889594528579	44.5774303859307
36636	-93	-92.4611626770884	-78.8842208109428	0.538837322911604	14.1157791890572
36637	-93	-82.2784562774792	-67.8529555446995	10.7215437225208	25.1470444553005
36638	-93	-83.409868099658	-71.8128969223253	9.59013190034199	21.1871030776747
36639	-90	-65.466536394724	-54.4733756717147	24.533463605276	35.5266243282853
36640	-75	-65.2247191011236	-58.1411822178798	9.77528089887642	16.8588177821202
36641	-75	-91.5754763067904	-76.2750366389839	-16.5754763067904	-1.27503663898386
36642	-75	-65.5080605764534	-51.3409868099658	9.49193942354663	23.6590131900342
36643	-75	-75.9916951636541	-62.1079628724963	-0.991695163654128	12.8920371275037
36644	-75	-90.7254518808012	-76.8417195896434	-15.7254518808012	-1.84171958964339
36645	-68	-46.580850024426	-36.1514411333659	21.419149975574	31.8485588666341
36648	-133	-97.4719101123596	-82.6785539814363	35.5280898876404	50.3214460185637
36649	-134	-98.9814362481681	-69.0928187591597	35.0185637518319	64.9071812408403
36650	-134	-87.5090376160235	-76.3385442110405	46.4909623839765	57.6614557889595
36651	-54	-68.7098192476795	-61.228627259404	-14.7098192476795	-7.22862725940399
36652	-54	-70.723986321446	-62.3795798729848	-16.723986321446	-8.37957987298483
36653	-54	-84.247679531021	-73.8891060087934	-30.247679531021	-19.8891060087934
36654	-54	-83.0967269174402	-72.7381533952125	-29.0967269174402	-18.7381533952125
36655	-54	-84.247679531021	-73.6013678553981	-30.247679531021	-19.6013678553981
36656	-54	-86.8373229115779	-76.4787493893502	-32.8373229115779	-22.4787493893502
36657	-54	-83.9599413776258	-73.6013678553981	-29.9599413776258	-19.6013678553981
36658	-54	-84.247679531021	-73.6013678553981	-30.247679531021	-19.6013678553981
36659	-54	-68.9975574010747	-59.5021983390327	-14.9975574010747	-5.5021983390327
36660	-65	-14.8172936003908	-7.8881289692232	50.1827063996092	57.1118710307768
36661	-65	-0.0928187591597407	8.56863702979973	64.9071812408403	73.5686370297997
36662	-65	-7.8881289692232	0.773326819736212	57.1118710307768	65.7733268197362
36663	-65	-11.0639960918417	-4.13483146067415	53.9360039081583	60.8651685393259
36664	-65	-22.323888617489	-12.5075720566683	42.676111382511	52.4924279433317
36665	-65	-19.7254518808011	-12.218856863703	45.2745481191989	52.781143136297
36666	-65	-20.5915974596971	-12.7962872496336	44.4084025403029	52.2037127503664
36667	-65	-15.3947239863214	-7.31069858329261	49.6052760136786	57.6893014167074
36668	-65	-41.9565217391304	-35.0273571079629	23.0434782608696	29.9726428920371
36669	-65	-28.3869076697606	-18.8593063019052	36.6130923302394	46.1406936980948
36670	-74	-37.914509037616	-31.8514899853444	36.085490962384	42.1485100146556
36671	-74	-37.914509037616	-32.1402051783097	36.085490962384	41.8597948216903
36672	-74	-15.1060087933561	-2.69125549584754	58.8939912066439	71.3087445041525
36673	-51	7.01612115290669	17.952125061065	58.0161211529067	68.952125061065
36674	-51	5.33365901319002	17.1108939912066	56.33365901319	68.1108939912066
36675	-155	-112.692232535418	-83.8031265266243	42.3077674645823	71.1968734733757
36676	-86	-67.3795798729848	-56.2227650219834	18.6204201270152	29.7772349780166
36677	-89	-54.6204201270152	-45.7977528089888	34.3795798729848	43.2022471910112
36678	-86	-57.6907669760625	-48.5891548607718	28.3092330239375	37.4108451392282
36679	-87	-39.6218856863703	-24.9174401563263	47.3781143136297	62.0825598436737
36680	-87	-55.5026868588178	-46.3859306301906	31.4973131411822	40.6140693698094
36681	-87	-55.5026868588178	-47.8563751831949	31.4973131411822	39.1436248168051
36682	-86	-47.7083536883243	-38.9003419638495	38.2916463116757	47.0996580361505
36683	-86	-64.7371763556424	-56.5163654127992	21.2628236443576	29.4836345872008
36684	-86	-72.6643869076697	-63.2691744015632	13.3356130923303	22.7308255984368
36685	-86	-57.561309233024	-49.6209086468002	28.438690766976	36.3790913531998
36686	-86	-57.8553981436248	-51.0913531998046	28.1446018563752	34.9086468001954
36687	-87	-62.266731802638	-55.5026868588178	24.733268197362	31.4973131411822
36688	-87	-65.7957987298486	-58.4435759648266	21.2042012701514	28.5564240351734
36689	-77	-77.3483146067416	-72.9662921348315	-0.348314606741553	4.03370786516854
36690	-77	-71.7977528089888	-68.2921348314607	5.20224719101122	8.70786516853934
36691	-77	-68.2921348314607	-64.4943820224719	8.70786516853934	12.5056179775281
36692	-75	-74.1348314606741	-70.0449438202247	0.86516853932585	4.95505617977528
36693	-75	-78.5168539325843	-73.2584269662921	-3.5168539325843	1.74157303370788
36694	-47	-57.200293111871	-51.1577918905716	-10.200293111871	-4.15779189057156
36695	-47	-49.4313629702003	-41.9501709819248	-2.43136297020027	5.04982901807523
36696	-48	-65.256961406937	-58.3512457254519	-17.256961406937	-10.3512457254519
36697	-88	-52.8558866634099	-39.6218856863703	35.1441133365901	48.3781143136297
36698	-88	-54.0322423058134	-46.0918417195896	33.9677576941866	41.9081582804104
36699	-88	-62.5608207132389	-50.5031753786029	25.4391792867611	37.4968246213971
36700	-88	-75.2066438690767	-59.914020517831	12.7933561309233	28.085979482169
36701	-88	-51.6795310210064	-41.0923302393747	36.3204689789936	46.9076697606253
36702	-88	-54.6204201270152	-41.0923302393747	33.3795798729848	46.9076697606253
36704	-98	-92.3497801660967	-68.314606741573	5.65021983390329	29.685393258427
36705	-98	-104.968246213972	-84.838788470933	-6.96824621397167	13.161211529067
36706	-90	-80.933072789448	-66.2115290669272	9.06692721055202	23.7884709330728
36708	-58	-43.6907669760625	-33.7738153395213	14.3092330239375	24.2261846604787
36709	-58	-67.7747923790914	-57.0078163165608	-9.77479237909137	0.99218368343918
36710	-58	-58.4245236932096	-49.0742550073278	-0.424523693209608	8.92574499267221
36711	-58	-65.2247191011236	-55.0244259892526	-7.22471910112358	2.97557401074744
36712	-58	-56.7244748412311	-47.3742061553493	1.27552515876891	10.6257938446507
36713	-9	69.4943820224719	69.4943820224719	78.4943820224719	78.4943820224719
36714	-58	-62.1079628724963	-51.9076697606253	-4.10796287249633	6.09233023937469
36715	-58	59.7288715192965	59.7288715192965	117.728871519297	117.728871519297
36716	-58	-75.1416707376649	-68.0581338544211	-17.1416707376649	-10.0581338544211
36717	-58	-71.4582315583781	-61.8246213971666	-13.4582315583781	-3.8246213971666
36718	-58	-78.2584269662921	-65.7914020517831	-20.2584269662921	-7.79140205178311
36719	-58	-86.1919882755251	-74.0083048363459	-28.1919882755251	-16.0083048363459
36720	-58	59.162188568637	59.162188568637	117.162188568637	117.162188568637
36721	-58	58.8788470933073	58.8788470933073	116.878847093307	116.878847093307
36722	-58	-79.1084513922814	-65.7914020517831	-21.1084513922814	-7.79140205178311
36723	-58	-80.5251587689302	-67.2081094284318	-22.5251587689302	-9.20810942843184
36724	-101	-38.8426966292135	-20.6267708842208	62.1573033707865	80.3732291157792
36725	-65	-4.58622374206152	20.1919882755252	60.4137762579385	85.1919882755252
36726	-65	59.495359062042	59.495359062042	124.495359062042	124.495359062042
36727	-65	59.7801660967269	59.7801660967269	124.780166096727	124.780166096727
36728	-65	58.9257449926722	58.9257449926722	123.925744992672	123.925744992672
36729	-65	58.9257449926722	58.9257449926722	123.925744992672	123.925744992672
36730	-65	59.7801660967269	59.7801660967269	124.780166096727	124.780166096727
36731	-65	60.0649731314119	60.0649731314119	125.064973131412	125.064973131412
36732	-24	-10.4338055691255	-2.51392281387393	13.5661944308745	21.4860771861261
36733	-24	-0.816805080605718	7.66878358573524	23.1831949193943	31.6687835857352
36734	-24	8.23448949682466	17.285784074255	32.2344894968247	41.285784074255
36735	-24	1.44601856375186	9.36590131900346	25.4460185637519	33.3659013190035
36736	-24	-6.75671714704441	0.0317537860283323	17.2432828529556	24.0317537860283
36737	-24	15.5886663409868	24.3571079628725	39.5886663409868	48.3571079628725
36738	-24	5.68881289692234	15.3058133854421	29.6888128969223	39.3058133854421
36739	-24	-7.32242305813384	0.88031265266244	16.6775769418662	24.8803126526624
36740	-24	2.57743038593065	11.9115779189057	26.5774303859307	35.9115779189057
36741	-24	-7.60527601367852	2.57743038593065	16.3947239863215	26.5774303859307
36742	-24	0.314606741573073	9.64875427454814	24.3146067415731	33.6487542745481
36743	-24	5.12310698583298	14.7401074743527	29.123106985833	38.7401074743527
36744	-24	3.42598925256476	10.7801660967269	27.4259892525648	34.7801660967269
36745	-103	-90.1152906692721	-66.5285784074255	12.8847093307279	36.4714215925745
36746	-103	-73.4836345872008	-56.8519785051294	29.5163654127992	46.1480214948706
36747	-17	0.00537371763556393	7.1309233023938	17.0053737176356	24.1309233023938
36748	-17	1.10161211529072	6.85686370297998	18.1016121152907	23.85686370298
36749	-17	-2.18710307767464	7.67904250122132	14.8128969223254	24.6790425012213
36750	-17	4.39032730825602	10.9677576941866	21.390327308256	27.9677576941866
36751	-17	1.10161211529072	6.58280410356622	18.1016121152907	23.5828041035662
36752	-17	7.95310210063508	13.4342940889106	24.9531021006351	30.4342940889106
36753	-27	-7.96873473375672	-3.06204201270151	19.0312652662433	23.9379579872985
36754	-26	-16.2594040058622	-8.00830483634587	9.74059599413778	17.9916951636541
36755	-26	3.54323400097707	14.2696629213484	29.5432340009771	40.2696629213484
36756	-26	9.5940400586224	16.1949193942355	35.5940400586224	42.1949193942355
36757	-27	-37.7718612603811	-24.3629702002931	-10.7718612603811	2.63702979970685
36758	-27	-20.6541279921837	-12.380556912555	6.3458720078163	14.619443087445
36759	-27	-38.6277479237909	-28.6424035173425	-11.6277479237909	-1.64240351734247
36760	-27	-42.3365901319003	-30.3541768441622	-15.3365901319003	-3.35417684416223
36761	-27	-59.4543234000977	-46.0454323400098	-32.4543234000977	-19.0454323400098
36762	-27	-70.0102589154861	-57.742550073278	-43.0102589154861	-30.742550073278
36766	63	43.7420615534929	48.3844650708354	-19.2579384465071	-14.6155349291646
36771	63	51.3883732291158	56.5769418661456	-11.6116267708842	-6.4230581338544
36772	63	53.8461162677089	59.8539325842697	-9.15388373229115	-3.14606741573033
36773	-20	3.75280898876406	14.1113825109917	23.7528089887641	34.1113825109917
36774	-20	-1.15388373229115	7.29653150952612	18.8461162677089	27.2965315095261
36775	-20	-16.1465559355154	-6.06057645334636	3.85344406448462	13.9394235466536
36776	-20	-3.87982413287739	5.38837322911576	16.1201758671226	25.3883732291158
36777	-20	6.75134342940891	15.4743527112848	26.7513434294089	35.4743527112848
36778	-20	16.8373229115779	25.8329262335125	36.8373229115779	45.8329262335125
36779	-20	18.4728871519296	25.8329262335125	38.4728871519296	45.8329262335125
36780	-20	14.9291646311676	25.5603321934538	34.9291646311676	45.5603321934538
36781	-20	10.0224719101124	21.4714215925745	30.0224719101124	41.4714215925745
36782	-20	10.295065950171	19.2906692721055	30.295065950171	39.2906692721055
36783	-20	24.4699560332193	32.3751831949194	44.4699560332193	52.3751831949194
36784	-20	5.11577918905715	14.3839765510503	25.1157791890572	34.3839765510503
36785	-20	10.5676599902296	20.6536394723986	30.5676599902296	40.6536394723986
36786	-20	-5.51538837322914	3.20762090864679	14.4846116267709	23.2076209086468
36787	-20	-11.5124572545188	-1.15388373229115	8.48754274548116	18.8461162677089
36788	-20	18.200293111871	25.8329262335125	38.200293111871	45.8329262335125
36789	-20	5.81240840254031	12.342940889106	25.8124084025403	32.342940889106
36790	-20	7.44504152418176	15.0639960918417	27.4450415241818	35.0639960918417
36791	-1	-22.1846604787494	-15.1133365901319	-21.1846604787494	-14.1133365901319
36792	-1	-5.63361016121155	1.70786516853934	-4.63361016121155	2.70786516853934
36793	-1	-1.68050806057647	3.96678065461651	-0.680508060576472	4.96678065461651
36794	-1	-0.551050317537886	5.0962383976551	0.448949682462114	6.0962383976551
36795	-1	-3.65705911089401	2.55495847581824	-2.65705911089401	3.55495847581824
36796	-1	-3.37469467513438	2.55495847581824	-2.37469467513438	3.55495847581824
36797	-1	1.99022960429897	9.33170493404981	2.99022960429897	10.3317049340498
36798	-1	-4.7865168539326	1.42550073277965	-3.7865168539326	2.42550073277965
36799	-1	-0.268685881778197	5.94333170493405	0.731314118221803	6.94333170493405
36800	-1	-2.24523693209574	5.0962383976551	-1.24523693209574	6.0962383976551
36801	-1	0.860771861260389	7.6375183194919	1.86077186126039	8.6375183194919
36802	8	-6.06204201270151	0.160723009281924	-14.0620420127015	-7.83927699071808
36803	0	-0.970688812896924	4.96922325354177	-0.970688812896924	4.96922325354177
36804	5	-12.8505129457743	-6.91060087933562	-17.8505129457743	-11.9106008793356
36805	15	-3.51636541279919	3.83781143136298	-18.5163654127992	-11.162188568637
36806	15	9.77772349780167	19.6775769418662	-5.22227650219833	4.67757694186616
36807	1	5.0962383976551	11.3082559843673	4.0962383976551	10.3082559843673
36808	1	5.37860283341473	11.3082559843673	4.37860283341473	10.3082559843673
36809	1	-16.9281875915975	-10.9985344406448	-17.9281875915975	-11.9985344406448
36810	1	-0.551050317537886	5.94333170493405	-1.55105031753789	4.94333170493405
36811	1	5.0962383976551	10.7435271128481	4.0962383976551	9.74352711284808
36812	1	5.0962383976551	11.0258915486077	4.0962383976551	10.0258915486077
36813	1	3.68441621885688	9.33170493404981	2.68441621885688	8.33170493404981
36814	1	0.0136785539814355	5.94333170493405	-0.986321446018565	4.94333170493405
36815	1	23.1675622862726	27.4030288226673	22.1675622862726	26.4030288226673
36816	1	-3.65705911089401	3.11968734733756	-4.65705911089401	2.11968734733756
36817	1	-2.80996580361506	2.83732291157793	-3.80996580361506	1.83732291157793
36818	1	-2.52760136785542	2.83732291157793	-3.52760136785542	1.83732291157793
36819	-1	-3.79921836834387	2.70639960918419	-2.79921836834387	3.70639960918419
36820	-1	-8.32486565705909	-2.10210063507571	-7.32486565705909	-1.10210063507571
36821	-1	25.0517830972154	29.5774303859307	26.0517830972154	30.5774303859307
36822	-1	26.1831949193943	30.4259892525648	27.1831949193943	31.4259892525648
36823	7	-0.131411822178791	9.17049340498295	-7.13141182217879	2.17049340498295
36824	1	44.3448949682462	49.7098192476795	43.3448949682462	48.7098192476795
36825	1	-0.551050317537886	5.66096726917436	-1.55105031753789	4.66096726917436
36826	1	0.296042989741068	6.50806057645332	-0.703957010258932	5.50806057645332
36827	39	12.6243282852955	16.5500732779677	-26.3756717147045	-22.4499267220323
36828	39	-0.554958475818296	4.21201758671225	-39.5549584758183	-34.7879824132878
36829	39	10.6614557889594	14.5872007816316	-28.3385442110406	-24.4127992183684
36830	-88	-55.2051783097215	-41.6194430874451	32.7948216902785	46.3805569125549
36831	-21	-16.7733268197362	-11.9565217391304	4.22667318026379	9.04347826086956
36832	-21	-21.590131900342	-15.923302393747	-0.590131900341987	5.07669760625305
36833	-21	-2.88959452857841	1.64386907669757	18.1104054714216	22.6438690766976
36834	-66	-48.7860283341475	-37.6697606253053	17.2139716658525	28.3302393746947
36835	-71	-62.9066927210552	-52.0908646800195	8.09330727894479	18.9091353199805
36836	-71	-78.229115779189	-66.8124084025403	-7.22911577918904	4.18759159745974
36837	-69	-60.5031753786028	-49.0864680019541	8.4968246213972	19.9135319980459
36838	-63	-69.8168050806057	-58.7005373717635	-6.81680508060572	4.29946262823648
36839	-69	-73.1216414264778	-61.4044943820224	-4.12164142647777	7.59550561797755
36840	-69	-67.7137274059599	-55.3957010258915	1.2862725940401	13.6042989741085
36841	-160	-87.7039570102589	-78.3600390815828	72.2960429897411	81.6399609184172
36842	-160	-84.9912066438691	-74.743038593063	75.0087933561309	85.256961406937
36843	-158	-66.9062042012702	-44.6013678553981	91.0937957987298	113.398632144602
36844	-174	-92.8280410356619	-84.3883732291158	81.1719589643381	89.6116267708842
36845	-174	-89.2110405471421	-77.7572056668295	84.7889594528579	96.2427943331705
36847	-160	-83.7855398143624	-72.3317049340498	76.2144601856376	87.6682950659502
36848	-165	-87.4025403028822	-73.838788470933	77.5974596971178	91.161211529067
36849	-25	-14.4846116267709	-5.05373717635564	10.5153883732291	19.9462628236444
36850	-88	-90.6526624328285	-75.5837811431363	-2.65266243282855	12.4162188568637
36851	-88	-87.2408402540303	-68.47581827064	0.759159745969697	19.52418172936
36852	-88	-75.5837811431363	-57.3873961895457	12.4162188568637	30.6126038104543
36853	-88	-80.4171958964338	-63.6424035173425	7.58280410356616	24.3575964826575
36854	-88	-79.5642403517343	-60.2305813385442	8.43575964826573	27.7694186614558
36855	-88	-71.0346849047386	-56.818759159746	16.9653150952614	31.181240840254
36856	-88	-77.0053737176356	-63.0737664875427	10.9946262823644	24.9262335124573
36857	-88	-61.0835368832438	-40.6126038104543	26.9164631167562	47.3873961895457
36858	-88	-75.2994626282364	-58.808988764045	12.7005373717636	29.191011235955
36859	37	32.0908646800196	41.5539814362482	-4.90913531998041	4.55398143624819
36860	45	5.53883732291155	13.5544699560332	-39.4611626770885	-31.4455300439668
36861	37	32.6643869076698	43.8480703468491	-4.33561309233022	6.84807034684906
36862	37	11.4440644846117	18.8998534440645	-25.5559355153883	-18.1001465559355
36863	37	32.6643869076698	42.1275036638984	-4.33561309233022	5.12750366389844
36864	37	22.914509037616	29.5100146555936	-14.085490962384	-7.48998534440642
36865	37	14.885197850513	20.6204201270152	-22.114802149487	-16.3795798729848
36866	37	20.3336590131901	27.7894479726429	-16.6663409868099	-9.2105520273571
36867	37	-2.32046897899363	4.27503663898392	-39.3204689789936	-32.7249633610161
36868	37	12.0175867122618	19.7601367855398	-24.9824132877382	-17.2398632144602
36869	9	17.3751831949194	22.1338544211041	8.37518319491943	13.1338544211041
36870	9	20.1744015632634	25.2129946262824	11.1744015632634	16.2129946262824
36871	9	8.41768441621889	15.4157303370787	-0.58231558378111	6.41573033707868
36872	9	17.3751831949194	22.9736199316072	8.37518319491943	13.9736199316072
36873	9	15.1358085002443	19.8944797264289	6.13580850024431	10.8944797264289
36874	9	12.8964338055691	18.494870542257	3.89643380556913	9.49487054225699
36875	9	16.2554958475819	19.8944797264289	7.25549584758187	10.8944797264289
36876	-9	-7.01465559355154	3.1152906692721	1.98534440644846	12.1152906692721
36877	-9	0.301416707376632	7.89887640449439	9.30141670737663	16.8988764044944
36878	-9	-14.6121152906693	-5.32633121641425	-5.61211529066929	3.67366878358575
36879	-9	-2.23106985832925	9.02442598925256	6.76893014167075	18.0244259892526
36880	-9	-11.7982413287738	-2.23106985832925	-2.79824132877383	6.76893014167075
36881	-152	-90.4176844162188	-72.2740595994138	61.5823155837812	79.7259404005862
36882	-81	-117.101612115291	-100.186126038105	-36.1016121152907	-19.1861260381045
36884	-96	-59.5622862725941	-49.7625793844651	36.4377137274059	46.2374206155349
36885	-96	-75.7029799706888	-60.7151929653151	20.2970200293112	35.2848070346849
36886	-96	-106.255007327797	-79.161700048852	-10.2550073277968	16.838299951148
36887	-96	-74.5500732779678	-60.4269662921349	21.4499267220322	35.5730337078651
36889	-96	-59.8505129457743	-48.3214460185637	36.1494870542257	47.6785539814363
36900	-61	-69.0737664875427	-51.4919394235467	-8.07376648754274	9.50806057645332
36902	-70	-98.7997068881289	-82.3986321446018	-28.7997068881289	-12.3986321446018
36903	-70	-90.743038593063	-71.752320468979	-20.743038593063	-1.75232046897895
36904	-70	-80.3844650708353	-64.8466047874938	-10.3844650708353	5.15339521250615
36905	-70	-90.4553004396678	-71.752320468979	-20.4553004396678	-1.75232046897895
36917	-59	-71.8700537371764	-53.9697117733268	-12.8700537371764	5.03028822667318
36918	-59	-61.7650219833903	-45.5969711773326	-2.76502198339028	13.4030288226674
36920	-36	-81.2242305813385	-41.3644357596482	-45.2242305813385	-5.36443575964825
36921	-36	-27.0263800683928	4.80410356619444	8.97361993160723	40.8041035661944
36922	-36	-84.6653639472398	-58.8568637029799	-48.6653639472398	-22.8568637029799
36924	-36	-80.9374694675134	-41.3644357596482	-44.9374694675134	-5.36443575964825
36925	-36	-21.2911577918906	-15.8426966292134	14.7088422081094	20.1573033707866
36928	-36	-73.7684416218856	-65.7391304347826	-37.7684416218856	-29.7391304347826
36929	-36	-62.0112359550562	-54.8422081094284	-26.0112359550562	-18.8422081094284
36931	-8	-57.923790913532	-44.7777234978016	-49.923790913532	-36.7777234978016
36932	-8	-47.9213483146067	-37.6331216414264	-39.9213483146067	-29.6331216414264
36933	-27	-15.6160234489496	-4.65363947239859	11.3839765510504	22.3463605276014
36934	-27	16.4489496824622	26.5891548607719	43.4489496824622	53.5891548607719
36935	-27	-10.9570102589155	0.827552515876903	16.0429897410845	27.8275525158769
36936	-27	25.7669760625305	36.7293600390816	52.7669760625305	63.7293600390816
36937	-23	-9.03859306301905	3.29408891060092	13.9614069369809	26.2940889106009
36938	-30	-8.38788470933076	3.6922325354177	21.6121152906692	33.6922325354177
36939	-30	-30.3517342452369	-21.5661944308745	-0.351734245236912	8.43380556912552
36940	-32	3.59892525647291	15.3414753297509	35.5989252564729	47.3414753297509
36941	-32	17.9687347337567	44.599902296043	49.9687347337567	76.599902296043
36942	-32	-3.44601856375186	14.6741573033708	28.5539814362481	46.6741573033708
36943	-145	-91.0195407914021	-77.7572056668295	53.9804592085979	67.2427943331705
36944	-81	-63.1201758671226	-44.9003419638495	17.8798241328774	36.0996580361505
36946	-81	-58.2037127503664	-40.5622862725941	22.7962872496336	40.4377137274059
36947	-81	-49.8168050806058	-32.4645823155838	31.1831949193942	48.5354176844162
36948	-81	-55.6008793356131	-39.694675134343	25.3991206643869	41.305324865657
36949	-29	28.2335124572546	39.7440156326331	57.2335124572546	68.7440156326331
36950	-32	40.4816805080605	50.0908646800195	72.4816805080605	82.0908646800195
36951	-32	41.8544211040547	52.2872496336101	73.8544211040547	84.2872496336101
36952	-32	12.752320468979	20.4396678065461	44.752320468979	52.4396678065461
36953	-32	16.8705422569614	24.0087933561309	48.8705422569614	56.0087933561309
36954	-32	16.5959941377625	23.1851489985344	48.5959941377625	55.1851489985344
36955	-32	-66.0429897410845	-53.4137762579385	-34.0429897410845	-21.4137762579385
36956	-32	-39.6863702979971	-28.4298974108452	-7.68637029799709	3.57010258915483
36957	-32	-36.9408891060088	-26.5080605764534	-4.9408891060088	5.49193942354663
36958	-32	22.9106008793356	30.0488519785051	54.9106008793356	62.0488519785051
36959	-32	15.4978016609672	24.5578895945285	47.4978016609672	56.5578895945285
36960	-32	10.0068392769907	19.3414753297508	42.0068392769907	51.3414753297508
36961	-32	-22.1152906692721	-10.0351734245237	9.8847093307279	21.9648265754763
36962	-32	-19.3698094772839	-8.93698094772839	12.6301905227161	23.0630190522716
36963	-32	-29.2535417684416	-19.6443575964827	2.74645823155839	12.3556424035173
36964	-32	-44.9027845627748	-33.3717635564241	-12.9027845627748	-1.37176355642407
36965	-32	-35.5681485100147	-25.9589643380557	-3.56814851001468	6.04103566194431
36966	-32	-37.7645334636053	-24.8607718612604	-5.76453346360529	7.13922813873961
36967	-32	28.4015632633121	37.1871030776746	60.4015632633121	69.1871030776746
36968	-32	-37.4899853444065	-27.6062530532487	-5.48998534440648	4.39374694675132
36969	-32	-24.3116756228627	-16.0752320468979	7.68832437713729	15.9247679531021
36970	-32	18.2432828529555	26.4797264289203	50.2432828529555	58.4797264289203
36971	-32	30.0488519785051	38.2852955544699	62.0488519785051	70.2852955544699
36972	-32	19.6160234489496	27.8524670249145	51.6160234489496	59.8524670249145
36973	-32	29.7743038593063	37.1871030776746	61.7743038593063	69.1871030776746
36974	-32	-24.0371275036639	-13.8788470933073	7.9628724963361	18.1211529066927
36975	-32	23.7342452369321	34.4416218856863	55.7342452369321	66.4416218856863
36976	-32	19.3414753297508	27.8524670249145	51.3414753297508	59.8524670249145
36977	-32	27.3033707865168	34.7161700048852	59.3033707865168	66.7161700048852
36978	-32	24.5578895945285	31.1470444553004	56.5578895945285	63.1470444553004
36979	-32	24.5578895945285	31.4215925744992	56.5578895945285	63.4215925744992
36980	-32	22.9106008793356	30.8724963361016	54.9106008793356	62.8724963361016
36981	-32	29.2252076209086	36.3634587200781	61.2252076209086	68.3634587200781
36982	-32	15.4978016609672	22.6360527601367	47.4978016609672	54.6360527601367
36983	-32	16.3214460185637	23.1851489985344	48.3214460185637	55.1851489985344
36984	-32	9.73229115779191	16.8705422569614	41.7322911577919	48.8705422569614
36985	-32	31.6961406936981	39.1089399120664	63.6961406936981	71.1089399120664
36986	-32	14.1250610649731	22.0869565217391	46.1250610649731	54.0869565217391
36987	-32	16.3214460185637	25.6560820713239	48.3214460185637	57.6560820713239
36988	-32	24.0087933561309	31.9706888128969	56.0087933561309	63.9706888128969
36989	-32	-44.628236443576	-34.7445041524182	-12.628236443576	-2.74450415241819
36990	-32	36.0889106008793	44.8744504152418	68.0889106008793	76.8744504152418
36991	-32	26.2051783097215	34.4416218856863	58.2051783097215	66.4416218856863
36992	-32	5.61406936980944	14.1250610649731	37.6140693698094	46.1250610649731
36993	-32	-20.4680019540792	-10.3097215437225	11.5319980459208	21.6902784562775
36994	-32	17.6941866145579	25.6560820713239	49.6941866145579	57.6560820713239
36995	-32	20.9887640449438	28.4015632633121	52.9887640449438	60.4015632633121
36996	-32	16.3214460185637	25.9306301905227	48.3214460185637	57.9306301905227
36997	-32	18.5178309721543	25.6560820713239	50.5178309721543	57.6560820713239
36998	-32	18.2432828529555	25.381533952125	50.2432828529555	57.381533952125
36999	-35	16.5959941377625	25.381533952125	51.5959941377625	60.381533952125
37000	-35	31.9706888128969	39.3834880312652	66.9706888128969	74.3834880312652
37001	-35	-20.4680019540792	-10.8588177821202	14.5319980459208	24.1411822178798
37002	-132	-67.5832926233513	-56.1108939912066	64.4167073766487	75.8891060087934
37008	50	33.3356130923302	42.4924279433317	-16.6643869076698	-7.50757205666832
37011	50	28.3409868099658	36.1104054714216	-21.6590131900342	-13.8895945285784
37013	50	9.74987787005375	15.2994626282364	-40.2501221299462	-34.7005373717636
37014	50	31.6707376648754	44.1573033707865	-18.3292623351246	-5.84269662921349
37017	50	10.304836345872	15.8544211040547	-39.695163654128	-34.1455788959453
37020	50	28.0635075720567	39.4401563263312	-21.9364924279433	-10.5598436736688
37021	51	27.5085490962384	36.942843185149	-23.4914509037616	-14.057156814851
37025	50	32.2256961406937	44.1573033707865	-17.7743038593063	-5.84269662921349
37026	-130	-82.9804592085979	-69.9985344406448	47.0195407914021	60.0014655593552
37028	-102	-89.0185637518319	-72.4137762579385	12.9814362481681	29.5862237420615
37029	44	46.8226673180264	52.2745481191988	2.82266731802639	8.27454811919881
37030	44	34.0107474352711	40.2804103566194	-9.98925256472887	-3.71958964338057
37031	44	50.9115779189057	59.6345872007816	6.91157791890572	15.6345872007816
37032	44	64.5412799218368	74.0820713238886	20.5412799218368	30.0820713238886
37035	44	52.5471421592574	58.5442110405471	8.54714215925742	14.5442110405471
37036	44	46.5500732779677	52.2745481191988	2.55007327796773	8.27454811919881
37037	44	51.7293600390816	58.2716170004885	7.7293600390816	14.2716170004885
37038	44	55.2730825598437	60.4523693209575	11.2730825598437	16.4523693209575
37039	45	22.7147044455301	30.6340986809966	-22.2852955544699	-14.3659013190034
37041	45	27.9032730825598	38.2804103566195	-17.0967269174402	-6.71958964338052
37042	45	45.9267220322423	51.1152906692722	0.92672203224231	6.11529066927216
37043	44	9.74987787005375	14.9291646311676	-34.2501221299462	-29.0708353688324
37044	44	50.6389838788471	55.0004885197851	6.63898387884706	11.0004885197851
37045	44	52.5471421592574	59.361993160723	8.54714215925742	15.361993160723
37046	44	51.4567659990229	56.9086468001954	7.45676599902293	12.9086468001954
37047	44	39.1900341963849	44.914509037616	-4.80996580361506	0.914509037616028
37048	44	43.5515388373229	49.8212017586712	-0.44846116267712	5.82120175867124
37049	44	25.8329262335125	35.3737176355642	-18.1670737664875	-8.62628236443578
37050	-34	3.18612603810459	10.7503663898388	37.1861260381046	44.7503663898388
37051	-35	-31.9276990718124	-26.2315583781143	3.07230092818759	8.7684416218857
37052	-35	-31.6428920371275	-26.8011724474841	3.35710796287253	8.19882755251592
37053	-35	-69.8070346849047	-58.9843673668784	-34.8070346849047	-23.9843673668784
37054	-43	-66.3893502686859	-57.2755251587689	-23.3893502686859	-14.2755251587689
37055	-35	-29.0796287249634	-21.6746458231558	5.92037127503664	13.3253541768442
37056	-35	-52.1489985344406	-45.5984367366878	-17.1489985344406	-10.5984367366878
37057	-35	-36.7694186614557	-29.9340498290181	-1.76941866145575	5.06595017098192
37058	-35	-41.3263312164142	-33.6365412799218	-6.32633121641425	1.3634587200782
37059	-35	-65.2501221299462	-57.2755251587689	-30.2501221299462	-22.2755251587689
37060	-35	-79.7752808988764	-74.3639472398632	-44.7752808988764	-39.3639472398632
37061	-35	-51.009770395701	-42.4655593551539	-16.009770395701	-7.46555935515386
37062	-35	-25.6619443087445	-19.3961895456766	9.33805569125553	15.6038104543234
37063	-43	-58.4147532975085	-49.0161211529067	-15.4147532975085	-6.01612115290669
37064	-43	-42.4655593551539	-35.9149975574011	0.534440644846143	7.08500244259892
37065	-43	-51.2945774303859	-45.3136297020029	-8.29457743038591	-2.31362970200291
37066	-43	-74.0791402051783	-64.9653150952614	-31.0791402051783	-21.9653150952614
37067	-43	-75.2183683439179	-65.5349291646311	-32.2183683439179	-22.5349291646311
37068	-11	-19.0801172447484	-12.5857352222765	-8.08011724474841	-1.58573522227653
37069	-28	7.1118710307768	14.0366389838788	35.1118710307768	42.0366389838788
37070	-28	16.8065461651197	22.3463605276014	44.8065461651197	50.3463605276014
37071	-28	76.6365412799219	76.6365412799219	104.636541279922	104.636541279922
37072	-28	1.29506595017102	9.32779677576946	29.295065950171	37.3277967757695
37073	-28	0.187103077674692	7.1118710307768	28.1871030776747	35.1118710307768
37074	-28	-6.73766487542741	3.23400097703961	21.2623351245726	31.2340009770396
37075	-28	-3.69076697606249	5.44992672203227	24.3092330239375	33.4499267220323
37076	-28	6.5578895945286	13.4826575476307	34.5578895945286	41.4826575476307
37077	-28	-8.95359062042013	-3.96775769418662	19.0464093795799	24.0322423058134
37078	-28	2.12603810454328	8.77381533952126	30.1260381045433	36.7738153395213
37079	-28	77.1905227161701	77.1905227161701	105.19052271617	105.19052271617
37080	-28	-16.1553492916463	-7.84562774792374	11.8446507083537	20.1543722520763
37081	-50	-20.3058133854421	-13.6228627259404	29.6941866145579	36.3771372740596
37082	-50	6.14753297508548	13.9443087445042	56.1475329750855	63.9443087445042
37083	-50	13.6658524670249	21.7410845139228	63.6658524670249	71.7410845139228
37084	-46	-2.20615534929163	5.59062042012698	43.7938446507084	51.590620420127
37085	-46	15.6150464093795	23.133365901319	61.6150464093795	69.133365901319
37086	-46	18.3996091841719	26.4748412310698	64.3996091841719	72.4748412310698
37087	-46	12.8304836345872	19.2349780166097	58.8304836345872	65.2349780166097
37088	-46	20.9057156814851	29.8163165608207	66.9057156814851	75.8163165608207
37089	-62	24.2471910112359	30.6516853932584	86.2471910112359	92.6516853932584
37090	-62	-34.5070835368833	-26.4318514899854	27.4929164631167	35.5681485100146
37091	-62	-29.494870542257	-23.9257449926722	32.505129457743	38.0742550073278
37092	-62	16.7288715192965	21.7410845139228	78.7288715192965	83.7410845139228
37093	-130	-88.1841719589643	-74.2740595994138	41.8158280410357	55.7259404005862
37094	-111	-75.1792867611138	-64.3986321446018	35.8207132388862	46.6013678553982
37095	-5	-11.8998534440645	-4.35515388373233	-6.89985344406449	0.644846116267672
37096	-5	-7.98778700537372	0.395212506106475	-2.98778700537372	5.39521250610647
37097	-5	-8.54665363947242	-2.11968734733756	-3.54665363947242	2.88031265266244
37098	55	61.2965315095261	64.9897410845139	6.29653150952612	9.98974108451392
37099	55	52.591108939912	56.5481191988275	-2.40889106008797	1.54811919882752
37100	55	50.7445041524182	54.7015144113337	-4.25549584758181	-0.298485588666324
37101	55	63.9345383488031	67.8915486077186	8.93453834880313	12.8915486077186
37102	55	67.1001465559355	70.7933561309233	12.1001465559355	15.7933561309233
37103	55	64.9897410845139	68.6829506595017	9.98974108451392	13.6829506595017
37104	55	70.0019540791402	73.9589643380557	15.0019540791402	18.9589643380557
37105	55	65.5173424523693	69.7381533952125	10.5173424523693	14.7381533952125
37106	55	66.0449438202247	69.7381533952125	11.0449438202247	14.7381533952125
37107	55	62.8793356130923	66.5725451880801	7.87933561309234	11.5725451880801
37109	39	18.9154860771861	29.8778700537372	-20.0845139228139	-9.12212994626282
37110	44	42.2105520273572	51.5285784074255	-1.78944797264285	7.52857840742553
37111	44	41.1143136297021	47.6917440156327	-2.88568637029795	3.69174401563265
37112	44	34.8109428431852	45.2252076209087	-9.18905715681484	1.22520762090869
37113	39	35.9071812408403	43.3067904250123	-3.09281875915974	4.30679042501225
37114	39	35.9071812408403	43.0327308255985	-3.09281875915974	4.03273082559849
37115	44	35.085002442599	42.4846116267709	-8.91499755740102	-1.51538837322909
37116	44	43.3067904250123	52.0766976062531	-0.693209574987748	8.07669760625311
37117	34	29.8778700537372	38.647777234978	-4.12212994626282	4.64777723497804
37118	34	47.9658036150464	56.1875915974597	13.9658036150464	22.1875915974597
37119	34	26.0410356619443	33.1665852467025	-7.95896433805569	-0.833414753297461
37120	39	47.4176844162189	55.9135319980459	8.41768441621889	16.9135319980459
37121	34	35.3590620420127	46.04738641915	1.35906204201274	12.04738641915
37122	34	49.8842208109428	58.9281875915975	15.8842208109428	24.9281875915975
37123	34	27.1372740595995	34.2628236443576	-6.86272594040054	0.262823644357638
37124	34	58.3800683927699	69.0683927699072	24.3800683927699	35.0683927699072
37125	34	33.9887640449438	41.9364924279433	-0.0112359550561791	7.93649242794334
37126	39	41.1143136297021	50.1582804103567	2.11431362970205	11.1582804103567
37127	34	18.9154860771861	26.3150952613581	-15.0845139228139	-7.68490473864188
37128	34	38.0996580361505	45.4992672203225	4.09965803615052	11.4992672203225
37129	39	46.5955056179776	55.9135319980459	7.59550561797755	16.9135319980459
37130	39	49.3361016121153	58.3800683927699	10.3361016121153	19.3800683927699
37131	39	44.6770884220811	53.7210552027357	5.67708842208111	14.7210552027357
37132	39	45.7733268197362	54.2691744015633	6.77332681973621	15.2691744015633
37133	39	38.647777234978	46.04738641915	-0.352222765021963	7.04738641915003
37134	39	36.1812408402541	44.4030288226674	-2.81875915974592	5.40302882266735
37135	39	18.9154860771861	28.7816316560821	-20.0845139228139	-10.2183683439179
37136	34	28.5075720566683	36.7293600390816	-5.49242794333168	2.7293600390816
37137	34	54.5432340009771	66.0537371763557	20.5432340009771	32.0537371763557
37138	34	23.3004396678066	31.5222276502199	-10.6995603321934	-2.47777234978014
37139	39	36.4553004396678	43.0327308255985	-2.54469956033216	4.03273082559849
37140	44	57.8319491939424	66.6018563751832	13.8319491939424	22.6018563751832
37141	34	30.7000488519785	37.8255984367367	-3.29995114802148	3.8255984367367
37142	43	13.9824132877382	24.1226184660479	-29.0175867122618	-18.8773815339521
37143	39	39.7440156326331	47.9658036150464	0.744015632633136	8.96580361504641
37144	39	40.8402540302882	48.7879824132878	1.84025403028824	9.78798241328775
37145	39	48.7879824132878	57.8319491939424	9.78798241328775	18.8319491939424
37146	39	46.3214460185638	55.3654127992184	7.32144601856379	16.3654127992184
37147	39	43.0327308255985	51.5285784074255	4.03273082559849	12.5285784074255
37148	39	32.3444064484612	40.0180752320469	-6.6555935515388	1.0180752320469
37149	39	49.6101612115291	57.8319491939424	10.6101612115291	18.8319491939424
37150	39	28.2335124572546	36.7293600390816	-10.7664875427454	-2.2706399609184
37151	25	49.7303370786517	59.1685393258427	24.7303370786517	34.1685393258427
37152	25	9.28089887640448	18.9887640449438	-15.7191011235955	-6.01123595505618
37153	25	42.9887640449438	50.2696629213483	17.9887640449438	25.2696629213483
37154	25	48.9213483146067	58.0898876404494	23.9213483146067	33.0898876404494
37155	25	52.6966292134832	60.2471910112359	27.6966292134832	35.2471910112359
37156	25	65.1011235955056	74.2696629213483	40.1011235955056	49.2696629213483
37157	25	63.2134831460674	73.7303370786517	38.2134831460674	48.7303370786517
37158	25	55.123595505618	64.8314606741573	30.123595505618	39.8314606741573
37159	25	60.2471910112359	69.9550561797753	35.2471910112359	44.9550561797753
37160	29	55.1929653150953	64.3448949682463	26.1929653150953	35.3448949682463
37161	29	42.8109428431852	52.2320468978994	13.8109428431852	23.2320468978994
37162	29	37.6966292134832	47.9252564728872	8.69662921348316	18.9252564728872
37163	27	37.5300439667806	47.7401074743527	10.5300439667806	20.7401074743527
37164	27	57.6814851001466	64.3986321446018	30.6814851001466	37.3986321446018
37165	27	57.6814851001466	66.0107474352711	30.6814851001466	39.0107474352711
37166	27	52.8451392281387	61.1744015632633	25.8451392281387	34.1744015632633
37167	27	60.9057156814851	70.5784074255007	33.9057156814851	43.5784074255007
37168	27	41.5603321934538	52.0390815828041	14.5603321934538	25.0390815828041
37169	27	44.7845627747924	51.7703957010259	17.7845627747924	24.7703957010259
37170	27	53.1138251099169	61.4430874450415	26.1138251099169	34.4430874450415
37171	27	65.7420615534929	77.5642403517342	38.7420615534929	50.5642403517342
37172	27	50.4269662921348	57.6814851001466	23.4269662921348	30.6814851001466
37173	27	31.8876404494382	41.8290180752321	4.88764044943821	14.8290180752321
37174	27	35.3805569125549	44.7845627747924	8.38055691255494	17.7845627747924
37175	27	43.1724474841231	52.5764533463605	16.1724474841231	25.5764533463605
37176	27	31.3502686858818	40.2169027845628	4.35026868588176	13.2169027845628
37177	27	52.8451392281387	60.9057156814851	25.8451392281387	33.9057156814851
37178	27	51.2330239374695	58.7562286272594	24.2330239374695	31.7562286272594
37179	27	34.3058133854421	43.7098192476795	7.30581338544209	16.7098192476795
37180	27	31.8876404494382	42.6350757205666	4.88764044943821	15.6350757205666
37181	27	28.6634098680996	36.4553004396678	1.66340986809962	9.45530043966778
37182	27	52.8451392281387	62.5178309721543	25.8451392281387	35.5178309721543
37183	27	55.8006839276991	63.8612603810454	28.8006839276991	36.8612603810454
37184	27	56.6067415730337	64.66731802638	29.6067415730337	37.66731802638
37186	-104	-90.2261846604787	-62.1489985344406	13.7738153395213	41.8510014655594
37187	22	26.6463116756229	35.9975574010747	4.64631167562288	13.9975574010747
37188	22	14.8197361993161	18.1201758671227	-7.18026380068392	-3.87982413287733
37189	-105	Inf	-Inf	Inf	-Inf
37190	-105	Inf	-Inf	Inf	-Inf
37191	-105	65.7034684904738	65.7034684904738	170.703468490474	170.703468490474
37192	-105	65.4054714215926	65.4054714215926	170.405471421593	170.405471421593
37193	-105	65.4054714215926	65.4054714215926	170.405471421593	170.405471421593
37194	-117	-86.171958964338	-77.2173913043478	30.828041035662	39.7826086956522
37195	-117	-78.4113336590132	-69.7552515876893	38.5886663409868	47.2447484123107
37196	-103	-111.841719589643	-100.499267220322	-8.84171958964339	2.50073277967761
37197	-103	28.7449926722032	28.7449926722032	131.744992672203	131.744992672203
37198	-103	27.5510503175379	27.5510503175379	130.551050317538	130.551050317538
37199	-103	27.8495359062042	27.8495359062042	130.849535906204	130.849535906204
37200	-103	30.8343917928676	30.8343917928676	133.834391792868	133.834391792868
37201	-103	-106.170493404983	-95.4250122129946	-3.17049340498289	7.5749877870054
37202	-103	-99.305324865657	-90.6492427943331	3.69467513434296	12.3507572056669
37203	-103	-70.352222765022	-55.1294577430386	32.647777234978	47.8705422569614
37204	-123	62.723497801661	62.723497801661	185.723497801661	185.723497801661
37205	-103	-101.693209574988	-91.2462139716658	1.30679042501225	11.7537860283342
37206	-103	65.7572056668295	65.7572056668295	168.75720566683	168.75720566683
37207	-103	-112.14020517831	-101.394723986321	-9.14020517830971	1.60527601367858
37208	-117	-104.081094284319	-95.7234978016609	12.9189057156815	21.2765021983391
37209	-154	-94.0337078651685	-82.8812896922325	59.9662921348315	71.1187103077675
37210	-154	-90.1152906692721	-79.2642892037127	63.8847093307279	74.7357107962873
37211	-154	-91.0195407914021	-80.4699560332193	62.9804592085979	73.5300439667807
37212	-157	-94.9379579872985	-84.3883732291158	62.0620420127015	72.6116267708842
37213	-151	-97.047874938935	-85.2926233512457	53.952125061065	65.7073766487543
37214	-96	-79.8309721543722	-68.2281387396189	16.1690278456278	27.7718612603811
37215	-10	-2.68050806057647	3.59599413776255	7.31949193942353	13.5959941377625
37216	-10	-6.9599413776258	-0.968734733756719	3.0400586223742	9.03126526624328
37217	-14	-56.4948705422569	-46.7782120175867	-42.4948705422569	-32.7782120175867
37218	-14	-42.4914509037616	-37.0615534929165	-28.4914509037616	-23.0615534929165
37219	-14	-52.7796775769418	-46.4924279433317	-38.7796775769418	-32.4924279433317
37220	-14	-56.4948705422569	-48.2071323888617	-42.4948705422569	-34.2071323888617
37221	-14	-24.7728382999511	-19.057156814851	-10.7728382999511	-5.057156814851
37222	-15	-52.4938935026868	-44.7777234978016	-37.4938935026868	-29.7777234978016
37223	-15	-35.6326331216414	-29.0595994137763	-20.6326331216414	-14.0595994137763
37224	-100	-115.183194919394	-99.2598925256473	-15.1831949193942	0.740107474352726
37225	-114	-121.260381045432	-95.2579384465071	-7.26038104543233	18.7420615534929
37226	-107	-73.8808011724475	-58.7078651685393	33.1191988275525	48.2921348314607
37227	-107	-74.4758182706399	-62.8729848558866	32.5241817293601	44.1270151441134
37228	-107	-70.3106985832926	-51.5676599902296	36.6893014167074	55.4323400097704
37229	-107	-80.7234978016609	-68.2281387396189	26.2765021983391	38.7718612603811
37230	-107	-76.5583781143136	-64.9555446995603	30.4416218856864	42.0444553004397
37231	47	25.4391792867611	48.6321446018563	-21.5608207132389	1.63214460185634
37232	24	-5.91695163654128	6.16316560820712	-29.9169516365413	-17.8368343917929
37233	-111	-117.586712261847	-98.0581338544211	-6.58671226184657	12.9418661455789
37234	-107	-70.4865657059111	-55.971665852467	36.5134342940889	51.028334147533
37235	-117	-83.8216902784563	-61.5530043966781	33.1783097215437	55.4469956033219
37236	-133	-96.0600879335613	-77.8871519296532	36.9399120664387	55.1128480703468
37237	-133	-89.3966780654617	-74.2525647288715	43.6033219345383	58.7474352711285
37238	21	11.105031753786	18.2432828529555	-9.89496824621398	-2.75671714704447
37240	21	-16.6243282852956	-9.76062530532488	-37.6243282852956	-30.7606253053249
37241	21	0.6722032242306	5.61406936980944	-20.3277967757694	-15.3859306301906
37246	-44	-66.2115290669272	-58.495359062042	-22.2115290669272	-14.495359062042
37247	-44	-53.9228138739619	-45.6350757205666	-9.9228138739619	-1.63507572056665
37248	-44	-62.4963361016121	-52.2081094284318	-18.4963361016121	-8.20810942843184
37249	14	65.0879335613093	65.0879335613093	51.0879335613093	51.0879335613093
37250	-7	-41.2647777234978	-35.3248656570591	-34.2647777234978	-28.3248656570591
37251	14	63.6736687835858	63.6736687835858	49.6736687835858	49.6736687835858
37252	14	-29.6678065461651	-24.0107474352711	-43.6678065461651	-38.0107474352711
37253	14	62.8251099169516	62.8251099169516	48.8251099169516	48.8251099169516
37254	14	64.2393746946752	64.2393746946752	50.2393746946752	50.2393746946752
37255	14	64.2393746946752	64.2393746946752	50.2393746946752	50.2393746946752
37256	14	63.9565217391304	63.9565217391304	49.9565217391304	49.9565217391304
37257	14	-31.647777234978	-25.7078651685393	-45.647777234978	-39.7078651685393
37258	18	66.2193453834881	66.2193453834881	48.2193453834881	48.2193453834881
37259	14	-44.9418661455789	-37.0219833903273	-58.9418661455789	-51.0219833903273
37260	14	-27.4049829018075	-17.2222765021983	-41.4049829018075	-31.2222765021983
37261	14	61.4108451392282	61.4108451392282	47.4108451392282	47.4108451392282
37262	14	64.2393746946752	64.2393746946752	50.2393746946752	50.2393746946752
37263	14	-10.9995114802149	1.16316560820718	-24.9995114802149	-12.8368343917928
37264	14	-27.9706888128969	-19.4851001465559	-41.9706888128969	-33.4851001465559
37265	14	-38.7191011235955	-27.9706888128969	-52.7191011235955	-41.9706888128969
37266	14	-9.30239374694673	-3.64533463605272	-23.3023937469467	-17.6453346360527
37267	14	-50.0332193453835	-42.6790425012213	-64.0332193453835	-56.6790425012213
37268	14	-20.33365901319	-14.9594528578407	-34.33365901319	-28.9594528578407
37269	14	-34.7591597459697	-28.819247679531	-48.7591597459697	-42.819247679531
37270	14	61.4108451392282	61.4108451392282	47.4108451392282	47.4108451392282
37271	14	-16.0908646800195	-8.45383488031263	-30.0908646800195	-22.4538348803126
37272	14	59.71372740596	59.71372740596	45.71372740596	45.71372740596
37273	14	-50.0332193453835	-37.0219833903273	-64.0332193453835	-51.0219833903273
37274	14	-9.30239374694673	-2.79677576941862	-23.3023937469467	-16.7967757694186
37275	14	62.2594040058623	62.2594040058623	48.2594040058623	48.2594040058623
37276	14	61.6936980947729	61.6936980947729	47.6936980947729	47.6936980947729
37277	14	63.3908158280411	63.3908158280411	49.3908158280411	49.3908158280411
37278	14	-18.6365412799218	-10.7166585246702	-32.6365412799218	-24.7166585246702
37279	14	-46.3561309233024	-38.1533952125061	-60.3561309233024	-52.1533952125061
37280	14	61.1279921836835	61.1279921836835	47.1279921836835	47.1279921836835
37281	14	61.6936980947729	61.6936980947729	47.6936980947729	47.6936980947729
37282	14	60.5622862725941	60.5622862725941	46.5622862725941	46.5622862725941
37283	14	-21.1822178798241	-15.2423058133854	-35.1822178798241	-29.2423058133854
37284	14	61.6936980947729	61.6936980947729	47.6936980947729	47.6936980947729
37285	14	62.542256961407	62.542256961407	48.542256961407	48.542256961407
37286	14	3.99169516365413	10.2144601856376	-10.0083048363459	-3.78553981436244
37287	14	62.2594040058623	62.2594040058623	48.2594040058623	48.2594040058623
37288	-42	-32.0659501709819	-23.7923790913532	9.93404982901808	18.2076209086468
37289	-42	-71.1514411333659	-64.5896433805569	-29.1514411333659	-22.5896433805569
37290	-42	-66.5867122618466	-58.5984367366879	-24.5867122618466	-16.5984367366879
37291	-42	-67.1573033707865	-60.5955056179776	-25.1573033707865	-18.5955056179776
37292	-27	-33.2071323888617	-27.2159257449927	-6.20713238886174	-0.21592574499266
37293	-52	-57.171958964338	-52.0366389838788	-5.17195896433805	-0.036638983878845
37294	-52	-30.6394723986322	-22.0806057645335	21.3605276013678	29.9193942354665
37295	-52	-34.9189057156815	-26.9306301905227	17.0810942843185	25.0693698094773
37296	-52	-54.3190034196385	-48.6130923302394	-2.31900341963848	3.3869076697606
37297	-52	-39.1983390327308	-31.780654616512	12.8016609672692	20.219345383488
37298	-52	-42.0512945774304	-36.0600879335613	9.94870542256962	15.9399120664387
37299	-52	-64.019052271617	-56.6013678553982	-12.019052271617	-4.60136785539817
37300	-45	-47.1866145578896	-41.4807034684905	-2.18661455788958	3.5192965315095
37301	-45	-45.7601367855398	-39.1983390327308	-0.760136785539828	5.80166096726919
37302	-42	-69.7249633610161	-59.1690278456277	-27.7249633610161	-17.1690278456277
37304	40	14.8295065950171	19.6629213483146	-25.1704934049829	-20.3370786516854
37305	40	5.16267708842207	11.7020029311187	-34.8373229115779	-28.2979970688813
37306	40	13.123595505618	18.8099658036151	-26.876404494382	-21.1900341963849
37307	43	10.3947239863215	15.7874938935027	-32.6052760136785	-27.2125061064973
37308	43	-10.3248656570591	-0.390815828041013	-53.3248656570591	-43.390815828041
37309	43	16.8197361993161	21.3688324377137	-26.1802638006839	-21.6311675622863
37310	-94	-76.3136297020029	-64.1875915974597	17.6863702979971	29.8124084025403
37311	-76	-30.9062042012701	-23.9301416707377	45.0937957987299	52.0698583292623
37312	-76	-58.5197850512945	-49.5090376160234	17.4802149487055	26.4909623839766
37313	-107	-78.9120664386908	-71.6941866145579	28.0879335613092	35.3058133854421
37314	-59	-77.6741573033708	-68.1304347826087	-18.6741573033708	-9.13043478260869
37315	-59	-48.1753786028334	-39.4992672203225	10.8246213971666	19.5007327796775
37316	-98	-66.4973131411822	-53.505129457743	31.5026868588178	44.494870542257
37317	-59	75.8065461651197	75.8065461651197	134.80654616512	134.80654616512
37318	-60	-59.4035173424524	-52.4176844162189	0.596482657547597	7.58231558378111
37319	-60	-37.3282852955545	-27.5481191988276	22.6717147044455	32.4518808011724
37320	-60	73.6067415730337	73.6067415730337	133.606741573034	133.606741573034
37321	-60	74.7244748412311	74.7244748412311	134.724474841231	134.724474841231
37322	-60	74.4450415241817	74.4450415241817	134.445041524182	134.445041524182
37323	-60	-46.2701514411334	-38.4460185637519	13.7298485588666	21.5539814362481
37324	-60	-42.9169516365413	-32.5779189057157	17.0830483634587	27.4220810942843
37325	-60	-58.5652173913044	-49.0644846116268	1.43478260869563	10.9355153883732
37326	-59	-67.5070835368833	-58.8446507083537	-8.50708353688327	0.155349291646303
37327	-57	-24.7537860283342	-11.3409868099658	32.2462139716658	45.6590131900342
37328	-57	12.1314118221788	71.0918417195896	69.1314118221788	128.09184171959
37330	-57	-44.8729848558867	-35.3722520762091	12.1270151441133	21.6277479237909
37331	-57	64.6648754274548	64.6648754274548	121.664875427455	121.664875427455
37332	-57	-56.3297508549096	-36.2105520273571	0.670249145090395	20.7894479726429
37337	-57	-36.3292623351246	-29.3556424035173	20.6707376648754	27.6443575964827
37339	-57	-62.2711284807035	-34.0977039570103	-5.27112848070345	22.9022960429897
37340	-57	-1.4611626770884	39.2647777234978	55.5388373229116	96.2647777234978
37342	-57	62.1382510991696	62.1382510991696	119.13825109917	119.13825109917
37343	-57	-33.8187591597459	-26.2872496336101	23.1812408402541	30.7127503663899
37344	-53	-98.8128969223253	-66.4553004396678	-45.8128969223253	-13.4553004396678
37347	-53	-46.6502198339032	-38.0029311187103	6.34978016609676	14.9970688812897
37348	-59	-57.7269174401563	-48.2261846604787	1.27308255984366	10.7738153395213
37349	-59	-55.5764533463605	-46.371275036639	3.42354665363951	12.628724963361
