36455	-86.4768851736219	-91.4169152004002	-88.5579992045705	-4.94003002677836	-2.0811140309486
36456	-86.4768851736219	-92.5604815987322	-89.9874572024854	-6.08359642511029	-3.51057202886348
36457	-86.4768851736219	-91.4169152004002	-89.1297824037364	-4.94003002677836	-2.6528972301145
36458	-86.4768851736219	-94.2758311962301	-91.9886983995662	-7.79894602260818	-5.51181322594432
36459	-86.4768851736219	-80.83892601583	-78.5517932191661	5.63795915779188	7.92509195445574
36460	-86.4768851736219	-83.6978420116598	-78.5517932191661	2.77904316196206	7.92509195445574
36461	-135.181637945257	-134.787243580417	-127.877403839121	0.394394364839513	7.30423410613565
36463	-152.556990138334	-107.435794604453	-102.253414798481	45.1211955338811	50.3035753398532
36465	-152.556990138334	-117.800554216397	-113.193994388867	34.7564359219369	39.3629957494676
36466	-152.556990138334	-119.815924140942	-115.785184291853	32.7410659973921	36.7718058464816
36467	-152.556990138334	-114.345634345749	-109.451164528998	38.2113557925849	43.1058256093364
36468	-149.308840252782	-129.604863774445	-123.27084401159	19.7039764783368	26.0379962411916
36469	-149.308840252782	-129.604863774445	-122.119204054708	19.7039764783368	27.1896361980743
36470	-149.308840252782	-126.437853893018	-121.543384076266	22.8709863597642	27.7654561765156
36471	-149.308840252782	-128.741133806783	-122.695024033149	20.5677064459988	26.6138162196329
36472	-149.308840252782	-124.998303946914	-120.103834130163	24.3105363058675	29.205006122619
36473	-149.308840252782	-122.695024033149	-118.376374194839	26.6138162196329	30.9324660579431
36474	-149.308840252782	-122.119204054708	-118.376374194839	27.1896361980743	30.9324660579431
36475	-149.308840252782	-122.119204054708	-118.66428418406	27.1896361980743	30.6445560687224
36476	-149.308840252782	-131.044413720548	-124.998303946914	18.2644265322334	24.3105363058675
36477	-149.308840252782	-136.802613504962	-127.5894938499	12.50622674782	21.7193464028815
36478	-192.238992517711	-124.134573979252	-119.815924140942	68.1044185384586	72.4230683767687
36479	-192.238992517711	-125.286213936135	-121.255474087046	66.9527785815759	70.9835184306653
36480	-192.238992517711	-123.558754000811	-119.815924140942	68.6802385168999	72.4230683767687
36481	-192.238992517711	-123.27084401159	-119.528014151722	68.9681485061206	72.7109783659893
36482	-192.238992517711	-129.604863774445	-124.134573979252	62.6341287432658	68.1044185384586
36483	-192.238992517711	-130.756503731328	-127.013673871459	61.4824887863831	65.2253186462518
36484	-178.274929499709	-129.029043796004	-123.27084401159	49.2458857037049	55.0040854881183
36485	-178.274929499709	-129.029043796004	-123.558754000811	49.2458857037049	54.7161754988977
36486	-178.274929499709	-121.831294065487	-118.376374194839	56.4436354342217	59.8985553048698
36487	-193.328906541918	-126.725763882238	-122.407114043928	66.6031426596794	70.9217924979895
36488	-134.793529218992	-101.67759482004	-98.5105849386124	33.115934398952	36.2829442803794
36493	-138.026526350331	-123.150882754111	-117.718942362034	14.8756435962197	20.3075839882963
36494	-138.026526350331	-103.138470783302	-99.4218799887237	34.8880555670283	38.604646361607
36496	-138.026526350331	-97.1347471920598	-92.8463731983151	40.8917791582709	45.1801531520155
36498	-229.480802338583	-134.787243580417	-129.892773763666	94.693558758166	99.5880285749175
36499	-110.767055417662	-95.419397594562	-89.4156740033194	15.3476578230996	21.3513814143422
36501	-104.029908644653	-81.696600814579	-78.5517932191661	22.3333078300741	25.4781154254869
36502	-104.029908644653	-94.561722795813	-90.5592404016513	9.46818584884004	13.4706682430017
36503	-125.399860707927	-108.011614582895	-103.405054755364	17.3882461250326	21.9948059525633
36504	-125.399860707927	-104.268784723026	-100.238044873936	21.1310759849013	25.1618158339907
36505	-125.399860707927	-98.7984949278331	-95.343575057185	26.6013657800941	30.0562856507422
36506	-125.399860707927	-101.101774841598	-97.6468549709504	24.2980858663287	27.7530057369768
36507	-125.399860707927	-95.343575057185	-92.4644751649782	30.0562856507422	32.9353855429489
36508	-125.399860707927	-98.2226749493917	-94.1919351003023	27.1771857585354	31.2079256076249
36509	-125.399860707927	-102.829234776922	-99.0864049170538	22.5706259310047	26.3134557908734
36510	-125.399860707927	-99.9501348847157	-96.4952150140677	25.4497258232114	28.9046456938595
36511	-125.399860707927	-99.9501348847157	-96.207305024847	25.4497258232114	29.1925556830801
36512	-125.399860707927	-99.0864049170538	-95.6314850464057	26.3134557908734	29.7683756615215
36513	-125.399860707927	-102.829234776922	-98.5105849386124	22.5706259310047	26.8892757693148
36514	-125.399860707927	-100.813864852378	-96.7831250032883	24.5859958555494	28.6167357046388
36515	-125.399860707927	-106.572064636791	-101.96550480926	18.8277960711359	23.4343558986667
36516	-125.399860707927	-101.96550480926	-97.934764960171	23.4343558986667	27.4650957477561
36517	-125.399860707927	-95.9193950356263	-92.4644751649782	29.4804656723008	32.9353855429489
36518	-125.399860707927	-101.101774841598	-97.071034992509	24.2980858663287	28.3288257154182
36519	-125.399860707927	-110.026984507439	-104.268784723026	15.3728762004879	21.1310759849013
36520	-125.399860707927	-103.117144766143	-99.0864049170538	22.282715941784	26.3134557908734
36521	-148.457335448568	-122.407114043928	-112.906084399646	26.0502214046392	35.5512510489215
36522	-148.457335448568	-107.723704593674	-102.253414798481	40.7336308548936	46.2039206500864
36523	-148.457335448568	-120.103834130163	-104.844604701467	28.3535013184046	43.6127307471003
36524	-148.457335448568	-120.967564097825	-108.587434561336	27.4897713507426	39.8699008872316
36525	-148.457335448568	-96.7831250032883	-92.4644751649782	51.6742104452792	55.9928602835893
36526	-148.457335448568	-115.209364313411	-110.602804485881	33.2479711351561	37.8545309626869
36527	-89.2639729127995	-95.6314850464057	-92.4644751649782	-6.3675121336062	-3.20050225217878
36528	-89.2639729127995	-93.0402951434196	-89.8732852619922	-3.77632223062014	-0.60931234919272
36529	-89.2639729127995	-94.7677550787436	-91.8886551865369	-5.50378216594416	-2.62468227373742
36530	-89.2639729127995	-94.7677550787436	-91.8886551865369	-5.50378216594416	-2.62468227373742
36531	-89.2639729127995	-95.0556650679643	-92.1765651757576	-5.79169215516484	-2.9125922629581
36532	-89.2639729127995	-101.101774841598	-95.9193950356263	-11.837801928799	-6.65542212282688
36533	-89.2639729127995	-97.6468549709504	-94.1919351003023	-8.3828820581509	-4.9279621875028
36534	-148.457335448568	-96.4952150140677	-91.6007451973162	51.9621204344998	56.8565902512513
36536	-118.713083091924	-120.967564097825	-117.512644227177	-2.25448100590097	1.20043886474707
36537	-118.713083091924	-123.846663990032	-120.967564097825	-5.13358089810771	-2.25448100590097
36538	-105.029489000875	-92.4644751649782	-89.0095552943301	12.5650138358967	16.0199337065448
36539	-105.029489000875	-96.7831250032883	-95.0556650679643	8.2463639975866	9.97382393291062
36540	-105.029489000875	-100.525954863157	-98.7984949278331	4.50353413771782	6.23099407304184
36541	-105.029489000875	-96.207305024847	-94.4798450895229	8.8221839760279	10.549643911352
36542	-105.029489000875	-97.3589449817297	-94.1919351003023	7.67054401914524	10.8375539005727
36543	-105.029489000875	-92.7523851541989	-88.1458253266682	12.277103846676	16.8836636742068
36544	-104.445831157262	-92.5604815987322	-89.9874572024854	11.8853495585301	14.4583739547769
36545	-103.294851962968	-95.133505994979	-92.2745899991492	8.16134596798943	11.0202619638192
36546	-103.294851962968	-94.847614395396	-91.9886983995662	8.44723756757239	11.3061535634022
36547	-103.294851962968	-96.8488555924769	-93.989939596647	6.44599637049154	9.30491236632136
36548	-103.294851962968	-96.8488555924769	-93.7040479970641	6.44599637049154	9.59080396590431
36549	-103.294851962968	-96.5629639928939	-93.989939596647	6.73188797007455	9.30491236632136
36550	-103.294851962968	-96.2770723933109	-93.1322647978981	7.01777956965751	10.1625871650703
36551	-103.294851962968	-98.2783135903917	-94.2758311962301	5.01653837257666	9.01902076673835
36552	-103.294851962968	-95.133505994979	-92.5604815987322	8.16134596798943	10.7343703642362
36553	-103.294851962968	-94.847614395396	-91.9886983995662	8.44723756757239	11.3061535634022
36554	-103.294851962968	-97.4206387916428	-93.4181563974811	5.87421317132558	9.87669556548732
36555	-103.294851962968	-93.1322647978981	-89.4156740033194	10.1625871650703	13.879177959649
36556	-103.294851962968	-93.4181563974811	-89.4156740033194	9.87669556548732	13.879177959649
36557	-103.294851962968	-97.9924219908088	-93.1322647978981	5.30242997215962	10.1625871650703
36558	-103.294851962968	-93.989939596647	-91.1310236008173	9.30491236632136	12.1638283621511
36559	-103.294851962968	-95.133505994979	-91.9886983995662	8.16134596798943	11.3061535634022
36560	-104.445831157262	-94.2758311962301	-91.4169152004002	10.1699999610322	13.028915956862
36561	-104.445831157262	-94.2758311962301	-92.2745899991492	10.1699999610322	12.171241158113
36562	-104.445831157262	-94.847614395396	-92.5604815987322	9.59821676186621	11.8853495585301
36563	-104.445831157262	-97.1347471920598	-94.847614395396	7.31108396520241	9.59821676186621
36564	-103.294851962968	-96.5629639928939	-91.7028067999833	6.73188797007455	11.5920451629852
36566	-140.037365816113	-91.6007451973162	-89.0095552943301	48.4366206187971	51.0278105217832
36567	-140.037365816113	-97.6468549709504	-95.0556650679643	42.3905108451629	44.981700748149
36568	-140.037365816113	-95.0556650679643	-92.7523851541989	44.981700748149	47.2849806619144
36569	-140.037365816113	-99.6622248954951	-97.3589449817297	40.3751409206182	42.6784208343836
36570	-140.037365816113	-100.813864852378	-97.934764960171	39.2235009637355	42.1026008559423
36571	-140.037365816113	-97.934764960171	-95.6314850464057	42.1026008559423	44.4058807697076
36572	-108.721653072316	-106.572064636791	-102.253414798481	2.14958843552498	6.46823827383511
36573	-108.721653072316	-104.556694712247	-99.9501348847157	4.16495836006968	8.77151818760049
36574	-153.633246922888	-126.437853893018	-119.240104162501	27.1953930298704	34.3931427603872
36575	-153.633246922888	-127.5894938499	-122.119204054708	26.0437530729876	31.5140428681804
36576	-153.633246922888	-121.831294065487	-114.63354433497	31.8019528574011	38.9997025879179
36577	-126.875482521749	-105.99624465835	-100.813864852378	20.8792378633993	26.0616176693714
36578	-134.440872660859	-91.0249252188749	-87.5700053482268	43.4159474419845	46.8708673126326
36580	-115.377027512699	-102.541324787702	-95.6314850464057	12.8357027249971	19.7455424662932
36581	-114.457558440579	-110.31489449666	-105.132514690688	4.14266394391923	9.32504374989135
36582	-115.478851621854	-112.906084399646	-109.451164528998	2.57276722220784	6.02768709285588
36583	-115.478851621854	-116.073094281073	-113.193994388867	-0.594242659219574	2.28485723298716
36584	-115.478851621854	-114.345634345749	-111.466534453543	1.13321727610445	4.01231716831118
36585	-115.478851621854	-112.906084399646	-109.451164528998	2.57276722220784	6.02768709285588
36586	-114.457558440579	-108.875344550557	-98.2226749493917	5.58221389002257	16.2348834911875
36587	-114.457558440579	-111.178624464322	-99.6622248954951	3.27893397625719	14.7953335450841
36588	-115.478851621854	-114.057724356529	-110.026984507439	1.42112726532513	5.45186711441458
36589	-115.478851621854	-114.345634345749	-111.466534453543	1.13321727610445	4.01231716831118
36590	-115.478851621854	-111.754444442763	-109.451164528998	3.72440717909051	6.02768709285588
36591	-115.478851621854	-108.875344550557	-106.284154647571	6.60350707129724	9.1946969742833
36592	-115.478851621854	-108.011614582895	-103.692964744585	7.46723703895928	11.7858868772694
36593	-115.478851621854	-112.906084399646	-108.875344550557	2.57276722220784	6.60350707129724
36594	-115.262467077489	-110.026984507439	-106.572064636791	5.23548257004956	8.6904024406976
36595	-126.652353272428	-110.31489449666	-107.723704593674	16.3374587757678	18.9286486787538
36596	-126.652353272428	-112.330264421205	-110.026984507439	14.322088851223	16.6253687649885
36597	-126.652353272428	-109.163254539777	-107.723704593674	17.4890987326504	18.9286486787538
36598	-126.652353272428	-111.178624464322	-109.163254539777	15.4737288081057	17.4890987326504
36599	-126.652353272428	-109.739074518219	-107.723704593674	16.9132787542091	18.9286486787538
36600	-126.652353272428	-112.906084399646	-110.026984507439	13.7462688727817	16.6253687649885
36601	-126.652353272428	-109.163254539777	-106.284154647571	17.4890987326504	20.3681986248572
36602	-126.652353272428	-97.3589449817297	-91.8886551865369	29.2934082906981	34.7636980858909
36607	-87.9653717656551	-87.7003244058215	-85.4131916091577	0.265047359833645	2.55218015649744
36608	-87.9653717656551	-91.4169152004002	-88.8438908041534	-3.45154343474509	-0.878519038498283
36609	-87.9653717656551	-91.1310236008173	-88.5579992045705	-3.16565183516214	-0.592627438915329
36610	-87.9653717656551	-89.1297824037364	-86.5567580074896	-1.16441063808124	1.40861375816557
36611	-87.9653717656551	-92.5604815987322	-89.7015656029023	-4.59510983307702	-1.7361938372472
36612	-182.01671068019	-118.66428418406	-114.057724356529	63.3524264961308	67.9589863236615
36613	-182.01671068019	-142.560813289375	-137.378433483403	39.4558973908149	44.638277196787
36614	-182.01671068019	-134.499333591197	-130.468593742107	47.5173770889937	51.5481169380831
36615	-182.01671068019	-127.013673871459	-123.27084401159	55.0030368087312	58.7458666686
36616	-182.01671068019	-141.697083321713	-137.666343472624	40.3196273584769	44.3503672075663
36618	-182.01671068019	-139.681713397169	-135.650973548079	42.3349972830216	46.365737132111
36619	-182.01671068019	-143.136633267817	-139.681713397169	38.8800774123735	42.3349972830216
36620	-182.01671068019	-141.697083321713	-138.242163451065	40.3196273584769	43.7745472291249
36621	-182.01671068019	-138.530073440286	-134.211423601976	43.4866372399043	47.8052870782144
36622	-182.01671068019	-141.697083321713	-136.802613504962	40.3196273584769	45.2140971752283
36623	-113.847492573613	-98.7984949278331	-95.6314850464057	15.0489976457801	18.2160075272075
36624	-114.302635628502	-101.389684830819	-98.5105849386124	12.9129507976832	15.7920506898899
36625	-113.847492573613	-99.0864049170538	-95.9193950356263	14.7610876565594	17.9280975379868
36626	-113.847492573613	-97.934764960171	-95.0556650679643	15.9127276134421	18.7918275056489
36627	-113.847492573613	-99.9501348847157	-97.071034992509	13.8973576888974	16.7764575811042
36628	-113.847492573613	-98.2226749493917	-94.4798450895229	15.6248176242215	19.3676474840902
36629	-105.139155510462	-122.695024033149	-117.800554216397	-17.5558685226868	-12.6613987059353
36630	-105.139155510462	-120.391744119384	-116.648914259515	-15.2525886089214	-11.5097587490526
36631	-77.7439248035731	-101.389684830819	-96.207305024847	-23.645760027246	-18.4633802212739
36632	-77.7439248035731	-103.117144766143	-97.934764960171	-25.37321996257	-20.1908401565979
36633	-77.7439248035731	-91.6007451973162	-88.7216453051095	-13.8568203937431	-10.9777205015364
36634	-160.828824744549	-123.846663990032	-118.95219417328	36.982160754517	41.8766305712684
36635	-160.828824744549	-133.923513612755	-130.180683752886	26.9053111317934	30.6481409916621
36636	-77.7439248035731	-95.343575057185	-91.8886551865369	-17.5996502536119	-14.1447303829638
36637	-77.7439248035731	-90.1611952512129	-84.6909054560201	-12.4172704476397	-6.94698065244694
36638	-77.7439248035731	-90.7370152296542	-86.7062753805648	-12.9930904260811	-8.96235057699164
36639	-80.0445561807417	-98.2226749493917	-95.343575057185	-18.17811876865	-15.2990188764433
36640	-95.0421653104633	-95.0556650679643	-91.6007451973162	-0.0134997575009805	3.44142011314712
36641	-95.0421653104633	-84.9788154452407	-79.2206156608273	10.0633498652226	15.8215496496361
36642	-95.0421653104633	-95.9193950356263	-91.8886551865369	-0.877229725163019	3.15351012392644
36643	-95.0421653104633	-93.9040251110816	-89.2974652835508	1.13814019938168	5.7447000269125
36644	-95.0421653104633	-84.1150854775787	-79.5085256500479	10.9270798328846	15.5336396604154
36645	-102.767109487233	-101.67759482004	-97.3589449817297	1.08951466719293	5.40816450550307
36648	-95.3742095936077	-96.207305024847	-92.1765651757576	-0.833095431239315	3.19764441785014
36649	-93.7514969119278	-99.9501348847157	-93.3282051326403	-6.19863797278789	0.423291779287567
36650	-93.7514969119278	-98.5105849386124	-94.4798450895229	-4.75908802668455	-0.728348177595095
36651	-121.173861108214	-100.238044873936	-98.2226749493917	20.9358162342779	22.9511861588226
36652	-121.173861108214	-102.541324787702	-99.9501348847157	18.6325363205125	21.2237262234985
36653	-121.173861108214	-99.0864049170538	-96.4952150140677	22.0874561911605	24.6786460941466
36654	-121.173861108214	-99.3743149062744	-96.7831250032883	21.7995462019398	24.390736104926
36655	-121.173861108214	-101.67759482004	-98.5105849386124	19.4962662881745	22.6632761696019
36656	-121.173861108214	-100.238044873936	-97.6468549709504	20.9358162342779	23.5270061372639
36657	-121.173861108214	-100.525954863157	-97.6468549709504	20.6479062450572	23.5270061372639
36658	-121.173861108214	-101.96550480926	-99.0864049170538	19.2083562989538	22.0874561911605
36659	-121.173861108214	-99.9501348847157	-97.3589449817297	21.2237262234985	23.8149161264846
36660	-147.341625004492	-127.30158386068	-120.967564097825	20.040041143812	26.3740609066669
36661	-147.341625004492	-123.558754000811	-119.240104162501	23.7828710036808	28.1015208419909
36662	-147.341625004492	-118.95219417328	-114.057724356529	28.3894308312116	33.283900647963
36663	-147.341625004492	-129.316953785224	-123.27084401159	18.0246712192673	24.0707809929015
36664	-147.341625004492	-120.967564097825	-114.345634345749	26.3740609066669	32.9959906587423
36665	-147.341625004492	-130.468593742107	-125.574123925356	16.8730312623846	21.7675010791361
36666	-147.341625004492	-127.877403839121	-121.831294065487	19.4642211653707	25.5103309390048
36667	-147.341625004492	-133.059783645093	-126.725763882238	14.2818413593986	20.6158611222534
36668	-147.341625004492	-121.543384076266	-117.800554216397	25.7982409282255	29.5410707880943
36669	-147.341625004492	-120.679654108604	-114.921454324191	26.6619708958875	32.420170680301
36670	-132.995069705777	-110.602804485881	-106.859974626012	22.3922652198962	26.1350950797649
36671	-132.995069705777	-121.831294065487	-117.800554216397	11.1637756402899	15.1945154893794
36672	-132.995069705777	-131.90814368821	-125.574123925356	1.08692601756636	7.42094578042114
36673	-107.348736867761	-92.3172301500369	-88.7049854759138	15.0315067177242	18.6437513918473
36674	-107.348736867761	-91.9888442705711	-88.0482137169823	15.35989259719	19.3005231507788
36675	-73.6917001913241	-90.7370152296542	-85.5546354236821	-17.0453150383301	-11.862935232358
36676	-135.676455402451	-109.739074518219	-104.844604701467	25.9373808842325	30.831850700984
36677	-126.364408644405	-112.906084399646	-108.299524572115	13.4583242447594	18.0648840722902
36678	-135.676455402451	-111.178624464322	-107.435794604453	24.4978309381292	28.2406607979979
36679	-133.441580369148	-119.528014151722	-111.178624464322	13.9135662174269	22.2629559048265
36680	-133.441580369148	-106.284154647571	-102.253414798481	27.1574257215779	31.1881655706674
36681	-133.441580369148	-102.829234776922	-100.238044873936	30.612345592226	33.2035354952121
36682	-135.676455402451	-120.391744119384	-116.073094281073	15.2847112830676	19.6033611213777
36683	-135.676455402451	-105.708334669129	-102.253414798481	29.968120733322	33.4230406039701
36684	-135.676455402451	-103.692964744585	-100.238044873936	31.9834906578667	35.4384105285148
36685	-134.9336665262	-116.073094281073	-112.042354431984	18.8605722451262	22.8913120942156
36686	-134.9336665262	-110.31489449666	-105.99624465835	24.6187720295397	28.9374218678498
36687	-130.92187920282	-104.556694712247	-101.67759482004	26.3651844905734	29.2442843827801
36688	-130.92187920282	-106.859974626012	-103.405054755364	24.061904576808	27.5168244474561
36689	-158.939954079798	-122.407114043928	-120.391744119384	36.5328400358697	38.5482099604144
36690	-158.939954079798	-121.543384076266	-119.528014151722	37.3965700035317	39.4119399280764
36691	-158.939954079798	-120.967564097825	-118.95219417328	37.9723899819731	39.9877599065178
36692	-157.91847019544	-117.800554216397	-115.785184291853	40.1179159790429	42.1332859035876
36693	-157.91847019544	-118.088464205618	-116.073094281073	39.8300059898222	41.8453759143669
36694	-177.52199626345	-117.512644227177	-113.769814367308	60.0093520362735	63.7521818961422
36695	-177.52199626345	-111.466534453543	-107.147884615233	66.0554618099076	70.3741116482177
36696	-176.307078438116	-110.602804485881	-106.284154647571	65.7042739522354	70.0229237905454
36697	-132.453914845128	-120.967564097825	-113.481904378087	11.4863507473034	18.9720104670409
36698	-132.453914845128	-112.618174410425	-108.299524572115	19.835740434703	24.154390273013
36699	-132.453914845128	-117.512644227177	-114.63354433497	14.9412706179515	17.8203705101582
36700	-132.453914845128	-108.299524572115	-102.829234776922	24.154390273013	29.6246800682058
36701	-132.453914845128	-122.119204054708	-117.224734237956	10.3347107904207	15.2291806071721
36702	-132.453914845128	-123.558754000811	-115.209364313411	8.89516084431736	17.2445505317169
36704	-134.194999319156	-114.921454324191	-109.163254539777	19.2735449949653	25.0317447793788
36705	-134.194999319156	-92.1765651757576	-80.37225561771	42.0184341433986	53.8227437014461
36706	-143.199458227448	-96.207305024847	-92.7523851541989	46.9921532026014	50.4470730732495
36708	-129.329696131287	-100.238044873936	-97.071034992509	29.0916512573505	32.2586611387779
36709	-129.329696131287	-99.0864049170538	-94.1919351003023	30.2432912142331	35.1377610309846
36710	-129.329696131287	-99.9501348847157	-97.3589449817297	29.3795612465711	31.9707511495572
36711	-129.329696131287	-99.9501348847157	-97.071034992509	29.3795612465711	32.2586611387779
36712	-129.329696131287	-102.829234776922	-99.3743149062744	26.5004613543644	29.9553812250124
36713	-176.980582805256	-100.525954863157	-97.071034992509	76.4546279420992	79.9095478127473
36714	-129.329696131287	-101.67759482004	-98.2226749493917	27.6521013112471	31.1070211818952
36715	-129.329696131287	-94.1919351003023	-91.6007451973162	35.1377610309846	37.7289509339707
36716	-129.329696131287	-94.4798450895229	-92.1765651757576	34.8498510417639	37.1531309555293
36717	-129.329696131287	-100.525954863157	-97.3589449817297	28.8037412681298	31.9707511495572
36718	-129.329696131287	-97.6468549709504	-95.0556650679643	31.6828411603365	34.2740310633226
36719	-129.329696131287	-98.5105849386124	-95.6314850464057	30.8191111926745	33.6982110848812
36720	-129.329696131287	-101.389684830819	-98.5105849386124	27.9400113004677	30.8191111926745
36721	-129.329696131287	-95.9193950356263	-93.0402951434196	33.4103010956605	36.2894009878673
36722	-129.329696131287	-97.3589449817297	-94.1919351003023	31.9707511495572	35.1377610309846
36723	-129.329696131287	-95.0556650679643	-91.6007451973162	34.2740310633226	37.7289509339707
36724	-80.1740681838766	-101.615974832994	-95.4405684748433	-21.4419066491172	-15.2665002909667
36725	-118.444302608041	-105.99624465835	-98.5105849386124	12.4480579496906	19.9337176694281
36726	-118.444302608041	-101.101774841598	-97.3589449817297	17.3425277664421	21.0853576263108
36727	-118.444302608041	-95.9193950356263	-91.0249252188749	22.5249075724142	27.4193773891656
36728	-118.444302608041	-99.3743149062744	-94.7677550787436	19.0699877017661	23.6765475292969
36729	-118.444302608041	-101.96550480926	-97.3589449817297	16.47879779878	21.0853576263108
36730	-118.444302608041	-91.6007451973162	-88.7216453051095	26.8435574107243	29.722657302931
36731	-118.444302608041	-93.9040251110816	-91.6007451973162	24.5402774969589	26.8435574107243
36732	-165.841116093319	-135.9388835373	-130.756503731328	29.9022325560189	35.084612361991
36733	-165.841116093319	-133.059783645093	-127.5894938499	32.7813324482257	38.2516222434185
36734	-165.841116093319	-142.560813289375	-135.363063558859	23.2803028039435	30.4780525344603
36735	-165.841116093319	-140.25753337561	-135.650973548079	25.5835827177089	30.1901425452396
36736	-165.841116093319	-135.650973548079	-131.332323709769	30.1901425452396	34.5087923835497
36737	-165.841116093319	-140.833353354051	-133.635603623535	25.0077627392675	32.2055124697844
36738	-165.841116093319	-138.530073440286	-131.332323709769	27.3110426530329	34.5087923835497
36739	-165.841116093319	-136.226793526521	-131.90814368821	29.6143225667983	33.9329724051084
36740	-165.841116093319	-137.090523494183	-130.756503731328	28.7505925991363	35.084612361991
36741	-165.841116093319	-139.105893418727	-134.211423601976	26.7352226745916	31.629692491343
36742	-165.841116093319	-145.727823170803	-140.25753337561	20.1132929225161	25.5835827177089
36743	-165.841116093319	-142.848723278596	-135.650973548079	22.9923928147228	30.1901425452396
36744	-165.841116093319	-139.105893418727	-133.923513612755	26.7352226745916	31.9176024805637
36745	-126.576227690077	-104.268784723026	-98.7984949278331	22.3074429670512	27.777732762244
36746	-126.576227690077	-103.117144766143	-98.7984949278331	23.4590829239339	27.777732762244
36747	-111.376524192262	-105.452665328666	-99.8701053777488	5.92385886359602	11.5064188145136
36748	-111.376524192262	-102.82557829294	-99.5417194982831	8.55094589932196	11.8348046939793
36749	-111.376524192262	-114.647469953707	-106.766208846529	-3.27094576144458	4.61031534573311
36750	-111.376524192262	-103.810735931338	-99.8701053777488	7.56578826092476	11.5064188145136
36751	-111.376524192262	-105.781051208132	-102.497192413475	5.59547298413031	8.87933177878767
36752	-111.376524192262	-102.82557829294	-99.8701053777488	8.55094589932196	11.5064188145136
36753	-96.0569076934882	-96.2578607036257	-93.3023877884341	-0.200953010137567	2.75451990505408
36754	-116.473377777752	-97.5714042214886	-93.9591595473656	18.9019735562638	22.5142182303869
36755	-116.473377777752	-111.035225279584	-102.82557829294	5.43815249816856	13.647799484812
36756	-116.473377777752	-103.153964172406	-100.52687713668	13.3194136053463	15.9465006410722
36757	-167.893842310342	-106.572064636791	-101.389684830819	61.3217776735509	66.504157479523
36758	-167.893842310342	-130.756503731328	-124.134573979252	37.1373385790143	43.7592683310898
36759	-167.893842310342	-116.648914259515	-112.042354431984	51.2449280508273	55.8514878783581
36760	-167.893842310342	-120.103834130163	-114.921454324191	47.7900081801792	52.9723879861513
36761	-167.893842310342	-101.389684830819	-97.3589449817297	66.504157479523	70.5348973286125
36762	-167.893842310342	-108.875344550557	-103.117144766143	59.0184977597855	64.776697544199
36766	-226.62440386803	-150.334382998334	-145.152003192361	76.2900208696963	81.4724006756685
36771	-226.62440386803	-146.303643149244	-141.984993310934	80.3207607187857	84.6394105570959
36772	-226.62440386803	-156.956312750409	-148.319013073789	69.6680911176208	78.305390794241
36773	-131.110113692843	-94.9443171857628	-89.690143114311	36.1657965070802	41.419970578532
36774	-131.110113692843	-97.2430183420229	-93.3023877884341	33.86709535082	37.8077259044088
36775	-131.110113692843	-87.0630560785851	-83.1224255249962	44.0470576142579	47.9876881678467
36776	-131.110113692843	-91.3320725116396	-88.376599596448	39.7780411812033	42.7335140963949
36777	-131.110113692843	-117.274556989433	-107.094594725995	13.83555670341	24.0155189668478
36778	-131.110113692843	-100.855263016146	-91.3320725116396	30.2548506766969	39.7780411812033
36779	-131.110113692843	-113.990698194776	-109.393295882255	17.1194154980674	21.7168178105877
36780	-131.110113692843	-111.36361115905	-104.795893569735	19.7465025337933	26.314220123108
36781	-131.110113692843	-105.124279449201	-99.8701053777488	25.9858342436423	31.2400083150941
36782	-131.110113692843	-106.109437087598	-101.183648895612	25.0006766052451	29.9264647972311
36783	-131.110113692843	-96.5862465830915	-91.9888442705711	34.5238671097515	39.1212694222718
36784	-131.110113692843	-95.92947482416	-92.3172301500369	35.180638868683	38.792883542806
36785	-131.110113692843	-94.2875454268313	-91.0036866321739	36.8225682660116	40.106427060669
36786	-131.110113692843	-97.8997901009544	-95.6010889446943	33.2103235918885	35.5090247481487
36787	-131.110113692843	-103.482350051872	-99.2133336188173	27.627763640971	31.8967800740256
36788	-131.110113692843	-101.183648895612	-97.2430183420229	29.9264647972311	33.86709535082
36789	-131.110113692843	-100.198491257215	-95.92947482416	30.9116224356283	35.180638868683
36790	-131.110113692843	-97.8997901009544	-93.3023877884341	33.2103235918885	37.8077259044088
36791	-139.370703434632	-97.6468549709504	-95.6314850464057	41.723848463682	43.7392183882267
36792	-137.536736748377	-122.98293402237	-119.528014151722	14.5538027260074	18.0087225966555
36793	-137.536736748377	-119.815924140942	-116.936824248735	17.7208126074348	20.5999124996415
36794	-137.536736748377	-120.391744119384	-117.224734237956	17.1449926289934	20.3120025104209
36795	-137.536736748377	-124.134573979252	-119.528014151722	13.4021627691247	18.0087225966555
36796	-137.536736748377	-127.5894938499	-123.846663990032	9.94724289847662	13.6900727583454
36797	-139.370703434632	-129.892773763666	-125.574123925356	9.4779296709666	13.7965795092767
36798	-137.536736748377	-126.149943903797	-121.831294065487	11.38679284458	15.7054426828901
36799	-137.536736748377	-124.422483968473	-120.679654108604	13.114252779904	16.8570826397728
36800	-137.536736748377	-132.483963666652	-127.5894938499	5.05277308172518	9.94724289847662
36801	-139.370703434632	-129.892773763666	-124.422483968473	9.4779296709666	14.9482194661594
36802	-160.258273721973	-126.725763882238	-123.558754000811	33.5325098397346	36.699519721162
36803	-139.37183909289	-125.286213936135	-123.27084401159	14.0856251567549	16.1009950812997
36804	-151.131951026129	-119.815924140942	-117.224734237956	31.3160268851864	33.9072167881724
36805	-177.238034868906	-130.180683752886	-126.149943903797	47.0573511160197	51.0880909651092
36806	-177.238034868906	-130.756503731328	-123.846663990032	46.4815311375783	53.3913708788745
36807	-139.221632320388	-130.468593742107	-127.013673871459	8.75303857828129	12.2079584489294
36808	-139.221632320388	-129.316953785224	-126.149943903797	9.90467853516401	13.0716884165914
36809	-139.221632320388	-100.813864852378	-98.7984949278331	38.4077674680107	40.4231373925554
36810	-139.221632320388	-130.468593742107	-126.437853893018	8.75303857828129	12.7837784273707
36811	-139.221632320388	-126.725763882238	-123.846663990032	12.4958684381501	15.3749683303568
36812	-139.221632320388	-128.165313828342	-124.998303946914	11.0563184920467	14.2233283734741
36813	-139.221632320388	-131.90814368821	-128.453223817562	7.31348863217795	10.768408502826
36814	-139.221632320388	-129.316953785224	-126.437853893018	9.90467853516401	12.7837784273707
36815	-139.221632320388	-128.453223817562	-126.725763882238	10.768408502826	12.4958684381501
36816	-139.221632320388	-125.574123925356	-122.407114043928	13.6475083950327	16.8145182764601
36817	-139.221632320388	-126.437853893018	-123.27084401159	12.7837784273707	15.9507883087982
36818	-139.221632320388	-129.029043796004	-125.862033914576	10.1925885243847	13.3595984058121
36819	-137.536736748377	-129.316953785224	-125.574123925356	8.2197829631526	11.9626128230213
36820	-137.536736748377	-126.149943903797	-122.695024033149	11.38679284458	14.8417127152281
36821	-137.536736748377	-127.013673871459	-123.846663990032	10.523062876918	13.6900727583454
36822	-137.536736748377	-128.453223817562	-125.286213936135	9.08351293081463	12.250522812242
36823	-150.168805532577	-131.044413720548	-126.149943903797	19.1243918120286	24.01886162878
36824	-139.221632320388	-144.000363235479	-138.530073440286	-4.77873091509036	0.691558880102434
36825	-139.221632320388	-130.468593742107	-127.30158386068	8.75303857828129	11.9200484597087
36826	-139.221632320388	-130.180683752886	-127.013673871459	9.04094856750197	12.2079584489294
36827	-190.523334140115	-119.240104162501	-116.073094281073	71.2832299776143	74.4502398590417
36828	-190.523334140115	-112.042354431984	-106.859974626012	78.4809797081311	83.6633595141032
36829	-190.523334140115	-120.967564097825	-117.512644227177	69.5557700422902	73.0106899129383
36830	-134.023200919858	-107.723704593674	-103.117144766143	26.2994963261841	30.9060561537148
36831	-193.69763739772	-127.877403839121	-124.422483968473	65.8202335585986	69.2751534292467
36832	-193.69763739772	-120.679654108604	-117.800554216397	73.0179832891155	75.8970831813222
36833	-193.69763739772	-137.666343472624	-134.499333591197	56.0312939250957	59.1983038065231
36834	-116.344353110059	-110.026984507439	-107.435794604453	6.31736860261981	8.90855850560587
36835	-106.505451152025	-101.67759482004	-98.5105849386124	4.82785633198527	7.99486621341269
36836	-106.505451152025	-101.96550480926	-98.2226749493917	4.53994634276459	8.28277620263337
36837	-108.12784258481	-105.708334669129	-102.253414798481	2.41950791568117	5.87442778632926
36838	-114.344096165398	-107.147884615233	-104.556694712247	7.19621155016586	9.78740145315192
36839	-108.12784258481	-106.284154647571	-102.541324787702	1.84368793723981	5.58651779710858
36840	-108.12784258481	-101.67759482004	-97.3589449817297	6.45024776477057	10.7688976030807
36841	-118.583171335383	-104.844604701467	-101.67759482004	13.7385666339156	16.905576515343
36842	-118.583171335383	-105.708334669129	-102.541324787702	12.8748366662536	16.041846547681
36843	-114.515741137339	-87.5700053482268	-82.6755355314754	26.945735789112	31.8402056058634
36844	-82.1014970530314	-95.0556650679643	-92.7523851541989	-12.9541680149329	-10.6508881011676
36845	-82.1014970530314	-91.6007451973162	-88.1458253266682	-9.49924814428483	-6.04432827363679
36847	-108.570049252848	-99.9501348847157	-97.071034992509	8.61991436813234	11.4990142603391
36848	-100.473788547189	-95.6314850464057	-91.6007451973162	4.84230350078312	8.87304334987257
36849	-129.720961994669	-110.31489449666	-104.556694712247	19.4060674980086	25.1642672824221
36850	-89.4183399712142	-95.7052891941449	-91.4169152004002	-6.2869492229307	-1.998575229186
36851	-89.4183399712142	-98.8500967895577	-93.7040479970641	-9.43175681834347	-4.28570802584986
36852	-89.4183399712142	-98.5642051899748	-94.561722795813	-9.14586521876052	-5.14338282459877
36853	-89.4183399712142	-94.561722795813	-89.4156740033194	-5.14338282459877	0.00266596789484197
36854	-89.4183399712142	-97.7065303912258	-91.9886983995662	-8.28819042001155	-2.57035842835197
36855	-89.4183399712142	-93.989939596647	-89.9874572024854	-4.57159962543281	-0.569117231271122
36856	-89.4183399712142	-95.133505994979	-91.1310236008173	-5.71516602376474	-1.71268362960305
36857	-89.4183399712142	-102.852579183719	-96.2770723933109	-13.4342392125052	-6.85873242209667
36858	-89.4183399712142	-98.2783135903917	-93.7040479970641	-8.85997361917751	-4.28570802584986
36859	-238.674150443124	-143.424543257037	-137.954253461845	95.2496071860868	100.71989698128
36860	-296.981159404527	-137.378433483403	-131.90814368821	159.602725921124	165.073015716316
36861	-238.674150443124	-163.866152491705	-153.789302868982	74.807997951419	84.8848475741425
36862	-238.674150443124	-131.62023369899	-127.013673871459	107.053916744134	111.660476571665
36863	-238.674150443124	-139.105893418727	-133.059783645093	99.5682570243969	105.614366798031
36864	-238.674150443124	-132.483963666652	-128.453223817562	106.190186776472	110.220926625562
36865	-238.674150443124	-123.558754000811	-119.815924140942	115.115396442313	118.858226302182
36866	-238.674150443124	-136.226793526521	-131.62023369899	102.447356916604	107.053916744134
36867	-238.674150443124	-120.391744119384	-116.936824248735	118.282406323741	121.737326194389
36868	-238.674150443124	-118.376374194839	-114.057724356529	120.297776248285	124.616426086595
36869	-185.664962445948	-134.211423601976	-131.044413720548	51.4535388439718	54.6205487253992
36870	-185.664962445948	-134.499333591197	-130.756503731328	51.1656288547511	54.9084587146199
36871	-185.664962445948	-137.378433483403	-132.196053677431	48.2865289625444	53.4689087685165
36872	-185.664962445948	-140.545443364831	-135.9388835373	45.119519081117	49.7260789086477
36873	-185.664962445948	-135.9388835373	-132.483963666652	49.7260789086477	53.1809987792958
36874	-185.664962445948	-135.650973548079	-131.90814368821	50.0139888978684	53.7568187577372
36875	-185.664962445948	-135.9388835373	-133.635603623535	49.7260789086477	52.0293588224132
36876	-190.794447580315	-123.558754000811	-117.512644227177	67.2356935795042	73.2818033531383
36877	-190.794447580315	-134.211423601976	-130.180683752886	56.5830239783393	60.6137638274287
36878	-190.794447580315	-130.180683752886	-124.710393957694	60.6137638274287	66.0840536226215
36879	-190.794447580315	-132.196053677431	-124.998303946914	58.598393902884	65.7961436334008
36880	-190.794447580315	-126.725763882238	-120.391744119384	64.0686836980768	70.4027034609316
36881	-90.9507937079842	-98.7984949278331	-94.7677550787436	-7.84770121984887	-3.81696137075942
36882	-113.228067871363	-80.37225561771	-76.6294257578412	32.8558122536531	36.5986421135218
36884	-81.9368302887476	-101.389684830819	-98.2226749493917	-19.4528545420715	-16.2858446606441
36885	-81.9368302887476	-98.7984949278331	-95.343575057185	-16.8616646390855	-13.4067447684374
36886	-81.9368302887476	-94.7677550787436	-87.8579153374475	-12.830924789996	-5.92108504869988
36887	-81.9368302887476	-99.3743149062744	-96.207305024847	-17.4374846175268	-14.2704747360994
36889	-81.9368302887476	-105.132514690688	-101.101774841598	-23.1956844019403	-19.1649445528509
36900	-130.614285890301	-99.6622248954951	-94.4798450895229	30.9520609948059	36.1344408007781
36902	-104.045652189183	-96.7831250032883	-91.8886551865369	7.26252718589426	12.1569970026457
36903	-104.045652189183	-99.6622248954951	-94.4798450895229	4.38342729368752	9.56580709965964
36904	-104.045652189183	-103.405054755364	-98.5105849386124	0.640597433818741	5.53506725057018
36905	-104.045652189183	-99.6622248954951	-94.4798450895229	4.38342729368752	9.56580709965964
36917	-139.938887902921	-99.9501348847157	-95.6314850464057	39.9887530182055	44.3074028565156
36918	-139.938887902921	-103.980874733805	-98.7984949278331	35.9580131691161	41.1403929750882
36920	-146.745944350639	-96.7831250032883	-88.4337353158888	49.962819347351	58.3122090347505
36921	-146.745944350639	-121.543384076266	-108.587434561336	25.2025602743731	38.1585097893034
36922	-146.745944350639	-102.541324787702	-95.9193950356263	44.2046195629376	50.826549315013
36924	-146.745944350639	-96.7831250032883	-88.4337353158888	49.962819347351	58.3122090347505
36925	-146.745944350639	-127.5894938499	-124.134573979252	19.1564505007389	22.611370371387
36928	-146.745944350639	-104.844604701467	-101.101774841598	41.9013396491722	45.6441695090409
36929	-146.745944350639	-107.723704593674	-105.132514690688	39.0222397569654	41.6134296599515
36931	-211.56147004817	-116.361004270294	-110.602804485881	95.2004657778758	100.958665562289
36932	-211.56147004817	-124.710393957694	-119.815924140942	86.8510760904762	91.7455459072277
36933	-124.907561423832	-95.6010889446943	-91.0036866321739	29.3064724791382	33.9038747916585
36934	-124.907561423832	-102.168806534009	-97.8997901009544	22.7387548898235	27.007771322878
36935	-124.907561423832	-96.5862465830915	-92.9740019089683	28.321314840741	31.9335595148641
36936	-124.907561423832	-125.484203976076	-119.901644025159	-0.576642552243896	5.00591739867363
36937	-132.373406185573	-94.9443171857628	-89.0333713553795	37.4290889998106	43.3400348301939
36938	-111.513340104823	-99.2133336188173	-94.2875454268313	12.3000064860052	17.2257946779912
36939	-111.513340104823	-99.8701053777488	-94.9443171857628	11.6432347270737	16.5690229190597
36940	-103.929248760178	-98.2281759804201	-92.3172301500369	5.70107277975802	11.6120186101413
36941	-103.455065327725	-131.39514980646	-91.3320725116396	-27.9400844787344	12.1229928160856
36942	-103.455065327725	-115.632627592104	-96.2578607036257	-12.177562264379	7.1972046240995
36943	-124.440771223308	-93.6241082442773	-89.4623202131905	30.816662979031	34.9784510101178
36944	-86.534307843944	-91.4169152004002	-87.9862160054045	-4.88260735645621	-1.45190816146048
36946	-86.534307843944	-95.7052891941449	-92.2745899991492	-9.1709813502009	-5.74028215520518
36947	-86.534307843944	-94.2758311962301	-90.5592404016513	-7.74152335228602	-4.02493255770729
36948	-86.534307843944	-93.1322647978981	-89.7015656029023	-6.5979569539541	-3.16725775895831
36949	-128.171566048213	-91.9886983995662	-87.4144328062386	36.1828676486466	40.7571332419743
36950	-120.904348406984	-92.8463731983151	-88.5579992045705	28.0579752086692	32.3463492024138
36951	-120.904348406984	-87.1285412066555	-83.4119504120768	33.7758072003288	37.4923979949075
36952	-120.904348406984	-106.283278378715	-100.565446387056	14.6210700282691	20.3389020199287
36953	-120.904348406984	-104.567928781217	-99.7077715883067	16.336419625767	21.1965768186776
36954	-120.904348406984	-103.710253982468	-99.4218799887237	17.194094424516	21.4824684182607
36955	-120.904348406984	-92.2745899991492	-88.5579992045705	28.6297584078351	32.3463492024138
36956	-120.904348406984	-92.2745899991492	-89.1297824037364	28.6297584078351	31.7745660032479
36957	-120.904348406984	-89.9874572024854	-87.4144328062386	30.916891204499	33.4899156007458
36958	-120.904348406984	-107.140953177464	-101.99490438497	13.7633952295202	18.9094440220138
36959	-120.904348406984	-96.5629639928939	-92.8463731983151	24.3413844140905	28.0579752086692
36960	-120.904348406984	-108.856302774962	-101.99490438497	12.0480456320223	18.9094440220138
36961	-120.904348406984	-90.2733488020683	-87.1285412066555	30.630999604916	33.7758072003288
36962	-120.904348406984	-89.4156740033194	-86.8426496070726	31.4886744036649	34.0616987999117
36963	-120.904348406984	-90.8451320012343	-88.2721076049875	30.05921640575	32.6322408019969
36964	-120.904348406984	-91.4169152004002	-88.2721076049875	29.4874332065841	32.6322408019969
36965	-120.904348406984	-93.7040479970641	-90.5592404016513	27.2003004099202	30.345108005333
36966	-120.904348406984	-93.4181563974811	-89.7015656029023	27.4861920095032	31.202782804082
36967	-120.904348406984	-93.7040479970641	-89.7015656029023	27.2003004099202	31.202782804082
36968	-120.904348406984	-91.7028067999833	-88.8438908041534	29.2015416070011	32.0604576028309
36969	-120.904348406984	-92.5604815987322	-89.9874572024854	28.3438668082522	30.916891204499
36970	-120.904348406984	-98.2783135903917	-93.4181563974811	22.6260348165926	27.4861920095032
36971	-120.904348406984	-97.7065303912258	-93.989939596647	23.1978180157585	26.9144088103373
36972	-120.904348406984	-93.989939596647	-90.2733488020683	26.9144088103373	30.630999604916
36973	-120.904348406984	-98.2783135903917	-94.2758311962301	22.6260348165926	26.6285172107543
36974	-120.904348406984	-93.1322647978981	-89.9874572024854	27.7720836090862	30.916891204499
36975	-120.904348406984	-94.847614395396	-88.8438908041534	26.0567340115883	32.0604576028309
36976	-120.904348406984	-95.133505994979	-90.2733488020683	25.7708424120054	30.630999604916
36977	-120.904348406984	-97.4206387916428	-92.8463731983151	23.4837096153415	28.0579752086692
36978	-120.904348406984	-120.863749957447	-116.575375963702	0.040598449537157	4.32897244328186
36979	-120.904348406984	-99.9936631878896	-95.7052891941449	20.9106852190947	25.1990592128394
36980	-120.904348406984	-95.133505994979	-91.1310236008173	25.7708424120054	29.773324806167
36981	-120.904348406984	-106.283278378715	-100.565446387056	14.6210700282691	20.3389020199287
36982	-120.904348406984	-98.5642051899748	-94.561722795813	22.3401432170096	26.3426256111713
36983	-120.904348406984	-101.99490438497	-97.9924219908088	18.9094440220138	22.9119264161755
36984	-120.904348406984	-103.138470783302	-98.8500967895577	17.7658776236819	22.0542516174266
36985	-120.904348406984	-95.9911807937279	-91.7028067999833	24.9131676132564	29.2015416070011
36986	-120.904348406984	-96.2770723933109	-92.8463731983151	24.6272760136734	28.0579752086692
36987	-120.904348406984	-97.9924219908088	-93.4181563974811	22.9119264161755	27.4861920095032
36988	-120.904348406984	-98.2783135903917	-93.989939596647	22.6260348165926	26.9144088103373
36989	-120.904348406984	-97.7065303912258	-94.561722795813	23.1978180157585	26.3426256111713
36990	-120.904348406984	-98.2783135903917	-93.989939596647	22.6260348165926	26.9144088103373
36991	-120.904348406984	-98.8500967895577	-94.561722795813	22.0542516174266	26.3426256111713
36992	-120.904348406984	-98.8500967895577	-95.7052891941449	22.0542516174266	25.1990592128394
36993	-120.904348406984	-89.1297824037364	-86.8426496070726	31.7745660032479	34.0616987999117
36994	-120.904348406984	-107.998627976213	-103.138470783302	12.9057204307713	17.7658776236819
36995	-120.904348406984	-98.2783135903917	-93.989939596647	22.6260348165926	26.9144088103373
36996	-120.904348406984	-95.419397594562	-90.8451320012343	25.4849508124223	30.05921640575
36997	-120.904348406984	-103.710253982468	-98.8500967895577	17.194094424516	22.0542516174266
36998	-120.904348406984	-101.709012785388	-97.1347471920598	19.1953356215968	23.7696012149245
36999	-117.11882312548	-96.2770723933109	-92.5604815987322	20.8417507321695	24.5583415267482
37000	-117.11882312548	-106.569169978298	-101.423121185805	10.5496531471822	15.6957019396759
37001	-117.11882312548	-90.5592404016513	-87.9862160054045	26.5595827238291	29.1326071200759
37002	-94.7865373645027	-95.343575057185	-92.4644751649782	-0.557037692682314	2.32206219952442
37008	-294.465520197656	-146.015733160024	-139.681713397169	148.449787037632	154.783806800487
37011	-294.465520197656	-145.727823170803	-139.681713397169	148.737697026853	154.783806800487
37013	-294.465520197656	-141.984993310934	-138.242163451065	152.480526886722	156.22335674659
37014	-294.465520197656	-147.743193095348	-138.530073440286	146.722327102308	155.93544675737
37017	-294.465520197656	-135.363063558859	-129.604863774445	159.102456638797	164.860656423211
37020	-294.465520197656	-150.622292987554	-141.121263343272	143.843227210101	153.344256854384
37021	-304.072355376588	-139.969623386389	-133.347693634314	164.102731990199	170.724661742274
37025	-294.465520197656	-140.545443364831	-132.483963666652	153.920076832825	161.981556531004
37026	-97.0506769473499	-101.67759482004	-98.2226749493917	-4.62691787268994	-1.17199800204185
37028	-129.340222205953	-97.934764960171	-94.1919351003023	31.4054572457818	35.1482871056506
37029	-211.383865767379	-178.54956194196	-156.668402761188	32.8343038254194	54.7154630061905
37030	-211.383865767379	-135.650973548079	-131.62023369899	75.7328922192997	79.7636320683891
37031	-211.383865767379	-142.272903300155	-135.9388835373	69.1109624672242	75.444982230079
37032	-211.383865767379	-144.000363235479	-137.090523494183	67.3835025319001	74.2933422731963
37035	-211.383865767379	-139.105893418727	-135.075153569638	72.2779723486516	76.308712197741
37036	-211.383865767379	-173.079272146767	-160.699142610278	38.3045936206121	50.6847231571011
37037	-211.383865767379	-145.727823170803	-141.409173332493	65.6560425965761	69.9746924348862
37038	-211.383865767379	-146.015733160024	-141.984993310934	65.3681326073554	69.3988724564449
37039	-209.227211613072	-132.196053677431	-127.30158386068	77.0311579356406	81.925627752392
37041	-209.227211613072	-148.60692306301	-139.681713397169	60.6202885500622	69.5454982159031
37042	-209.227211613072	-139.969623386389	-135.9388835373	69.2575882266824	73.2883280757718
37043	-211.383865767379	-137.666343472624	-131.90814368821	73.717522294755	79.4757220791684
37044	-211.383865767379	-150.622292987554	-145.439913181582	60.7615727798247	65.9439525857968
37045	-211.383865767379	-159.547502653395	-150.046473009113	51.8363631139838	61.337392758266
37046	-211.383865767379	-150.334382998334	-145.439913181582	61.0494827690453	65.9439525857968
37047	-211.383865767379	-148.031103084568	-142.848723278596	63.3527626828107	68.5351424887828
37048	-211.383865767379	-151.486022955216	-145.439913181582	59.8978428121626	65.9439525857968
37049	-211.383865767379	-130.756503731328	-123.846663990032	80.6273620360511	87.5372017773473
37050	-108.739839182836	-104.795893569735	-101.183648895612	3.94394561310153	7.55619028722467
37051	-126.757126757722	-120.103834130163	-116.936824248735	6.65329262755873	9.82030250898615
37052	-126.757126757722	-121.255474087046	-118.376374194839	5.50165267067607	8.3807525628828
37053	-126.757126757722	-109.163254539777	-103.692964744585	17.5938722179443	23.0641620131371
37054	-114.541319383472	-108.587434561336	-103.692964744585	5.9538848221363	10.8483546388877
37055	-126.757126757722	-124.422483968473	-121.255474087046	2.33464278924865	5.50165267067607
37056	-126.757126757722	-116.361004270294	-113.481904378087	10.3961224874275	13.2752223796342
37057	-126.757126757722	-116.648914259515	-113.481904378087	10.1082124982068	13.2752223796342
37058	-126.757126757722	-119.240104162501	-116.073094281073	7.51702259522077	10.6840324766482
37059	-126.757126757722	-104.268784723026	-100.813864852378	22.4883420346958	25.9432619053439
37060	-126.757126757722	-99.9501348847157	-98.2226749493917	26.8069918730059	28.5344518083299
37061	-126.757126757722	-116.361004270294	-112.906084399646	10.3961224874275	13.8510423580756
37062	-126.757126757722	-119.240104162501	-115.785184291853	7.51702259522077	10.9719424658689
37063	-114.541319383472	-108.011614582895	-103.405054755364	6.52970480057766	11.1362646281084
37064	-114.541319383472	-119.240104162501	-116.361004270294	-4.69878477902861	-1.81968488682188
37065	-114.541319383472	-110.026984507439	-105.99624465835	4.51433487603296	8.54507472512236
37066	-114.541319383472	-106.284154647571	-102.829234776922	8.25716473590168	11.7120846065498
37067	-114.541319383472	-105.99624465835	-102.541324787702	8.54507472512236	11.9999945957705
37068	-171.182704969928	-114.921454324191	-110.890714475101	56.2612506457372	60.2919904948266
37069	-118.087440503396	-98.8849477393516	-95.6010889446943	19.2024927640443	22.4863515587017
37070	-118.087440503396	-101.183648895612	-97.8997901009544	16.9037916077841	20.1876504024415
37071	-118.087440503396	-97.8997901009544	-94.9443171857628	20.1876504024415	23.1431233176332
37072	-118.087440503396	-101.183648895612	-96.2578607036257	16.9037916077841	21.8295797997702
37073	-118.087440503396	-102.497192413475	-99.2133336188173	15.5902480899212	18.8741068845786
37074	-118.087440503396	-93.6307736678998	-89.3617572348452	24.4566668354961	28.7256832685507
37075	-118.087440503396	-91.3320725116396	-87.3914419580508	26.7553679917563	30.6959985453451
37076	-118.087440503396	-98.5565618598859	-95.2727030652285	19.53087864351	22.8147374381674
37077	-118.087440503396	-102.497192413475	-98.5565618598859	15.5902480899212	19.53087864351
37078	-118.087440503396	-93.3023877884341	-90.0185289937767	24.7850527149618	28.0689115096192
37079	-118.087440503396	-89.3617572348452	-86.0778984401878	28.7256832685507	32.0095420632081
37080	-118.087440503396	-92.6456160295026	-88.7049854759138	25.4418244738933	29.3824550274822
37081	-101.788612892557	-88.0482137169823	-86.0778984401878	13.7403991755745	15.7107144523689
37082	-101.788612892557	-96.2578607036257	-93.3023877884341	5.530752188931	8.48622510412265
37083	-101.788612892557	-98.5565618598859	-94.9443171857628	3.23205103267084	6.84429570679397
37084	-112.03445017914	-92.9740019089683	-89.3617572348452	19.0604482701713	22.6726929442944
37085	-112.03445017914	-95.92947482416	-92.6456160295026	16.1049753549796	19.388834149637
37086	-112.03445017914	-99.2133336188173	-95.92947482416	12.8211165603223	16.1049753549796
37087	-112.03445017914	-97.2430183420229	-94.6159313062971	14.7914318371167	17.4185188728426
37088	-112.03445017914	-101.840420654543	-97.5714042214886	10.1940295245963	14.463045957651
37089	-82.9022467628195	-100.52687713668	-97.5714042214886	-17.6246303738608	-14.6691574586691
37090	-82.9022467628195	-93.6307736678998	-91.0036866321739	-10.7285269050803	-8.10143986935442
37091	-82.9022467628195	-92.6456160295026	-90.3469148732424	-9.7433692666831	-7.44466811042294
37092	-82.9022467628195	-99.2133336188173	-96.5862465830915	-16.3110868559978	-13.6839998202719
37093	-89.5351276198023	-96.207305024847	-92.4644751649782	-6.67217740504472	-2.92934754517594
37094	-105.439242164043	-98.2226749493917	-95.9193950356263	7.21656721465158	9.51984712841696
37095	-161.726744453907	-120.103834130163	-116.073094281073	41.6229103237442	45.6536501728336
37096	-161.726744453907	-129.892773763666	-122.695024033149	31.8339706902413	39.0317204207581
37097	-161.726744453907	-121.831294065487	-118.66428418406	39.8954503884201	43.0624602698475
37098	-189.241363746362	-138.017245932426	-134.58654673743	51.2241178139361	54.6548170089318
37099	-189.241363746362	-137.44546273326	-134.014763538264	51.7959010131021	55.2266002080978
37100	-189.241363746362	-138.303137532009	-134.872438337013	50.9382262143531	54.3689254093489
37101	-189.241363746362	-147.451668718664	-143.735077924085	41.7896950276978	45.5062858222765
37102	-189.241363746362	-146.879885519498	-143.16329472492	42.3614782268638	46.0780690214425
37103	-189.241363746362	-147.165777119081	-143.735077924085	42.0755866272808	45.5062858222765
37104	-189.241363746362	-146.308102320332	-142.591511525754	42.9332614260297	46.6498522206084
37105	-189.241363746362	-143.449186324503	-139.732595529924	45.7921774218595	49.5087682164382
37106	-189.241363746362	-158.315549502817	-151.454151112826	30.9258142435446	37.7872126335361
37107	-189.241363746362	-145.450427521583	-142.019728326588	43.7909362247786	47.2216354197744
37109	-187.558173900222	-103.405054755364	-99.0864049170538	84.1531191448581	88.4717689831682
37110	-201.662188387226	-134.787243580417	-129.604863774445	66.8749448068088	72.0573246127809
37111	-201.662188387226	-129.029043796004	-123.846663990032	72.6331445912223	77.8155243971944
37112	-201.662188387226	-139.105893418727	-133.923513612755	62.5562949684987	67.7386747744709
37113	-187.558173900222	-126.437853893018	-120.103834130163	61.1203200072042	67.454339770059
37114	-187.558173900222	-120.967564097825	-116.073094281073	66.590609802397	71.4850796191485
37115	-201.662188387226	-133.059783645093	-127.5894938499	68.6024047421328	74.0726945373256
37116	-201.662188387226	-131.332323709769	-123.846663990032	70.3298646774569	77.8155243971944
37117	-174.198939318774	-129.892773763666	-125.574123925356	44.3061655551082	48.6248153934183
37118	-174.198939318774	-139.969623386389	-135.075153569638	34.2293159323846	39.1237857491361
37119	-174.198939318774	-120.967564097825	-114.63354433497	53.2313752209491	59.5653949838039
37120	-187.558173900222	-129.029043796004	-121.831294065487	58.5291301042182	65.726879834735
37121	-174.198939318774	-138.242163451065	-133.059783645093	35.9567758677086	41.1391556736808
37122	-174.198939318774	-135.363063558859	-130.180683752886	38.8358757599154	44.0182555658875
37123	-174.198939318774	-104.844604701467	-100.525954863157	69.3543346173068	73.6729844556169
37124	-174.198939318774	-124.710393957694	-116.361004270294	49.4885453610803	57.8379350484798
37125	-174.198939318774	-125.286213936135	-120.103834130163	48.9127253826389	54.0951051886111
37126	-187.558173900222	-122.695024033149	-117.512644227177	64.863149867073	70.0455296730451
37127	-174.198939318774	-112.618174410425	-104.268784723026	61.5807649083486	69.9301545957481
37128	-174.198939318774	-127.013673871459	-121.543384076266	47.1852654473149	52.6555552425077
37129	-187.558173900222	-127.30158386068	-118.95219417328	60.2565900395422	68.6059797269417
37130	-187.558173900222	-132.483963666652	-124.998303946914	55.0742102335701	62.5598699533076
37131	-187.558173900222	-122.119204054708	-114.921454324191	65.4389698455143	72.6367195760311
37132	-187.558173900222	-132.771873655873	-125.574123925356	54.7863002443494	61.9840499748662
37133	-187.558173900222	-126.149943903797	-120.679654108604	61.4082299964249	66.8785197916177
37134	-187.558173900222	-131.332323709769	-128.165313828342	56.2258501904528	59.3928600718802
37135	-187.558173900222	-124.422483968473	-101.389684830819	63.1356899317489	86.1684890694028
37136	-174.198939318774	-130.180683752886	-126.437853893018	44.0182555658875	47.7610854257563
37137	-174.198939318774	-122.98293402237	-118.088464205618	51.2160052964043	56.1104751131558
37138	-174.198939318774	-128.453223817562	-124.422483968473	45.7457155012116	49.776455350301
37139	-187.558173900222	-131.332323709769	-126.437853893018	56.2258501904528	61.1203200072042
37140	-201.662188387226	-139.969623386389	-133.059783645093	61.6925650008367	68.6024047421328
37141	-174.198939318774	-126.149943903797	-122.119204054708	48.048995414977	52.0797352640664
37142	-194.291444762527	-103.117144766143	-98.2226749493917	91.1742999963843	96.0687698131357
37143	-187.558173900222	-130.756503731328	-126.437853893018	56.8016701688941	61.1203200072042
37144	-187.558173900222	-129.316953785224	-125.286213936135	58.2412201149975	62.2719599640869
37145	-187.558173900222	-133.635603623535	-126.725763882238	53.9225702766874	60.8324100179836
37146	-187.558173900222	-133.059783645093	-127.30158386068	54.4983902551287	60.2565900395422
37147	-187.558173900222	-129.029043796004	-121.831294065487	58.5291301042182	65.726879834735
37148	-187.558173900222	-99.6622248954951	-96.7831250032883	87.8959490047269	90.7750488969336
37149	-187.558173900222	-131.044413720548	-124.710393957694	56.5137601796735	62.8477799425283
37150	-187.558173900222	-128.741133806783	-124.998303946914	58.8170400934389	62.5598699533076
37151	-115.130559919104	-110.518883726009	-99.7904435615549	4.61167619309481	15.3401163575492
37152	-115.130559919104	-113.624484826246	-108.260264744019	1.50607509285805	6.87029517508523
37153	-115.130559919104	-104.590008898285	-98.6611340705597	10.5405510208196	16.4694258485444
37154	-115.130559919104	-100.355098307053	-95.2732055975741	14.7754616120516	19.85735432153
37155	-115.130559919104	-124.070597617952	-118.706377535725	-8.94003769884756	-3.57581761662038
37156	-115.130559919104	-131.411109309421	-124.070597617952	-16.2805493903164	-8.94003769884756
37157	-115.130559919104	-133.669728291411	-126.046889227193	-18.5391683723067	-10.9163293080891
37158	-115.130559919104	-124.635252363449	-95.5555329703229	-9.50469244434515	19.5750269487812
37159	-115.130559919104	-97.2494972068158	-92.1676044973373	17.8810627122884	22.9629554217668
37160	-121.665695621164	-93.5792413610814	-89.6266581425982	28.0864542600829	32.0390374785661
37161	-121.665695621164	-104.307681525536	-96.9671698340669	17.3580140956286	24.6985257870974
37162	-121.665695621164	-91.3206223790909	-86.8033844151101	30.3450732420734	34.8623112060542
37163	-116.75037534184	-95.7052891941449	-91.4169152004002	21.0450861476955	25.3334601414402
37164	-116.75037534184	-108.856302774962	-103.138470783302	7.89407256687849	13.6119045585381
37165	-116.75037534184	-104.282037181634	-99.7077715883067	12.4683381602061	17.0426037535338
37166	-116.75037534184	-117.718942362034	-106.569169978298	-0.968567020193859	10.1812053635423
37167	-116.75037534184	-130.298172743685	-123.436774353694	-13.547797401845	-6.6863990118535
37168	-116.75037534184	-101.709012785388	-96.2770723933109	15.041362556453	20.4733029485296
37169	-116.75037534184	-127.153365148273	-122.293207955362	-10.4029898064322	-5.54283261352157
37170	-116.75037534184	-128.582823146188	-119.720183559115	-11.8324478043471	-2.96980821727476
37171	-116.75037534184	-100.565446387056	-94.847614395396	16.1849289547849	21.9027609464445
37172	-116.75037534184	-101.709012785388	-97.9924219908088	15.041362556453	18.7579533510317
37173	-116.75037534184	-105.425603579966	-99.9936631878896	11.3247717618742	16.7567121539508
37174	-116.75037534184	-121.721424756196	-115.145917965788	-4.9710494143556	1.60445737605295
37175	-116.75037534184	-111.143435571626	-102.852579183719	5.60693977021464	13.897796158121
37176	-116.75037534184	-122.864991154528	-116.003592764537	-6.11461581268753	0.746782577303975
37177	-116.75037534184	-105.139711980383	-100.851337986639	11.6106633614572	15.8990373552019
37178	-116.75037534184	-112.858785169124	-104.567928781217	3.89159017271675	12.1824465606232
37179	-116.75037534184	-118.2907255612	-112.858785169124	-1.54035021935982	3.89159017271675
37180	-116.75037534184	-118.004833961617	-113.144676768707	-1.25445861977687	3.60569857313379
37181	-116.75037534184	-97.1347471920598	-94.2758311962301	19.6156281497807	22.4745441456104
37182	-116.75037534184	-99.1359883891407	-94.847614395396	17.6143869526998	21.9027609464445
37183	-116.75037534184	-123.722665953277	-97.4206387916428	-6.97229061143645	19.3297365501977
37184	-116.75037534184	-97.7065303912258	-93.7040479970641	19.0438449506147	23.0463273447764
37186	-125.237676508268	-110.890714475101	-102.829234776922	14.346962033167	22.4084417313458
37187	-175.758485032044	-129.029043796004	-123.27084401159	46.7294412360401	52.4876410204536
37188	-175.758485032044	-126.437853893018	-123.846663990032	49.3206311390262	51.9118210420123
37189	-116.571453285789	-91.8886551865369	-88.1458253266682	24.6827980992525	28.4256279591212
37190	-116.571453285789	-99.3743149062744	-96.4952150140677	17.1971383795149	20.0762382717216
37191	-116.571453285789	-97.3589449817297	-93.616115121861	19.2125083040597	22.9553381639284
37192	-116.571453285789	-93.616115121861	-91.0249252188749	22.9553381639284	25.5465280669144
37193	-116.571453285789	-102.253414798481	-99.0864049170538	14.3180384873082	17.4850483687356
37194	-94.565682782995	-102.253414798481	-99.6622248954951	-7.68773201548616	-5.0965421125001
37195	-94.565682782995	-102.253414798481	-99.6622248954951	-7.68773201548616	-5.0965421125001
37196	-124.167692233502	-99.6622248954951	-93.3282051326403	24.5054673380068	30.8394871008615
37197	-124.167692233502	-95.6314850464057	-92.4644751649782	28.5362071870962	31.7032170685236
37198	-124.167692233502	-92.7523851541989	-89.2974652835508	31.4153070793029	34.870226949951
37199	-124.167692233502	-91.6007451973162	-88.4337353158888	32.5669470361856	35.733956917613
37200	-124.167692233502	-92.7523851541989	-88.7216453051095	31.4153070793029	35.4460469283923
37201	-124.167692233502	-98.5105849386124	-93.3282051326403	25.6571072948894	30.8394871008615
37202	-124.167692233502	-98.5105849386124	-95.343575057185	25.6571072948894	28.8241171763168
37203	-124.167692233502	-103.980874733805	-99.6622248954951	20.1868174996966	24.5054673380068
37204	-83.7766850201175	-99.3743149062744	-95.6314850464057	-15.5976298861569	-11.8548000262881
37205	-124.167692233502	-103.980874733805	-99.9501348847157	20.1868174996966	24.2175573487861
37206	-124.167692233502	-95.0556650679643	-90.1611952512129	29.1120271655375	34.006496982289
37207	-124.167692233502	-99.6622248954951	-95.343575057185	24.5054673380068	28.8241171763168
37208	-94.565682782995	-87.2820953590061	-84.6909054560201	7.28358742398883	9.87477732697489
37209	-114.378022267439	-100.238044873936	-97.3589449817297	14.139977393503	17.0190772857097
37210	-114.378022267439	-102.541324787702	-99.0864049170538	11.8366974797376	15.2916173503856
37211	-114.378022267439	-102.541324787702	-99.0864049170538	11.8366974797376	15.2916173503856
37212	-117.46574447955	-105.420424679909	-101.389684830819	12.0453197996414	16.0760596487308
37213	-114.302635628502	-100.238044873936	-97.3589449817297	14.0645907545659	16.9436906467726
37214	-129.259785395241	-99.3743149062744	-96.7831250032883	29.8854704889669	32.476660391953
37215	-174.70704971344	-127.30158386068	-122.407114043928	47.4054658527605	52.2999356695119
37216	-174.70704971344	-133.635603623535	-130.180683752886	41.0714460899057	44.5263659605537
37217	-180.533426776168	-117.800554216397	-112.906084399646	62.7328725597704	67.6273423765218
37218	-180.533426776168	-119.528014151722	-116.361004270294	61.0054126244463	64.1724225058737
37219	-180.533426776168	-120.967564097825	-117.800554216397	59.565862678343	62.7328725597704
37220	-180.533426776168	-117.800554216397	-113.769814367308	62.7328725597704	66.7636124088598
37221	-180.533426776168	-127.30158386068	-123.846663990032	53.2318429154881	56.6867627861362
37222	-174.178088556906	-117.800554216397	-113.769814367308	56.3775343405082	60.4082741895976
37223	-174.178088556906	-120.103834130163	-116.073094281073	54.0742544267428	58.1049942758322
37224	-107.153449422228	-80.6601656069307	-77.2052457362826	26.4932838152974	29.9482036859455
37225	-77.6087790471277	-89.2974652835508	-81.235985585372	-11.6886862364231	-3.62720653824428
37226	-94.1519439425216	-96.7831250032883	-93.9040251110816	-2.63118106076675	0.247918831439932
37227	-94.1519439425216	-99.6622248954951	-96.7831250032883	-5.51028095297349	-2.63118106076675
37228	-94.1519439425216	-94.7677550787436	-90.1611952512129	-0.61581113622205	3.99074869130871
37229	-94.1519439425216	-98.7984949278331	-95.9193950356263	-4.64655098531151	-1.76745109310477
37230	-94.1519439425216	-96.7831250032883	-94.1919351003023	-2.63118106076675	-0.0399911577806904
37231	-302.796591792623	-136.226793526521	-126.149943903797	166.569798266102	176.646647888826
37232	-180.762383215782	-110.026984507439	-103.405054755364	70.7353987083427	77.3573284604182
37233	-122.40373259945	-93.3282051326403	-85.5546354236821	29.0755274668099	36.8490971757681
37234	-105.860402179753	-97.1347471920598	-92.2745899991492	8.72565498769313	13.5858121806037
37235	-94.5647790101008	-101.67759482004	-96.7831250032883	-7.11281580993899	-2.2183459931875
37236	-96.3148931663222	-92.7523851541989	-88.1458253266682	3.56250801212332	8.16906783965408
37237	-96.3148931663222	-92.1765651757576	-87.8579153374475	4.13832799056468	8.45697782887476
37238	-180.969551303417	-126.437853893018	-120.391744119384	54.5316974103997	60.5778071840338
37240	-180.969551303417	-120.967564097825	-116.936824248735	60.0019872055925	64.0327270546819
37241	-180.969551303417	-125.286213936135	-121.255474087046	55.6833373672823	59.7140772163718
37246	-118.713083091924	-107.435794604453	-104.268784723026	11.2772884874707	14.444298368898
37247	-118.713083091924	-112.042354431984	-104.844604701467	6.67072865993987	13.8684783904567
37248	-118.713083091924	-110.31489449666	-102.829234776922	8.39818859526395	15.8838483150014
37249	-246.27663872398	-123.27084401159	-118.95219417328	123.00579471239	127.3244445507
37250	-165.263692021182	-112.618174410425	-109.451164528998	52.6455176107562	55.8125274921836
37251	-246.27663872398	-119.528014151722	-115.209364313411	126.748624572259	131.067274410569
37252	-246.27663872398	-115.785184291853	-112.618174410425	130.491454432127	133.658464313555
37253	-246.27663872398	-118.376374194839	-114.057724356529	127.900264529141	132.218914367451
37254	-246.27663872398	-115.209364313411	-111.466534453543	131.067274410569	134.810104270437
37255	-246.27663872398	-133.923513612755	-115.497274302632	112.353125111225	130.779364421348
37256	-246.27663872398	-138.242163451065	-133.635603623535	108.034475272915	112.641035100446
37257	-246.27663872398	-113.481904378087	-110.026984507439	132.794734345893	136.249654216541
37258	-264.485854625728	-109.739074518219	-108.299524572115	154.746780107509	156.186330053612
37259	-246.27663872398	-107.435794604453	-103.405054755364	138.840844119527	142.871583968616
37260	-246.27663872398	-108.875344550557	-104.268784723026	137.401294173423	142.007854000954
37261	-246.27663872398	-121.831294065487	-118.088464205618	124.445344658493	128.188174518362
37262	-246.27663872398	-110.31489449666	-106.572064636791	135.96174422732	139.704574087189
37263	-246.27663872398	-116.073094281073	-111.178624464322	130.203544442907	135.098014259658
37264	-246.27663872398	-116.073094281073	-111.754444442763	130.203544442907	134.522194281217
37265	-246.27663872398	-105.132514690688	-99.6622248954951	141.144124033292	146.614413828485
37266	-246.27663872398	-118.95219417328	-115.785184291853	127.3244445507	130.491454432127
37267	-246.27663872398	-118.66428418406	-113.769814367308	127.612354539921	132.506824356672
37268	-246.27663872398	-122.119204054708	-117.800554216397	124.157434669272	128.476084507583
37269	-246.27663872398	-116.936824248735	-113.193994388867	129.339814475245	133.082644335113
37270	-246.27663872398	-110.026984507439	-105.708334669129	136.249654216541	140.568304054851
37271	-246.27663872398	-125.286213936135	-118.66428418406	120.990424787845	127.612354539921
37272	-246.27663872398	-118.66428418406	-113.481904378087	127.612354539921	132.794734345893
37273	-246.27663872398	-99.9501348847157	-95.9193950356263	146.326503839264	150.357243688354
37274	-246.27663872398	-123.558754000811	-118.95219417328	122.717884723169	127.3244445507
37275	-246.27663872398	-134.787243580417	-126.725763882238	111.489395143563	119.550874841742
37276	-246.27663872398	-118.66428418406	-114.345634345749	127.612354539921	131.931004378231
37277	-246.27663872398	-114.057724356529	-108.587434561336	132.218914367451	137.689204162644
37278	-246.27663872398	-121.831294065487	-117.512644227177	124.445344658493	128.763994496803
37279	-246.27663872398	-106.859974626012	-102.829234776922	139.416664097968	143.447403947058
37280	-246.27663872398	-111.178624464322	-105.708334669129	135.098014259658	140.568304054851
37281	-246.27663872398	-116.648914259515	-111.466534453543	129.627724464465	134.810104270437
37282	-246.27663872398	-113.769814367308	-108.299524572115	132.506824356672	137.977114151865
37283	-246.27663872398	-121.543384076266	-116.936824248735	124.733254647714	129.339814475245
37284	-246.27663872398	-137.378433483403	-131.332323709769	108.898205240577	114.944315014211
37285	-246.27663872398	-120.967564097825	-117.224734237956	125.309074626155	129.051904486024
37286	-246.27663872398	-122.407114043928	-117.512644227177	123.869524680052	128.763994496803
37287	-246.27663872398	-127.30158386068	-122.98293402237	118.9750548633	123.29370470161
37288	-119.265117771906	-110.890714475101	-104.844604701467	8.37440329680425	14.4205130704384
37289	-119.265117771906	-104.844604701467	-101.101774841598	14.4205130704384	18.1633429303071
37290	-119.265117771906	-107.435794604453	-102.541324787702	11.8293231674523	16.7237929842038
37291	-119.265117771906	-102.829234776922	-100.238044873936	16.4358829949831	19.0270728979692
37292	-145.94125848993	-110.31489449666	-105.99624465835	35.6263639932696	39.9450138315797
37293	-105.502934537902	-110.31489449666	-107.723704593674	-4.81195995875805	-2.22077005577199
37294	-105.502934537902	-129.892773763666	-125.286213936135	-24.3898392257639	-19.7832793982331
37295	-105.502934537902	-123.846663990032	-118.95219417328	-18.3437294521297	-13.4492596353783
37296	-105.502934537902	-104.844604701467	-102.253414798481	0.658329836434746	3.2495197394208
37297	-105.502934537902	-115.785184291853	-111.466534453543	-10.2822497539509	-5.96359991564077
37298	-105.502934537902	-113.769814367308	-110.026984507439	-8.26687982940615	-4.52404996953737
37299	-105.502934537902	-103.980874733805	-101.101774841598	1.52205980409673	4.40115969630347
37300	-114.345305041871	-114.63354433497	-111.466534453543	-0.288239293098997	2.87877058832842
37301	-114.345305041871	-116.936824248735	-113.481904378087	-2.59151920686438	0.863400663783722
37302	-119.265117771906	-103.692964744585	-99.3743149062744	15.5721530273211	19.8908028656311
37304	-262.07316900964	-147.167373116906	-144.000363235479	114.905795892734	118.072805774161
37305	-262.07316900964	-133.347693634314	-127.877403839121	128.725475375326	134.195765170519
37306	-262.07316900964	-159.835412642616	-151.486022955216	102.237756367024	110.587146054424
37307	-293.816285404043	-124.710393957694	-120.679654108604	169.10589144635	173.136631295439
37308	-293.816285404043	-120.967564097825	-115.497274302632	172.848721306219	178.319011101411
37309	-293.816285404043	-144.57618321392	-140.833353354051	149.240102190123	152.982932049992
37310	-87.0254217687603	-106.284154647571	-101.67759482004	-19.2587328788103	-14.6521730512796
37311	-123.316725184614	-119.815924140942	-116.073094281073	3.5008010436714	7.24363090354018
37312	-123.316725184614	-115.209364313411	-110.890714475101	8.10736087120222	12.4260107095123
37313	-76.3856489998307	-105.420424679909	-102.541324787702	-29.0347756800778	-26.1556757878711
37314	-138.186940267866	-108.875344550557	-104.268784723026	29.3115957173095	33.9181555448403
37315	-138.186940267866	-116.648914259515	-113.769814367308	21.5380260083513	24.4171259005581
37316	-86.6293035283318	-109.451164528998	-103.117144766143	-22.8218610006662	-16.4878412378114
37317	-116.718378939752	-93.0402951434196	-89.2974652835508	23.6780837963319	27.4209136562007
37318	-114.493212173384	-98.2226749493917	-95.6314850464057	16.2705372239926	18.8617271269787
37319	-114.493212173384	-97.3589449817297	-94.1919351003023	17.1342671916546	20.3012770730821
37320	-114.493212173384	-98.7984949278331	-95.0556650679643	15.6947172455512	19.43754710542
37321	-114.493212173384	-99.9501348847157	-96.207305024847	14.5430772886686	18.2859071485373
37322	-114.493212173384	-95.0556650679643	-92.7523851541989	19.43754710542	21.7408270191854
37323	-114.493212173384	-97.6468549709504	-94.1919351003023	16.846357202434	20.3012770730821
37324	-114.493212173384	-102.829234776922	-98.5105849386124	11.6639773964618	15.9826272347719
37325	-114.493212173384	-94.4798450895229	-91.6007451973162	20.0133670838614	22.8924669760681
37326	-116.718378939752	-96.207305024847	-93.3282051326403	20.5110739149045	23.3901738071112
37327	-124.245167247101	-97.6468549709504	-93.0402951434196	26.5983122761506	31.2048721036814
37328	-124.245167247101	-87.5700053482268	-78.6447956823859	36.6751618988742	45.6003715647151
37330	-124.245167247101	-97.071034992509	-94.4798450895229	27.174132254592	29.765322157578
37331	-124.245167247101	-124.998303946914	-111.178624464322	-0.753136699813382	13.066542782779
37332	-124.245167247101	-101.101774841598	-91.6007451973162	23.1433924055025	32.6444220497848
37337	-124.245167247101	-102.541324787702	-99.3743149062744	21.7038424593992	24.8708523408265
37339	-124.245167247101	-111.178624464322	-99.6622248954951	13.066542782779	24.5829423516059
37340	-124.245167247101	-110.31489449666	-97.071034992509	13.930272750441	27.174132254592
37342	-124.245167247101	-93.3282051326403	-89.2974652835508	30.9169621144607	34.9477019635501
37343	-124.245167247101	-105.708334669129	-102.829234776922	18.5368325779718	21.4159324701785
37344	-133.05996069976	-89.2974652835508	-84.1150854775787	43.7624954162096	48.9448752221817
37347	-133.05996069976	-106.284154647571	-102.253414798481	26.7758060521898	30.8065459012793
37348	-116.718378939752	-100.525954863157	-95.9193950356263	16.1924240765944	20.7989839041252
37349	-116.718378939752	-98.7984949278331	-94.7677550787436	17.9198840119184	21.9506238610079
