36455	-86.4768851736219	-106.855061577881	-80.267142816664	-20.3781764042593	6.20974235695785
36456	-86.4768851736219	-117.147159162868	-83.1260588124939	-30.6702739892466	3.35082636112803
36457	-86.4768851736219	-110.285760772877	-83.1260588124939	-23.808875599255	3.35082636112803
36458	-86.4768851736219	-118.2907255612	-84.8414084099917	-31.8138403875784	1.63547676363014
36459	-86.4768851736219	-90.5592404016513	-57.6817064496087	-4.08235522802944	28.7951787240132
36460	-86.4768851736219	-122.864991154528	-61.1124056446044	-36.3881059809061	25.3644795290175
36461	-135.181637945257	-182.292391801828	-127.013673871459	-47.1107538565716	8.16796407379769
36463	-152.556990138334	-253.406159139335	-110.026984507439	-100.849169001	42.5300056308951
36465	-152.556990138334	-147.455283106127	-112.330264421205	5.10170703220751	40.2267257171296
36466	-152.556990138334	-146.879463127685	-112.906084399646	5.67752701064887	39.6509057386883
36467	-152.556990138334	-161.274962588719	-114.63354433497	-8.71797245038482	37.9234458033642
36468	-149.308840252782	-185.747311672476	-135.363063558859	-36.4384714196945	13.9457766939233
36469	-149.308840252782	-196.112071284421	-143.136633267817	-46.8032310316388	6.17220698496513
36470	-149.308840252782	-168.184802330015	-124.998303946914	-18.8759620772334	24.3105363058675
36471	-149.308840252782	-184.307761726373	-126.437853893018	-34.9989214735911	22.8709863597642
36472	-149.308840252782	-165.017792448588	-120.103834130163	-15.7089521958061	29.205006122619
36473	-149.308840252782	-143.424543257037	-105.708334669129	5.88429699574445	43.6005055836527
36474	-149.308840252782	-253.981979117776	-121.831294065487	-104.673138864994	27.477546187295
36475	-149.308840252782	-166.169432405471	-123.558754000811	-16.8605921526887	25.7500862519709
36476	-149.308840252782	-173.367182135987	-135.650973548079	-24.0583418832055	13.6578667047026
36477	-149.308840252782	-198.415351198186	-153.501392879761	-49.1065109454042	-4.19255262697911
36478	-192.238992517711	-163.002422524043	-124.710393957694	29.2365699936677	67.5285985600172
36479	-192.238992517711	-189.778051521566	-146.015733160024	2.46094099614507	46.2232593576874
36480	-192.238992517711	-184.883581704814	-131.044413720548	7.35541081289651	61.1945787971624
36481	-192.238992517711	-163.866152491705	-130.756503731328	28.3728400260057	61.4824887863831
36482	-192.238992517711	-166.745252383912	-134.211423601976	25.4937401337989	58.027568915735
36483	-192.238992517711	-204.1735509826	-167.321072362353	-11.9345584648886	24.9179201553576
36484	-178.274929499709	-219.432780411295	-142.560813289375	-41.1578509115866	35.7141162103332
36485	-178.274929499709	-192.081331435331	-158.971682674954	-13.8064019356226	19.3032468247548
36486	-178.274929499709	-175.958372038973	-137.954253461845	2.31655746073511	40.320676037864
36487	-193.328906541918	-170.488082243781	-133.923513612755	22.8408242981371	59.4053929291626
36488	-134.793529218992	-127.877403839121	-87.5700053482268	6.91612537987072	47.223523870765
36493	-138.026526350331	-190.049517056528	-124.866232351609	-52.0229907061975	13.1602939987218
36494	-138.026526350331	-154.027175509073	-110.857543972043	-16.0006491587421	27.1689823782878
36496	-138.026526350331	-282.392503721831	-89.1297824037364	-144.3659773715	48.8967439465943
36498	-229.480802338583	-186.323131650918	-146.879463127685	43.1576706876655	82.6013392108978
36499	-110.767055417662	-138.589029131592	-72.2621780283406	-27.8219737139302	38.504877389321
36501	-104.029908644653	-94.2758311962301	-54.8227904537789	9.75407744842299	49.2071181908742
36502	-104.029908644653	-132.871197139932	-83.6978420116598	-28.8412884952792	20.3320666329932
36503	-125.399860707927	-142.848723278596	-100.813864852378	-17.4488625706689	24.5859958555494
36504	-125.399860707927	-143.424543257037	-98.7984949278331	-18.0246825491103	26.6013657800941
36505	-125.399860707927	-142.848723278596	-95.6314850464057	-17.4488625706689	29.7683756615215
36506	-125.399860707927	-142.560813289375	-100.525954863157	-17.1609525814482	24.8739058447701
36507	-125.399860707927	-151.486022955216	-93.3282051326403	-26.0861622472891	32.0716555752869
36508	-125.399860707927	-144.000363235479	-94.1919351003023	-18.6005025275516	31.2079256076249
36509	-125.399860707927	-140.25753337561	-98.5105849386124	-14.8576726676829	26.8892757693148
36510	-125.399860707927	-142.560813289375	-98.2226749493917	-17.1609525814482	27.1771857585354
36511	-125.399860707927	-142.848723278596	-96.7831250032883	-17.4488625706689	28.6167357046388
36512	-125.399860707927	-143.424543257037	-95.6314850464057	-18.0246825491103	29.7683756615215
36513	-125.399860707927	-143.712453246258	-103.980874733805	-18.312592538331	21.418985974122
36514	-125.399860707927	-144.57618321392	-100.238044873936	-19.1763225059929	25.1618158339907
36515	-125.399860707927	-181.140751844946	-100.813864852378	-55.7408911370185	24.5859958555494
36516	-125.399860707927	-150.046473009113	-99.9501348847157	-24.6466123011857	25.4497258232114
36517	-125.399860707927	-145.152003192361	-89.5853752727715	-19.7521424844343	35.8144854351557
36518	-125.399860707927	-146.879463127685	-100.813864852378	-21.4796024197583	24.5859958555494
36519	-125.399860707927	-144.864093203141	-99.6622248954951	-19.4642324952136	25.7376358124321
36520	-125.399860707927	-145.727823170803	-104.556694712247	-20.3279624628757	20.8431659956806
36521	-148.457335448568	-183.15612176949	-112.906084399646	-34.6987863209229	35.5512510489215
36522	-148.457335448568	-153.21348289054	-118.66428418406	-4.75614744197281	29.793051264508
36523	-148.457335448568	-169.048532297677	-116.361004270294	-20.5911968491098	32.0963311782734
36524	-148.457335448568	-173.079272146767	-121.831294065487	-24.6219366981993	26.6260413830806
36525	-148.457335448568	-270.680758492575	-92.7523851541989	-122.223423044008	55.7049502943686
36526	-148.457335448568	-145.152003192361	-109.163254539777	3.30533225620604	39.2940809087902
36527	-89.2639729127995	-138.817983429507	-83.2513555099167	-49.5540105167072	6.01261740288274
36528	-89.2639729127995	-139.681713397169	-82.963445520696	-50.4177404843692	6.30052739210342
36529	-89.2639729127995	-141.121263343272	-88.4337353158888	-51.8572904304726	0.830237596910621
36530	-89.2639729127995	-140.545443364831	-85.8425454129028	-51.2814704520312	3.42142749989668
36531	-89.2639729127995	-139.393803407948	-86.4183653913441	-50.1298304951485	2.84560752145538
36532	-89.2639729127995	-144.864093203141	-86.1304554021235	-55.6001202903413	3.133517510676
36533	-89.2639729127995	-142.848723278596	-86.4183653913441	-53.5847503657966	2.84560752145538
36534	-148.457335448568	-150.046473009113	-85.5546354236821	-1.5891375605454	62.9027000248854
36536	-118.713083091924	-143.424543257037	-120.391744119384	-24.7114601651135	-1.67866102745967
36537	-118.713083091924	-161.274962588719	-130.756503731328	-42.5618794967953	-12.0434206394039
36538	-105.029489000875	-110.602804485881	-76.6294257578412	-5.57331548500574	28.4000632430337
36539	-105.029489000875	-116.648914259515	-91.0249252188749	-11.6194252586399	14.004563782
36540	-105.029489000875	-119.815924140942	-95.9193950356263	-14.7864351400673	9.11009396524858
36541	-105.029489000875	-114.63354433497	-89.0095552943301	-9.60405533409519	16.0199337065448
36542	-105.029489000875	-128.741133806783	-79.2206156608273	-23.7116448059082	25.8088733400477
36543	-105.029489000875	-118.376374194839	-72.5986859087518	-13.3468851939639	32.4308030921231
36544	-104.445831157262	-117.147159162868	-83.6978420116598	-12.7013280056062	20.7479891456024
36545	-103.294851962968	-149.167018316162	-100.851337986639	-45.8721663531937	2.44351397632985
36546	-103.294851962968	-145.450427521583	-91.4169152004002	-42.155575558615	11.8779367625682
36547	-103.294851962968	-144.306861123251	-99.7077715883067	-41.012009160283	3.58708037466172
36548	-103.294851962968	-149.167018316162	-100.851337986639	-45.8721663531937	2.44351397632985
36549	-103.294851962968	-149.167018316162	-112.858785169124	-45.8721663531937	-9.56393320615533
36550	-103.294851962968	-154.313067108656	-97.4206387916428	-51.0182151456873	5.87421317132558
36551	-103.294851962968	-150.310584714494	-93.4181563974811	-47.0157327515256	9.87669556548732
36552	-103.294851962968	-145.736319121166	-104.282037181634	-42.441467158198	-0.987185218665928
36553	-103.294851962968	-147.737560318247	-102.280795984553	-44.4427083552788	1.01405597841492
36554	-103.294851962968	-152.597717511158	-94.847614395396	-49.3028655481895	8.44723756757239
36555	-103.294851962968	-172.896021081549	-94.847614395396	-69.601169118581	8.44723756757239
36556	-103.294851962968	-153.74128390949	-85.6990832087407	-50.4464319465214	17.5957687542277
36557	-103.294851962968	-169.751213486137	-90.8451320012343	-66.4563615231682	12.4497199617341
36558	-103.294851962968	-158.6014411024	-96.5629639928939	-55.306589139432	6.73188797007455
36559	-103.294851962968	-158.315549502817	-91.7028067999833	-55.0206975398491	11.5920451629852
36560	-104.445831157262	-129.440497944937	-85.1273000095747	-24.9946667876743	19.3185311476875
36561	-104.445831157262	-124.294449152443	-87.1285412066555	-19.8486179951807	17.3172899506067
36562	-104.445831157262	-123.436774353694	-87.1285412066555	-18.9909431964317	17.3172899506067
36563	-104.445831157262	-135.730113135762	-93.989939596647	-31.2842819784998	10.4558915606152
36564	-103.294851962968	-148.309343517413	-85.1273000095747	-45.0144915544448	18.1675519533937
36566	-140.037365816113	-109.451164528998	-78.6447956823859	30.5862012871153	61.3925701337274
36567	-140.037365816113	-133.347693634314	-94.7677550787436	6.68967218179941	45.2696107373697
36568	-140.037365816113	-128.165313828342	-88.1458253266682	11.8720519877715	51.8915404894451
36569	-140.037365816113	-138.817983429507	-97.071034992509	1.21938238660661	42.9663308236043
36570	-140.037365816113	-122.695024033149	-91.8886551865369	17.3423417829643	48.1487106295764
36571	-140.037365816113	-139.393803407948	-98.2226749493917	0.643562408165309	41.8146908667216
36572	-108.721653072316	-141.121263343272	-92.7523851541989	-32.3996102709558	15.9692679181173
36573	-108.721653072316	-137.954253461845	-88.7216453051095	-29.2326003895284	20.0000077672067
36574	-153.633246922888	-315.882626800221	-146.591553138465	-162.249379877333	7.04169378442319
36575	-153.633246922888	-266.937928632706	-184.883581704814	-113.304681709818	-31.2503347819263
36576	-153.633246922888	-304.942047209835	-107.435794604453	-151.308800286947	46.1974523184348
36577	-126.875482521749	-257.436898988424	-97.071034992509	-130.561416466675	29.8044475292402
36578	-134.440872660859	-104.268784723026	-67.992126081221	30.1720879378335	66.4487465796384
36580	-115.377027512699	-214.250400605323	-87.8579153374475	-98.8733730926242	27.5191121752514
36581	-114.457558440579	-146.879463127685	-93.616115121861	-32.4219046871063	20.8414433187182
36582	-115.478851621854	-150.622292987554	-102.541324787702	-35.1434413657004	12.9375268341521
36583	-115.478851621854	-148.319013073789	-107.147884615233	-32.840161451935	8.33096700662126
36584	-115.478851621854	-142.560813289375	-107.723704593674	-27.0819616675215	7.75514702817996
36585	-115.478851621854	-159.547502653395	-103.692964744585	-44.0686510315413	11.7858868772694
36586	-114.457558440579	-161.850782567161	-79.7964356392686	-47.3932241265813	34.6611228013106
36587	-114.457558440579	-160.699142610278	-82.3876255422547	-46.2415841696986	32.0699328983245
36588	-115.478851621854	-144.864093203141	-102.829234776922	-29.3852415812869	12.6496168449314
36589	-115.478851621854	-144.000363235479	-105.708334669129	-28.5215116136249	9.77051695272466
36590	-115.478851621854	-127.877403839121	-107.723704593674	-12.3985522172672	7.75514702817996
36591	-115.478851621854	-133.059783645093	-105.708334669129	-17.5809320232393	9.77051695272466
36592	-115.478851621854	-143.136633267817	-103.980874733805	-27.6577816459629	11.4979768880487
36593	-115.478851621854	-141.697083321713	-105.708334669129	-26.2182316998595	9.77051695272466
36594	-115.262467077489	-147.743193095348	-104.844604701467	-32.4807260178587	10.4178623760217
36595	-126.652353272428	-137.954253461845	-103.117144766143	-11.3019001894169	23.5352085062846
36596	-126.652353272428	-138.530073440286	-107.723704593674	-11.8777201678583	18.9286486787538
36597	-126.652353272428	-125.286213936135	-105.420424679909	1.36613933629272	21.2319285925192
36598	-126.652353272428	-127.30158386068	-105.132514690688	-0.649230588251982	21.5198385817399
36599	-126.652353272428	-127.877403839121	-101.101774841598	-1.22505056669334	25.5505784308293
36600	-126.652353272428	-141.121263343272	-104.844604701467	-14.4689100708443	21.8077485709606
36601	-126.652353272428	-135.9388835373	-96.7831250032883	-9.2865302648722	29.8692282691394
36602	-126.652353272428	-177.685831974298	-84.9788154452407	-51.0334787018698	41.673537827187
36607	-87.9653717656551	-110.57165237246	-77.4082268208343	-22.6062806068047	10.5571449448209
36608	-87.9653717656551	-126.009798749941	-84.2696252108258	-38.0444269842856	3.69574655482937
36609	-87.9653717656551	-122.007316355779	-83.4119504120768	-34.0419445901239	4.55342135357834
36610	-87.9653717656551	-118.576617160783	-80.553034416247	-30.6112453951282	7.41233734940811
36611	-87.9653717656551	-146.593993919915	-87.1285412066555	-58.6286221542602	0.836830558999608
36612	-182.01671068019	-267.513748611148	-115.209364313411	-85.4970379309574	66.8073463667789
36613	-182.01671068019	-203.309821014937	-167.321072362353	-21.2931103347472	14.6956383178369
36614	-182.01671068019	-252.542429171673	-181.140751844946	-70.5257184914823	0.87595883524466
36615	-182.01671068019	-253.981979117776	-149.758563019892	-71.9652684375857	32.2581476602981
36616	-182.01671068019	-245.344679441156	-175.094642071312	-63.3279687609655	6.92206860887876
36618	-182.01671068019	-256.861079009983	-196.687891262862	-74.8443683297925	-14.6711805826718
36619	-182.01671068019	-248.799599311804	-198.415351198186	-66.7828886316136	-16.3986405179958
36620	-182.01671068019	-248.223779333363	-193.808791370655	-66.2070686531723	-11.792080690465
36621	-182.01671068019	-251.966609193231	-208.78011081013	-69.949898513041	-26.76340012994
36622	-182.01671068019	-251.39078921479	-184.307761726373	-69.3740785345997	-2.29105104618276
36623	-113.847492573613	-118.95219417328	-86.9941853697854	-5.10470159966701	26.8533072038277
36624	-114.302635628502	-143.712453246258	-91.6007451973162	-29.4098176177558	22.7018904311861
36625	-113.847492573613	-125.862033914576	-86.9941853697854	-12.0145413409631	26.8533072038277
36626	-113.847492573613	-125.286213936135	-85.8425454129028	-11.4387213625218	28.0049471607104
36627	-113.847492573613	-122.98293402237	-89.2974652835508	-9.13544144875647	24.5500272900624
36628	-113.847492573613	-121.255474087046	-80.37225561771	-7.40798151343239	33.4752369559032
36629	-105.139155510462	-152.92557290132	-119.240104162501	-47.7864173908575	-14.1009486520387
36630	-105.139155510462	-148.60692306301	-118.376374194839	-43.4677675525474	-13.2372186843766
36631	-77.7439248035731	-156.092582782747	-104.556694712247	-78.3486579791739	-26.8127699086734
36632	-77.7439248035731	-154.077212858202	-102.541324787702	-76.3332880546292	-24.7973999841287
36633	-77.7439248035731	-101.67759482004	-79.7964356392686	-23.9336700164667	-2.0525108356955
36634	-160.828824744549	-156.956312750409	-118.95219417328	3.8725119941395	41.8766305712684
36635	-160.828824744549	-209.355930788572	-152.061842933658	-48.527106044023	8.766981810891
36636	-77.7439248035731	-109.163254539777	-72.5986859087518	-31.4193297362042	5.14523889482132
36637	-77.7439248035731	-112.042354431984	-70.2954059949864	-34.2984296284109	7.4485188085867
36638	-77.7439248035731	-106.859974626012	-78.3568856931652	-29.1160498224388	-0.612960889592102
36639	-80.0445561807417	-131.044413720548	-91.0249252188749	-50.9998575398067	-10.9803690381332
36640	-95.0421653104633	-134.211423601976	-73.4624158764138	-39.1692582915125	21.5797494340495
36641	-95.0421653104633	-102.829234776922	-48.9900667926566	-7.78706946645916	46.0520985178067
36642	-95.0421653104633	-139.681713397169	-77.2052457362826	-44.6395480867053	17.8369195741808
36643	-95.0421653104633	-112.042354431984	-75.7656957901792	-17.0001891215207	19.2764695202842
36644	-95.0421653104633	-101.96550480926	-56.4757265123941	-6.92333949879718	38.5664387980692
36645	-102.767109487233	-144.000363235479	-95.9193950356263	-41.2332537482461	6.84771445160641
36648	-95.3742095936077	-121.543384076266	-77.4931557255032	-26.1691744826585	17.8810538681045
36649	-93.7514969119278	-276.151048287768	-70.8712259734277	-182.39955137584	22.8802709385001
36650	-93.7514969119278	-124.710393957694	-83.5392654991374	-30.9588970457658	10.2122314127904
36651	-121.173861108214	-120.967564097825	-95.9193950356263	0.206297010389392	25.2544660725879
36652	-121.173861108214	-124.710393957694	-98.5105849386124	-3.53653284947939	22.6632761696019
36653	-121.173861108214	-120.679654108604	-88.1458253266682	0.494206999610071	33.0280357815461
36654	-121.173861108214	-118.95219417328	-88.7216453051095	2.22166693493409	32.4522158031048
36655	-121.173861108214	-120.679654108604	-89.5853752727715	0.494206999610071	31.5884858354428
36656	-121.173861108214	-119.240104162501	-88.4337353158888	1.93375694571341	32.7401257923254
36657	-121.173861108214	-122.98293402237	-90.7370152296542	-1.80907291415537	30.4368458785601
36658	-121.173861108214	-123.558754000811	-91.6007451973162	-2.38489289259667	29.5731159108981
36659	-121.173861108214	-129.604863774445	-95.343575057185	-8.43100266623082	25.8302860510293
36660	-147.341625004492	-225.76680017415	-146.879463127685	-78.4251751696582	0.462161876806277
36661	-147.341625004492	-288.819087813477	-176.534192017415	-141.477462808986	-29.1925670129231
36662	-147.341625004492	-260.02808889141	-168.760622308457	-112.686463886918	-21.4189973039649
36663	-147.341625004492	-227.782170098695	-161.850782567161	-80.440545094203	-14.5091575626688
36664	-147.341625004492	-218.281140454412	-133.059783645093	-70.9395154499207	14.2818413593986
36665	-147.341625004492	-194.096701359876	-147.743193095348	-46.7550763553842	-0.401568090855761
36666	-147.341625004492	-225.478890184929	-146.591553138465	-78.1372651804376	0.7500718660269
36667	-147.341625004492	-218.856960432854	-163.290332513264	-71.5153354283621	-15.9487075087721
36668	-147.341625004492	-163.002422524043	-118.95219417328	-15.6607975195514	28.3894308312116
36669	-147.341625004492	-201.294451090393	-143.424543257037	-53.952826085901	3.91708174745432
36670	-132.995069705777	-145.439913181582	-110.31489449666	-12.4448434758053	22.6801752091169
36671	-132.995069705777	-180.852841855725	-123.27084401159	-47.8577721499481	9.72422569418657
36672	-132.995069705777	-265.786288675824	-149.470653030672	-132.791218970047	-16.4755833248947
36673	-107.348736867761	-149.784759056541	-86.0778984401878	-42.4360221887799	21.2708384275733
36674	-107.348736867761	-149.784759056541	-82.137267886599	-42.4360221887799	25.2114689811621
36675	-73.6917001913241	-146.015733160024	-55.8999065339527	-72.3240329686994	17.7917936573714
36676	-135.676455402451	-145.727823170803	-106.859974626012	-10.0513677683516	28.8164807764392
36677	-126.364408644405	-143.712453246258	-109.739074518219	-17.3480446018526	16.6253341261868
36678	-135.676455402451	-142.272903300155	-110.31489449666	-6.59644789770354	25.3615609057912
36679	-133.441580369148	-190.929691478449	-113.481904378087	-57.4881111093001	19.9596759910611
36680	-133.441580369148	-145.439913181582	-110.31489449666	-11.9983328124337	23.1266858724885
36681	-133.441580369148	-143.424543257037	-106.572064636791	-9.98296288788896	26.8695157323572
36682	-135.676455402451	-150.334382998334	-117.224734237956	-14.6579275958824	18.451721164495
36683	-135.676455402451	-144.288273224699	-112.042354431984	-8.61181782224824	23.6341009704671
36684	-135.676455402451	-141.121263343272	-99.6622248954951	-5.44480794082088	36.0142305069561
36685	-134.9336665262	-143.424543257037	-111.754444442763	-8.49087673083775	23.1792220834363
36686	-134.9336665262	-141.697083321713	-112.330264421205	-6.76341679551368	22.603402104995
36687	-130.92187920282	-139.681713397169	-107.723704593674	-8.75983419434874	23.198174609146
36688	-130.92187920282	-140.545443364831	-108.011614582895	-9.62356416201078	22.9102646199253
36689	-158.939954079798	-154.653032836644	-125.574123925356	4.2869212431543	33.3658301544422
36690	-158.939954079798	-154.365122847423	-127.30158386068	4.57483123237492	31.6383702191182
36691	-158.939954079798	-163.290332513264	-127.5894938499	-4.35037843346592	31.3504602298975
36692	-157.91847019544	-138.242163451065	-114.63354433497	19.6763067443751	43.2849258604703
36693	-157.91847019544	-158.683772685733	-115.209364313411	-0.765302490292726	42.709105882029
36694	-177.52199626345	-145.439913181582	-118.95219417328	32.0820830818682	58.5698020901701
36695	-177.52199626345	-149.182743041451	-117.224734237956	28.3392532219994	60.2972620254941
36696	-176.307078438116	-145.439913181582	-114.345634345749	30.8671652565339	61.9614440923666
36697	-132.453914845128	-165.593612427029	-108.299524572115	-33.1396975819009	24.154390273013
36698	-132.453914845128	-143.424543257037	-113.193994388867	-10.9706284119091	19.2599204562616
36699	-132.453914845128	-147.743193095348	-101.96550480926	-15.2892782502192	30.4884100358678
36700	-132.453914845128	-146.879463127685	-94.7677550787436	-14.4255482825572	37.6861597663847
36701	-132.453914845128	-149.470653030672	-112.906084399646	-17.0167381855432	19.5478304454823
36702	-132.453914845128	-165.017792448588	-106.572064636791	-32.5638776034596	25.8818502083371
36704	-134.194999319156	-228.070080087915	-93.616115121861	-93.8750807687593	40.5788841972952
36705	-134.194999319156	-121.543384076266	-50.7175267279806	12.6516152428899	83.4774725911755
36706	-143.199458227448	-125.574123925356	-77.7810657147239	17.6253343020927	65.4183925127245
36708	-129.329696131287	-144.57618321392	-97.934764960171	-15.2464870826332	31.3949311711158
36709	-129.329696131287	-131.332323709769	-84.1150854775787	-2.00262757848225	45.2146106537082
36710	-129.329696131287	-131.62023369899	-97.3589449817297	-2.29053756770293	31.9707511495572
36711	-129.329696131287	-137.954253461845	-95.9193950356263	-8.62455733055776	33.4103010956605
36712	-129.329696131287	-140.833353354051	-101.67759482004	-11.5036572227645	27.6521013112471
36713	-176.980582805256	-163.290332513264	-130.468593742107	13.6902502919924	46.5119890631491
36714	-129.329696131287	-139.105893418727	-97.071034992509	-9.77619728744043	32.2586611387779
36715	-129.329696131287	-129.029043796004	-87.5700053482268	0.300652335283132	41.7596907830601
36716	-129.329696131287	-118.95219417328	-85.5546354236821	10.3775019580067	43.7750607076048
36717	-129.329696131287	-129.029043796004	-92.4644751649782	0.300652335283132	36.8652209663086
36718	-129.329696131287	-124.134573979252	-87.8579153374475	5.19512215203457	41.4717807938394
36719	-129.329696131287	-122.407114043928	-86.4183653913441	6.92258208735859	42.9113307399428
36720	-129.329696131287	-133.635603623535	-101.96550480926	-4.30590749224763	27.3641913220264
36721	-129.329696131287	-124.134573979252	-84.9788154452407	5.19512215203457	44.3508806860461
36722	-129.329696131287	-122.407114043928	-84.4029954667994	6.92258208735859	44.9267006644875
36723	-129.329696131287	-127.877403839121	-83.827175488358	1.45229229216579	45.5025206429289
36724	-80.1740681838766	-211.089087545662	-83.0897557585423	-130.915019361785	-2.91568757466567
36725	-118.444302608041	-212.522940669999	-105.99624465835	-94.0786380619585	12.4480579496906
36726	-118.444302608041	-184.883581704814	-114.345634345749	-66.4392790967739	4.09866826229108
36727	-118.444302608041	-154.940942825864	-84.6909054560201	-36.4966402178238	33.7533971520205
36728	-118.444302608041	-237.283199742977	-103.692964744585	-118.838897134936	14.751337863456
36729	-118.444302608041	-173.655092125208	-106.572064636791	-55.2107895171676	11.8722379712493
36730	-118.444302608041	-152.061842933658	-92.4644751649782	-33.6175403256171	25.9798274430623
36731	-118.444302608041	-132.483963666652	-91.6007451973162	-14.0396610586113	26.8435574107243
36732	-165.841116093319	-187.762681597021	-149.470653030672	-21.9215655037023	16.3704630626473
36733	-165.841116093319	-223.751430249605	-160.411232621057	-57.9103141562864	5.42988347226174
36734	-165.841116093319	-260.02808889141	-165.017792448588	-94.1869727980912	0.82332364473092
36735	-165.841116093319	-245.632589430376	-158.395862696512	-79.7914733370576	7.44525339680644
36736	-165.841116093319	-186.898951629359	-147.743193095348	-21.0578355360402	18.0979229979714
36737	-165.841116093319	-303.790407252952	-194.960431327538	-137.949291159634	-29.1193152342191
36738	-165.841116093319	-286.515807899712	-183.731941747932	-120.674691806393	-17.8908256546128
36739	-165.841116093319	-211.371300713116	-145.439913181582	-45.5301846197975	20.4012029117367
36740	-165.841116093319	-271.256578471016	-167.321072362353	-105.415462377698	-1.47995626903446
36741	-165.841116093319	-213.386670637661	-143.136633267817	-47.5455545443422	22.7044828255021
36742	-165.841116093319	-187.18686161858	-148.89483305223	-21.3457455252609	16.9462830410886
36743	-165.841116093319	-222.887700281943	-152.061842933658	-57.0465841886244	13.7792731596613
36744	-165.841116093319	-219.432780411295	-159.835412642616	-53.5916643179763	6.00570345070304
36745	-126.576227690077	-174.806732082091	-91.8886551865369	-48.2305043920138	34.6875725035402
36746	-126.576227690077	-160.123322631836	-93.0402951434196	-33.5470949417594	33.5359325466574
36747	-111.376524192262	-184.265276400443	-111.035225279584	-72.888752208181	0.341298912678496
36748	-111.376524192262	-141.575112069898	-109.721681761721	-30.1985878776351	1.65484243054146
36749	-111.376524192262	-151.755074333335	-94.6159313062971	-40.3785501410729	16.7605928859654
36750	-111.376524192262	-145.515742623486	-107.751366484927	-34.1392184312239	3.62515770733586
36751	-111.376524192262	-144.858970864555	-113.66231231531	-33.4824466722925	-2.28578812304738
36752	-111.376524192262	-142.88865558776	-111.035225279584	-31.512131395498	0.341298912678496
36753	-96.0569076934882	-124.827432217145	-82.7940396455305	-28.7705245236567	13.2628680479577
36754	-116.473377777752	-150.769916694938	-102.82557829294	-34.2965389171857	13.647799484812
36755	-116.473377777752	-197.072325699607	-113.333926435844	-80.5989479218547	3.1394513419084
36756	-116.473377777752	-143.545427346692	-101.183648895612	-27.0720495689395	15.2897288821407
36757	-167.893842310342	-265.786288675824	-103.405054755364	-97.8924463654814	64.4887875549783
36758	-167.893842310342	-190.353871500007	-134.499333591197	-22.4600291896651	33.3945087191456
36759	-167.893842310342	-163.290332513264	-111.754444442763	4.60350979707826	56.1393978675788
36760	-167.893842310342	-175.382552060532	-112.330264421205	-7.48870975019005	55.5635778891374
36761	-167.893842310342	-140.25753337561	-90.7370152296542	27.6363089347321	77.1568270806879
36762	-167.893842310342	-146.303643149244	-96.207305024847	21.590199161098	71.6865372854951
36766	-226.62440386803	-337.763785980992	-220.008600389737	-111.139382112962	6.61580347829337
36771	-226.62440386803	-254.557799096217	-207.916380842468	-27.9333952281874	18.7080230255617
36772	-226.62440386803	-346.976905636054	-216.841590508309	-120.352501768024	9.78281335972079
36773	-131.110113692843	-159.636335440513	-110.050067641187	-28.5262217476702	21.0600460516563
36774	-131.110113692843	-148.799601418144	-106.766208846529	-17.6894877253008	24.3439048463136
36775	-131.110113692843	-130.409992168062	-71.6289197436954	0.700121524780485	59.4811939491475
36776	-131.110113692843	-161.935036596773	-111.691997038515	-30.8249229039303	19.4181166543275
36777	-131.110113692843	-256.838555762371	-158.32279192265	-125.728442069528	-27.2126782298072
36778	-131.110113692843	-194.773624543347	-136.649323877911	-63.6635108505041	-5.53921018506853
36779	-131.110113692843	-195.758782181744	-158.651177802116	-64.6486684889013	-27.5410641092729
36780	-131.110113692843	-196.08716806121	-125.812589855542	-64.977054368367	5.29752383730082
36781	-131.110113692843	-194.116852784416	-125.155818096611	-63.0067390915726	5.9542955962323
36782	-131.110113692843	-156.02409076639	-106.437822967064	-24.913977073547	24.6722907257793
36783	-131.110113692843	-176.712401172731	-125.812589855542	-45.6022874798885	5.29752383730082
36784	-131.110113692843	-154.053775489596	-107.751366484927	-22.9436617967526	23.3587472079164
36785	-131.110113692843	-196.415553940676	-113.333926435844	-65.3054402478328	17.7761872569988
36786	-131.110113692843	-146.829286141349	-101.183648895612	-15.7191724485064	29.9264647972311
36787	-131.110113692843	-195.102010422813	-124.170660458213	-63.9918967299699	6.9394532346295
36788	-131.110113692843	-180.65303172632	-129.096448650199	-49.5429180334774	2.01366504264345
36789	-131.110113692843	-157.009248404787	-118.588100507296	-25.8991347119442	12.522013185547
36790	-131.110113692843	-155.038933127993	-94.9443171857628	-23.9288194351498	36.1657965070802
36791	-139.370703434632	-136.802613504962	-88.4337353158888	2.56808992967046	50.9369681187436
36792	-137.536736748377	-161.274962588719	-121.831294065487	-23.7382258403422	15.7054426828901
36793	-137.536736748377	-166.169432405471	-127.5894938499	-28.6326956570936	9.94724289847662
36794	-137.536736748377	-166.169432405471	-135.075153569638	-28.6326956570936	2.46158317873912
36795	-137.536736748377	-165.593612427029	-130.468593742107	-28.0568756786522	7.06814300626988
36796	-137.536736748377	-160.987052599498	-126.149943903797	-23.4503158511215	11.38679284458
36797	-139.370703434632	-194.096701359876	-129.892773763666	-54.7259979252436	9.4779296709666
36798	-137.536736748377	-162.138692556381	-123.846663990032	-24.6019558080042	13.6900727583454
36799	-137.536736748377	-162.714512534823	-126.149943903797	-25.1777757864455	11.38679284458
36800	-137.536736748377	-203.885640993379	-127.877403839121	-66.3489042450018	9.65933290925594
36801	-139.370703434632	-169.624352276119	-127.877403839121	-30.2536488414863	11.4932995955113
36802	-160.258273721973	-164.729882459367	-123.846663990032	-4.47160873739432	36.4116097319413
36803	-139.37183909289	-167.321072362353	-127.30158386068	-27.9492332694634	12.0702552322102
36804	-151.131951026129	-163.866152491705	-121.543384076266	-12.7342014655766	29.5885669498624
36805	-177.238034868906	-165.88152241625	-124.998303946914	11.3565124526562	52.2397309219918
36806	-177.238034868906	-229.509630034019	-144.57618321392	-52.2715951651126	32.6618516549861
36807	-139.221632320388	-197.551621230524	-132.196053677431	-58.3299889101356	7.02557864295727
36808	-139.221632320388	-201.006541101172	-135.363063558859	-61.7849087807837	3.85856876152985
36809	-139.221632320388	-145.727823170803	-119.528014151722	-6.50619085041438	19.6936181686669
36810	-139.221632320388	-166.457342394691	-127.013673871459	-27.2357100743029	12.2079584489294
36811	-139.221632320388	-194.384611349097	-132.771873655873	-55.1629790287082	6.44975866451591
36812	-139.221632320388	-197.839531219745	-132.196053677431	-58.6178988993562	7.02557864295727
36813	-139.221632320388	-186.611041640138	-133.635603623535	-47.38940931975	5.58602869685393
36814	-139.221632320388	-188.050591586242	-129.604863774445	-48.8289592658534	9.61676854594333
36815	-139.221632320388	-169.624352276119	-133.635603623535	-30.4027199557303	5.58602869685393
36816	-139.221632320388	-166.745252383912	-122.695024033149	-27.5236200635235	16.5266082872395
36817	-139.221632320388	-185.171491694035	-133.059783645093	-45.9498593736466	6.16184867529523
36818	-139.221632320388	-168.184802330015	-132.771873655873	-28.9631700096269	6.44975866451591
36819	-137.536736748377	-163.578242502485	-122.407114043928	-26.0415057541075	15.1296227044487
36820	-137.536736748377	-165.593612427029	-124.422483968473	-28.0568756786522	13.114252779904
36821	-137.536736748377	-172.215542179105	-139.393803407948	-34.6788054307277	-1.85706665957096
36822	-137.536736748377	-172.215542179105	-139.969623386389	-34.6788054307277	-2.43288663801232
36823	-150.168805532577	-168.184802330015	-128.741133806783	-18.0159967974383	21.427671725794
36824	-139.221632320388	-258.012718966865	-138.817983429507	-118.791086646477	0.403648890881755
36825	-139.221632320388	-194.096701359876	-131.90814368821	-54.8750690394875	7.31348863217795
36826	-139.221632320388	-187.762681597021	-130.468593742107	-48.5410492766327	8.75303857828129
36827	-190.523334140115	-184.883581704814	-142.560813289375	5.63975243530075	47.9625208507397
36828	-190.523334140115	-271.544488460237	-124.422483968473	-81.0211543201219	66.1008501716422
36829	-190.523334140115	-271.832398449458	-142.272903300155	-81.3090643093426	48.2504308399604
36830	-134.023200919858	-139.105893418727	-103.980874733805	-5.08269249886931	30.0423261860528
36831	-193.69763739772	-188.050591586242	-136.226793526521	5.64704581147788	57.4708438711991
36832	-193.69763739772	-158.683772685733	-128.741133806783	35.0138647119866	64.9565035909366
36833	-193.69763739772	-194.384611349097	-165.593612427029	-0.686973951376899	28.1040249706904
36834	-116.344353110059	-144.288273224699	-101.67759482004	-27.9439201146403	14.6667582900193
36835	-106.505451152025	-120.679654108604	-89.0095552943301	-14.1742029565791	17.4958958576949
36836	-106.505451152025	-118.376374194839	-86.7062753805648	-11.8709230428137	19.7991757714603
36837	-108.12784258481	-122.407114043928	-91.3128352080956	-14.2792714591179	16.8150073767148
36838	-114.344096165398	-122.407114043928	-94.7677550787436	-8.06301787852982	19.5763410866548
36839	-108.12784258481	-120.103834130163	-88.7216453051095	-11.9759915453525	19.4061972797009
36840	-108.12784258481	-122.407114043928	-86.1304554021235	-14.2792714591179	21.9973871826869
36841	-118.583171335383	-142.560813289375	-103.692964744585	-23.9776419539926	14.8902065907983
36842	-118.583171335383	-147.743193095348	-104.268784723026	-29.1600217599647	14.3143866123569
36843	-114.515741137339	-128.165313828342	-69.4316760273244	-13.649572691003	45.0840651100144
36844	-82.1014970530314	-113.769814367308	-86.7062753805648	-31.6683173142767	-4.6047783275334
36845	-82.1014970530314	-114.057724356529	-77.2052457362826	-31.9562273034974	4.8962513167488
36847	-108.570049252848	-130.468593742107	-91.3128352080956	-21.8985444892591	17.2572140447525
36848	-100.473788547189	-119.815924140942	-81.8118055638133	-19.3421355937535	18.6619829833755
36849	-129.720961994669	-146.303643149244	-100.238044873936	-16.5826811545756	29.4829171207322
36850	-89.4183399712142	-124.866232351609	-73.6916360262555	-35.4478923803946	15.7267039449587
36851	-89.4183399712142	-139.160812330758	-76.5505520220853	-49.7424723595436	12.8677879491289
36852	-89.4183399712142	-155.170741907405	-86.8426496070726	-65.7524019361905	2.57569036414165
36853	-89.4183399712142	-128.296931546605	-69.6891536320938	-38.8785915753904	19.7291863391204
36854	-89.4183399712142	-146.308102320332	-77.4082268208343	-56.8897623491181	12.01011315038
36855	-89.4183399712142	-145.450427521583	-79.4094680179151	-56.0320875503691	10.0088719532991
36856	-89.4183399712142	-128.296931546605	-76.8364436216683	-38.8785915753904	12.5818963495459
36857	-89.4183399712142	-278.390021327669	-97.1347471920598	-188.971681356455	-7.71640722084558
36858	-89.4183399712142	-146.022210720749	-82.5542756133279	-56.6038707495351	6.86406435788635
36859	-238.674150443124	-308.684877069704	-214.250400605323	-70.0107266265797	24.4237498378011
36860	-296.981159404527	-214.538310594544	-158.107952707292	82.442848809983	138.873206697235
36861	-238.674150443124	-304.654137220615	-190.929691478449	-65.9799867774903	47.7444589646757
36862	-238.674150443124	-214.250400605323	-148.031103084568	24.4237498378011	90.643047358556
36863	-238.674150443124	-280.757608115299	-193.808791370655	-42.0834576721744	44.8653590724689
36864	-238.674150443124	-345.825265679171	-221.44815033584	-107.151115236047	17.2260001072843
36865	-238.674150443124	-260.891818859072	-167.608982351574	-22.2176684159479	71.0651680915502
36866	-238.674150443124	-326.247386412165	-191.217601467669	-87.5732359690408	47.456548975455
36867	-238.674150443124	-189.202231543124	-129.316953785224	49.4719188999997	109.3571966579
36868	-238.674150443124	-263.483008762058	-164.154062480926	-24.808858318934	74.5200879621983
36869	-185.664962445948	-254.269889106997	-187.18686161858	-68.604926661049	-1.52189917263209
36870	-185.664962445948	-258.012718966865	-190.065961510787	-72.3477565209177	-4.40099906483883
36871	-185.664962445948	-268.953298557251	-176.822102006636	-83.2883361113033	8.84286043931215
36872	-185.664962445948	-258.876448934527	-189.202231543124	-73.2114864885798	-3.53726909717679
36873	-185.664962445948	-258.012718966865	-233.828279872329	-72.3477565209177	-48.1633174263812
36874	-185.664962445948	-257.436898988424	-193.520881381435	-71.7719365424764	-7.85591893548693
36875	-185.664962445948	-210.507570745454	-184.595671715594	-24.8426082995066	1.06929073035397
36876	-190.794447580315	-268.66538856803	-175.094642071312	-77.8709409877151	15.6998055090037
36877	-190.794447580315	-229.221720044798	-165.305702437809	-38.4272724644829	25.4887451425066
36878	-190.794447580315	-208.78011081013	-139.105893418727	-17.9856632298151	51.6885541615879
36879	-190.794447580315	-303.214587274511	-180.852841855725	-112.420139694196	9.9416057245902
36880	-190.794447580315	-267.801658600368	-162.714512534823	-77.0072110200531	28.0799350454927
36881	-90.9507937079842	-152.637662912099	-84.9788154452407	-61.6868692041148	5.97197826274346
36882	-113.228067871363	-98.7984949278331	-55.0361765662907	14.42957294353	58.1918913050723
36884	-81.9368302887476	-134.787243580417	-89.0095552943301	-52.8504132916696	-7.07272500558254
36885	-81.9368302887476	-131.62023369899	-83.2513555099167	-49.6834034102422	-1.31452522116912
36886	-81.9368302887476	-122.695024033149	-18.4716079352652	-40.7581937444014	63.4652223534824
36887	-81.9368302887476	-129.604863774445	-84.9788154452407	-47.6680334856975	-3.04198515649314
36889	-81.9368302887476	-141.409173332493	-92.7523851541989	-59.4723430437451	-10.8155548654513
36900	-130.614285890301	-145.727823170803	-85.2667254344614	-15.1135372805018	45.3475604558396
36902	-104.045652189183	-127.877403839121	-69.1437660381037	-23.8317516499385	34.9018861510789
36903	-104.045652189183	-138.817983429507	-75.7656957901792	-34.7723312403241	28.2799563990034
36904	-104.045652189183	-139.393803407948	-89.8732852619922	-35.3481512187654	14.1723669271904
36905	-104.045652189183	-139.105893418727	-75.4777858009585	-35.0602412295447	28.567866388224
36917	-139.938887902921	-147.743193095348	-87.5700053482268	-7.80430519242626	52.3688825546945
36918	-139.938887902921	-152.92557290132	-97.934764960171	-12.9866849983984	42.0041229427502
36920	-146.745944350639	-276.726868266209	-64.8251161997936	-129.98092391557	81.9208281508457
36921	-146.745944350639	-363.387775021632	-121.255474087046	-216.641830670993	25.4904702635938
36922	-146.745944350639	-147.743193095348	-51.0054367172013	-0.997248744708173	95.7405076334381
36924	-146.745944350639	-276.151048287768	-64.2492962213523	-129.405103937128	82.4966481292871
36925	-146.745944350639	-170.488082243781	-135.9388835373	-23.7421378931413	10.8070608133394
36928	-146.745944350639	-122.98293402237	-99.9501348847157	23.7630103282697	46.7958094659236
36929	-146.745944350639	-127.013673871459	-103.405054755364	19.7322704791803	43.3408895952755
36931	-211.56147004817	-158.683772685733	-106.284154647571	52.8776973624368	105.277315400599
36932	-211.56147004817	-161.850782567161	-116.361004270294	49.7106874810094	95.2004657778758
36933	-124.907561423832	-175.398857654868	-96.9146324625572	-50.491296231036	27.9929289612753
36934	-124.907561423832	-196.743939820141	-129.753220409131	-71.836378396309	-4.84565898529851
36935	-124.907561423832	-178.025944690594	-107.094594725995	-53.1183832667619	17.8129666978374
36936	-124.907561423832	-260.77918631596	-179.667874087923	-135.871624892128	-54.7603126640907
36937	-132.373406185573	-195.102010422813	-112.677154676913	-62.7286042372394	19.6962515086608
36938	-111.513340104823	-189.191064592429	-119.573258145693	-77.677724487607	-8.0599180408706
36939	-111.513340104823	-142.560269708295	-90.3469148732424	-31.0469296034723	21.1664252315801
36940	-103.929248760178	-257.495327521303	-128.111291011802	-153.566078761125	-24.1820422516241
36941	-103.455065327725	-288.363600191082	-88.7049854759138	-184.908534863357	14.7500798518115
36942	-103.455065327725	-282.781040240165	-115.304241712638	-179.325974912439	-11.8491763849132
36943	-124.440771223308	-123.311529532696	-79.4740289385822	1.12924169061179	44.9667422847261
36944	-86.534307843944	-134.300655137847	-72.8339612275066	-47.7663472939031	13.7003466164375
36946	-86.534307843944	-131.441739142017	-76.5505520220853	-44.9074312980734	9.98375582185874
36947	-86.534307843944	-133.442980339098	-73.1198528270896	-46.9086724951542	13.4144550168545
36948	-86.534307843944	-130.869955942851	-77.1223352212513	-44.3356480989074	9.41197262269277
36949	-128.171566048213	-238.936980585218	-145.736319121166	-110.765414537005	-17.5647530729536
36950	-120.904348406984	-196.339132247354	-149.452909915745	-75.4347838403694	-28.5485615087608
36951	-120.904348406984	-195.481457448605	-146.593993919915	-74.5771090416205	-25.689645512931
36952	-120.904348406984	-249.514969769788	-154.313067108656	-128.610621362804	-33.4087187016714
36953	-120.904348406984	-248.371403371456	-169.179430286971	-127.467054964472	-48.2750818799863
36954	-120.904348406984	-249.229078170205	-172.610129481966	-128.324729763221	-51.7057810749821
36955	-120.904348406984	-134.872438337013	-80.267142816664	-13.9680899300288	40.6372055903203
36956	-120.904348406984	-144.592752722834	-83.9837336112428	-23.6884043158501	36.9206147957416
36957	-120.904348406984	-142.305619926171	-81.410709214996	-21.4012715191863	39.4936391919884
36958	-120.904348406984	-255.518693361031	-180.329202670707	-134.614344954046	-59.4248542637226
36959	-120.904348406984	-164.605164693643	-126.581581949107	-43.7008162866587	-5.67723354212242
36960	-120.904348406984	-238.365197386052	-154.598958708239	-117.460848979067	-33.6946103012544
36961	-120.904348406984	-168.035863888639	-83.1260588124939	-47.1315154816544	37.7782895944905
36962	-120.904348406984	-153.169500710324	-83.4119504120768	-32.2651523033395	37.4923979949075
36963	-120.904348406984	-147.737560318247	-84.2696252108258	-26.8332119112629	36.6347231961585
36964	-120.904348406984	-142.305619926171	-81.410709214996	-21.4012715191863	39.4936391919884
36965	-120.904348406984	-145.450427521583	-89.4156740033194	-24.5460791145991	31.4886744036649
36966	-120.904348406984	-150.024693114911	-83.9837336112428	-29.1203447079267	36.9206147957416
36967	-120.904348406984	-198.340373444435	-150.88236791366	-77.4360250374503	-29.9780195066757
36968	-120.904348406984	-134.872438337013	-81.9824924141619	-13.9680899300288	38.9218559928224
36969	-120.904348406984	-144.592752722834	-85.9849748083236	-23.6884043158501	34.9193735986607
36970	-120.904348406984	-242.939462979379	-147.451668718664	-122.035114572395	-26.5473203116799
36971	-120.904348406984	-258.663500956443	-170.03710508572	-137.759152549459	-49.1327566787353
36972	-120.904348406984	-242.367679780213	-154.313067108656	-121.463331373229	-33.4087187016714
36973	-120.904348406984	-256.948151358945	-176.612611876128	-136.043802951961	-55.7082634691438
36974	-120.904348406984	-150.024693114911	-88.8438908041534	-29.1203447079267	32.0604576028309
36975	-120.904348406984	-193.766107851107	-142.305619926171	-72.8617594441226	-21.4012715191863
36976	-120.904348406984	-190.621300255694	-142.877403125337	-69.7169518487098	-21.9730547183522
36977	-120.904348406984	-196.339132247354	-152.883609110741	-75.4347838403694	-31.9792607037565
36978	-120.904348406984	-255.518693361031	-191.478975054443	-134.614344954046	-70.5746266474588
36979	-120.904348406984	-247.513728572707	-156.60019990532	-126.609380165723	-35.6958514983353
36980	-120.904348406984	-248.371403371456	-154.313067108656	-127.467054964472	-33.4087187016714
36981	-120.904348406984	-240.652330182716	-153.455392309907	-119.747981775731	-32.5510439029225
36982	-120.904348406984	-250.65853616812	-153.455392309907	-129.754187761136	-32.5510439029225
36983	-120.904348406984	-250.65853616812	-163.461598295311	-129.754187761136	-42.5572498883268
36984	-120.904348406984	-244.94070417646	-157.457874704069	-124.036355769476	-36.5535262970842
36985	-120.904348406984	-191.478975054443	-150.596476314077	-70.5746266474588	-29.6921279070927
36986	-120.904348406984	-196.91091544652	-149.167018316162	-76.0065670395354	-28.2626699091778
36987	-120.904348406984	-253.231560564367	-160.316790699898	-132.327212157382	-39.412442292914
36988	-120.904348406984	-257.519934558111	-174.325479079464	-136.615586151127	-53.42113067248
36989	-120.904348406984	-139.732595529924	-93.7040479970641	-18.8282471229395	27.2003004099202
36990	-120.904348406984	-251.516210966869	-171.752454683217	-130.611862559884	-50.8481062762332
36991	-120.904348406984	-196.91091544652	-150.88236791366	-76.0065670395354	-29.9780195066757
36992	-120.904348406984	-190.049517056528	-142.305619926171	-69.1451686495439	-21.4012715191863
36993	-120.904348406984	-152.025934311992	-83.1260588124939	-31.1215859050076	37.7782895944905
36994	-120.904348406984	-259.235284155609	-170.608888284886	-138.330935748625	-49.7045398779013
36995	-120.904348406984	-244.368920977294	-158.6014411024	-123.46457257031	-37.6970926954161
36996	-120.904348406984	-233.790931792724	-149.452909915745	-112.88658338574	-28.5485615087608
36997	-120.904348406984	-247.513728572707	-158.6014411024	-126.609380165723	-37.6970926954161
36998	-120.904348406984	-248.085511771873	-156.60019990532	-127.181163364889	-35.6958514983353
36999	-117.11882312548	-256.948151358945	-172.324237882383	-139.829328233465	-55.2054147569031
37000	-117.11882312548	-251.516210966869	-169.751213486137	-134.397387841388	-52.6323903606562
37001	-117.11882312548	-150.596476314077	-83.6978420116598	-33.4776531885966	33.4209811138206
37002	-94.7865373645027	-118.376374194839	-81.5238955745926	-23.5898368303362	13.26264178991
37008	-294.465520197656	-243.329309516611	-175.958372038973	51.1362106810446	118.507148158682
37011	-294.465520197656	-232.100819937005	-161.56287257794	62.3647002606509	132.902647619716
37013	-294.465520197656	-229.797540023239	-158.683772685733	64.6679801744162	135.781747511923
37014	-294.465520197656	-290.258637759581	-184.019851737152	4.20688243807484	110.445668460503
37017	-294.465520197656	-267.225838621927	-178.83747193118	27.2396815757287	115.628048266475
37020	-294.465520197656	-283.060888029064	-185.747311672476	11.4046321685917	108.718208525179
37021	-304.072355376588	-277.878508223092	-200.430721122731	26.1938471534963	103.641634253857
37025	-294.465520197656	-230.661269990901	-154.077212858202	63.8042502067542	140.388307339453
37026	-97.0506769473499	-125.862033914576	-90.1611952512129	-28.8113569672265	6.88948169613701
37028	-129.340222205953	-125.286213936135	-72.3107759195311	4.05400826981781	57.0294462864217
37029	-211.383865767379	-255.997349042321	-186.035221661697	-44.6134832749418	25.3486441056818
37030	-211.383865767379	-257.148988999203	-179.125381920401	-45.7651232318245	32.258483846978
37031	-211.383865767379	-300.623397371525	-190.641781489228	-89.2395316041462	20.7420842781511
37032	-211.383865767379	-251.966609193231	-170.775992233001	-40.5827434258524	40.6078735343775
37035	-211.383865767379	-251.39078921479	-183.444031758711	-40.006923447411	27.9398340086679
37036	-211.383865767379	-249.951239268687	-177.685831974298	-38.5673735013076	33.6980337930814
37037	-211.383865767379	-343.234075776185	-191.50551145689	-131.850210008806	19.8783543104891
37038	-211.383865767379	-247.3600493657	-186.035221661697	-35.9761835983216	25.3486441056818
37039	-209.227211613072	-257.148988999203	-155.516762804306	-47.9217773861317	53.7104488087661
37041	-209.227211613072	-275.863138298547	-164.154062480926	-66.6359266854754	45.0731491321459
37042	-209.227211613072	-244.480949473494	-191.217601467669	-35.253737860422	18.0096101454025
37043	-211.383865767379	-250.814969236349	-149.758563019892	-39.4311034689697	61.6253027474867
37044	-211.383865767379	-252.542429171673	-202.446091047275	-41.1585634042937	8.93777472010348
37045	-211.383865767379	-343.521985765405	-199.279081165848	-132.138119998026	12.1047846015308
37046	-211.383865767379	-248.511689322583	-189.490141532345	-37.1278235552043	21.8937242350338
37047	-211.383865767379	-255.7094390531	-188.626411564683	-44.3255732857211	22.7574542026958
37048	-211.383865767379	-249.663329279466	-187.4747716078	-38.2794635120869	23.9090941595785
37049	-211.383865767379	-261.467638837514	-165.593612427029	-50.0837730701346	45.7902533403497
37050	-108.739839182836	-143.545427346692	-110.050067641187	-34.8055881638555	-1.31022845835022
37051	-126.757126757722	-163.002422524043	-126.437853893018	-36.2452957663216	0.319272864703947
37052	-126.757126757722	-155.804672793526	-126.149943903797	-29.0475460358047	0.607182853924627
37053	-126.757126757722	-135.650973548079	-99.6622248954951	-8.89384679035763	27.0949018622266
37054	-114.541319383472	-133.347693634314	-103.692964744585	-18.8063742508416	10.8483546388877
37055	-126.757126757722	-160.699142610278	-126.725763882238	-33.9420158525562	0.0313628754832678
37056	-126.757126757722	-139.681713397169	-110.890714475101	-12.924586639447	15.8664122826203
37057	-126.757126757722	-149.182743041451	-115.785184291853	-22.4256162837293	10.9719424658689
37058	-126.757126757722	-156.956312750409	-119.528014151722	-30.1991859926875	7.22911260600009
37059	-126.757126757722	-130.180683752886	-100.525954863157	-3.42355699516483	26.2311718945645
37060	-126.757126757722	-114.63354433497	-93.9040251110816	12.1235824227515	32.85310164664
37061	-126.757126757722	-154.365122847423	-112.618174410425	-27.6079960897014	14.1389523472963
37062	-126.757126757722	-158.395862696512	-125.574123925356	-31.6387359387908	1.18300283236593
37063	-114.541319383472	-133.059783645093	-101.67759482004	-18.5184642616209	12.8637245634324
37064	-114.541319383472	-142.272903300155	-116.361004270294	-27.7315839166825	-1.81968488682188
37065	-114.541319383472	-135.9388835373	-106.572064636791	-21.3975641538277	7.969254746681
37066	-114.541319383472	-129.316953785224	-99.3743149062744	-14.7756344017522	15.1670044771978
37067	-114.541319383472	-130.180683752886	-99.6622248954951	-15.6393643694142	14.8790944879772
37068	-171.182704969928	-151.198112965996	-123.558754000811	19.9845920039324	47.623950969117
37069	-118.087440503396	-153.397003730664	-106.109437087598	-35.3095632272682	11.9780034157981
37070	-118.087440503396	-185.250434038841	-113.990698194776	-67.1629935354447	4.09674230862035
37071	-118.087440503396	-136.320937998446	-100.198491257215	-18.2334974950498	17.8889492461813
37072	-118.087440503396	-149.784759056541	-103.482350051872	-31.697318553145	14.605090451524
37073	-118.087440503396	-151.42668845387	-104.795893569735	-33.3392479504737	13.291546933661
37074	-118.087440503396	-151.42668845387	-95.2727030652285	-33.3392479504737	22.8147374381674
37075	-118.087440503396	-152.083460212801	-86.7346701991193	-33.9960197094052	31.3527703042766
37076	-118.087440503396	-160.293107199445	-115.632627592104	-42.2056666960486	2.45481291129167
37077	-118.087440503396	-152.740231971733	-117.931328748364	-34.6527914683367	0.156111755031503
37078	-118.087440503396	-148.799601418144	-103.153964172406	-30.7121609147478	14.9334763309897
37079	-118.087440503396	-161.606650717308	-118.916486386762	-43.5192102139116	-0.829045883365694
37080	-118.087440503396	-149.127987297609	-86.0778984401878	-31.0405467942136	32.0095420632081
37081	-101.788612892557	-131.39514980646	-81.1521102482018	-29.6065369139029	20.636502644355
37082	-101.788612892557	-168.502754186088	-116.289399351036	-66.7141412935313	-14.500786458479
37083	-101.788612892557	-162.591808355705	-115.632627592104	-60.803195463148	-13.8440146995475
37084	-112.03445017914	-158.32279192265	-125.812589855542	-46.2883417435105	-13.7781396764025
37085	-112.03445017914	-188.534292833498	-128.768062770734	-76.4998426543584	-16.7336125915942
37086	-112.03445017914	-164.562123632499	-119.244872266227	-52.5276734533595	-7.21042208708772
37087	-112.03445017914	-171.786612980745	-125.484203976076	-59.7521628016057	-13.4497537969367
37088	-112.03445017914	-187.220749315635	-128.439676891268	-75.1862991364954	-16.4052267121284
37089	-82.9022467628195	-181.966575244183	-135.007394480583	-99.0643284813638	-52.1051477177633
37090	-82.9022467628195	-145.187356744021	-94.2875454268313	-62.2851099812011	-11.3852986640118
37091	-82.9022467628195	-132.051921565391	-89.690143114311	-49.1496748025716	-6.78789635149145
37092	-82.9022467628195	-162.263422476239	-123.513888699282	-79.3611757134195	-40.6116419364624
37093	-89.5351276198023	-118.95219417328	-78.6447956823859	-29.4170665534779	10.8903319374164
37094	-105.439242164043	-125.574123925356	-89.0095552943301	-20.1348817613124	16.4296868697132
37095	-161.726744453907	-162.714512534823	-122.407114043928	-0.987768080915458	39.3196304099788
37096	-161.726744453907	-163.866152491705	-124.710393957694	-2.13940803779818	37.0163504962134
37097	-161.726744453907	-166.457342394691	-135.075153569638	-4.73059794078424	26.6515908842692
37098	-189.241363746362	-248.371403371456	-217.495110616494	-59.130039625094	-28.2537468701322
37099	-189.241363746362	-249.514969769788	-225.214183805235	-60.2736060234259	-35.9728200588726
37100	-189.241363746362	-252.945668964784	-221.497593010656	-63.7043052184217	-32.2562292642939
37101	-189.241363746362	-246.941945373541	-209.776037427754	-57.7005816271791	-20.5346736813918
37102	-189.241363746362	-244.083029377711	-205.773555033592	-54.8416656313493	-16.53219128723
37103	-189.241363746362	-245.798378975209	-209.204254228588	-56.5570152288472	-19.9628904822258
37104	-189.241363746362	-246.370162174375	-209.776037427754	-57.1287984280131	-20.5346736813918
37105	-189.241363746362	-247.79962017229	-211.491387025252	-58.5582564259281	-22.2500232788896
37106	-189.241363746362	-243.225354578962	-204.058205436094	-53.9839908326003	-14.8168416897321
37107	-189.241363746362	-245.798378975209	-208.060687830256	-56.5570152288472	-18.8193240838939
37109	-187.558173900222	-145.152003192361	-115.785184291853	42.4061707078605	71.7729896083692
37110	-201.662188387226	-258.876448934527	-177.973741963518	-57.2142605473014	23.6884464237078
37111	-201.662188387226	-246.784229387259	-160.699142610278	-45.1220410000331	40.9630457769482
37112	-201.662188387226	-306.95741713438	-178.54956194196	-105.295228747154	23.1126264452665
37113	-187.558173900222	-247.647959354921	-145.152003192361	-60.0897854546992	42.4061707078605
37114	-187.558173900222	-250.527059247128	-148.60692306301	-62.968885346906	38.9512508372124
37115	-201.662188387226	-253.694069128555	-154.653032836644	-52.0318807413293	47.0091555505824
37116	-201.662188387226	-291.698187705684	-220.584420368178	-90.0359993184581	-18.9222319809518
37117	-174.198939318774	-149.182743041451	-124.710393957694	25.016196277323	49.4885453610803
37118	-174.198939318774	-246.784229387259	-156.668402761188	-72.5852900684852	17.5305365575855
37119	-174.198939318774	-144.000363235479	-117.800554216397	30.1985760832952	56.3983851023765
37120	-187.558173900222	-250.527059247128	-174.51882209287	-62.968885346906	13.0393518073518
37121	-174.198939318774	-316.458446778662	-181.716571823387	-142.259507459888	-7.517632504613
37122	-174.198939318774	-248.511689322583	-151.198112965996	-74.3127500038092	23.0008263527783
37123	-174.198939318774	-145.727823170803	-120.391744119384	28.4711161479711	53.8071951993904
37124	-174.198939318774	-249.951239268687	-145.152003192361	-75.7522999499126	29.0469361264125
37125	-174.198939318774	-145.439913181582	-118.66428418406	28.7590261371918	55.5346551347145
37126	-187.558173900222	-232.100819937005	-129.892773763666	-44.5426460367829	57.6654001365561
37127	-174.198939318774	-141.984993310934	-116.648914259515	32.2139460078399	57.5500250592592
37128	-174.198939318774	-228.933810055577	-146.015733160024	-54.7348707368034	28.1832061587505
37129	-187.558173900222	-247.07213937648	-142.560813289375	-59.5139654762579	44.9973606108465
37130	-187.558173900222	-245.920499419597	-146.591553138465	-58.3623255193752	40.9666207617571
37131	-187.558173900222	-247.935869344142	-138.530073440286	-60.3776954439199	49.0281004599359
37132	-187.558173900222	-251.39078921479	-148.319013073789	-63.832615314568	39.2391608264331
37133	-187.558173900222	-244.193039484273	-152.92557290132	-56.6348655840511	34.6326009989023
37134	-187.558173900222	-149.470653030672	-125.862033914576	38.0875208695504	61.6961399856456
37135	-187.558173900222	-145.439913181582	-119.240104162501	42.1182607186398	68.3180697377211
37136	-174.198939318774	-149.182743041451	-124.998303946914	25.016196277323	49.2006353718596
37137	-174.198939318774	-196.112071284421	-122.98293402237	-21.9131319656467	51.2160052964043
37138	-174.198939318774	-148.319013073789	-124.710393957694	25.8799262449851	49.4885453610803
37139	-187.558173900222	-251.966609193231	-156.956312750409	-64.4084352930094	30.6018611498128
37140	-201.662188387226	-319.337546670869	-200.430721122731	-117.675358283643	1.23146726449531
37141	-174.198939318774	-146.303643149244	-121.543384076266	27.8952961695298	52.6555552425077
37142	-194.291444762527	-146.591553138465	-117.512644227177	47.6998916240626	76.7788005353506
37143	-187.558173900222	-149.470653030672	-125.574123925356	38.0875208695504	61.9840499748662
37144	-187.558173900222	-146.879463127685	-121.255474087046	40.6787107725364	66.3026998131764
37145	-187.558173900222	-227.206350120253	-145.439913181582	-39.6481762200314	42.1182607186398
37146	-187.558173900222	-249.663329279466	-150.622292987554	-62.1051553792439	36.9358809126677
37147	-187.558173900222	-244.768859462714	-144.864093203141	-57.2106855624925	42.6940806970811
37148	-187.558173900222	-146.591553138465	-121.255474087046	40.9666207617571	66.3026998131764
37149	-187.558173900222	-248.799599311804	-156.380492771968	-61.241425411582	31.1776811282542
37150	-187.558173900222	-148.89483305223	-125.862033914576	38.6633408479917	61.6961399856456
37151	-115.130559919104	-251.682570100409	-158.796864466054	-136.552010181305	-43.6663045469499
37152	-115.130559919104	-171.50159623975	-126.046889227193	-56.3710363206459	-10.9163293080891
37153	-115.130559919104	-253.9411890824	-148.915406419846	-138.810629163295	-33.7848465007419
37154	-115.130559919104	-250.835587982163	-137.339984137145	-135.705028063059	-22.2094242180411
37155	-115.130559919104	-251.682570100409	-155.973590738566	-136.552010181305	-40.8430308194619
37156	-115.130559919104	-239.82482044496	-159.079191838803	-124.694260525855	-43.9486319196987
37157	-115.130559919104	-250.553260609414	-160.208501329798	-135.42270069031	-45.0779414106939
37158	-115.130559919104	-252.529552218656	-159.6438465843	-137.398992299551	-44.5132866651963
37159	-115.130559919104	-246.88300476368	-159.6438465843	-131.752444844575	-44.5132866651963
37160	-121.665695621164	-249.988605863916	-154.844281247571	-128.322910242752	-33.1785856264065
37161	-121.665695621164	-245.471367899936	-151.174025401836	-123.805672278771	-29.5083297806721
37162	-121.665695621164	-166.984358275769	-142.986531592121	-45.3186626546049	-21.3208359709569
37163	-116.75037534184	-248.657294971039	-132.871197139932	-131.906919629199	-16.1208217980918
37164	-116.75037534184	-188.905950658196	-149.452909915745	-72.1555753163558	-32.7025345739046
37165	-116.75037534184	-209.776037427754	-146.308102320332	-93.0256620859133	-29.5577269784918
37166	-116.75037534184	-252.373885765618	-146.879885519498	-135.623510423777	-30.1295101776578
37167	-116.75037534184	-246.656053773958	-160.316790699898	-129.905678432118	-43.5664153580578
37168	-116.75037534184	-250.65853616812	-138.017245932426	-133.908160826279	-21.2668705905854
37169	-116.75037534184	-189.477733857362	-146.022210720749	-72.7273585155218	-29.2718353789089
37170	-116.75037534184	-250.372644568537	-150.88236791366	-133.622269226696	-34.1319925718195
37171	-116.75037534184	-259.235284155609	-157.457874704069	-142.484908813769	-40.707499362228
37172	-116.75037534184	-170.03710508572	-144.306861123251	-53.2867297438792	-27.556485781411
37173	-116.75037534184	-255.518693361031	-146.593993919915	-138.76831801919	-29.8436185780748
37174	-116.75037534184	-252.373885765618	-137.731354332843	-135.623510423777	-20.9809789910025
37175	-116.75037534184	-254.946910161865	-150.88236791366	-138.196534820024	-34.1319925718195
37176	-116.75037534184	-254.375126962699	-150.310584714494	-137.624751620858	-33.5602093726536
37177	-116.75037534184	-245.512487375626	-141.162053527839	-128.762112033786	-24.4116781859982
37178	-116.75037534184	-234.36271499189	-154.313067108656	-117.61233965005	-37.5626917668152
37179	-116.75037534184	-177.470286674877	-133.157088739515	-60.7199113330366	-16.4067133976748
37180	-116.75037534184	-170.894779884469	-121.721424756196	-54.1444045426281	-4.9710494143556
37181	-116.75037534184	-169.751213486137	-130.012281144102	-53.0008381442962	-13.261905802262
37182	-116.75037534184	-251.230319367286	-152.597717511158	-134.479944025445	-35.8473421693174
37183	-116.75037534184	-252.373885765618	-158.887332701983	-135.623510423777	-42.136957360143
37184	-116.75037534184	-249.800861369371	-156.314308305737	-133.05048602753	-39.5639329638961
37186	-125.237676508268	-223.175610271164	-92.7523851541989	-97.9379337628956	32.4852913540694
37187	-175.758485032044	-205.037280950262	-142.560813289375	-29.2787959182176	33.1976717426685
37188	-175.758485032044	-187.18686161858	-160.987052599498	-11.4283765865359	14.7714324325454
37189	-116.571453285789	-112.042354431984	-74.0382358548551	4.52909885380529	42.5332174309342
37190	-116.571453285789	-133.923513612755	-90.4491052404335	-17.3520603269658	26.1223480453558
37191	-116.571453285789	-122.98293402237	-76.0536057793998	-6.4114807365803	40.5178475063895
37192	-116.571453285789	-113.481904378087	-81.5238955745926	3.08954890770195	35.0475577111967
37193	-116.571453285789	-137.378433483403	-94.1919351003023	-20.8069801976139	22.3795181854871
37194	-94.565682782995	-120.103834130163	-92.4644751649782	-25.538151347168	2.10120761801672
37195	-94.565682782995	-121.831294065487	-93.616115121861	-27.265611282492	0.949567661133997
37196	-124.167692233502	-118.376374194839	-70.0074960057657	5.79131803866298	54.1601962277361
37197	-124.167692233502	-116.361004270294	-85.2667254344614	7.80668796320768	38.9009667990404
37198	-124.167692233502	-110.31489449666	-76.3415157686205	13.8527977368418	47.8261764648813
37199	-124.167692233502	-110.026984507439	-78.0689757039446	14.1407077260625	46.0987165295572
37200	-124.167692233502	-113.481904378087	-72.3107759195311	10.6857878554144	51.8569163139707
37201	-124.167692233502	-118.088464205618	-72.5986859087518	6.07922802788366	51.56900632475
37202	-124.167692233502	-116.648914259515	-85.8425454129028	7.518777973987	38.325146820599
37203	-124.167692233502	-144.57618321392	-92.7523851541989	-20.4084909804183	31.4153070793029
37204	-83.7766850201175	-133.347693634314	-89.8732852619922	-49.5710086141964	-6.09660024187467
37205	-124.167692233502	-120.967564097825	-89.2974652835508	3.20012813567692	34.870226949951
37206	-124.167692233502	-117.224734237956	-79.5085256500479	6.94295799554564	44.6591665834539
37207	-124.167692233502	-115.209364313411	-78.3568856931652	8.9583279200904	45.8108065403366
37208	-94.565682782995	-101.67759482004	-72.3107759195311	-7.11191203704486	22.2549068634638
37209	-114.378022267439	-124.998303946914	-91.8886551865369	-10.6202816794749	22.4893670809025
37210	-114.378022267439	-143.424543257037	-96.4952150140677	-29.046520989598	17.8828072533717
37211	-114.378022267439	-142.272903300155	-96.4952150140677	-27.8948810327153	17.8828072533717
37212	-117.46574447955	-141.409173332493	-97.934764960171	-23.9434288529428	19.5309795193789
37213	-114.302635628502	-121.831294065487	-89.5853752727715	-7.52865843698464	24.7172603557308
37214	-129.259785395241	-135.075153569638	-92.1765651757576	-5.81536817439658	37.0832202194838
37215	-174.70704971344	-197.263711241303	-178.83747193118	-22.5566615278631	-4.13042221774003
37216	-174.70704971344	-197.839531219745	-167.608982351574	-23.1324815063045	7.09806736186619
37217	-180.533426776168	-163.290332513264	-110.31489449666	17.243094262904	70.2185322795079
37218	-180.533426776168	-161.850782567161	-119.240104162501	18.6826442090073	61.293322613667
37219	-180.533426776168	-160.123322631836	-117.224734237956	20.4101041443314	63.3086925382117
37220	-180.533426776168	-161.56287257794	-114.057724356529	18.970554198228	66.4757024196391
37221	-180.533426776168	-177.685831974298	-143.424543257037	2.84759480187029	37.1088835191304
37222	-174.178088556906	-156.380492771968	-114.63354433497	17.7975957849379	59.5445442219356
37223	-174.178088556906	-163.578242502485	-120.679654108604	10.5998460544211	53.4984344483015
37224	-107.153449422228	-96.7831250032883	-48.9900667926566	10.3703244189398	58.1633826295715
37225	-77.6087790471277	-105.708334669129	-46.9746968681118	-28.0995556220015	30.6340821790158
37226	-94.1519439425216	-140.25753337561	-84.6909054560201	-46.1055894330885	9.46103848650151
37227	-94.1519439425216	-138.530073440286	-93.3282051326403	-44.3781294977644	0.823738809881291
37228	-94.1519439425216	-124.422483968473	-73.7503258656345	-30.2705400259514	20.4016180768871
37229	-94.1519439425216	-127.5894938499	-86.1304554021235	-33.4375499073788	8.02148854039811
37230	-94.1519439425216	-121.255474087046	-84.1150854775787	-27.103530144524	10.0368584649429
37231	-302.796591792623	-371.737164709031	-169.912262265339	-68.9405729164087	132.884329527283
37232	-180.762383215782	-248.799599311804	-117.224734237956	-68.0372160960219	63.5376489778258
37233	-122.40373259945	-119.815924140942	-43.2318670082431	2.58780845850796	79.1718655912071
37234	-105.860402179753	-138.303137532009	-83.4119504120768	-32.442735352256	22.4484517676761
37235	-94.5647790101008	-214.538310594544	-73.4624158764138	-119.973531584443	21.102363133687
37236	-96.3148931663222	-120.391744119384	-70.583315984207	-24.0768509530614	25.7315771821152
37237	-96.3148931663222	-114.921454324191	-73.7503258656345	-18.6065611578686	22.5645673006878
37238	-180.969551303417	-183.15612176949	-130.756503731328	-2.18657046607302	50.2130475720895
37240	-180.969551303417	-155.516762804306	-111.178624464322	25.4527884991116	69.7909268390953
37241	-180.969551303417	-170.488082243781	-139.393803407948	10.4814690596367	41.5757478954694
37246	-118.713083091924	-132.196053677431	-103.405054755364	-13.4829705855072	15.3080283365601
37247	-118.713083091924	-139.681713397169	-107.147884615233	-20.9686303052447	11.5651984766913
37248	-118.713083091924	-136.514703515741	-95.343575057185	-17.8016204238173	23.3695080347389
37249	-246.27663872398	-179.701201898842	-141.409173332493	66.5754368251378	104.867465391487
37250	-165.263692021182	-152.92557290132	-113.481904378087	12.3381191198619	51.7817876430942
37251	-246.27663872398	-169.624352276119	-120.103834130163	76.6522864478613	126.172804593817
37252	-246.27663872398	-157.53213272885	-125.862033914576	88.7445059951297	120.414604809404
37253	-246.27663872398	-167.033162373133	-135.363063558859	79.2434763508474	110.913575165121
37254	-246.27663872398	-165.88152241625	-126.725763882238	80.3951163077301	119.550874841742
37255	-246.27663872398	-171.063902222222	-131.90814368821	75.212736501758	114.36849503577
37256	-246.27663872398	-165.88152241625	-134.211423601976	80.3951163077301	112.065215122004
37257	-246.27663872398	-178.54956194196	-153.789302868982	67.7270767820205	92.4873358549984
37258	-264.485854625728	-156.956312750409	-137.666343472624	107.529541875319	126.819511153104
37259	-246.27663872398	-182.004481812608	-105.99624465835	64.2721569113724	140.28039406563
37260	-246.27663872398	-177.685831974298	-117.224734237956	68.5908067496825	129.051904486024
37261	-246.27663872398	-176.822102006636	-140.833353354051	69.4545367173445	105.443285369929
37262	-246.27663872398	-157.53213272885	-128.741133806783	88.7445059951297	117.535504917197
37263	-246.27663872398	-192.657151413773	-110.890714475101	53.6194873102075	135.385924248879
37264	-246.27663872398	-176.534192017415	-126.149943903797	69.7424467065652	120.126694820183
37265	-246.27663872398	-164.729882459367	-109.739074518219	81.5467562646128	136.537564205761
37266	-246.27663872398	-185.171491694035	-158.683772685733	61.105147029945	87.5928660382469
37267	-246.27663872398	-166.745252383912	-121.831294065487	79.5313863400681	124.445344658493
37268	-246.27663872398	-182.292391801828	-131.90814368821	63.9842469221517	114.36849503577
37269	-246.27663872398	-163.002422524043	-119.528014151722	83.2742161999369	126.748624572259
37270	-246.27663872398	-176.534192017415	-123.558754000811	69.7424467065652	122.717884723169
37271	-246.27663872398	-181.428661834166	-133.347693634314	64.8479768898138	112.928945089666
37272	-246.27663872398	-176.822102006636	-131.044413720548	69.4545367173445	115.232225003432
37273	-246.27663872398	-155.804672793526	-87.8579153374475	90.4719659304537	158.418723386533
37274	-246.27663872398	-184.307761726373	-134.211423601976	61.968876997607	112.065215122004
37275	-246.27663872398	-186.323131650918	-137.954253461845	59.9535070730623	108.322385262135
37276	-246.27663872398	-176.246282028194	-129.604863774445	70.0303566957859	116.671774949535
37277	-246.27663872398	-179.989111888063	-133.347693634314	66.2875268359171	112.928945089666
37278	-246.27663872398	-188.626411564683	-136.226793526521	57.6502271592969	110.049845197459
37279	-246.27663872398	-176.822102006636	-117.512644227177	69.4545367173445	128.763994496803
37280	-246.27663872398	-166.745252383912	-128.453223817562	79.5313863400681	117.823414906418
37281	-246.27663872398	-157.24422273963	-120.103834130163	89.0324159843503	126.172804593817
37282	-246.27663872398	-210.507570745454	-114.921454324191	35.7690679785258	131.355184399789
37283	-246.27663872398	-171.063902222222	-138.242163451065	75.212736501758	108.034475272915
37284	-246.27663872398	-175.094642071312	-136.514703515741	71.1819966526685	109.761935208239
37285	-246.27663872398	-175.382552060532	-132.196053677431	70.8940866634479	114.080585046549
37286	-246.27663872398	-226.342620152591	-152.92557290132	19.9340185713887	93.3510658226604
37287	-246.27663872398	-185.747311672476	-145.439913181582	60.5293270515036	100.836725542398
37288	-119.265117771906	-183.731941747932	-114.63354433497	-64.4668239760261	4.63157343693547
37289	-119.265117771906	-133.923513612755	-100.238044873936	-14.6583958408496	19.0270728979692
37290	-119.265117771906	-135.075153569638	-104.556694712247	-15.8100357977323	14.708423059659
37291	-119.265117771906	-137.378433483403	-101.389684830819	-18.1133157114977	17.8754329410864
37292	-145.94125848993	-160.411232621057	-122.695024033149	-14.4699741311275	23.2462344567807
37293	-105.502934537902	-137.666343472624	-110.890714475101	-32.163408934722	-5.38777993719941
37294	-105.502934537902	-181.428661834166	-128.165313828342	-75.9257272962644	-22.6623792904398
37295	-105.502934537902	-182.580301791049	-127.5894938499	-77.0773672531471	-22.0865593119985
37296	-105.502934537902	-134.499333591197	-103.980874733805	-28.9963990532946	1.52205980409673
37297	-105.502934537902	-156.668402761188	-115.785184291853	-51.1654682232865	-10.2822497539509
37298	-105.502934537902	-142.272903300155	-117.224734237956	-36.7699687622528	-11.7217997000542
37299	-105.502934537902	-132.196053677431	-102.829234776922	-26.6931191395292	2.67369976097945
37300	-114.345305041871	-139.969623386389	-116.648914259515	-25.6243183445182	-2.3036092176437
37301	-114.345305041871	-141.984993310934	-116.361004270294	-27.6396882690629	-2.01569922842302
37302	-119.265117771906	-138.817983429507	-102.253414798481	-19.5528656576011	17.0117029734245
37304	-262.07316900964	-257.724808977645	-205.325190939482	4.34836003199541	56.747978070158
37305	-262.07316900964	-261.179728848293	-199.279081165848	0.893440161347314	62.7940878437921
37306	-262.07316900964	-242.75348953817	-154.077212858202	19.3196794714704	107.995956151438
37307	-293.816285404043	-263.483008762058	-244.768859462714	30.3332766419852	49.047425941329
37308	-293.816285404043	-275.575228309326	-126.437853893018	18.241057094717	167.378431511026
37309	-293.816285404043	-260.603908869851	-240.162299635184	33.2123765341919	53.6539857688597
37310	-87.0254217687603	-132.483963666652	-91.0249252188749	-45.4585418978916	-3.99950345011464
37311	-123.316725184614	-147.167373116906	-112.618174410425	-23.8506479322925	10.6985507741883
37312	-123.316725184614	-135.075153569638	-103.692964744585	-11.7584283850243	19.6237604400291
37313	-76.3856489998307	-119.240104162501	-92.4644751649782	-42.8544551626702	-16.0788261651475
37314	-138.186940267866	-127.5894938499	-95.6314850464057	10.5974464179657	42.5554552214605
37315	-138.186940267866	-147.455283106127	-108.299524572115	-9.26834283826071	29.8874156957509
37316	-86.6293035283318	-138.530073440286	-96.4952150140677	-51.9007699119542	-9.86591148573591
37317	-116.718378939752	-140.545443364831	-80.9480755961513	-23.8270644250792	35.7703033436002
37318	-114.493212173384	-135.363063558859	-97.071034992509	-20.8698513854743	17.4221771808753
37319	-114.493212173384	-143.712453246258	-102.541324787702	-29.2192410728738	11.9518873856825
37320	-114.493212173384	-134.499333591197	-98.7984949278331	-20.0061214178122	15.6947172455512
37321	-114.493212173384	-146.303643149244	-102.541324787702	-31.8104309758599	11.9518873856825
37322	-114.493212173384	-134.499333591197	-97.6468549709504	-20.0061214178122	16.846357202434
37323	-114.493212173384	-135.9388835373	-100.525954863157	-21.4456713639156	13.9672573102272
37324	-114.493212173384	-145.439913181582	-98.2226749493917	-30.9467010081978	16.2705372239926
37325	-114.493212173384	-139.105893418727	-90.4491052404335	-24.612681245343	24.0441069329508
37326	-116.718378939752	-140.833353354051	-85.5546354236821	-24.1149744142999	31.1637435160694
37327	-124.245167247101	-179.701201898842	-117.800554216397	-55.4560346517413	6.44461303070349
37328	-124.245167247101	-361.948225075529	-77.2052457362826	-237.703057828428	47.0399215108184
37330	-124.245167247101	-175.094642071312	-119.240104162501	-50.8494748242105	5.0050630846001
37331	-124.245167247101	-256.285259031541	-126.437853893018	-132.04009178444	-2.19268664591672
37332	-124.245167247101	-169.624352276119	-84.1150854775787	-45.3791850290177	40.1300817695223
37337	-124.245167247101	-181.140751844946	-118.088464205618	-56.8955845978446	6.15670304148281
37339	-124.245167247101	-270.104938514134	-83.827175488358	-145.859771267033	40.4179917587429
37340	-124.245167247101	-274.999408330885	-55.3240865555114	-150.754241083784	68.9210806915896
37342	-124.245167247101	-128.165313828342	-80.0843456284893	-3.9201465812408	44.1608216186117
37343	-124.245167247101	-146.303643149244	-110.890714475101	-22.0584759021432	13.3544527719996
37344	-133.05996069976	-178.83747193118	-69.4316760273244	-45.7775112314199	63.628284672436
37347	-133.05996069976	-157.820042718071	-109.451164528998	-24.7600820183107	23.6087961707624
37348	-116.718378939752	-143.424543257037	-90.7370152296542	-26.7061643172859	25.9813637100973
37349	-116.718378939752	-142.848723278596	-87.2820953590061	-26.1303443388446	29.4362835807454
