36455	84.4	95.0553492916463	103.18202247191	10.6553492916463	18.7820224719101
36456	84.4	110.569907181241	119.189106008793	26.1699071812409	34.7891060087934
36457	84.4	109.338593063019	116.233952125061	24.9385930630191	31.8339521250611
36458	84.4	105.890913531998	113.771323888617	21.490913531998	29.3713238886175
36459	84.4	52.4518808011725	60.3322911577919	-31.9481191988276	-24.0677088422081
36460	84.4	131.009721543723	144.061651196873	46.6097215437225	59.6616511968735
36461	135.3	157.159941377626	169.233610161211	21.8599413776257	33.9336101612115
36463	159.4	142.141475329751	154.509623839765	-17.2585246702492	-4.89037616023455
36465	159.4	126.239570102589	135.073961895457	-33.1604298974109	-24.3260381045433
36466	159.4	123.589252564729	132.423644357596	-35.8107474352712	-26.9763556424036
36467	159.4	145.08627259404	155.098583292623	-14.31372740596	-4.30141670737669
36468	155.8	168.055691255496	178.068001954079	12.2556912554958	22.2680019540791
36469	155.8	178.951441133366	189.552711284807	23.1514411333659	33.752711284807
36470	155.8	157.159941377626	167.466731802638	1.35994137762574	11.6667318026379
36471	155.8	156.570981924768	168.350170981925	0.770981924767881	12.5501709819247
36472	155.8	147.442110405471	158.043380556913	-8.35788959452864	2.24338055691251
36473	155.8	112.39902296043	124.472691744016	-43.4009770395702	-31.3273082559844
36474	155.8	156.865461651197	167.761211529067	1.06546165119684	11.9612115290668
36475	155.8	153.920664386908	162.460576453346	-1.87933561309237	6.66057645334629
36476	155.8	167.172252076209	176.006643869077	11.372252076209	20.2066438690767
36477	155.8	181.307278944797	189.847191011236	25.5072789447972	34.0471910112359
36478	204.5	154.804103566194	162.755056179775	-49.6958964338056	-41.7449438202248
36479	204.5	167.761211529067	175.12320468979	-36.7387884709331	-29.3767953102101
36480	204.5	164.521934538349	171.589447972643	-39.9780654616513	-32.9105520273572
36481	204.5	153.626184660479	160.988177821202	-50.8738153395213	-43.5118221787983
36482	204.5	161.57713727406	169.822569614069	-42.9228627259405	-34.6774303859307
36483	204.5	188.374792379091	194.853346360528	-16.1252076209087	-9.64665363947248
36484	199	178.656961406937	185.429995114802	-20.3430385930631	-13.5700048851979
36485	199	175.12320468979	182.190718124084	-23.8767953102101	-16.809281875916
36486	199	163.344015632633	170.411529066927	-35.6559843673669	-28.5884709330728
36487	207	161.282657547631	168.350170981925	-45.7173424523694	-38.6498290180753
36488	113	88.0488519785051	104.239032730826	-24.9511480214949	-8.76096726917447
36493	132.7	153.627015144113	164.405373717636	20.9270151441133	31.7053737176356
36494	132.7	141.595359062042	150.619101123595	8.89535906204196	17.9191011235955
36496	132.7	139.339423546654	156.133610161211	6.63942354665363	23.4336101612115
36498	238.5	202.750170981925	209.004885197851	-35.7498290180753	-29.4951148021495
36499	219.4	162.814997557401	175.511382510992	-56.5850024425989	-43.8886174890083
36501	109.6	50.3863214460186	58.4337078651685	-59.2136785539814	-51.1662921348315
36502	109.6	130.860185637518	139.854323400098	21.2601856375184	30.2543234000977
36503	114.6	129.516170004885	139.715095261358	14.9161700048852	25.1150952613581
36504	114.6	127.277381533952	137.227552515877	12.6773815339521	22.6275525158769
36505	114.6	126.531118710308	134.988764044944	11.9311187103077	20.3887640449438
36506	114.6	129.764924279433	138.471323888617	15.1649242794333	23.8713238886175
36507	114.6	129.267415730337	139.217586712262	14.6674157303371	24.6175867122618
36508	114.6	130.26243282853	139.217586712262	15.6624328285295	24.6175867122618
36509	114.6	124.043575964827	132.501221299463	9.44357596482658	17.9012212994626
36510	114.6	130.013678553981	138.471323888617	15.4136785539814	23.8713238886175
36511	114.6	129.018661455789	137.973815339521	14.418661455789	23.3738153395213
36512	114.6	130.511187103078	139.46634098681	15.9111871030777	24.8663409868099
36513	114.6	132.003712750366	140.710112359551	17.4037127503664	26.1101123595505
36514	114.6	130.511187103078	139.217586712262	15.9111871030777	24.6175867122618
36515	114.6	132.252467024914	143.695163654128	17.6524670249145	29.095163654128
36516	114.6	134.988764044944	144.938935026869	20.3887640449438	30.3389350268685
36517	114.6	123.048558866634	133.496238397655	8.4485588666341	18.8962383976551
36518	114.6	133.247484123107	142.451392281387	18.647484123107	27.8513922813874
36519	114.6	132.003712750366	142.451392281387	17.4037127503664	27.8513922813874
36520	114.6	134.740009770396	143.943917928676	20.1400097703957	29.3439179286761
36521	147.9	142.895359062042	156.35652173913	-5.00464093795802	8.45652173913044
36522	147.9	147.056082071324	156.35652173913	-0.843917928676092	8.45652173913044
36523	147.9	149.993063019052	160.517244748412	2.09306301905224	12.6172447484123
36524	147.9	149.748314606742	159.293502686859	1.84831460674155	11.3935026868588
36525	147.9	137.266145578896	151.461553492916	-10.633854421104	3.56155349291646
36526	147.9	133.594919394235	143.140107474353	-14.3050806057645	-4.75989252564727
36527	78.3	103.242452369321	115.911480214949	24.9424523693209	37.6114802149487
36528	78.3	109.204347826087	120.87972642892	30.9043478260869	42.5797264289204
36529	78.3	124.854323400098	134.790815828041	46.5543234000977	56.4908158280411
36530	78.3	119.14084025403	128.828920371275	40.8408402540303	50.5289203712751
36531	78.3	113.92418172936	123.363849535906	35.6241817293601	45.0638495359062
36532	78.3	117.898778700537	129.574157303371	39.5987787005374	51.2741573033708
36533	78.3	107.217049340498	120.87972642892	28.9170493404983	42.5797264289204
36534	147.9	129.434196384954	145.342843185149	-18.4658036150464	-2.557156814851
36536	134.9	154.074108451392	160.538446507083	19.1741084513922	25.6384465070835
36537	134.9	161.314167073766	167.002784562775	26.4141670737664	32.1027845627747
36538	118.2	69.1787493893502	79.0497313141182	-49.0212506106498	-39.1502686858818
36539	118.2	101.322716170005	108.156472887152	-16.8772838299952	-10.0435271128481
36540	118.2	108.156472887152	114.990229604299	-10.0435271128481	-3.20977039570109
36541	118.2	91.957938446507	99.0447972642892	-26.242061553493	-19.1552027357108
36542	118.2	72.2159745969711	81.0745481191988	-45.9840254030289	-37.1254518808012
36543	118.2	81.833854421104	92.7172447484123	-36.366145578896	-25.4827552515877
36544	108.4	121.728724963361	129.756179775281	13.328724963361	21.3561797752809
36545	106.4	146.047191011236	154.074645823156	39.6471910112359	47.6746458231558
36546	106.4	135.894821690278	143.922276502198	29.4948216902784	37.5222765021983
36547	106.4	138.255837811431	146.755495847582	31.8558378114313	40.3554958475818
36548	106.4	147.227699071812	155.963458720078	40.8276990718124	49.5634587200781
36549	106.4	153.130239374695	161.39379579873	46.7302393746946	54.9937957987298
36550	106.4	139.908549096238	149.588715192965	33.5085490962384	43.1887151929653
36551	106.4	137.075329750855	147.936003908158	30.6753297508549	41.5360039081582
36552	106.4	138.964142647777	146.755495847582	32.5641426477772	40.3554958475818
36553	106.4	147.699902296043	155.491255495848	41.2999022960429	49.0912554958476
36554	106.4	138.491939423547	149.588715192965	32.0919394235466	43.1887151929653
36555	106.4	137.31143136297	148.880410356619	30.9114313629702	42.4804103566194
36556	106.4	137.547532975085	149.116511968735	31.1475329750855	42.7165119687347
36557	106.4	143.450073277968	157.143966780655	37.0500732779677	50.7439667806546
36558	106.4	148.408207132389	157.616170004885	42.0082071323888	51.2161700048852
36559	106.4	139.436345872008	149.824816805081	33.0363458720078	43.4248168050806
36560	108.4	128.339570102589	137.547532975085	19.9395701025891	29.1475329750855
36561	108.4	127.395163654128	134.478212017587	18.995163654128	26.0782120175867
36562	108.4	131.172789447973	139.672447484123	22.7727894479726	31.2724474841231
36563	108.4	131.881094284318	139.672447484123	23.4810942843185	31.2724474841231
36564	106.4	135.658720078163	151.713629702003	29.2587200781632	45.3136297020029
36566	142.6	87.0393746946751	95.8116267708842	-55.5606253053249	-46.7883732291158
36567	142.6	121.641035661944	129.194919394235	-20.9589643380558	-13.4050806057646
36568	142.6	113.356130923302	122.372056668295	-29.2438690766976	-20.227943331705
36569	142.6	128.951245725452	137.479824132877	-13.6487542745481	-5.12017586712267
36570	142.6	107.995310210063	116.767562286273	-34.6046897899365	-25.8324377137274
36571	142.6	131.387982413288	138.210845139228	-11.2120175867123	-4.3891548607719
36572	83.4	91.1964826575476	104.742550073278	7.79648265754759	21.3425500732779
36573	83.4	89.4296042989741	103.564631167562	6.02960429897405	20.1646311675622
36574	162.8	182.779677576942	199.270542256961	19.9796775769418	36.4705422569614
36575	162.8	190.730630190523	199.859501709819	27.9306301905226	37.0595017098192
36576	162.8	145.969711773327	169.52808988764	-16.8302882266732	6.72808988764038
36577	104.5	118.720420127015	134.064289203713	14.2204201270151	29.5642892037127
36578	108.4	55.8264777723498	68.3218368343918	-52.5735222276502	-40.0781631656082
36580	82.5	112.732242305813	136.884807034685	30.2322423058133	54.3848070346848
36581	86.3	88.8406448461162	104.448070346849	2.54064484611625	18.148070346849
36582	87.5	112.693502686859	126.534049829018	25.1935026868587	39.034049829018
36583	87.5	112.39902296043	123.589252564729	24.8990229604298	36.0892525647288
36584	87.5	100.619833903273	107.098387884709	13.119833903273	19.5983878847093
36585	87.5	107.392867611138	119.172056668295	19.8928676111382	31.672056668295
36586	86.3	82.9510503175378	106.509428431851	-3.34894968246216	20.2094284318514
36587	86.3	93.8468001954079	115.638299951148	7.5468001954079	29.338299951148
36588	87.5	95.9081582804103	105.625989252565	8.40815828041033	18.1259892525647
36589	87.5	95.3191988275525	101.208793356131	7.81919882755247	13.7087933561309
36590	87.5	96.2026380068392	101.208793356131	8.70263800683924	13.7087933561309
36591	87.5	97.3805569125549	102.386712261847	9.88055691255491	14.8867122618466
36592	87.5	104.742550073278	113.282462139717	17.2425500732779	25.7824621397166
36593	87.5	105.920468978994	115.638299951148	18.4204689789936	28.138299951148
36594	88.3	110.043185148999	119.172056668295	21.7431851489985	30.872056668295
36595	100.6	95.0247191011236	101.797752808989	-5.57528089887643	1.19775280898875
36596	100.6	99.7363947239863	105.331509526136	-0.863605276013686	4.73150952613577
36597	100.6	97.6750366389838	103.270151441133	-2.92496336101618	2.67015144113333
36598	100.6	92.9633610161211	99.1474352711284	-7.63663898387887	-1.45256472887155
36599	100.6	87.9572056668295	99.7363947239863	-12.6427943331705	-0.863605276013686
36600	100.6	97.6750366389838	106.214948705423	-2.92496336101618	5.61494870542253
36601	100.6	94.7302393746947	107.098387884709	-5.86976062530533	6.4983878847093
36602	100.6	111.221104054714	128.59540791402	10.6211040547142	27.9954079140205
36607	89.5	106.966878358573	113.811626770884	17.4668783585735	24.3116267708842
36608	89.5	117.478456277479	124.812115290669	27.9784562774792	35.3121152906692
36609	89.5	118.945188080117	126.767757694187	29.4451880801172	37.2677576941866
36610	89.5	118.211822178798	126.034391792868	28.7118221787982	36.5343917928676
36611	89.5	136.057059110894	145.590815828041	46.557059110894	56.090815828041
36612	220.7	165.499560332193	174.357401074743	-55.2004396678065	-46.3425989252565
36613	220.7	226.175769418661	230.604689789936	5.47576941866143	9.9046897899365
36614	220.7	237.469516365413	242.784220810943	16.7695163654128	22.0842208109428
36615	220.7	204.474059599414	209.56731802638	-16.2259404005862	-11.13268197362
36616	220.7	230.8261358085	236.14084025403	10.1261358085002	15.4408402540303
36618	220.7	233.262042012701	239.462530532487	12.5620420127015	18.7625305324865
36619	220.7	240.348314606742	244.777234978017	19.6483146067415	24.0772349780166
36620	220.7	238.798192476795	242.784220810943	18.0981924767953	22.0842208109428
36621	220.7	234.590718124084	239.462530532487	13.890718124084	18.7625305324865
36622	220.7	239.462530532487	245.220127015144	18.7625305324865	24.5201270151441
36623	58.2	86.3108939912066	96.2757694186614	28.1108939912066	38.0757694186614
36624	64	109.472496336102	121.591939423547	45.4724963361016	57.5919394235466
36625	58.2	94.9291646311675	106.779286761114	36.7291646311675	48.5792867611137
36626	58.2	106.509965803615	118.360087933561	48.309965803615	60.1600879335612
36627	58.2	92.5052760136785	103.008793356131	34.3052760136785	44.8087933561309
36628	58.2	88.7347826086956	102.200830483635	30.5347826086956	44.0008304836345
36629	118.2	147.893502686859	156.245872007816	29.6935026868588	38.0458720078162
36630	118.2	146.121787982413	153.714851001465	27.9217879824132	35.5148510014655
36631	69	142.931265266243	150.505276013679	73.9312652662433	81.5052760136786
36632	69	168.020175867123	177.251001465559	99.0201758671226	108.251001465559
36633	69	72.3982901807523	78.7888617489008	3.39829018075233	9.78886174890084
36634	173.9	150.741963849536	160.682852955545	-23.1580361504641	-13.2171470444553
36635	173.9	189.085393258427	196.422716170005	15.185393258427	22.5227161700049
36636	69	65.2976551050318	78.0787982413288	-3.70234489496823	9.0787982413288
36637	69	87.5463116756229	99.8540791402052	18.5463116756229	30.8540791402052
36638	69	85.8894968246214	96.0670737664876	16.8894968246214	27.0670737664876
36639	81.4	119.367708842208	129.28397655105	37.9677088422081	47.8839765510503
36640	105.1	126.154274548119	133.775183194919	21.0542745481192	28.6751831949194
36641	105.1	71.1408402540303	83.7629702002931	-33.9591597459697	-21.3370297997069
36642	105.1	119.247826086957	131.869956033219	14.1478260869565	26.7699560332194
36643	105.1	87.5734245236932	99.4810942843185	-17.5265754763068	-5.61890571568148
36644	105.1	73.2842208109429	84.9537371763556	-31.8157791890571	-20.1462628236443
36645	120	137.783634587201	147.227699071812	17.7836345872007	27.2276990718124
36648	57.8	85.3947239863214	98.9307767464582	27.5947239863214	41.1307767464582
36649	54.9	64.957938446507	95.4804103566194	10.057938446507	40.5804103566194
36650	54.9	97.0728871519296	109.812701514411	42.1728871519296	54.9127015144113
36651	129	107.098387884709	114.460381045432	-21.9016121152907	-14.5396189545677
36652	129	107.098387884709	115.343820224719	-21.9016121152907	-13.6561797752809
36653	129	88.8406448461162	98.5584758182706	-40.1593551538838	-30.4415241817294
36654	129	87.9572056668295	97.6750366389838	-41.0427943331705	-31.3249633610162
36655	129	84.1289692232535	94.7302393746947	-44.8710307767465	-34.2697606253053
36656	129	82.0676111382511	92.0799218368344	-46.9323888617489	-36.9200781631656
36657	129	93.25784074255	102.975671714704	-35.74215925745	-26.0243282852956
36658	129	92.3744015632633	102.386712261847	-36.6255984367367	-26.6132877381534
36659	129	113.871421592574	122.705813385442	-15.1285784074255	-6.29418661455796
36660	145.3	185.135515388373	193.380947728383	39.8355153883732	48.0809477283829
36661	145.3	193.086468001954	202.215339521251	47.786468001954	56.9153395212506
36662	145.3	182.190718124084	191.319589643381	36.890718124084	46.0195896433805
36663	145.3	190.436150464094	198.681582804103	45.1361504640937	53.3815828041035
36664	145.3	173.650806057645	184.841035661944	28.3508060576453	39.5410356619442
36665	145.3	173.356326331216	182.190718124084	28.0563263312164	36.890718124084
36666	145.3	174.828724963361	184.841035661944	29.5287249633609	39.5410356619442
36667	145.3	185.724474841231	195.442305813385	40.424474841231	50.1423058133854
36668	145.3	147.7365901319	155.687542745481	2.43659013190026	10.3875427454811
36669	145.3	163.638495359062	176.006643869077	18.338495359062	30.7066438690767
36670	126.3	145.380752320469	152.448265754763	19.0807523204689	26.148265754763
36671	126.3	151.859306301905	159.221299462628	25.5593063019052	32.9212994626282
36672	126.3	175.712164142648	189.847191011236	49.4121641426477	63.5471910112359
36673	154.7	186.798241328774	196.118759159746	32.0982413287738	41.4187591597459
36674	154.7	184.847435271128	194.818221787982	30.1474352711285	40.1182217879824
36675	32.8	67.4524670249145	92.1134342940889	34.6524670249145	59.3134342940889
36676	131	123.344504152418	133.475329750855	-7.65549584758188	2.47532975085485
36677	117.7	133.549487054226	141.957303370786	15.8494870542257	24.2573033707865
36678	131	138.170102589155	146.818368343918	7.17010258915482	15.8183683439179
36679	128.2	148.386809965804	161.987689301417	20.1868099658036	33.7876893014167
36680	128.2	144.924767953102	153.827161700049	16.7247679531021	25.6271617000488
36681	128.2	139.484416218857	146.903077674646	11.2844162188568	18.7030776746458
36682	131	148.053834880313	156.949193942355	17.0538348803126	25.9491939423546
36683	131	137.428822667318	145.829995114802	6.42882266731797	14.8299951148021
36684	131	122.85031753786	132.486956521739	-8.14968246213974	1.48695652173907
36685	130.2	138.989838788471	146.903077674646	8.78983878847095	16.7030776746458
36686	130.2	138.989838788471	145.419345383488	8.78983878847095	15.219345383488
36687	127	135.033219345383	141.957303370786	8.03321934538349	14.9573033707865
36688	127	132.807620908647	139.978993649243	5.80762090864675	12.9789936492428
36689	154.7	139.770981924768	144.92711284807	-14.9290180752321	-9.77288715192964
36690	154.7	144.436052760137	148.610063507572	-10.2639472398632	-6.08993649242797
36691	154.7	147.627943331705	151.556424035173	-7.07205666829509	-3.1435759648266
36692	154.1	139.770981924768	144.92711284807	-14.3290180752321	-9.17288715192964
36693	154.1	139.279921836834	145.909233023937	-14.8200781631656	-8.19076697606252
36694	173.9	140.467904250122	146.280898876404	-33.4320957498779	-27.6191011235956
36695	173.9	144.343234000977	152.093893502687	-29.556765999023	-21.8061064973132
36696	167.8	134.412701514411	141.436736687836	-33.3872984855887	-26.3632633121642
36697	128.5	140.55359062042	152.927796775769	12.0535906204201	24.4277967757694
36698	128.5	144.018368343918	151.690376160234	15.5183683439179	23.1903761602345
36699	128.5	135.60390815828	147.235661944309	7.10390815828038	18.7356619443087
36700	128.5	122.734733756717	137.583781143136	-5.76526624328289	9.08378114313626
36701	128.5	143.275915974597	153.67024914509	14.775915974597	25.1702491450903
36702	128.5	139.563654127992	152.185344406448	11.0636541279922	23.6853444064485
36704	103.6	94.2550561797753	116.963458720078	-9.34494382022473	13.3634587200781
36705	103.6	65.8042989741084	82.7703468490473	-37.7957010258916	-20.8296531509527
36706	112.2	95.8802149487054	108.317537860283	-16.3197850512946	-3.88246213971668
36708	142.8	141.157938446507	150.92222765022	-1.64206155349294	8.12222765021986
36709	142.8	115.913678553981	126.154274548119	-26.8863214460186	-16.6457254518808
36710	142.8	127.345041524182	136.156717147044	-15.4549584758182	-6.64328285295554
36711	142.8	126.630581338544	135.918563751832	-16.1694186614558	-6.88143624816806
36712	142.8	131.631802638007	140.44347826087	-11.1681973619932	-2.35652173913044
36713	203.4	186.712457254519	194.457059110894	-16.6875427454812	-8.94294088910604
36714	142.8	125.677967757694	134.965950170982	-17.1220322423058	-7.83404982901808
36715	142.8	127.345041524182	133.775183194919	-15.4549584758182	-9.02481680508058
36716	142.8	114.008451392281	120.914899853444	-28.7915486077186	-21.8851001465559
36717	142.8	111.865070835369	120.676746458232	-30.9349291646312	-22.1232535417684
36718	142.8	101.148168050806	112.579531021006	-41.6518319491939	-30.2204689789936
36719	142.8	94.9561797752809	106.387542745481	-47.8438202247191	-36.4124572545188
36720	142.8	136.633023937469	144.015779189057	-6.16697606253055	1.21577918905714
36721	142.8	111.388764044944	122.581973619932	-31.4112359550562	-20.2180263800684
36722	142.8	103.767855398144	115.913678553981	-39.0321446018564	-26.8863214460186
36723	142.8	108.769076697606	120.914899853444	-34.0309233023937	-21.8851001465559
36724	88.7	140.600586223742	159.179482169028	51.900586223742	70.4794821690278
36725	131.2	186.755788959453	207.371421592575	55.5557889594529	76.1714215925745
36726	131.2	165.421006350757	176.687689301417	34.2210063507572	45.4876893014167
36727	131.2	148.880556912555	162.064973131412	17.6805569125549	30.8649731314118
36728	131.2	153.435173424524	168.057889594529	22.2351734245237	36.8578895945286
36729	131.2	150.079140205178	162.544406448461	18.8791402051783	31.3444064484611
36730	131.2	151.517440156326	161.106106497313	20.3174401563263	29.9061064973131
36731	131.2	140.490473864191	148.401123595506	9.29047386419148	17.2011235955056
36732	174.6	183.663116756229	191.908549096238	9.06311675622857	17.3085490962384
36733	174.6	191.025109916952	200.153981436248	16.4251099169516	25.5539814362481
36734	174.6	206.043575964827	215.761406936981	31.4435759648266	41.1614069369809
36735	174.6	192.791988275525	201.037420615535	18.1919882755251	26.4374206155349
36736	174.6	185.724474841231	192.791988275525	11.124474841231	18.1919882755251
36737	174.6	210.46077186126	219.295163654128	35.8607718612603	44.695163654128
36738	174.6	200.153981436248	210.755251587689	25.5539814362481	36.1552515876892
36739	174.6	183.074157303371	191.614069369809	8.47415730337076	17.0140693698094
36740	174.6	194.26438690767	204.571177332682	19.6643869076697	29.9711773326819
36741	174.6	183.957596482658	194.558866634099	9.35759648265753	19.9588666340986
36742	174.6	198.387103077675	206.927015144113	23.7871030776746	32.3270151441133
36743	174.6	203.393258426966	213.111089399121	28.7932584269662	38.5110893991206
36744	174.6	198.976062530532	206.338055691255	24.3760625305325	31.7380556912555
36745	97	103.708207132389	124.410405471422	6.70820713238882	27.4104054714215
36746	97	112.732242305813	129.187835857352	15.7322423058133	32.1878358573522
36747	188.7	193.372398632145	200.473766487543	4.67239863214465	11.7737664875428
36748	188.7	193.15720566683	198.752222765022	4.45720566682954	10.052222765022
36749	188.7	188.207767464582	197.676257938447	-0.492232535417685	8.97625793844654
36750	188.7	198.106643869077	204.347239863214	9.4066438690767	15.6472398632145
36751	188.7	196.600293111871	201.980117244748	7.90029311187104	13.2801172447484
36752	188.7	197.891450903762	203.271275036639	9.19145090376165	14.571275036639
36753	160.3	178.524084025403	183.90390815828	18.224084025403	23.6039081582804
36754	192.2	183.258329262335	191.005276013679	-8.94167073766485	-1.19472398632141
36755	192.2	196.385100146556	207.144748412311	4.18510014655598	14.9447484123107
36756	192.2	203.486468001954	209.727063996092	11.2864680019541	17.5270639960919
36757	172.5	138.902198339033	153.33170493405	-33.5978016609673	-19.1682950659502
36758	172.5	164.521934538349	173.650806057645	-7.97806546165125	1.15080605764527
36759	172.5	137.135319980459	148.325549584758	-35.3646800195408	-24.1744504152419
36760	172.5	141.258036150464	154.215144113337	-31.2419638495359	-18.2848558866635
36761	172.5	115.932779677577	129.184367366878	-56.5672203224231	-43.3156326331217
36762	172.5	102.681191988275	114.165901319003	-69.8188080117245	-58.3340986809966
36766	261.5	240.284465070835	245.449096238398	-21.2155349291646	-16.0509037616023
36771	261.5	246.094675134343	250.398534440645	-15.405324865657	-11.1014655593551
36772	261.5	248.031411822179	253.196042989741	-13.4685881778212	-8.30395701025887
36773	196.9	191.435661944309	200.258573522228	-5.46433805569126	3.35857352222769
36774	196.9	186.916609672692	194.44836345872	-9.98339032730826	-2.45163654127992
36775	196.9	165.827699071812	174.865803615046	-31.0723009281876	-22.0341963849536
36776	196.9	181.967171470445	190.359697117733	-14.9328285295554	-6.5403028822667
36777	196.9	203.486468001954	212.309379579873	6.58646800195407	15.409379579873
36778	196.9	205.208011724475	212.954958475818	8.30801172447485	16.0549584758183
36779	196.9	207.575134342941	214.676502198339	10.6751343429409	17.776502198339
36780	196.9	202.840889106009	212.309379579873	5.9408891060088	15.409379579873
36781	196.9	198.752222765022	208.866292134831	1.85222276502202	11.9662921348315
36782	196.9	197.676257938447	205.85359062042	0.77625793844652	8.95359062042013
36783	196.9	209.727063996092	216.82843185149	12.8270639960919	19.92843185149
36784	196.9	188.853346360528	197.030679042501	-8.04665363947237	0.130679042501242
36785	196.9	193.58759159746	201.980117244748	-3.31240840254031	5.08011724474841
36786	196.9	182.827943331705	190.574890083048	-14.072056668295	-6.32510991695165
36787	196.9	186.916609672692	196.815486077186	-9.98339032730826	-0.0845139228138692
36788	196.9	209.081485100147	215.96765999023	12.1814851001466	19.0676599902296
36789	196.9	196.600293111871	202.840889106009	-0.299706888128981	5.9408891060088
36790	196.9	192.511626770884	200.258573522228	-4.38837322911576	3.35857352222769
36791	181.5	138.349780166097	146.457743038593	-43.1502198339033	-35.042256961407
36792	179.3	164.063605276014	173.098192476795	-15.2363947239863	-6.20180752320471
36793	179.3	175.878065461651	182.59609184172	-3.42193453834886	3.29609184171954
36794	179.3	177.036345872008	183.522716170005	-2.2636541279922	4.22271617000484
36795	179.3	170.781631656082	178.657938446507	-8.51836834391798	-0.642061553492965
36796	179.3	171.013287738153	178.194626282364	-8.28671226184662	-1.10537371763559
36797	181.5	177.49965803615	186.302589154861	-4.00034196384956	4.80258915486075
36798	179.3	167.075134342941	175.414753297509	-12.2248656570591	-3.88524670249149
36799	179.3	176.341377625794	183.986028334148	-2.95862237420619	4.68602833414752
36800	179.3	173.793160723009	182.827747923791	-5.50683927699077	3.52774792379086
36801	181.5	174.256472887152	182.364435759648	-7.24352711284808	0.864435759648245
36802	199.6	169.855007327797	177.036345872008	-29.7449926722033	-22.5636541279922
36803	181.6	175.183097215437	181.669467513434	-6.41690278456278	0.0694675134342617
36804	191.1	162.442012701514	169.160039081583	-28.6579872984856	-21.9399609184172
36805	212.4	168.928382999511	177.268001954079	-43.4716170004886	-35.1319980459209
36806	212.4	193.483927699072	204.371763556424	-18.9160723009282	-8.02823644357599
36807	182.6	184.680996580361	193.020615534929	2.08099658036147	10.4206155349292
36808	182.6	187.92418172936	195.105520273571	5.32418172935999	12.5055202735711
36809	182.6	153.175769418661	160.125451880801	-29.4242305813385	-22.4745481191988
36810	182.6	176.804689789936	184.912652662433	-5.79531021006355	2.31265266243278
36811	182.6	182.827747923791	189.545774303859	0.227747923790872	6.94577430385928
36812	182.6	183.754372252076	190.935710796287	1.15437225207617	8.3357107962872
36813	182.6	183.059404005862	189.777430385931	0.45940400586224	7.17743038593059
36814	182.6	177.268001954079	184.217684416219	-5.33199804592087	1.61768441621885
36815	182.6	206.456668295066	211.553102100635	23.8566682950659	28.953102100635
36816	182.6	172.634880312653	180.97449926722	-9.96511968734737	-1.62550073277973
36817	182.6	177.962970200293	184.680996580361	-4.63702979970694	2.08099658036147
36818	182.6	177.962970200293	184.44934049829	-4.63702979970694	1.84934049829016
36819	179.3	168.69672691744	176.573033707865	-10.6032730825599	-2.72696629213488
36820	179.3	165.916853932584	173.561504640938	-13.3831460674158	-5.73849535906209
36821	179.3	203.908451392281	208.773229115779	24.6084513922813	29.4732291157791
36822	179.3	205.761700048852	210.62647777235	26.4617000488519	31.3264777723497
36823	192.7	174.024816805081	185.607620908647	-18.6751831949194	-7.09237909135322
36824	182.6	240.278456277479	246.996482657548	57.6784562774792	64.3964826575476
36825	182.6	180.511187103078	187.92418172936	-2.08881289692235	5.32418172935999
36826	182.6	176.109721543723	183.522716170005	-6.49027845627748	0.922716170004861
36827	230.5	203.7052271617	208.4738641915	-26.7947728382999	-22.0261358085003
36828	230.5	174.226380068393	181.812848070347	-56.2736199316072	-48.6871519296532
36829	230.5	205.005764533464	210.424670249145	-25.4942354665364	-20.0753297508549
36830	108.6	133.965266243283	146.705080605764	25.3652662432828	38.1050806057645
36831	205.8	176.301123595506	181.896238397655	-29.4988764044944	-23.9037616023449
36832	205.8	166.288812896922	172.47288715193	-39.5111871030777	-33.3271128480704
36833	205.8	191.614069369809	196.91470444553	-14.1859306301906	-8.88529555446999
36834	92.4	110.632144601856	121.233414753297	18.2321446018563	28.8334147532975
36835	74.3	95.9081582804103	107.392867611138	21.6081582804103	33.0928676111382
36836	74.3	78.2393746946751	90.6075232046897	3.9393746946751	16.3075232046897
36837	76.9	98.5584758182706	111.221104054714	21.6584758182706	34.3211040547142
36838	90.3	89.1351245725452	99.1474352711284	-1.16487542745485	8.84743527112845
36839	76.9	80.5952125061064	91.1964826575476	3.69521250610643	14.2964826575476
36840	76.9	94.7302393746947	107.687347337567	17.8302393746947	30.7873473375671
36841	68.9	99.585100146556	107.601709819248	30.685100146556	38.7017098192477
36842	68.9	103.593404982902	112.411675622863	34.6934049829018	43.5116756228628
36843	66.6	108.093649242794	126.481289692233	41.4936492427943	59.8812896922325
36844	14.1	80.8093307278944	88.2682462139716	66.7093307278944	74.1682462139716
36845	14.1	85.8707376648753	95.9935515388373	71.7707376648754	81.8935515388373
36847	52.9	97.399609184172	107.838348803127	44.499609184172	54.9383488031265
36848	42.9	88.8344894968246	100.611529066927	45.9344894968246	57.7115290669272
36849	127.5	140.669076697606	150.386907669761	13.1690766976062	22.8869076697606
36850	104.8	95.2392769907181	108.762383976551	-9.56072300928192	3.96238397655101
36851	104.8	107.210552027357	123.615632633122	2.41055202735707	18.8156326331216
36852	104.8	114.304640937958	130.488031265266	9.50464093795794	25.6880312652662
36853	104.8	101.446604787494	115.413092330239	-3.35339521250613	10.6130923302394
36854	104.8	117.18661455789	134.478456277479	12.3866145578896	29.6784562774792
36855	104.8	123.172252076209	135.143527112848	18.3722520762091	30.343527112848
36856	104.8	107.432242305813	119.625207620909	2.63224230581336	14.8252076209086
36857	104.8	133.148314606742	150.883536883244	28.3483146067415	46.0835368832437
36858	104.8	119.625207620909	134.478456277479	14.8252076209086	29.6784562774792
36859	239.9	223.830874450415	232.170493404983	-16.0691255495848	-7.72950659501711
36860	259	204.603419638495	213.638006839277	-54.3965803615047	-45.361993160723
36861	239.9	228.000683927699	237.961895456766	-11.899316072301	-1.93810454323406
36862	239.9	196.495456765999	204.603419638495	-43.404543234001	-35.2965803615047
36863	239.9	221.745969711773	230.548900830484	-18.1540302882267	-9.3510991695164
36864	239.9	208.541573033708	215.491255495848	-31.3584269662922	-24.4087445041525
36865	239.9	200.433610161212	206.688324377137	-39.4663898387885	-33.2116756228628
36866	239.9	211.089789936492	218.734440644846	-28.8102100635076	-21.1655593551539
36867	239.9	180.047874938935	187.460869565217	-59.852125061065	-52.4391304347826
36868	239.9	196.72711284807	205.066731802638	-43.1728871519297	-34.833268197362
36869	207.3	212.940742550073	217.74968246214	5.64074255007318	10.4496824621396
36870	207.3	218.002784562775	223.317928676111	10.7027845627747	16.0179286761113
36871	207.3	199.526331216414	206.866292134831	-7.77366878358583	-0.433707865168628
36872	207.3	215.218661455789	221.040009770396	7.91866145578888	13.7400097703956
36873	207.3	212.434538348803	217.496580361505	5.13453834880301	10.1965803615045
36874	207.3	209.650415241817	215.218661455789	2.35041524181719	7.91866145578888
36875	207.3	212.181436248168	216.231069858329	4.88143624816797	8.93106985832918
36876	205.6	188.374792379091	197.798143624817	-17.2252076209087	-7.80185637518326
36877	205.6	193.675427454812	201.037420615535	-11.9245725451881	-4.5625793844651
36878	205.6	175.12320468979	184.841035661944	-30.4767953102101	-20.7589643380558
36879	205.6	192.497508549096	204.276697606253	-13.1024914509038	-1.32330239374699
36880	205.6	179.834880312653	189.552711284807	-25.7651196873474	-16.047288715193
36881	33.5	103.973619931607	119.632975085491	70.4736199316072	86.1329750854909
36882	112	55.5201758671226	68.4918417195896	-56.4798241328774	-43.5081582804104
36884	70.3	126.757596482658	136.410747435271	56.4575964826575	66.1107474352711
36885	70.3	110.829897410845	125.06829506595	40.5298974108452	54.7682950659502
36886	70.3	57.2549096238398	79.6984855886663	-13.0450903761602	9.39848558866633
36887	70.3	110.347239863214	123.620322423058	40.0472398632145	53.3203224230581
36889	70.3	127.722911577919	138.341377625794	57.4229115779189	68.0413776257939
36900	137.6	126.354372252076	142.018514899853	-11.2456277479238	4.41851489985345
36902	109.1	82.6371275036639	97.5571079628725	-26.4628724963361	-11.5428920371275
36903	109.1	98.7603321934538	116.086761113825	-10.3396678065462	6.98676111382511
36904	109.1	110.551929653151	124.990620420127	1.45192965315096	15.890620420127
36905	109.1	99.0009770395701	116.327405959941	-10.0990229604299	7.22740595994136
36917	143.8	122.766389838788	137.753004396678	-21.0336101612116	-6.04699560332196
36918	143.8	131.226575476307	145.72975085491	-12.5734245236933	1.9297508549096
36920	158.3	108.865266243283	143.908353688324	-49.4347337567172	-14.3916463116757
36921	158.3	166.288812896922	202.804298974108	7.98881289692227	44.5042989741084
36922	158.3	76.7669760625305	102.386712261847	-81.5330239374695	-55.9132877381535
36924	158.3	109.159745969712	144.202833414753	-49.1402540302883	-14.0971665852468
36925	158.3	166.288812896922	172.178407425501	7.98881289692227	13.8784074255007
36928	158.3	99.7363947239863	107.687347337567	-58.5636052760137	-50.6126526624329
36929	158.3	113.871421592574	121.233414753297	-44.4285784074255	-37.0665852467025
36931	213.2	134.225989252565	147.640400586224	-78.9740107474353	-65.5595994137763
36932	213.2	145.362481680508	155.486565705911	-67.837518319492	-57.713434294089
36933	189.3	171.20752320469	181.321592574499	-18.0924767953102	-7.97840742550071
36934	189.3	202.410503175379	210.803028822667	13.1105031753786	21.5030288226673
36935	189.3	176.372154372252	186.916609672692	-12.9278456277479	-2.38339032730826
36936	189.3	213.600537371764	223.284220810943	24.3005373717636	33.9842208109428
36937	197.6	179.600048851979	191.005276013679	-17.9999511480215	-6.59472398632141
36938	175.5	185.195065950171	196.815486077186	9.69506595017097	21.3154860771861
36939	175.5	157.219980459209	168.194821690278	-18.2800195407914	-7.30517830972153
36940	169.6	192.296433805569	203.271275036639	22.6964338055691	33.671275036639
36941	163.8	201.549731314118	226.512115290669	37.7497313141182	62.7121152906693
36942	163.8	187.346995603322	206.499169516365	23.546995603322	42.6991695163654
36943	85.4	112.435026868588	123.746507083537	27.0350268685881	38.3465070835368
36944	109.2	126.774206155349	141.345872007816	17.5742061553493	32.1458720078163
36946	109.2	127.714313629702	141.815925744993	18.514313629702	32.6159257449927
36947	109.2	132.884904738642	146.986516853933	23.6849047386419	37.7865168539326
36948	109.2	126.539179286761	139.465657059111	17.3391792867611	30.2656570591109
36949	189.7	210.803028822667	220.701905227162	21.1030288226674	31.0019052271618
36950	181.6	218.980361504641	226.942501221299	37.380361504641	45.3425012212995
36951	181.6	219.195554469956	227.80327308256	37.595554469956	46.2032730825599
36952	181.6	202.410503175379	209.942256961407	20.8105031753786	28.342256961407
36953	181.6	205.42320468979	212.309379579873	23.82320468979	30.709379579873
36954	181.6	206.068783585735	212.309379579873	24.4687835857353	30.709379579873
36955	181.6	124.295456765999	135.270297997069	-57.304543234001	-46.3297020029311
36956	181.6	149.903419638495	159.37191011236	-31.6965803615046	-22.2280898876404
36957	181.6	153.561700048852	162.814997557401	-28.038299951148	-18.7850024425989
36958	181.6	212.094186614558	218.549975574011	30.4941866145579	36.9499755740108
36959	181.6	201.764924279433	209.942256961407	20.1649242794334	28.342256961407
36960	181.6	203.056082071324	211.233414753298	21.4560820713239	29.6334147532975
36961	181.6	167.764435759648	178.308891060088	-13.8355642403517	-3.29110893991202
36962	181.6	168.194821690278	177.232926233512	-13.4051783097215	-4.36707376648752
36963	181.6	160.447874938935	169.055593551539	-21.152125061065	-12.5444064484611
36964	181.6	146.029946262824	155.928822667318	-35.5700537371763	-25.671177332682
36965	181.6	152.916121152907	161.523839765511	-28.6838788470933	-20.0761602344895
36966	181.6	153.131314118222	164.536541279922	-28.4686858817782	-17.0634587200781
36967	181.6	214.246116267709	221.993063019052	32.6461162677089	40.3930630190523
36968	181.6	150.764191499756	159.156717147044	-30.8358085002442	-22.4432828529555
36969	181.6	163.245383488031	170.77713727406	-18.3546165119687	-10.8228627259404
36970	181.6	204.99281875916	212.309379579873	23.3928187591598	30.709379579873
36971	181.6	214.246116267709	221.777870053737	32.6461162677089	40.1778700537372
36972	181.6	207.144748412311	214.461309233024	25.5447484123107	32.861309233024
36973	181.6	213.170151441133	219.625940400586	31.5701514411334	38.0259404005863
36974	181.6	162.814997557401	172.49868099658	-18.7850024425989	-9.10131900341963
36975	181.6	209.081485100147	218.765168539326	27.4814851001466	37.1651685393259
36976	181.6	203.271275036639	210.587835857352	21.671275036639	28.9878358573523
36977	181.6	212.094186614558	218.980361504641	30.4941866145579	37.380361504641
36978	181.6	216.82843185149	222.853834880313	35.22843185149	41.2538348803127
36979	181.6	211.448607718613	217.904396678065	29.8486077186126	36.3043966780655
36980	181.6	208.220713238886	215.106888128969	26.6207132388862	33.5068881289693
36981	181.6	215.322081094284	221.777870053737	33.7220810942844	40.1778700537372
36982	181.6	203.486468001954	210.157449926722	21.8864680019541	28.557449926722
36983	181.6	205.638397655105	212.309379579873	24.038397655105	30.709379579873
36984	181.6	199.182608695652	206.068783585735	17.5826086956522	24.4687835857353
36985	181.6	214.891695163654	221.347484123107	33.2916951636541	39.747484123107
36986	181.6	203.486468001954	210.803028822667	21.8864680019541	29.2030288226674
36987	181.6	203.486468001954	211.878993649243	21.8864680019541	30.2789936492428
36988	181.6	209.942256961407	217.474010747435	28.342256961407	35.8740107474353
36989	181.6	146.245139228139	155.928822667318	-35.3548607718612	-25.671177332682
36990	181.6	219.410747435271	227.157694186615	37.8107474352711	45.5576941866146
36991	181.6	213.815730337079	221.347484123107	32.2157303370787	39.747484123107
36992	181.6	195.954714215926	203.916853932584	14.3547142159258	22.3168539325843
36993	181.6	167.118856863703	175.726575476307	-14.481143136297	-5.87342452369319
36994	181.6	210.157449926722	217.474010747435	28.557449926722	35.8740107474353
36995	181.6	208.866292134831	215.752467024915	27.2662921348315	34.1524670249145
36996	181.6	204.347239863214	212.954958475818	22.7472398632145	31.3549584758183
36997	181.6	209.296678065462	215.96765999023	27.6966780654617	34.3676599902296
36998	181.6	207.790327308256	214.461309233024	26.190327308256	32.861309233024
36999	176.8	203.486468001954	211.448607718613	26.6864680019541	34.6486077186126
37000	176.8	217.68920371275	224.144992672203	40.8892037127503	47.3449926722032
37001	176.8	168.840400586224	177.017733268197	-7.95959941377626	0.21773326819735
37002	49.6	91.7646311675622	102.381143136297	42.1646311675622	52.781143136297
37008	265.7	229.496922325354	237.676111382511	-36.2030776746458	-28.023888617489
37011	265.7	231.864582315584	239.828529555447	-33.8354176844163	-25.871470444553
37013	265.7	211.201367855398	217.443380556913	-54.4986321446019	-48.2566194430875
37014	265.7	228.205471421593	240.259013190034	-37.4945285784074	-25.4409868099658
37017	265.7	210.555642403517	217.443380556913	-55.1443575964827	-48.2566194430875
37020	265.7	226.483536883244	237.460869565217	-39.2164631167562	-28.2391304347826
37021	268.3	224.546360527601	233.371275036639	-43.7536394723987	-34.928724963361
37025	265.7	224.331118710308	235.738935026869	-41.3688812896922	-29.9610649731314
37026	55.4	92.295456765999	104.769858329262	36.895456765999	49.3698583292623
37028	95.1	80.3518808011724	94.6841719589643	-14.7481191988276	-0.415828041035695
37029	251.5	246.094675134343	250.61372740596	-5.40532486565704	-0.886272594040037
37030	251.5	227.588080117245	233.398290180752	-23.9119198827553	-18.1017098192476
37031	251.5	246.740254030288	253.841621885686	-4.75974596971176	2.34162188568641
37032	251.5	248.676990718124	256.208744504152	-2.82300928187593	4.70874450415249
37035	251.5	245.018710307767	250.398534440645	-6.48128969223254	-1.10146555935515
37036	251.5	248.031411822179	252.980850024426	-3.4685881778212	1.48085002442602
37037	251.5	249.107376648754	254.702393746947	-2.3926233512457	3.2023937469468
37038	251.5	249.968148510015	254.487200781632	-1.53185148998531	2.98720078163169
37039	251.2	215.537274059599	223.714606741573	-35.6627259404006	-27.4853932584269
37041	251.2	231.246360527601	240.930043966781	-19.9536394723986	-10.2699560332193
37042	251.2	242.436394723986	247.170639960918	-8.76360527601364	-4.02936003908158
37043	251.5	196.815486077186	204.99281875916	-54.6845139228139	-46.5071812408403
37044	251.5	248.892183683439	253.411235955056	-2.60781631656081	1.91123595505618
37045	251.5	250.828920371275	256.423937469468	-0.671079628724925	4.92393746946755
37046	251.5	249.7529555447	254.487200781632	-1.74704445530043	2.98720078163169
37047	251.5	237.056570591109	242.436394723986	-14.443429408891	-9.06360527601365
37048	251.5	241.360429897411	246.955446995603	-10.1395701025891	-4.54455300439665
37049	251.5	220.701905227162	229.309623839766	-30.7980947728383	-22.1903761602345
37050	179.9	184.334294088911	191.866047874939	4.43429408891063	11.966047874939
37051	143	157.435564240352	164.417049340498	14.4355642403517	21.4170493404982
37052	143	155.108402540303	161.314167073766	12.1084025403028	18.3141670737664
37053	143	113.995212506106	124.59672691744	-29.0047874938935	-18.4032730825599
37054	132.4	115.546653639472	124.338153395212	-16.8533463605277	-8.06184660478755
37055	143	159.762725940401	167.261358085002	16.7627259404005	24.2613580850024
37056	143	134.422520762091	141.404005862237	-8.57747923790922	-1.59599413776263
37057	143	147.609770395701	154.849829018075	4.60977039570096	11.8498290180752
37058	143	146.57547630679	154.33268197362	3.57547630679036	11.3326819736199
37059	143	110.633756717147	118.908109428432	-32.366243282853	-24.0918905715682
37060	143	84.2592574499267	89.172154372252	-58.7407425500733	-53.827845627748
37061	143	137.008255984367	145.282608695652	-5.99174401563269	2.2826086956521
37062	143	161.055593551539	167.778505129458	18.0555935515387	24.7785051294577
37063	132.4	124.079579872985	133.38822667318	-8.32042012701521	0.988226673180179
37064	132.4	141.14543234001	148.126917440156	8.7454323400097	15.7269174401563
37065	132.4	128.216756228627	135.198241328774	-4.18324377137282	2.79824132877377
37066	132.4	111.150903761602	120.20097703957	-21.2490962383977	-12.1990229604299
37067	132.4	112.960918417196	122.269565217391	-19.4390815828041	-10.1304347826087
37068	193.5	168.992427943332	175.456130923302	-24.5075720566684	-18.0438690766977
37069	184.4	191.829604298974	198.286858817782	7.42960429897411	13.8868588177821
37070	184.4	203.667904250122	208.833707865168	19.2679042501221	24.4337078651685
37071	184.4	184.511382510992	190.322911577919	0.11138251099166	5.92291157791888
37072	184.4	187.309526135808	194.627747923791	2.90952613580848	10.2277479237909
37073	184.4	190.753395212506	197.425891548608	6.35339521250606	13.0258915486077
37074	184.4	177.623644357596	186.663800683928	-6.77635564240356	2.26380068392766
37075	184.4	178.915095261358	187.309526135808	-5.48490473864192	2.90952613580848
37076	184.4	192.475329750855	199.147826086957	8.07532975085488	14.7478260869565
37077	184.4	190.9686370298	196.34968246214	6.5686370297997	11.9496824621397
37078	184.4	187.309526135808	193.336297020029	2.90952613580848	8.93629702002929
37079	184.4	192.475329750855	199.793551538837	8.07532975085488	15.3935515388373
37080	184.4	172.027357107963	180.852271617	-12.3726428920371	-3.54772838299951
37081	143.9	164.493893502687	170.520664386908	20.5938935026868	26.6206643869076
37082	143.9	190.753395212506	197.856375183195	46.8533952125061	53.9563751831949
37083	143.9	196.34968246214	203.452662432829	52.4496824621397	59.5526624328285
37084	160.4	188.170493404983	195.273473375672	27.7704934049829	34.8734733756717
37085	160.4	198.071617000489	204.74411333659	37.6716170004885	44.3441133365901
37086	160.4	201.085002442599	208.187982413288	40.6850024425989	47.7879824132877
37087	160.4	197.210649731314	203.022178798241	36.8106497313141	42.6221787982413
37088	160.4	203.883146067416	211.416609672692	43.4831460674157	51.0166096726917
37089	120	209.694675134343	215.50620420127	89.6946751343429	95.5062042012701
37090	120	154.162286272594	161.69574987787	34.162286272594	41.69574987787
37091	120	158.251880801172	163.848168050806	38.2518808011724	43.848168050806
37092	120	203.883146067416	208.403224230581	83.8831460674157	88.4032242305813
37093	48.6	81.4192965315095	94.2341475329751	32.8192965315095	45.6341475329751
37094	75.4	104.228041035662	114.39902296043	28.8280410356619	38.9990229604299
37095	183	151.676551050317	159.727699071812	-31.3234489496825	-23.2723009281876
37096	183	154.452808988764	163.336834391793	-28.547191011236	-19.6631656082072
37097	183	163.336834391793	169.999853444064	-19.6631656082072	-13.0001465559355
37098	257.9	241.145236932096	245.233903273083	-16.7547630679042	-12.6660967269174
37099	257.9	231.461553492916	235.980605764533	-26.4384465070835	-21.9193942354665
37100	257.9	232.752711284807	237.271763556424	-25.1472887151929	-20.6282364435759
37101	257.9	252.765657059111	256.208744504152	-5.13434294088907	-1.69125549584749
37102	257.9	252.550464093796	255.778358573522	-5.34953590620418	-2.12164142647774
37103	257.9	252.335271128481	255.563165608207	-5.56472887151924	-2.33683439179285
37104	257.9	254.487200781632	257.930288226673	-3.41279921836829	0.0302882266731785
37105	257.9	252.120078163166	255.993551538837	-5.77992183683435	-1.90644846116263
37106	257.9	252.980850024426	256.208744504152	-4.91914997557396	-1.69125549584749
37107	257.9	248.892183683439	252.335271128481	-9.00781631656079	-5.56472887151924
37109	235.7	200.688959452858	210.157449926722	-35.0110405471421	-25.542550073278
37110	244.6	223.714606741573	232.322325354177	-20.8853932584269	-12.2776746458231
37111	244.6	216.82843185149	223.714606741573	-27.77156814851	-20.8853932584269
37112	244.6	220.486712261847	230.385588666341	-24.1132877381534	-14.214411333659
37113	235.7	212.309379579873	220.917098192477	-23.390620420127	-14.7829018075232
37114	235.7	210.587835857352	218.765168539326	-25.1121641426477	-16.9348314606741
37115	244.6	214.676502198339	223.284220810943	-29.923497801661	-21.3157791890571
37116	244.6	235.980605764533	242.651587689301	-8.61939423546653	-1.94841231069859
37117	226.3	214.461309233024	222.208255984367	-11.838690766976	-4.0917440156326
37118	226.3	221.777870053737	230.600781631656	-4.52212994626282	4.30078163165606
37119	226.3	192.726819736199	200.258573522228	-33.5731802638007	-26.0414264777723
37120	235.7	220.917098192477	229.740009770396	-14.7829018075232	-5.95999022960424
37121	226.3	221.562677088422	231.461553492916	-4.73732291157793	5.16155349291645
37122	226.3	219.195554469956	228.879237909135	-7.10444553004399	2.57923790913534
37123	226.3	199.828187591597	207.575134342941	-26.4718124084025	-18.7248656570591
37124	226.3	216.182852955545	226.942501221299	-10.1171470444553	0.642501221299455
37125	226.3	198.752222765022	207.144748412311	-27.547777234978	-19.1552515876893
37126	235.7	213.170151441133	223.284220810943	-22.5298485588666	-12.4157791890571
37127	226.3	184.549487054226	192.296433805569	-41.7505129457743	-34.0035661944309
37128	226.3	214.246116267709	222.423448949682	-12.0538837322912	-3.87655105031754
37129	235.7	215.106888128969	224.575378602833	-20.5931118710307	-11.1246213971666
37130	235.7	218.765168539326	228.23365901319	-16.9348314606741	-7.46634098680991
37131	235.7	211.233414753298	220.701905227162	-24.4665852467025	-14.9980947728382
37132	235.7	217.474010747435	226.512115290669	-18.2259892525647	-9.18788470933069
37133	235.7	213.385344406448	221.562677088422	-22.3146555935515	-14.1373229115779
37134	235.7	229.524816805081	235.980605764533	-6.17518319491936	0.280605764533476
37135	235.7	197.245872007816	206.28397655105	-38.4541279921836	-29.4160234489496
37136	226.3	213.170151441133	220.917098192477	-13.1298485588667	-5.38290180752321
37137	226.3	208.005520273571	219.841133365901	-18.2944797264289	-6.45886663409865
37138	226.3	209.296678065462	217.043624816805	-17.0033219345383	-9.25637518319493
37139	235.7	212.309379579873	219.625940400586	-23.390620420127	-16.0740595994137
37140	244.6	245.664289203713	252.335271128481	1.06428920371275	7.73527112848075
37141	226.3	201.980117244748	209.942256961407	-24.3198827552516	-16.357743038593
37142	241.2	198.321836834392	207.790327308256	-42.8781631656082	-33.409672691744
37143	235.7	233.398290180752	239.854079140205	-2.30170981924763	4.1540791402052
37144	235.7	213.815730337079	221.993063019052	-21.8842696629213	-13.7069369809477
37145	235.7	217.043624816805	226.727308255984	-18.6563751831949	-8.97269174401558
37146	235.7	216.613238886175	225.866536394724	-19.0867611138251	-9.83346360527597
37147	235.7	212.309379579873	221.347484123107	-23.390620420127	-14.352515876893
37148	235.7	197.676257938447	205.638397655105	-38.0237420615535	-30.061602344895
37149	235.7	220.271519296532	228.66404494382	-15.4284807034685	-7.03595505617974
37150	235.7	209.727063996092	217.25881778212	-25.9729360039081	-18.4411822178798
37151	189.1	221.562677088422	230.385588666341	32.4626770884221	41.285588666341
37152	189.1	181.321592574499	190.574890083048	-7.77840742550069	1.47489008304836
37153	189.1	214.676502198339	221.347484123107	25.576502198339	32.247484123107
37154	189.1	215.322081094284	223.929799706888	26.2220810942844	34.8297997068881
37155	189.1	222.208255984367	229.309623839766	33.1082559843674	40.2096238397655
37156	189.1	229.309623839766	238.132535417684	40.2096238397655	49.0325354176844
37157	189.1	234.474255007328	244.373131411822	45.3742550073278	55.2731314118222
37158	189.1	226.512115290669	235.550219833903	37.4121152906693	46.4502198339033
37159	189.1	229.955202735711	238.993307278945	40.8552027357108	49.8933072789448
37160	195.6	226.081729360039	234.259062042013	30.4817293600391	38.6590620420127
37161	195.6	219.195554469956	227.80327308256	23.595554469956	32.2032730825599
37162	195.6	214.246116267709	223.284220810943	18.6461162677089	27.6842208109429
37163	190.5	216.613238886175	225.651343429409	26.1132388861749	35.1513434294089
37164	190.5	222.853834880313	229.524816805081	32.3538348803127	39.0248168050806
37165	190.5	219.841133365901	228.018466047875	29.3411333659014	37.518466047875
37166	190.5	221.777870053737	229.524816805081	31.2778700537372	39.0248168050806
37167	190.5	234.474255007328	242.866780654617	43.9742550073278	52.3667806546165
37168	190.5	209.081485100147	218.549975574011	18.5814851001466	28.0499755740107
37169	190.5	212.954958475818	219.410747435271	22.4549584758183	28.9107474352711
37170	190.5	225.436150464094	233.183097215437	34.9361504640938	42.6830972154372
37171	190.5	240.06927210552	250.61372740596	49.5692721055203	60.11372740596
37172	190.5	220.917098192477	227.80327308256	30.4170981924768	37.3032730825599
37173	190.5	208.866292134831	217.68920371275	18.3662921348315	27.1892037127504
37174	190.5	204.777625793845	213.385344406448	14.2776257938447	22.8853444064485
37175	190.5	218.549975574011	227.157694186615	28.0499755740107	36.6576941866146
37176	190.5	209.296678065462	217.904396678065	18.7966780654617	27.4043966780655
37177	190.5	217.043624816805	225.005764533464	26.5436248168051	34.5057645334636
37178	190.5	220.917098192477	228.23365901319	30.4170981924768	37.7336590131901
37179	190.5	202.410503175379	210.803028822667	11.9105031753786	20.3030288226674
37180	190.5	195.093942354665	204.777625793845	4.59394235466536	14.2776257938447
37181	190.5	196.600293111871	203.701660967269	6.10029311187103	13.2016609672692
37182	190.5	226.727308255984	235.550219833903	36.2273082559844	45.0502198339033
37183	190.5	229.524816805081	237.056570591109	39.0248168050806	46.556570591109
37184	190.5	228.448851978505	235.550219833903	37.9488519785051	45.0502198339033
37186	93.1	99.1961895456766	126.26829506595	6.09618954567657	33.1682950659501
37187	237.5	219.625940400586	228.23365901319	-17.8740595994138	-9.26634098680992
37188	237.5	210.803028822667	214.676502198339	-26.6969711773326	-22.823497801661
37189	96.9	78.2904250122129	88.667611138251	-18.6095749877871	-8.23238886174897
37190	96.9	109.421983390327	122.077088422081	12.5219833903272	25.177088422081
37191	96.9	77.2780166096726	89.4269174401563	-19.6219833903274	-7.47308255984373
37192	96.9	87.6552027357107	95.5013678553981	-9.24479726428928	-1.39863214460192
37193	96.9	116.002638006839	128.404640937958	19.1026380068392	31.5046409379579
37194	69	92.7172447484123	102.335124572545	23.7172447484123	33.3351245725451
37195	69	105.625451880801	114.737127503664	36.6254518808011	45.7371275036638
37196	102.8	59.5608695652173	71.962872496336	-43.2391304347827	-30.837127503664
37197	102.8	81.3276502198339	89.6800195407913	-21.4723497801661	-13.1199804592087
37198	102.8	59.5608695652173	68.9256472887151	-43.2391304347827	-33.8743527112849
37199	102.8	66.1415241817293	75.5063019052271	-36.6584758182707	-27.2936980947729
37200	102.8	58.8015632633121	69.1787493893502	-43.9984367366879	-33.6212506106498
37201	102.8	72.2159745969711	83.6055691255495	-30.5840254030289	-19.1944308744505
37202	102.8	77.0249145090376	85.8834880312652	-25.7750854909624	-16.9165119687348
37203	102.8	119.03986321446	134.225989252565	16.2398632144601	31.4259892525647
37204	57.6	109.928187591597	122.836394723986	52.3281875915974	65.2363947239863
37205	102.8	80.3152418172936	91.704836345872	-22.4847581827064	-11.095163654128
37206	102.8	83.3524670249145	93.9827552515877	-19.4475329750855	-8.81724474841234
37207	102.8	59.0546653639472	70.9504640937957	-43.7453346360528	-31.8495359062043
37208	69	71.2035661944308	79.3028334147533	2.20356619443083	10.3028334147533
37209	63.1	84.6949682462139	94.6598436736687	21.5949682462139	31.5598436736687
37210	63.1	97.6223742061553	107.856570591109	34.5223742061553	44.7565705911089
37211	63.1	97.6223742061553	107.317928676111	34.5223742061553	44.2179286761113
37212	65.4	94.39052271617	104.086077186126	28.9905227161699	38.686077186126
37213	64	87.6574987787005	98.4303370786516	23.6574987787005	34.4303370786516
37214	110	107.90425012213	117.965803615046	-2.09574987787011	7.96580361504635
37215	197.2	187.491353199805	193.675427454812	-9.70864680019545	-3.52457254518814
37216	197.2	182.485197850513	188.374792379091	-14.7148021494871	-8.82520762090869
37217	198	134.779482169028	145.08627259404	-63.2205178309722	-52.91372740596
37218	198	147.7365901319	154.215144113337	-50.2634098680997	-43.7848558866635
37219	198	137.724279433317	144.791792867611	-60.275720566683	-53.2082071323889
37220	198	131.834684904739	141.552515876893	-66.1653150952614	-56.447484123107
37221	198	167.172252076209	173.356326331216	-30.827747923791	-24.6436736687836
37222	193.8	137.135319980459	145.08627259404	-56.6646800195408	-48.71372740596
37223	193.8	148.031069858329	156.276502198339	-45.7689301416708	-37.523497801661
37224	85.5	55.1089399120664	68.834049829018	-30.3910600879336	-16.665950170982
37225	33.7	56.2180263800683	75.3987787005373	22.5180263800683	41.6987787005373
37226	64.7	109.454225696141	123.2947728383	44.7542256961406	58.5947728382999
37227	64.7	110.632144601856	121.527894479726	45.9321446018563	56.8278944797264
37228	64.7	103.564631167562	119.172056668295	38.8646311675622	54.472056668295
37229	64.7	97.3805569125549	109.159745969712	32.6805569125549	44.4597459697117
37230	64.7	98.8529555446995	109.454225696141	34.1529555446995	44.7542256961406
37231	265.5	209.760039081583	229.427063996092	-55.7399609184172	-36.0729360039082
37232	241.1	174.865803615046	188.207767464582	-66.2341963849536	-52.8922325354177
37233	94.8	49.3508549096238	66.3876893014167	-45.4491450903762	-28.4123106985833
37234	105	119.993209574988	132.946213971666	14.9932095749878	27.9462139716658
37235	66.7	68.9391304347826	93.8879335613092	2.23913043478258	27.1879335613092
37236	50.6	74.6352222765021	87.3937957987298	24.0352222765021	36.7937957987298
37237	50.6	75.6984367366878	87.9254030288226	25.0984367366878	37.3254030288226
37238	241.7	196.600293111871	203.916853932584	-45.099706888129	-37.7831460674157
37240	241.7	158.941524181729	167.118856863703	-82.7584758182706	-74.581143136297
37241	241.7	192.726819736199	198.321836834392	-48.9731802638006	-43.3781631656082
37246	134.9	114.253786028334	122.269565217391	-20.6462139716659	-12.6304347826087
37247	134.9	129.768197361993	138.042550073278	-5.13180263800689	3.1425500732779
37248	134.9	107.789447972643	119.425256472887	-27.1105520273572	-15.4747435271129
37249	232.7	187.86927210552	194.724719101124	-44.8307278944797	-37.9752808988764
37250	193.3	146.027405959941	151.464484611627	-47.2725940400587	-41.8355153883733
37251	232.7	168.484904738642	176.285930630191	-64.2150952613581	-56.4140693698095
37252	232.7	153.592037127504	158.556326331216	-79.1079628724963	-74.1436736687836
37253	232.7	159.974694675134	165.175378602833	-72.7253053248656	-67.5246213971666
37254	232.7	171.79443087445	177.467904250122	-60.9055691255496	-55.2320957498779
37255	232.7	159.501905227162	165.175378602833	-73.1980947728383	-67.5246213971666
37256	232.7	159.501905227162	164.938983878847	-73.1980947728383	-67.7610161211529
37257	232.7	153.36634098681	160.449389350269	-79.33365901319	-72.2506106497313
37258	238.5	148.40425012213	154.009868099658	-90.09574987787	-84.490131900342
37259	232.7	135.422618466048	144.394479726429	-97.2773815339521	-88.3055202735711
37260	232.7	162.574303859306	172.726673180264	-70.1256961406937	-59.9733268197362
37261	232.7	177.9209086468	185.240058622374	-54.7790913531998	-47.4599413776258
37262	232.7	160.447484123107	165.41177332682	-72.252515876893	-67.2882266731802
37263	232.7	170.837860283341	183.587347337567	-61.8621397166586	-49.1126526624329
37264	232.7	160.685490962384	171.073961895457	-72.014509037616	-61.6260381045433
37265	232.7	149.35261358085	160.921592574499	-83.34738641915	-71.7784074255008
37266	232.7	180.045823155838	186.420566682951	-52.6541768441622	-46.2794333170494
37267	232.7	142.269565217391	148.880410356619	-90.4304347826087	-83.8195896433806
37268	232.7	167.060234489497	172.726673180264	-65.6397655105032	-59.9733268197362
37269	232.7	152.658036150464	159.032779677577	-80.0419638495359	-73.667220322423
37270	232.7	149.35261358085	154.782950659502	-83.34738641915	-77.9170493404983
37271	232.7	179.573619931607	187.364973131412	-53.1263800683928	-45.3350268685882
37272	232.7	160.449389350269	165.87972642892	-72.2506106497313	-66.8202735710796
37273	232.7	141.32515876893	153.36634098681	-91.3748412310699	-79.33365901319
37274	232.7	180.518026380068	188.073277967758	-52.1819736199316	-44.6267220322423
37275	232.7	187.837176355642	195.156326331216	-44.8628236443576	-37.5436736687836
37276	232.7	175.559892525647	182.879042501221	-57.1401074743527	-49.8209574987787
37277	232.7	179.573619931607	186.420566682951	-53.1263800683928	-46.2794333170494
37278	232.7	172.726673180264	180.990229604299	-59.9733268197362	-51.709770395701
37279	232.7	143.922276502198	149.824816805081	-88.7777234978016	-82.8751831949194
37280	232.7	159.504982901807	164.935319980459	-73.1950170981925	-67.7646800195408
37281	232.7	149.824816805081	156.671763556424	-82.8751831949194	-76.028236443576
37282	232.7	169.657352222765	182.170737664875	-63.042647777235	-50.5292623351246
37283	232.7	168.004640937958	173.43497801661	-64.695359062042	-59.2650219833904
37284	232.7	168.712945774304	174.379384465071	-63.9870542256961	-58.3206155349292
37285	232.7	178.393111871031	185.712261846605	-54.3068881289692	-46.9877381533952
37286	232.7	201.767171470445	208.850219833903	-30.9328285295555	-23.8497801660967
37287	232.7	186.892769907181	193.267513434294	-45.8072300928188	-39.4324865657059
37288	136	153.58104543234	162.041426477772	17.58104543234	26.0414264777723
37289	136	109.858036150464	116.839521250611	-26.141963849536	-19.1604787493894
37290	136	118.390962383976	126.665315095261	-17.6090376160235	-9.33468490473868
37291	136	116.322374206155	123.045285784074	-19.6776257938447	-12.9547142159258
37292	164.1	150.677625793845	157.511382510992	-13.4223742061554	-6.58861748900839
37293	117.5	120.718124084025	126.665315095261	3.21812408402533	9.16531509526132
37294	117.5	155.625549584758	165.451343429409	38.1255495847581	47.9513434294088
37295	117.5	152.264093795799	161.314167073766	34.7640937957987	43.8141670737664
37296	117.5	124.855300439668	131.061064973131	7.35530043966773	13.5610649731314
37297	117.5	144.506888128969	153.039814362482	27.0068881289692	35.5398143624816
37298	117.5	141.921152906693	148.385490962384	24.4211529066926	30.8854909623839
37299	117.5	121.752418172936	129.251050317538	4.25241817293593	11.7510503175378
37300	130.7	140.111138251099	145.799755740107	9.41113825109912	15.0997557401074
37301	130.7	137.78397655105	144.506888128969	7.08397655105026	13.8068881289692
37302	136	118.908109428432	128.99247679531	-17.0918905715682	-7.00752320468987
37304	250	216.186223742062	221.745969711773	-33.8137762579385	-28.2540302882267
37305	250	196.958768930142	204.835075720567	-53.0412310698584	-45.1649242794334
37306	250	214.10131900342	220.819345383488	-35.8986809965804	-29.180654616512
37307	259.8	201.823546653639	208.078260869565	-57.9764533463606	-51.7217391304348
37308	259.8	175.183097215437	187.92418172936	-84.6169027845628	-71.87581827064
37309	259.8	216.186223742062	221.282657547631	-43.6137762579385	-38.5173424523693
37310	48.9	102.386712261847	115.04934049829	53.4867122618466	66.1493404982901
37311	114.1	148.031069858329	155.98202247191	33.9310698583292	41.8820224719101
37312	114.1	117.69965803615	128.006448461163	3.5996580361504	13.9064484611627
37313	16.6	92.0799218368344	100.030874450415	75.4799218368344	83.4308744504152
37314	136.7	97.3805569125549	107.981827063996	-39.3194430874451	-28.7181729360039
37315	136.7	126.239570102589	135.957401074744	-10.4604298974109	-0.742598925256488
37316	48.1	115.932779677577	128.59540791402	67.8327796775769	80.4954079140205
37317	143.7	140.209379579873	150.105471421593	-3.49062042012702	6.40547142159261
37318	141.2	129.23888617489	135.469858329262	-11.9611138251099	-5.73014167073768
37319	141.2	151.39345383488	159.701416707377	10.1934538348803	18.5014167073766
37320	141.2	121.39247679531	128.315779189057	-19.8075232046898	-12.8842208109428
37321	141.2	158.316756228627	166.624719101124	17.1167562286273	25.4247191011236
37322	141.2	154.855105031754	161.778407425501	13.6551050317537	20.5784074255007
37323	141.2	144.93170493405	152.085784074255	3.73170493404984	10.885784074255
37324	141.2	149.316463116756	158.547532975085	8.11646311675622	17.3475329750855
37325	141.2	134.085197850513	142.854714215926	-7.11480214948708	1.65471421592576
37326	143.7	128.085002442599	136.392965315095	-15.6149975574011	-7.30703468490475
37327	148.9	166.855495847582	178.394333170493	17.9554958475818	29.4943331704934
37328	148.9	179.548216902785	226.395896433806	30.6482169027845	77.4958964338055
37330	148.9	151.624230581339	160.855300439668	2.7242305813385	11.9553004396678
37331	148.9	188.548510014656	203.087445041524	39.6485100146556	54.1874450415242
37332	148.9	143.085490962384	162.932291157792	-5.81450903761603	14.0322911577919
37337	148.9	158.160429897411	164.834538348803	9.26042989741083	15.9345383488031
37339	148.9	107.299120664387	133.995554469956	-41.6008793356131	-14.904445530044
37340	148.9	183.015730337079	212.934147532975	34.1157303370786	64.0341475329751
37342	148.9	121.107620908647	132.384562774792	-27.7923790913532	-16.5154372252076
37343	148.9	161.612554958476	168.746946751343	12.7125549584758	19.8469467513434
37344	160.6	126.400879335613	150.105471421593	-34.1991206643869	-10.4945285784074
37347	160.6	151.256179775281	159.311138251099	-9.34382022471911	-1.28886174890081
37348	143.7	135.931411822179	145.162481680508	-7.76858817782121	1.46248168050806
37349	143.7	136.52711284807	145.272496336102	-7.17288715192967	1.57249633610161
