36455	84.4	72.6454323400098	125.838202247191	-11.7545676599902	41.438202247191
36456	84.4	87.4212017586712	142.584074255007	3.02120175867122	58.1840742550073
36457	84.4	90.3763556424035	135.442452369321	5.97635564240352	51.042452369321
36458	84.4	84.2197850512946	135.442452369321	-0.180214948705412	51.042452369321
36459	84.4	31.2732779677577	81.5108939912066	-53.1267220322423	-2.88910600879336
36460	84.4	97.2717147044455	177.79965803615	12.8717147044455	93.3996580361504
36461	135.3	125.061651196873	201.331900341964	-10.2383488031266	66.0319003419638
36463	159.4	109.74870542257	187.196873473376	-49.6512945774305	27.7968734733756
36465	159.4	101.797752808989	159.515779189057	-57.6022471910113	0.115779189057093
36466	159.4	99.1474352711284	156.865461651197	-60.2525647288716	-2.53453834880315
36467	159.4	117.69965803615	182.485197850513	-41.7003419638496	23.0851978505129
36468	155.8	140.963556424035	205.16013678554	-14.8364435759649	49.3601367855398
36469	155.8	150.681387396189	217.822765021983	-5.11861260381053	62.0227650219833
36470	155.8	129.184367366878	195.736785539814	-26.6156326331217	39.9367855398143
36471	155.8	125.356130923302	199.56502198339	-30.4438690766977	43.7650219833903
36472	155.8	119.466536394724	186.01895456766	-36.3334636052761	30.2189545676599
36473	155.8	80.5952125061064	156.276502198339	-75.2047874938936	0.476502198338977
36474	155.8	127.711968734734	196.91470444553	-28.0880312652663	41.11470444553
36475	155.8	130.362286272594	186.01895456766	-25.437713727406	30.2189545676599
36476	155.8	142.43595505618	200.742940889106	-13.3640449438203	44.9429408891059
36477	155.8	158.337860283341	212.816609672692	2.53786028334142	57.0166096726917
36478	204.5	132.718124084025	185.135515388373	-71.7818759159747	-19.3644846116268
36479	204.5	146.853150952614	196.325744992672	-57.6468490473864	-8.17425500732784
36480	204.5	144.202833414753	191.908549096238	-60.2971665852467	-12.5914509037616
36481	204.5	132.423644357596	181.896238397655	-72.0763556424036	-22.6037616023449
36482	204.5	138.018759159746	193.380947728383	-66.4812408402541	-11.1190522716171
36483	204.5	169.52808988764	213.994528578407	-34.9719101123596	9.4945285784074
36484	199	159.221299462628	205.16013678554	-39.7787005373718	6.16013678553978
36485	199	155.098583292623	202.215339521251	-43.9014167073767	3.21533952125057
36486	199	143.024914509038	190.436150464094	-55.9750854909624	-8.56384953590626
36487	207	140.669076697606	188.963751831949	-66.3309233023938	-18.0362481680508
36488	113	47.7061064973131	144.581778212018	-65.2938935026869	31.5817782120176
36493	132.7	125.302491450904	192.729897410845	-7.39750854909624	60.0298974108451
36494	132.7	116.78006839277	175.434391792868	-15.9199316072301	42.7343917928676
36496	132.7	97.9806057645334	197.241768441622	-34.7193942354666	64.5417684416219
36498	238.5	185.375964826575	226.147435271128	-53.1240351734245	-12.3525647288715
36499	219.4	131.396824621397	207.144748412311	-88.0031753786028	-12.2552515876893
36501	109.6	28.1376648754275	80.6823644357597	-81.4623351245725	-28.9176355642403
36502	109.6	106.954714215926	163.996482657548	-2.64528578407425	54.3964826575477
36503	114.6	103.148216902785	166.083048363459	-11.4517830972154	51.4830483634587
36504	114.6	100.909428431851	163.595505617977	-13.6905715681486	48.9955056179775
36505	114.6	103.396971177333	158.122911577919	-11.2030288226673	43.5229115779189
36506	114.6	106.630776746458	161.356717147044	-7.9692232535418	46.7567171470444
36507	114.6	102.650708353688	166.083048363459	-11.9492916463117	51.4830483634587
36508	114.6	106.38202247191	163.097997068881	-8.2179775280899	48.4979970688813
36509	114.6	101.1581827064	155.38661455789	-13.4418172936004	40.7866145578896
36510	114.6	106.630776746458	161.854225696141	-7.9692232535418	47.2542256961407
36511	114.6	104.889496824621	162.102979970689	-9.71050317537865	47.5029799706888
36512	114.6	106.630776746458	163.595505617977	-7.9692232535418	48.9955056179775
36513	114.6	108.620810942843	164.093014167074	-5.97918905715684	49.4930141670738
36514	114.6	106.879531021006	162.849242794333	-7.72046897899369	48.2492427943331
36515	114.6	102.899462628236	173.296922325354	-11.7005373717636	58.6969223253542
36516	114.6	108.620810942843	171.555642403517	-5.97918905715684	56.9556424035173
36517	114.6	94.9393258426966	161.605471421593	-19.6606741573034	47.0054714215925
36518	114.6	108.372056668295	167.326819736199	-6.22794333170495	52.7268197361993
36519	114.6	104.143234000977	170.311871030777	-10.456765999023	55.7118710307767
36520	114.6	110.113336590132	168.57059110894	-4.4866634098681	53.9705911089399
36521	147.9	108.875329750855	190.376551050318	-39.0246702491451	42.4765510503175
36522	147.9	122.336492427943	181.076111382511	-25.5635075720567	33.176111382511
36523	147.9	122.336492427943	187.929066927211	-25.5635075720567	40.0290669272105
36524	147.9	124.294479726429	184.747337567171	-23.6055202735711	36.8473375671715
36525	147.9	101.288128969223	187.6843185149	-46.6118710307767	39.7843185148998
36526	147.9	108.385832926234	168.593942354665	-39.5141670737665	20.6939423546654
36527	78.3	70.7004396678066	148.205080605765	-7.59956033219343	69.9050806057646
36528	78.3	79.1464582315584	150.68920371275	0.846458231558401	72.3892037127504
36529	78.3	98.2742061553493	161.370933072789	19.9742061553493	83.0709330727895
36530	78.3	93.3059599413776	154.415388373229	15.0059599413776	76.1153883732292
36531	78.3	88.337713727406	148.95031753786	10.037713727406	70.6503175378603
36532	78.3	87.0956521739131	160.377283829995	8.79565217391307	82.0772838299952
36533	78.3	72.4393258426966	155.905862237421	-5.86067415730336	77.6058622374206
36534	147.9	89.7849535906204	184.992085979482	-58.1150464093796	37.0920859794821
36536	134.9	135.715388373229	178.638593063019	0.815388373229041	43.738593063019
36537	134.9	144.506888128969	183.810063507572	9.60688812896916	48.910063507572
36538	118.2	43.6154372252076	104.613043478261	-74.5845627747924	-13.5869565217392
36539	118.2	82.5931607230092	126.886028334147	-35.6068392769908	8.68602833414745
36540	118.2	89.1738153395212	134.225989252565	-29.0261846604788	16.0259892525647
36541	118.2	71.962872496336	119.292965315095	-46.237127503664	1.09296531509521
36542	118.2	48.424377137274	104.866145578896	-69.775622862726	-13.3338544211041
36543	118.2	53.2333170493405	121.064680019541	-64.9666829506595	2.86468001954073
36544	108.4	100.007376648754	151.241426477772	-8.39262335124576	42.8414264777723
36545	106.4	123.617537860283	176.504298974108	17.2175378602833	70.1042989741084
36546	106.4	114.173473375672	165.87972642892	7.7734733756717	59.4797264289203
36547	106.4	116.062286272594	168.949047386419	9.662286272594	62.5490473864191
36548	106.4	123.617537860283	179.573619931607	17.2175378602833	73.1736199316072
36549	106.4	131.408891060088	183.115144113337	25.0088910600879	76.7151441133366
36550	106.4	114.409574987787	175.087689301417	8.00957498778698	68.6876893014167
36551	106.4	108.507034684905	176.504298974108	2.1070346849047	70.1042989741084
36552	106.4	117.951099169516	167.768539325843	11.5510991695163	61.3685393258427
36553	106.4	126.214655593551	176.740400586224	19.8146555935515	70.3404005862237
36554	106.4	109.451441133366	178.393111871031	3.05144113336587	71.9931118710307
36555	106.4	107.326526624328	178.865315095261	0.926526624328261	72.4653150952613
36556	106.4	108.034831460674	178.865315095261	1.63483146067412	72.4653150952613
36557	106.4	108.979237909135	191.614802149487	2.57923790913529	85.214802149487
36558	106.4	123.617537860283	182.406839276991	17.2175378602833	76.0068392769907
36559	106.4	112.520762090865	176.740400586224	6.12076209086464	70.3404005862237
36560	108.4	104.021104054714	162.102100635076	-4.37889594528582	53.7021006350757
36561	108.4	107.798729848559	154.074645823156	-0.601270151441156	45.6746458231558
36562	108.4	108.507034684905	162.338202247191	0.107034684904704	53.938202247191
36563	108.4	111.104152418173	160.449389350269	2.7041524181729	52.0493893502687
36564	106.4	95.9936492427943	191.378700537372	-10.4063507572057	84.9787005373717
36566	142.6	63.1593551538837	119.691646311676	-79.4406448461163	-22.9083536883244
36567	142.6	101.172447484123	149.663507572057	-41.4275525158769	7.06350757205661
36568	142.6	89.7197850512945	146.008402540303	-52.8802149487055	3.40840254030286
36569	142.6	105.802247191011	160.628822667318	-36.7977528089888	18.028822667318
36570	142.6	84.1152906692721	140.647581827064	-58.4847093307279	-1.95241817293606
36571	142.6	112.381436248168	157.217391304348	-30.218563751832	14.6173913043478
36572	83.4	56.447874938935	139.491157791891	-26.952125061065	56.0911577918905
36573	83.4	52.619638495359	140.080117244748	-30.780361504641	56.6801172447484
36574	162.8	140.963556424035	241.086663409868	-21.8364435759649	78.2866634098681
36575	162.8	165.110893991207	225.184758182706	2.3108939912066	62.3847581827063
36576	162.8	88.2516853932584	227.246116267709	-74.5483146067416	64.4461162677088
36577	104.5	79.9834391792867	172.801270151441	-24.5165608207133	68.3012701514411
36578	108.4	23.9505617977528	100.452760136786	-84.4494382022472	-7.94723986321446
36580	82.5	54.3414264777723	195.275622862726	-28.1585735222277	112.775622862726
36581	86.3	49.085881778212	143.908353688324	-37.214118221788	57.6083536883244
36582	87.5	76.7669760625305	162.755056179775	-10.7330239374695	75.2550561797752
36583	87.5	82.6565705911089	153.626184660479	-4.84342940889113	66.1261846604787
36584	87.5	82.0676111382511	125.650610649731	-5.43238886174893	38.1506106497312
36585	87.5	76.1780166096727	150.092427943332	-11.3219833903273	62.5924279433317
36586	86.3	24.9385442110405	164.22745481192	-61.3614557889595	77.9274548119198
36587	86.3	40.2514899853444	169.233610161211	-46.0485100146556	82.9336101612115
36588	87.5	69.6994626282364	131.834684904739	-17.8005373717636	44.3346849047386
36589	87.5	77.9448949682462	118.288617489008	-9.55510503175381	30.7886174890083
36590	87.5	81.4786516853932	116.227259404006	-6.0213483146068	28.7272594040058
36591	87.5	81.4786516853932	118.288617489008	-6.0213483146068	30.7886174890083
36592	87.5	81.1841719589643	136.84084025403	-6.3158280410357	49.3408402540303
36593	87.5	80.0062530532486	141.552515876893	-7.49374694675137	54.052515876893
36594	88.3	85.3068881289692	143.908353688324	-2.99311187103082	55.6083536883244
36595	100.6	75.5890571568148	120.938935026869	-25.0109428431852	20.3389350268686
36596	100.6	83.2455300439667	121.822374206155	-17.3544699560333	21.2223742061553
36597	100.6	81.1841719589643	120.055495847582	-19.4158280410357	19.4554958475818
36598	100.6	75.5890571568148	116.521739130435	-25.0109428431852	15.9217391304347
36599	100.6	56.7423546653639	130.951245725452	-43.8576453346361	30.3512457254519
36600	100.6	73.8221787982413	130.067806546165	-26.7778212017587	29.4678065461651
36601	100.6	62.0429897410845	139.785637518319	-38.5570102589155	39.1856375183194
36602	100.6	67.343624816805	172.767366878359	-33.256375183195	72.1673668783585
36607	89.5	88.3882755251587	132.390229604299	-1.11172447484125	42.890229604299
36608	89.5	97.1886663409868	145.101905227162	7.6886663409868	55.6019052271617
36609	89.5	98.1664875427455	147.546458231558	8.66648754274547	58.0464582315583
36610	89.5	96.9442110405471	147.302002931119	7.44421104054712	57.8020029311187
36611	89.5	110.878163165608	170.769711773327	21.3781631656082	81.2697117733268
36612	220.7	141.804836345872	198.273571079629	-78.895163654128	-22.4264289203713
36613	220.7	212.889008304836	243.891450903762	-7.81099169516366	23.1914509037616
36614	220.7	222.189741084514	258.063996091842	1.48974108451389	37.3639960918417
36615	220.7	189.858622374206	224.404201270151	-30.8413776257939	3.7042012701514
36616	220.7	216.210698583293	250.756277479238	-4.48930141670738	30.0562774792379
36618	220.7	216.210698583293	256.735319980459	-4.48930141670738	36.0353199804592
36619	220.7	227.28299951148	257.842550073278	6.58299951148021	37.142550073278
36620	220.7	226.618661455789	254.742305813385	5.91866145578896	34.0423058133854
36621	220.7	220.418172936004	253.635075720567	-0.281827063996133	32.9350757205667
36622	220.7	223.518417195896	261.164240351734	2.81841719589644	40.4642403517342
36623	58.2	59.3787982413287	123.207865168539	1.17879824132872	65.0078651685393
36624	64	78.2312652662432	152.833170493405	14.2312652662432	88.8331704934049
36625	58.2	64.2265754763067	137.481875915975	6.02657547630675	79.2818759159745
36626	58.2	74.9994137762579	149.870639960918	16.7994137762579	91.6706399609183
36627	58.2	64.4958964338055	130.748851978505	6.29589643380554	72.5488519785051
36628	58.2	53.4537371763556	137.481875915975	-4.74626282364441	79.2818759159745
36629	118.2	124.861211529067	179.278163165608	6.66121152906685	61.0781631656081
36630	118.2	125.114313629702	174.469223253542	6.91431362970194	56.2692232535417
36631	69	122.102735710796	171.570493404983	53.1027357107963	102.570493404983
36632	69	143.404640937958	201.866536394724	74.404640937958	132.866536394724
36633	69	54.4100146555936	96.7771372740596	-14.5899853444064	27.7771372740596
36634	173.9	124.942989741085	186.481827063996	-48.9570102589155	12.5818270639961
36635	173.9	169.203615046409	216.067806546165	-4.69638495359061	42.1678065461651
36636	69	32.6347337567172	110.741719589643	-36.3652662432828	41.7417195896434
36637	69	56.066829506595	131.096873473376	-12.933170493405	62.0968734733757
36638	69	59.6171470444553	122.576111382511	-9.38285295554468	53.576111382511
36639	81.4	93.3965315095261	155.255153883732	11.9965315095261	73.8551538837323
36640	105.1	105.911235955056	154.018221787982	0.811235955056191	48.9182217879824
36641	105.1	39.2282852955545	115.675525158769	-65.8717147044455	10.575525158769
36642	105.1	87.3352711284807	163.782510991695	-17.7647288715193	58.6825109916952
36643	105.1	56.8516365412799	130.202882266732	-48.2483634587201	25.1028822667318
36644	105.1	43.2768930141671	114.961064973131	-61.8231069858329	9.86106497313142
36645	120	113.229066927211	171.782266731803	-6.77093307278946	51.7822667318026
36648	57.8	50.0948216902784	134.230679042501	-7.70517830972157	76.4306790425012
36649	54.9	-6.43810454323403	166.87645334636	-61.338104543234	111.97645334636
36650	54.9	64.6925256472887	142.193063019052	9.79252564728868	87.2930630190522
36651	129	86.1903273082559	135.073961895457	-42.8096726917441	6.07396189545673
36652	129	83.8344894968246	138.313238886175	-45.1655105031754	9.31323888617484
36653	129	62.3374694675134	125.061651196873	-66.6625305324866	-3.93834880312656
36654	129	61.1595505617977	124.767171470444	-67.8404494382023	-4.23282852955552
36655	129	56.1533952125061	122.705813385442	-72.8466047874939	-6.29418661455796
36656	129	54.3865168539325	119.761016121153	-74.6134831460675	-9.23898387884716
36657	129	66.7546653639472	129.184367366878	-62.2453346360528	0.18436736687832
36658	129	64.9877870053737	129.773326819736	-64.0122129946263	0.773326819736127
36659	129	89.4296042989741	147.147630679042	-39.5703957010259	18.1476306790425
36660	145.3	161.871617000488	216.350366389839	16.5716170004885	71.0503663898387
36661	145.3	167.761211529067	227.246116267709	22.4612115290668	81.9461162677088
36662	145.3	157.159941377626	216.05588666341	11.8599413776257	70.7558866634098
36663	145.3	167.172252076209	221.945481191988	21.872252076209	76.6454811919882
36664	145.3	144.202833414753	214.289008304836	-1.09716658524675	68.9890083048363
36665	145.3	148.914509037616	206.632535417684	3.61450903761599	61.3325354176843
36666	145.3	148.031069858329	211.638690766976	2.73106985832922	66.338690766976
36667	145.3	159.515779189057	221.35652173913	14.2157791890571	76.0565217391304
36668	145.3	125.356130923302	178.068001954079	-19.9438690766977	32.7680019540791
36669	145.3	131.834684904739	207.8104543234	-13.4653150952614	62.5104543234
36670	126.3	125.356130923302	172.767366878359	-0.943869076697652	46.4673668783585
36671	126.3	130.362286272594	180.42383976551	4.06228627259399	54.1238397655105
36672	126.3	139.196678065462	226.657156814851	12.8966780654616	100.357156814851
36673	154.7	162.521543722521	220.395456765999	7.8215437225208	65.695456765999
36674	154.7	158.836687835857	220.828969223254	4.13668783585734	66.1289692232535
36675	32.8	8.2661455788959	151.299755740107	-24.5338544211041	118.499755740107
36676	131	96.4113336590132	160.40850024426	-34.5886663409868	29.4085002442598
36677	117.7	110.798925256473	164.460576453346	-6.90107474352716	46.7605764533463
36678	131	114.696238397655	170.292232535418	-16.3037616023449	39.2922325354176
36679	128.2	113.519101123595	196.855398143625	-14.6808988764045	68.6553981436248
36680	128.2	121.185051294577	177.566878358573	-7.01494870542257	49.3668783585735
36681	128.2	118.959452857841	167.428041035662	-9.24054714215924	39.2280410356619
36682	131	124.332877381534	180.670151441133	-6.6671226184661	49.6701514411333
36683	131	114.449145090376	168.809672691744	-16.5508549096239	37.809672691744
36684	131	97.15261358085	158.184660478749	-33.84738641915	27.1846604787494
36685	130.2	116.981143136297	168.91177332682	-13.218856863703	38.7117733268197
36686	130.2	120.443185148999	163.96599902296	-9.75681485100148	33.7659990229604
36687	127	115.991988275525	160.998534440645	-11.0080117244748	33.9985344406448
36688	127	112.282657547631	160.503957010259	-14.7173424523693	33.5039570102589
36689	154.7	124.302589154861	160.149975574011	-30.3974108451392	5.44997557401075
36690	154.7	132.159550561798	160.886565705911	-22.5404494382022	6.18656570591111
36691	154.7	135.105911089399	164.078456277479	-19.5940889106009	9.37845627747924
36692	154.1	124.793649242794	159.904445530044	-29.3063507572056	5.80444553004398
36693	154.1	120.619638495359	164.81504640938	-33.480361504641	10.7150464093795
36694	173.9	123.513336590132	163.235466536395	-50.3866634098682	-10.6645334636053
36695	173.9	123.271128480703	173.408207132389	-50.6288715192966	-0.491792867611196
36696	167.8	115.036052760137	160.81338544211	-52.7639472398633	-6.98661455788962
36697	128.5	108.875622862726	184.853248656571	-19.6243771372741	56.3532486565705
36698	128.5	122.982217879824	172.726526624328	-5.51778212017587	44.2265266243282
36699	128.5	105.163361016121	177.676209086468	-23.3366389838789	49.176209086468
36700	128.5	85.6121152906693	174.953883732291	-42.8878847093307	46.4538837322912
36701	128.5	116.300146555935	180.893502686859	-12.1998534440645	52.3935026868588
36702	128.5	107.143234000977	184.605764533464	-21.356765999023	56.1057645334636
36704	103.6	39.7026868588178	171.776844162189	-63.8973131411822	68.1768441621886
36705	103.6	24.0417195896433	124.532926233512	-79.5582804103566	20.9329262335124
36706	112.2	64.009574987787	140.447288715193	-48.190425012213	28.2472887151929
36708	142.8	115.437371763556	176.404640937958	-27.3626282364436	33.604640937958
36709	142.8	89.4786516853933	152.82745481192	-53.3213483146068	10.0274548119199
36710	142.8	104.006008793356	159.49574987787	-38.7939912066439	16.69574987787
36711	142.8	101.624474841231	160.686516853933	-41.1755251587689	17.8865168539326
36712	142.8	108.054616511969	164.25881778212	-34.7453834880313	21.4588177821202
36713	203.4	165.590815828041	215.344015632633	-37.809184171959	11.9440156326331
36714	142.8	101.148168050806	159.49574987787	-41.6518319491939	16.69574987787
36715	142.8	109.245383488031	151.87484123107	-33.5546165119687	9.07484123106988
36716	142.8	95.1943331704934	139.49086468002	-47.6056668295066	-3.30913531998047
36717	142.8	87.8115779189057	144.730239374695	-54.9884220810943	1.93023937469465
36718	142.8	71.8553004396678	142.110552027357	-70.9446995603322	-0.68944797264291
36719	142.8	65.6633121641427	135.680410356619	-77.1366878358573	-7.11958964338058
36720	142.8	116.628138739619	164.020664386908	-26.171861260381	21.2206643869077
36721	142.8	82.3340498290181	151.636687835857	-60.4659501709819	8.83668783585736
36722	142.8	72.0934538348803	147.588080117245	-70.7065461651197	4.78808011724473
36723	142.8	77.094675134343	152.351148021495	-65.705324865657	9.55114802149487
36724	88.7	94.4187591597459	205.361309233024	5.71875915974591	116.661309233024
36725	131.2	136.655007327797	257.711919882755	5.45500732779675	126.511919882755
36726	131.2	136.415290669272	205.933121641426	5.21529066927212	74.7331216414265
36727	131.2	115.080508060576	196.104738641915	-16.1194919394235	64.904738641915
36728	131.2	116.998241328774	204.494821690278	-14.2017586712262	73.2948216902785
36729	131.2	117.957107962872	194.426722032242	-13.2428920371275	63.2267220322423
36730	131.2	126.347191011236	186.276355642404	-4.85280898876402	55.0763556424035
36731	131.2	119.155691255496	169.735906204201	-12.0443087445042	38.5359062042013
36732	174.6	160.693698094773	214.877967757694	-13.9063019052272	40.2779677576941
36733	174.6	165.994333170493	224.890278456277	-8.60566682950662	50.2902784562774
36734	174.6	180.129360039082	241.675622862726	5.52936003908155	67.0756228627259
36735	174.6	169.822569614069	224.006839276991	-4.7774303859307	49.4068392769907
36736	174.6	165.405373717636	213.111089399121	-9.19462628236448	38.5110893991206
36737	174.6	186.313434294089	243.442501221299	11.7134342940889	68.8425012212994
36738	174.6	172.178407425501	238.730825598437	-2.4215925744993	64.1308255984367
36739	174.6	159.221299462628	215.466927210552	-15.3787005373718	40.866927210552
36740	174.6	166.288812896922	232.841231069858	-8.31118710307771	58.2412310698583
36741	174.6	155.98202247191	222.534440644846	-18.6179775280899	47.9344406448461
36742	174.6	173.945285784074	231.368832437714	-0.654714215925765	56.7688324377137
36743	174.6	177.184562774792	239.319785051295	2.58456277479235	64.7197850512945
36744	174.6	177.77352222765	227.540595994138	3.17352222765015	52.9405959941377
36745	97	53.2797752808988	174.838837322912	-43.7202247191012	77.8388373229115
36746	97	71.5932584269662	170.326819736199	-25.4067415730338	73.3268197361993
36747	188.7	173.789838788471	220.056326331216	-14.910161211529	31.3563263312164
36748	188.7	177.448119198828	214.676502198339	-11.2518808011724	25.976502198339
36749	188.7	163.030190522716	222.853834880313	-25.6698094772838	34.1538348803127
36750	188.7	180.676013678554	221.777870053737	-8.02398632144602	33.0778700537372
36751	188.7	181.321592574499	217.25881778212	-7.37840742550068	28.5588177821202
36752	188.7	182.827943331705	218.119589643381	-5.87205666829502	29.4195896433806
36753	160.3	163.245383488031	198.967415730337	2.94538348803127	38.6674157303371
36754	192.2	162.384611626771	211.663800683928	-29.8153883732291	19.4638006839277
36755	192.2	169.055593551539	234.474255007328	-23.1444064484611	42.2742550073278
36756	192.2	186.055837811431	227.157694186615	-6.14416218856863	34.9576941866146
36757	172.5	101.797752808989	190.730630190523	-70.7022471910113	18.2306301905226
36758	172.5	139.491157791891	198.681582804103	-33.0088422081095	26.1815828041035
36759	172.5	107.392867611138	178.068001954079	-65.1071323888618	5.56800195407911
36760	172.5	106.80390815828	188.66927210552	-65.6960918417196	16.1692721055202
36761	172.5	81.1841719589643	163.932975085491	-91.3158280410357	-8.56702491450906
36762	172.5	72.3497801660967	144.497313141182	-100.150219833903	-28.0026868588178
36766	261.5	226.081729360039	259.651831949194	-35.4182706399609	-1.84816805080607
36771	261.5	233.398290180752	263.094919394235	-28.1017098192476	1.59491939423549
36772	261.5	232.967904250122	268.044357596483	-28.5320957498779	6.54435759648266
36773	196.9	167.764435759648	223.929799706888	-29.1355642403517	27.0297997068881
36774	196.9	166.903663898388	214.676502198339	-29.9963361016121	17.776502198339
36775	196.9	142.156472887152	198.537029799707	-54.7435271128481	1.63702979970691
36776	196.9	160.017489008305	212.309379579873	-36.8825109916951	15.409379579873
36777	196.9	180.030434782609	235.765412799218	-16.8695652173913	38.8654127992184
36778	196.9	184.119101123596	234.043869076698	-12.7808988764045	37.1438690766976
36779	196.9	188.638153395213	233.613483146067	-8.26184660478748	36.7134831460674
36780	196.9	177.878505129458	237.271763556424	-19.0214948705423	40.3717635564241
36781	196.9	172.283488031265	235.119833903273	-24.6165119687347	38.2198339032731
36782	196.9	175.726575476307	227.588080117245	-21.1734245236932	30.6880801172447
36783	196.9	190.144504152418	236.410991695164	-6.75549584758181	39.5109916951637
36784	196.9	167.334049829018	218.765168539326	-29.5659501709819	21.8651685393259
36785	196.9	171.20752320469	224.360185637518	-25.6924767953102	27.4601856375184
36786	196.9	161.954225696141	211.448607718613	-34.9457743038593	14.5486077186126
36787	196.9	161.09345383488	222.423448949682	-35.8065461651197	25.5234489496825
36788	196.9	190.144504152418	234.689447972643	-6.75549584758181	37.7894479726429
36789	196.9	179.169662921348	220.486712261847	-17.7303370786517	23.5867122618466
36790	196.9	171.63790913532	221.347484123107	-25.26209086468	24.447484123107
36791	181.5	116.574108451392	168.465070835369	-64.9258915486077	-13.0349291646312
36792	179.3	139.739716658525	197.422081094284	-39.5602833414754	18.1220810942843
36793	179.3	157.113922813874	201.591890571568	-22.1860771861261	22.2918905715681
36794	179.3	158.735515388373	202.055202735711	-20.5644846116268	22.7552027357108
36795	179.3	149.932584269663	199.506985832926	-29.3674157303371	20.2069858329262
36796	179.3	151.322520762091	197.885393258427	-27.9774792379092	18.5853932584269
36797	181.5	154.102393746947	209.931509526136	-27.3976062530533	28.4315095261358
36798	179.3	144.836150464094	197.653737176356	-34.4638495359063	18.3537371763556
36799	179.3	155.260674157303	204.835075720567	-24.0393258426967	25.5350757205666
36800	179.3	149.46927210552	207.15163654128	-29.8307278944798	27.8516365412799
36801	181.5	152.94411333659	203.67679531021	-28.5558866634099	22.17679531021
36802	199.6	149.932584269663	196.958768930142	-49.6674157303371	-2.64123106985838
36803	181.6	157.345578895945	199.506985832926	-24.2544211040547	17.9069858329262
36804	191.1	143.214557889595	188.387493893503	-47.8854421104055	-2.71250610649733
36805	212.4	146.689399120664	199.506985832926	-65.7106008793357	-12.8930141670738
36806	212.4	165.453541768442	232.633805569126	-46.9464582315584	20.2338055691255
36807	182.6	162.442012701514	215.259599413776	-20.1579872984856	32.6595994137762
36808	182.6	168.233414753297	214.796287249634	-14.3665852467025	32.1962872496336
36809	182.6	133.71665852467	179.352906692721	-48.8833414753297	-3.24709330727896
36810	182.6	155.029018075232	206.919980459209	-27.5709819247679	24.3199804592086
36811	182.6	164.295261358085	208.078260869565	-18.304738641915	25.4782608695652
36812	182.6	163.600293111871	210.858133854421	-18.999706888129	28.2581338544211
36813	182.6	164.295261358085	208.541573033708	-18.304738641915	25.9415730337078
36814	182.6	158.503859306302	203.213483146067	-24.0961406936981	20.6134831460674
36815	182.6	192.093991206644	226.147435271128	9.49399120664387	43.5474352711285
36816	182.6	150.395896433806	203.445139228139	-32.2041035661944	20.8451392281387
36817	182.6	159.662139716658	202.981827063996	-22.9378602833415	20.381827063996
36818	182.6	159.89379579873	202.750170981925	-22.7062042012702	20.1501709819247
36819	179.3	147.61602344895	197.653737176356	-31.6839765510504	18.3537371763556
36820	179.3	145.067806546165	194.410552027357	-34.2321934538349	15.1105520273571
36821	179.3	189.777430385931	223.135906204201	10.4774303859306	43.8359062042013
36822	179.3	191.39902296043	224.989154860772	12.0990229604299	45.6891548607718
36823	192.7	144.372838299951	215.027943331705	-48.3271617000489	22.3279433317049
36824	182.6	221.051001465559	266.223937469468	38.4510014655594	83.6239374694675
36825	182.6	160.125451880801	208.309916951637	-22.4745481191988	25.7099169516365
36826	182.6	156.187298485589	203.67679531021	-26.4127015144113	21.07679531021
36827	230.5	190.049584758183	222.346262823644	-40.4504152418173	-8.15373717635566
36828	230.5	153.634538348803	202.404689789936	-76.8654616511969	-28.0953102100635
36829	230.5	189.616072300928	225.814362481681	-40.8839276990718	-4.68563751831948
36830	108.6	101.054079140205	179.88168050806	-7.54592085979488	71.2816805080605
36831	205.8	159.515779189057	198.681582804103	-46.2842208109429	-7.11841719589651
36832	205.8	147.7365901319	190.730630190523	-58.0634098680997	-15.0693698094774
36833	205.8	176.301123595506	212.522129946263	-29.4988764044944	6.72212994626275
36834	92.4	81.7731314118222	150.092427943332	-10.6268685881778	57.6924279433317
36835	74.3	65.5767464582315	137.429799706888	-8.7232535417685	63.1297997068881
36836	74.3	45.257645334636	123.2947728383	-29.042354665364	48.9947728382999
36837	76.9	65.5767464582315	144.497313141182	-11.3232535417685	67.5973131411822
36838	90.3	62.0429897410845	126.239570102589	-28.2570102589155	35.9395701025891
36839	76.9	52.0306790425012	119.761016121153	-24.8693209574988	42.8610161211528
36840	76.9	60.8650708353688	141.552515876893	-16.0349291646312	64.6525158768929
36841	68.9	77.4058133854421	129.780996580362	8.50581338544214	60.8809965803615
36842	68.9	79.8107962872496	135.927063996092	10.9107962872496	67.0270639960918
36843	66.6	62.524279433317	172.317147044455	-4.07572056668295	105.717147044455
36844	14.1	59.4981436248168	109.313043478261	45.3981436248168	95.2130434782608
36845	14.1	58.4325842696629	123.165315095261	44.3325842696629	109.065315095261
36847	52.9	69.8306301905227	135.139667806546	16.9306301905227	82.2396678065462
36848	42.9	58.0535906204201	131.392427943332	15.1535906204201	88.4924279433317
36849	127.5	113.871421592574	177.184562774792	-13.6285784074255	49.6845627747923
36850	104.8	61.5423546653639	142.459306301905	-43.2576453346361	37.6593063019052
36851	104.8	66.419540791402	164.18495359062	-38.380459208598	59.3849535906204
36852	104.8	75.0654616511968	169.727210552027	-29.7345383488032	64.9272105520273
36853	104.8	66.419540791402	150.661846604787	-38.380459208598	45.8618466047875
36854	104.8	74.6220810942843	177.042989741084	-30.1779189057157	72.2429897410845
36855	104.8	92.1356130923302	165.958475818271	-12.6643869076698	61.1584758182706
36856	104.8	76.8389838788471	150.218466047875	-27.9610161211529	45.4184660478749
36857	104.8	89.9187103077674	194.113141182218	-14.8812896922326	89.3131411822178
36858	104.8	82.381240840254	171.500732779678	-22.418759159746	66.7007327796775
36859	239.9	201.128578407425	254.872789447973	-38.7714215925745	14.9727894479726
36860	259	180.97449926722	237.266927210552	-78.0255007327797	-21.733072789448
36861	239.9	201.591890571568	264.139032730826	-38.3081094284319	24.2390327308256
36862	239.9	174.256472887152	226.842403517342	-65.6435271128481	-13.0575964826576
36863	239.9	198.580361504641	253.714509037616	-41.3196384953591	13.814509037616
36864	239.9	189.314118221788	234.950366389839	-50.585881778212	-4.94963361016127
36865	239.9	183.291060087934	223.830874450415	-56.6089399120665	-16.0691255495848
36866	239.9	190.472398632145	239.583488031265	-49.4276013678554	-0.316511968734773
36867	239.9	160.125451880801	207.383292623351	-79.7745481191988	-32.5167073766488
36868	239.9	174.256472887152	227.537371763556	-65.6435271128481	-12.3626282364436
36869	207.3	199.020127015144	231.670297997069	-8.27987298485596	24.3702979970688
36870	207.3	202.81665852467	238.250952613581	-4.48334147532984	30.9509526135807
36871	207.3	179.025061064973	227.367562286273	-28.274938935027	20.0675622862725
36872	207.3	198.767024914509	237.744748412311	-8.53297508549105	30.4447484123106
36873	207.3	197.754616511969	232.176502198339	-9.54538348803135	24.8765021983389
36874	207.3	193.704982901807	231.164093795799	-13.5950170981926	23.8640937957986
36875	207.3	200.032535417684	228.379970688813	-7.26746458231565	21.0799706888128
36876	205.6	162.755056179775	223.417879824133	-42.8449438202248	17.8178798241328
36877	205.6	172.767366878359	221.945481191988	-32.8326331216415	16.3454811919882
36878	205.6	149.208988764045	210.755251587689	-56.3910112359551	5.15525158768924
36879	205.6	161.57713727406	235.19706888129	-44.0228627259405	29.5970688812897
36880	205.6	153.626184660479	215.761406936981	-51.9738153395213	10.1614069369809
36881	33.5	64.6925256472887	158.914069369809	31.1925256472887	125.414069369809
36882	112	22.2343917928676	102.022374206155	-89.7656082071324	-9.97762579384465
36884	70.3	101.659404005862	161.508939912066	31.3594040058622	91.2089399120664
36885	70.3	74.8719101123596	161.267611138251	4.57191011235956	90.9676111382511
36886	70.3	3.92125061064974	133.032144601856	-66.3787493893503	62.7321446018563
36887	70.3	76.5612115290669	157.406350757206	6.26121152906693	87.1063507572057
36889	70.3	99.9701025891549	166.335515388373	29.6701025891549	96.0355153883732
36900	137.6	87.314509037616	181.299364924279	-50.285490962384	43.6993649242794
36902	109.1	45.5778212017587	134.857059110894	-63.5221787982413	25.757059110894
36903	109.1	55.6849047386419	159.162188568637	-53.4150952613581	50.062188568637
36904	109.1	74.2145578895945	161.087347337567	-34.8854421104055	51.9873473375672
36905	109.1	56.1661944308744	159.162188568637	-52.9338055691256	50.062188568637
36917	143.8	84.8164142647777	175.702979970689	-58.9835857352223	31.9029799706887
36918	143.8	95.210356619443	181.745969711773	-48.589643380557	37.9459697117732
36920	158.3	26.7054225696141	226.068197361993	-131.594577430386	67.7681973619931
36921	158.3	81.1841719589643	287.02550073278	-77.1158280410357	128.72550073278
36922	158.3	14.9262335124572	164.22745481192	-143.373766487543	5.92745481191983
36924	158.3	26.999902296043	226.362677088422	-131.300097703957	68.062677088422
36925	158.3	149.503468490474	188.963751831949	-8.7965315095262	30.6637518319492
36928	158.3	77.3559355153883	130.067806546165	-80.9440644846117	-28.2321934538349
36929	158.3	93.25784074255	141.846995603322	-65.04215925745	-16.4530043966781
36931	213.2	100.310307767465	181.556082071324	-112.889692232535	-31.6439179286762
36932	213.2	118.280556912555	182.568490473864	-94.9194430874451	-30.6315095261359
36933	189.3	144.738788470933	207.790327308256	-44.5612115290669	18.490327308256
36934	189.3	179.815241817294	233.398290180752	-9.48475818270637	44.0982901807523
36935	189.3	149.042647777235	214.246116267709	-40.257352222765	24.9461162677088
36936	189.3	188.207767464582	248.676990718124	-1.09223253541771	59.3769907181241
36937	197.6	150.11861260381	220.486712261847	-47.4813873961895	22.8867122618466
36938	175.5	155.068050806058	226.942501221299	-20.4319491939423	51.4425012212995
36939	175.5	129.244894968246	196.385100146556	-46.2551050317538	20.885100146556
36940	169.6	163.890962383977	231.461553492916	-5.70903761602344	61.8615534929165
36941	163.8	143.232437713727	284.614215925745	-20.5675622862726	120.814215925745
36942	163.8	141.295701025892	252.550464093796	-22.5042989741085	88.7504640937958
36943	85.4	82.5404005862237	153.641133365901	-2.85959941377632	68.2411333659012
36944	109.2	90.8150952613581	177.304982901808	-18.3849047386419	68.1049829018075
36946	109.2	91.990229604299	177.540009770396	-17.209770395701	68.3400097703957
36947	109.2	97.6308744504152	182.475574010747	-11.5691255495848	73.2755740107474
36948	109.2	93.400390815828	172.369418661456	-15.799609184172	63.1694186614558
36949	189.7	185.410258915486	246.094675134343	-4.28974108451391	56.394675134343
36950	181.6	197.461064973131	248.246604787494	15.8610649731314	66.6466047874939
36951	181.6	196.600293111871	250.398534440645	15.000293111871	68.7985344406449
36952	181.6	182.397557401075	229.955202735711	0.797557401074755	48.3552027357108
36953	181.6	186.916609672692	230.815974596971	5.31660967269175	49.2159745969712
36954	181.6	188.638153395213	229.955202735711	7.03815339521253	48.3552027357108
36955	181.6	96.1051783097216	163.675769418661	-85.4948216902784	-17.9242305813385
36956	181.6	124.941035661944	184.119101123596	-56.6589643380557	2.51910112359553
36957	181.6	129.029702002931	187.131802638007	-52.5702979970688	5.53180263800687
36958	181.6	194.233170493405	236.410991695164	12.633170493405	54.8109916951637
36959	181.6	180.030434782609	231.676746458232	-1.5695652173913	50.0767464582316
36960	181.6	181.106399609184	233.183097215437	-0.4936003908158	51.5830972154372
36961	181.6	140.650122129946	205.208011724475	-40.9498778700537	23.6080117244749
36962	181.6	144.093209574988	201.119345383488	-37.5067904250122	19.519345383488
36963	181.6	137.207034684905	192.296433805569	-44.3929653150952	10.6964338055691
36964	181.6	120.421983390327	181.536785539814	-61.1780166096727	-0.0632144601856339
36965	181.6	129.890473864192	184.549487054226	-51.7095261358085	2.9494870542257
36966	181.6	124.080263800684	193.58759159746	-57.519736199316	11.9875915974597
36967	181.6	193.802784562775	242.436394723986	12.2027845627748	60.8363947239864
36968	181.6	127.953737176356	181.967171470445	-53.6462628236443	0.367171470444589
36969	181.6	142.802051783097	191.005276013679	-38.7979482169028	9.40527601367859
36970	181.6	184.979872984856	232.322325354177	3.37987298485592	50.7223253541769
36971	181.6	194.01797752809	242.221201758671	12.4179775280899	60.6212017586712
36972	181.6	186.916609672692	234.689447972643	5.31660967269175	53.0894479726429
36973	181.6	195.30913531998	237.702149487054	13.7091353199805	56.1021494870542
36974	181.6	136.99184171959	198.106643869077	-44.6081582804104	16.5066438690767
36975	181.6	183.90390815828	243.942745481192	2.30390815828042	62.342745481192
36976	181.6	183.47352222765	230.385588666341	1.87352222765026	48.785588666341
36977	181.6	193.372398632145	237.917342452369	11.7723986321446	56.3173424523694
36978	181.6	199.828187591597	239.854079140205	18.2281875915975	58.2540791402052
36979	181.6	193.58759159746	235.765412799218	11.9875915974597	54.1654127992184
36980	181.6	189.068539325843	234.259062042013	7.4685393258427	52.6590620420127
36981	181.6	197.245872007816	239.854079140205	15.6458720078164	58.2540791402052
36982	181.6	185.195065950171	228.23365901319	3.59506595017098	46.6336590131901
36983	181.6	187.777381533952	230.170395701026	6.17738153395214	48.5703957010259
36984	181.6	180.676013678554	224.790571568149	-0.923986321446023	43.1905715681485
36985	181.6	197.245872007816	239.20850024426	15.6458720078164	57.6085002442599
36986	181.6	183.688715192965	230.815974596971	2.08871519296531	49.2159745969712
36987	181.6	181.536785539814	234.043869076698	-0.0632144601856339	52.4438690766976
36988	181.6	189.714118221788	237.486956521739	8.11411822178798	55.8869565217391
36989	181.6	120.852369320958	181.106399609184	-60.7476306790425	-0.4936003908158
36990	181.6	198.967415730337	247.601025891549	17.3674157303371	66.0010258915486
36991	181.6	193.802784562775	241.360429897411	12.2027845627748	59.7604298974109
36992	181.6	175.080996580362	224.790571568149	-6.51900341963847	43.1905715681485
36993	181.6	144.308402540303	198.752222765022	-37.2915974596971	17.152222765022
36994	181.6	190.574890083048	237.056570591109	8.97489008304836	55.456570591109
36995	181.6	190.144504152418	234.474255007328	8.5445041524182	52.8742550073278
36996	181.6	181.536785539814	235.765412799218	-0.0632144601856339	54.1654127992184
36997	181.6	191.005276013679	234.259062042013	9.40527601367859	52.6590620420127
36998	181.6	189.283732291158	232.967904250122	7.68373229115781	51.3679042501221
36999	176.8	181.967171470445	232.967904250122	5.16717147044457	56.1679042501221
37000	176.8	200.043380556913	242.006008793356	23.2433805569126	65.2060087933561
37001	176.8	146.675525158769	199.182608695652	-30.1244748412311	22.3826086956522
37002	49.6	63.6308744504152	130.249487054226	14.0308744504152	80.6494870542256
37008	265.7	207.327015144113	259.846018563752	-58.3729848558867	-5.8539814362482
37011	265.7	210.555642403517	261.137469467513	-55.1443575964827	-4.56253053248656
37013	265.7	193.766780654616	234.877967757694	-71.9332193453835	-30.8220322423059
37014	265.7	197.856375183195	270.608109428432	-67.8436248168051	4.90810942843183
37017	265.7	192.044846116268	235.954176844162	-73.6551538837323	-29.7458231558378
37020	265.7	198.071617000489	265.872789447973	-67.6283829995115	0.172789447972605
37021	268.3	201.085002442599	256.617391304348	-67.2149975574011	-11.6826086956522
37025	265.7	195.488715192965	264.581338544211	-70.2112848070347	-1.11866145578898
37026	55.4	59.915095261358	137.415632633122	4.51509526135803	82.0156326331216
37028	95.1	43.4595017098192	131.576551050317	-51.6404982901808	36.4765510503175
37029	251.5	232.537518319492	264.170884220811	-18.962481680508	12.670884220811
37030	251.5	211.663800683928	249.322569614069	-39.8361993160723	-2.17743038593059
37031	251.5	227.588080117245	272.99379579873	-23.9119198827553	21.4937957987298
37032	251.5	228.23365901319	276.652076209086	-23.2663409868099	25.1520762090864
37035	251.5	230.170395701026	265.246849047386	-21.3296042989741	13.7468490473865
37036	251.5	234.043869076698	267.183585735222	-17.4561309233024	15.6835857352223
37037	251.5	233.613483146067	270.196287249634	-17.8865168539326	18.6962872496337
37038	251.5	236.626184660479	267.829164631168	-14.8738153395213	16.3291646311676
37039	251.2	194.01797752809	245.018710307767	-57.1820224719101	-6.18128969223253
37041	251.2	206.068783585735	266.107620908647	-45.1312164142647	14.9076209086468
37042	251.2	228.879237909135	260.727796775769	-22.3207620908646	9.52779677576945
37043	251.5	174.865803615046	226.727308255984	-76.6341963849536	-24.7726917440156
37044	251.5	235.550219833903	266.753199804592	-15.9497801660967	15.2531998045921
37045	251.5	235.119833903273	272.133023937469	-16.3801660967269	20.6330239374695
37046	251.5	236.195798729849	267.829164631168	-15.3042012701514	16.3291646311676
37047	251.5	221.777870053737	257.930288226673	-29.7221299462628	6.43028822667316
37048	251.5	225.436150464094	262.664533463605	-26.0638495359062	11.1645334636053
37049	251.5	197.676257938447	252.335271128481	-53.8237420615535	0.835271128480741
37050	179.9	164.321348314607	211.878993649243	-15.5786516853933	31.9789936492428
37051	143	138.042550073278	184.0686370298	-4.95744992672209	41.0686370297996
37052	143	137.266829506595	179.155740107474	-5.73317049340503	36.1557401074743
37053	143	86.3278456277478	152.264093795799	-56.6721543722522	9.26409379579869
37054	132.4	91.7578895945285	148.126917440156	-40.6421104054715	15.7269174401563
37055	143	138.559697117733	188.46438690767	-4.44030288226676	45.4643869076697
37056	143	115.288080117245	160.797020029311	-27.7119198827553	17.7970200293111
37057	143	127.441035661944	175.018563751832	-15.5589643380557	32.0185637518319
37058	143	125.113873961895	176.052857840742	-17.8861260381046	33.0528578407425
37059	143	88.3964338055691	141.14543234001	-54.6035661944309	-1.85456765999029
37060	143	69.7791402051783	103.652271617	-73.2208597948217	-39.3477283829996
37061	143	113.995212506106	168.295652173913	-29.0047874938935	25.295652173913
37062	143	142.17972642892	186.912945774304	-0.820273571079696	43.9129457743038
37063	132.4	98.7393746946751	158.469858329262	-33.6606253053249	26.0698583292623
37064	132.4	122.010991695164	167.261358085002	-10.3890083048364	34.8613580850024
37065	132.4	108.565168539326	154.591255495848	-23.8348314606742	22.1912554958475
37066	132.4	86.8449926722032	144.248314606742	-45.5550073277968	11.8483146067415
37067	132.4	87.6207132388861	147.351196873473	-44.7792867611139	14.9511968734733
37068	193.5	150.678602833415	193.769956033219	-42.8213971665853	0.269956033219302
37069	184.4	174.179775280899	215.936687835857	-10.2202247191011	31.5366878358574
37070	184.4	189.031460674157	223.685393258427	4.6314606741573	39.2853932584269
37071	184.4	167.937762579384	206.896531509526	-16.4622374206155	22.4965315095261
37072	184.4	166.861553492916	215.075720566683	-17.5384465070836	30.6757205666829
37073	184.4	172.888324377137	215.290962383977	-11.5116756228627	30.8909623839765
37074	184.4	154.162286272594	210.12515876893	-30.237713727406	25.7251587689301
37075	184.4	156.745188080117	209.264191499756	-27.6548119198828	24.8641914997557
37076	184.4	174.610258915486	217.012896922325	-9.78974108451396	32.6128969223253
37077	184.4	175.47122618466	211.847093307279	-8.92877381533955	27.4470933072789
37078	184.4	169.874938935027	210.555642403517	-14.5250610649731	26.1556424035173
37079	184.4	172.673082559844	219.380556912555	-11.7269174401564	34.9805569125549
37080	184.4	148.781240840254	203.883146067416	-35.618759159746	19.4831460674157
37081	143.9	147.274548119199	187.740009770396	3.37454811919881	43.8400097703957
37082	143.9	171.596873473376	217.012896922325	27.6968734733756	73.1128969223253
37083	143.9	176.977918905716	222.824425989253	33.0779189057157	78.9244259892525
37084	160.4	168.583488031265	214.860478749389	8.18348803126523	54.4604787493893
37085	160.4	179.776062530532	223.25490962384	19.3760625305324	62.8549096238397
37086	160.4	182.143722520762	227.129262335125	21.7437225207621	66.7292623351246
37087	160.4	180.637029799707	219.595798729849	20.2370297997068	59.1957987298485
37088	160.4	183.21993160723	231.864582315584	22.8199316072301	71.4645823155837
37089	120	193.551538837323	231.64934049829	73.5515388373229	111.64934049829
37090	120	133.714313629702	181.928480703468	13.714313629702	61.9284807034685
37091	120	142.53922813874	179.776062530532	22.5392281387396	59.7760625305324
37092	120	190.322911577919	221.963458720078	70.3229115779189	101.963458720078
37093	48.6	48.047288715193	127.606155349292	-0.552711284807039	79.0061553492916
37094	75.4	77.7834880312653	140.843575964827	2.38348803126524	65.4435759648266
37095	183	129.74411333659	181.66013678554	-53.2558866634099	-1.33986321446022
37096	183	130.021739130435	187.767904250122	-52.9782608695652	4.76790425012209
37097	183	144.180654616512	189.156033219345	-38.8193453834881	6.15603321934535
37098	257.9	229.309623839766	257.069516365413	-28.5903761602345	-0.830483634587154
37099	257.9	218.119589643381	249.322569614069	-39.7804103566194	-8.57743038593057
37100	257.9	219.841133365901	250.398534440645	-38.0588666340986	-7.50146555935513
37101	257.9	242.006008793356	266.968392769907	-15.8939912066438	9.06839276990718
37102	257.9	242.221201758671	266.107620908647	-15.6787982413287	8.20762090864685
37103	257.9	242.006008793356	265.892427943332	-15.8939912066438	7.99242794333179
37104	257.9	243.512359550562	268.905129457743	-14.3876404494382	11.0051294577431
37105	257.9	240.49965803615	267.613971665852	-17.4003419638495	9.71397166585245
37106	257.9	242.866780654617	266.107620908647	-15.0332193453835	8.20762090864685
37107	257.9	238.562921348315	262.87972642892	-19.3370786516853	4.97972642892046
37109	235.7	176.156961406937	234.904640937958	-59.543038593063	-0.795359062041967
37110	244.6	200.473766487543	255.778358573522	-44.1262335124572	11.1783585735222
37111	244.6	197.891450903762	242.436394723986	-46.7085490962384	-2.16360527601364
37112	244.6	194.87874938935	255.778358573522	-49.7212506106497	11.1783585735222
37113	235.7	189.498925256473	243.727552515877	-46.2010747435271	8.02755251587692
37114	235.7	188.853346360528	240.49965803615	-46.8466536394724	4.79965803615048
37115	244.6	192.081240840254	246.094675134343	-52.518759159746	1.49467513434297
37116	244.6	217.68920371275	260.942989741084	-26.9107962872496	16.3429897410845
37117	226.3	193.372398632145	243.297166585247	-32.9276013678554	16.9971665852467
37118	226.3	198.537029799707	253.841621885686	-27.7629702002931	27.5416218856864
37119	226.3	172.06829506595	220.917098192477	-54.2317049340498	-5.38290180752321
37120	235.7	197.891450903762	252.765657059111	-37.8085490962384	17.0656570591109
37121	226.3	196.169907181241	256.854323400098	-30.1300928187592	30.5543234000978
37122	226.3	193.802784562775	254.056814851001	-32.4972154372252	27.7568148510015
37123	226.3	178.524084025403	228.66404494382	-47.775915974597	2.36404494382023
37124	226.3	188.422960429897	254.702393746947	-37.8770395701026	28.4023937469468
37125	226.3	176.587347337567	229.309623839766	-49.7126526624328	3.00962383976551
37126	235.7	186.486223742062	249.7529555447	-49.2137762579384	14.0529555446996
37127	226.3	163.675769418661	213.170151441133	-62.6242305813385	-13.1298485588667
37128	226.3	191.866047874939	244.803517342452	-34.433952125061	18.5035173424524
37129	235.7	190.359697117733	249.537762579384	-45.3403028822667	13.8377625793845
37130	235.7	193.802784562775	253.411235955056	-41.8972154372252	17.7112359550562
37131	235.7	186.271030776746	245.449096238398	-49.4289692232535	9.7490962383977
37132	235.7	193.58759159746	250.398534440645	-42.1124084025403	14.6985344406449
37133	235.7	191.435661944309	243.297166585247	-44.2643380556912	7.59716658524675
37134	235.7	211.663800683928	254.056814851001	-24.0361993160723	18.3568148510015
37135	235.7	173.359452857841	230.170395701026	-62.3405471421592	-5.52960429897408
37136	226.3	191.866047874939	242.221201758671	-34.433952125061	15.9212017586712
37137	226.3	178.308891060088	249.7529555447	-47.991108939912	23.4529555446996
37138	226.3	188.853346360528	237.486956521739	-37.4466536394724	11.1869565217391
37139	235.7	192.296433805569	239.63888617489	-43.4035661944309	3.93888617489009
37140	244.6	227.37288715193	270.841866145579	-17.2271128480703	26.2418661455789
37141	226.3	180.891206643869	231.246360527601	-45.4087933561309	4.9463605276014
37142	241.2	173.359452857841	232.752711284807	-67.8405471421592	-8.44728871519291
37143	235.7	215.537274059599	257.930288226673	-20.1627259404006	22.2302882266732
37144	235.7	192.296433805569	243.512359550562	-43.4035661944309	7.81235955056181
37145	235.7	191.866047874939	251.904885197851	-43.833952125061	16.2048851978505
37146	235.7	191.650854909624	250.61372740596	-44.0491450903761	14.91372740596
37147	235.7	188.207767464582	245.449096238398	-47.4922325354177	9.7490962383977
37148	235.7	176.802540302882	226.512115290669	-58.8974596971177	-9.18788470933069
37149	235.7	197.891450903762	250.828920371275	-37.8085490962384	15.1289203712751
37150	235.7	189.283732291158	237.702149487054	-46.4162677088422	2.00214948705425
37151	189.1	198.752222765022	253.196042989741	9.65222276502203	64.0960429897411
37152	189.1	157.004787493894	214.891695163654	-32.0952125061065	25.7916951636541
37153	189.1	196.169907181241	239.63888617489	7.06990718124086	50.5388861748901
37154	189.1	192.942012701514	246.309868099658	3.84201270151442	57.2098680996581
37155	189.1	203.271275036639	248.246604787494	14.171275036639	59.1466047874939
37156	189.1	205.85359062042	261.373375671715	16.7535906204201	72.2733756717147
37157	189.1	208.651099169516	270.196287249634	19.5510991695164	81.0962872496337
37158	189.1	203.271275036639	259.006253053249	14.171275036639	69.9062530532487
37159	189.1	206.499169516365	262.44934049829	17.3991695163654	73.3493404982902
37160	195.6	204.132046897899	256.423937469468	8.53204689789936	60.8239374694676
37161	195.6	196.385100146556	250.61372740596	0.785100146555976	55.01372740596
37162	195.6	190.144504152418	247.385832926234	-5.4554958475818	51.7858329262335
37163	190.5	192.511626770884	249.537762579384	2.01162677088425	59.0377625793845
37164	190.5	204.777625793845	247.601025891549	14.2776257938447	57.1010258915486
37165	190.5	198.106643869077	249.7529555447	7.60664386907669	59.2529555446996
37166	190.5	200.688959452858	250.61372740596	10.1889594528579	60.11372740596
37167	190.5	211.878993649243	265.462042012702	21.3789936492428	74.9620420127015
37168	190.5	184.334294088911	243.297166585247	-6.16570591108936	52.7971665852467
37169	190.5	194.663556424035	237.486956521739	4.16355642403519	46.9869565217391
37170	190.5	204.99281875916	253.626428920371	14.4928187591597	63.1264289203713
37171	190.5	213.170151441133	277.512848070347	22.6701514411334	87.0128480703469
37172	190.5	201.980117244748	246.525061064973	11.4801172447484	56.0250610649731
37173	190.5	185.625451880801	241.145236932096	-4.87454811919881	50.6452369320957
37174	190.5	181.967171470445	236.195798729849	-8.53282852955542	45.6957987298486
37175	190.5	195.739521250611	249.968148510015	5.23952125061069	59.4681485100147
37176	190.5	186.486223742062	240.714851001466	-4.01377625793842	50.2148510014656
37177	190.5	195.739521250611	246.094675134343	5.23952125061069	55.594675134343
37178	190.5	200.688959452858	248.461797752809	10.1889594528579	57.961797752809
37179	190.5	179.600048851979	233.398290180752	-10.8999511480215	42.8982901807524
37180	190.5	169.485979482169	230.385588666341	-21.014020517831	39.885588666341
37181	190.5	176.802540302882	223.499413776258	-13.6974596971177	32.999413776258
37182	190.5	203.271275036639	258.791060087934	12.771275036639	68.2910600879336
37183	190.5	209.511871030777	257.284709330728	19.0118710307767	66.7847093307279
37184	190.5	208.866292134831	255.132779677577	18.3662921348315	64.632779677577
37186	93.1	35.2317049340498	190.232779677577	-57.8682950659502	97.1327796775769
37187	237.5	196.815486077186	251.259306301905	-40.6845139228139	13.7593063019052
37188	237.5	199.397801660967	226.081729360039	-38.1021983390327	-11.4182706399609
37189	96.9	51.2085002442599	115.749535906204	-45.6914997557402	18.8495359062041
37190	96.9	76.7718124084025	154.980361504641	-20.1281875915975	58.0803615046409
37191	96.9	45.6402540302882	121.064680019541	-51.2597459697118	24.1646800195407
37192	96.9	66.3946262823644	116.508842208109	-30.5053737176356	19.6088422081093
37193	96.9	84.3648754274548	160.042403517342	-12.5351245725452	63.1424035173424
37194	69	67.1539325842696	127.898436736688	-1.84606741573037	58.8984367366878
37195	69	81.0745481191988	139.288031265266	12.0745481191988	70.2880312652662
37196	102.8	27.4169027845627	104.359941377626	-75.3830972154373	1.55994137762572
37197	102.8	58.295359062042	112.712310698583	-44.504640937958	9.91231069858323
37198	102.8	34.2506595017098	94.2358573522227	-68.5493404982902	-8.5641426477773
37199	102.8	41.590620420127	100.057205666829	-61.209379579873	-2.74279433317052
37200	102.8	30.9603321934538	97.0199804592086	-71.8396678065462	-5.78001954079143
37201	102.8	42.3499267220322	113.724719101124	-60.4500732779678	10.9247191011235
37202	102.8	53.2333170493405	109.928187591597	-49.5666829506595	7.12818759159741
37203	102.8	80.8214460185637	172.444406448461	-21.9785539814363	69.6444064484611
37204	57.6	76.5187103077674	156.245872007816	18.9187103077674	98.6458720078162
37205	102.8	51.2085002442599	120.811577918906	-51.5914997557401	18.0115779189056
37206	102.8	55.2581338544211	122.077088422081	-47.5418661455789	19.277088422081
37207	102.8	28.429311187103	101.57581827064	-74.370688812897	-1.2241817293601
37208	69	49.4367855398143	101.322716170005	-19.5632144601857	32.3227161700048
37209	63.1	58.0321934538348	121.591939423547	-5.06780654616518	58.4919394235466
37210	63.1	70.6902784562774	134.788666340987	7.59027845627741	71.6886663409867
37211	63.1	71.4982413287738	133.172740595994	8.39824132877379	70.0727405959941
37212	65.4	67.7277479237909	130.479531021006	2.32774792379087	65.0795310210063
37213	64	59.1094772838299	126.709037616023	-4.89052271617007	62.7090376160234
37214	110	81.2411333659013	144.880459208598	-28.7588666340987	34.8804592085979
37215	197.2	169.822569614069	211.344211040547	-27.3774303859307	14.1442110405471
37216	197.2	165.405373717636	205.454616511969	-31.7946262823645	8.25461651196869
37217	198	106.509428431851	173.356326331216	-91.4905715681486	-24.6436736687836
37218	198	128.59540791402	173.356326331216	-69.4045920859795	-24.6436736687836
37219	198	117.405178309721	165.405373717636	-80.5948216902785	-32.5946262823645
37220	198	106.214948705423	167.172252076209	-91.7850512945775	-30.827747923791
37221	198	149.503468490474	191.025109916952	-48.4965315095262	-6.97489008304839
37222	193.8	114.460381045432	167.761211529067	-79.3396189545677	-26.0387884709332
37223	193.8	125.061651196873	179.245920859795	-68.7383488031266	-14.5540791402052
37224	85.5	19.8897899364924	104.053199804592	-65.6102100635076	18.553199804592
37225	33.7	9.0881778212017	122.528627259404	-24.6118221787983	88.828627259404
37226	64.7	73.2332193453834	159.515779189057	8.53321934538344	94.8157791890571
37227	64.7	81.1841719589643	150.681387396189	16.4841719589643	85.9813873961895
37228	64.7	64.1043478260869	158.63234000977	-0.595652173913081	93.9323400097703
37229	64.7	66.4601856375183	140.080117244748	1.76018563751826	75.3801172447484
37230	64.7	70.2884220810942	138.018759159746	5.58842208109424	73.3187591597459
37231	265.5	162.429506595017	276.541475329751	-103.070493404983	11.0414753297508
37232	241.1	141.726086956522	221.347484123107	-99.3739130434782	-19.752515876893
37233	94.8	6.75876893014166	109.23790913532	-88.0412310698583	14.43790913532
37234	105	86.8634098680997	165.826917440156	-18.1365901319003	60.8269174401563
37235	66.7	9.48666340986807	153.340400586224	-57.2133365901319	86.6404005862237
37236	50.6	41.1439667806546	120.885051294577	-9.45603321934542	70.2850512945774
37237	50.6	43.5361993160722	120.087640449438	-7.06380068392776	69.4876404494381
37238	241.7	176.372154372252	224.144992672203	-65.3278456277479	-17.5550073277967
37240	241.7	137.207034684905	188.853346360528	-104.492965315095	-52.8466536394724
37241	241.7	177.232926233512	214.030923302394	-64.4670737664875	-27.6690766976062
37246	134.9	92.0164631167562	144.248314606742	-42.8835368832438	9.3483146067415
37247	134.9	107.272300928188	160.797020029311	-27.6276990718125	25.8970200293111
37248	134.9	77.7949193942354	149.419785051294	-57.1050806057646	14.5197850512945
37249	232.7	168.957694186615	213.636297020029	-63.7423058133854	-19.0637029799707
37250	193.3	130.425354176844	167.066536394724	-62.8746458231558	-26.233463605276
37251	232.7	146.7365901319	197.797850512946	-85.9634098680996	-34.9021494870542
37252	232.7	138.935564240352	173.212799218368	-93.7644357596483	-59.4872007816317
37253	232.7	144.84543234001	180.304640937958	-87.8545676599902	-52.395359062042
37254	232.7	155.246800195408	194.015534929165	-77.4531998045921	-38.6844650708354
37255	232.7	143.190669272106	181.48661455789	-89.5093307278945	-51.2133854421104
37256	232.7	144.136248168051	180.304640937958	-88.5637518319492	-52.395359062042
37257	232.7	134.242110405471	179.573619931607	-98.4578895945286	-53.1263800683928
37258	238.5	132.07484123107	170.095554469956	-106.42515876893	-68.404445530044
37259	232.7	111.340254030288	168.240742550073	-121.359745969712	-64.4592574499268
37260	232.7	135.658720078163	199.406155349292	-97.0412799218368	-33.2938446507084
37261	232.7	157.616170004885	205.544797264289	-75.0838299951148	-27.1552027357108
37262	232.7	146.263800683928	179.595456765999	-86.4361993160723	-53.104543234001
37263	232.7	138.491939423547	215.933268197362	-94.2080605764533	-16.766731802638
37264	232.7	133.533805569126	198.225647288715	-99.1661944308745	-34.4743527112848
37265	232.7	119.131607230093	191.142598925256	-113.568392769907	-41.5574010747435
37266	232.7	162.338202247191	204.128187591597	-70.361797752809	-28.5718124084026
37267	232.7	123.853639472399	167.532437713727	-108.846360527601	-65.1675622862726
37268	232.7	150.769223253542	188.781582804104	-81.9307767464582	-43.9184171958965
37269	232.7	135.186516853933	176.504298974108	-97.5134831460674	-56.1957010258916
37270	232.7	133.769907181241	170.365657059111	-98.9300928187592	-62.3343429408891
37271	232.7	158.560576453346	208.378016609673	-74.1394235466537	-24.3219833903273
37272	232.7	144.630581338544	181.698534440645	-88.0694186614558	-51.0014655593552
37273	232.7	110.631949193942	184.059550561798	-122.068050806058	-48.6404494382022
37274	232.7	159.741084513923	208.614118221788	-72.9589154860772	-24.085881778212
37275	232.7	168.240742550073	214.752760136785	-64.4592574499268	-17.9472398632145
37276	232.7	155.491255495848	203.183781143136	-77.2087445041524	-29.5162188568637
37277	232.7	159.977186126038	206.01700048852	-72.7228138739619	-26.6829995114802
37278	232.7	150.297020029311	203.183781143136	-82.4029799706888	-29.5162188568637
37279	232.7	126.686858817782	167.060234489497	-106.013141182218	-65.6397655105032
37280	232.7	143.922276502198	180.518026380068	-88.7777234978016	-52.1819736199316
37281	232.7	131.408891060088	175.087689301417	-101.291108939912	-57.6123106985833
37282	232.7	137.547532975085	214.280556912555	-95.1524670249145	-18.419443087445
37283	232.7	152.658036150464	188.781582804104	-80.0419638495359	-43.9184171958965
37284	232.7	152.421934538349	190.906497313141	-80.2780654616512	-41.7935026868588
37285	232.7	158.324474841231	206.01700048852	-74.375525158769	-26.6829995114802
37286	232.7	182.406839276991	228.210552027357	-50.2931607230093	-4.48944797264292
37287	232.7	168.476844162189	211.683439179287	-64.2231558378114	-21.0165608207132
37288	136	130.314997557401	185.043087445042	-5.68500244259894	49.0430874450415
37289	136	89.947874938935	136.74968246214	-46.052125061065	0.749682462139646
37290	136	95.8950659501709	149.161211529067	-40.1049340498291	13.1612115290669
37291	136	97.1879335613092	142.17972642892	-38.8120664386908	6.1797264289203
37292	164.1	131.694968246214	176.494040058622	-32.4050317537861	12.3940400586223
37293	117.5	103.393698094773	143.731167562286	-14.1063019052272	26.2311675622862
37294	117.5	130.026770884221	191.050122129946	12.5267708842208	73.5501221299462
37295	117.5	127.699609184172	185.878651685393	10.1996091841719	68.3786516853932
37296	117.5	106.755153883732	149.161211529067	-10.7448461162678	31.6612115290669
37297	117.5	121.235271128481	176.31143136297	3.73527112848066	58.8114313629701
37298	117.5	123.821006350757	166.744211040547	6.32100635075713	49.2442110405471
37299	117.5	100.807962872496	150.195505617977	-16.6920371275037	32.6955056179775
37300	130.7	123.821006350757	161.831314118222	-6.87899364924286	31.1313141182218
37301	130.7	118.649535906204	163.641328773815	-12.0504640937959	32.9413287738153
37302	136	92.5336101612115	155.36697606253	-43.4663898387885	19.3669760625305
37304	250	200.665266243283	237.498583292623	-49.3347337567172	-12.5014167073767
37305	250	175.878065461651	225.915779189057	-74.1219345383489	-24.0842208109429
37306	250	195.568832437714	239.120175867123	-54.4311675622863	-10.8798241328774
37307	259.8	184.680996580361	225.220810942843	-75.1190034196385	-34.5791890571568
37308	259.8	142.751245725452	220.356033219345	-117.048754274548	-39.4439667806546
37309	259.8	201.591890571568	236.108646800195	-58.2081094284319	-23.6913531998046
37310	48.9	69.4049829018075	148.031069858329	20.5049829018075	99.1310698583292
37311	114.1	125.94509037616	177.77352222765	11.8450903761602	63.6735222276502
37312	114.1	90.0185637518319	155.98202247191	-24.0814362481681	41.8820224719101
37313	16.6	69.9939423546653	122.411333659013	53.3939423546653	105.811333659013
37314	136.7	69.1105031753786	136.546360527601	-67.5894968246214	-0.15363947239868
37315	136.7	100.030874450415	162.166096726917	-36.6691255495848	25.4660967269174
37316	48.1	82.36209086468	162.166096726917	34.26209086468	114.066096726917
37317	143.7	114.433512457255	175.881338544211	-29.2664875427455	32.181338544211
37318	141.2	111.699853444064	153.008891060088	-29.5001465559355	11.8088910600879
37319	141.2	128.546555935515	182.548314606742	-12.6534440644846	41.3483146067416
37320	141.2	102.007230092819	147.701025891549	-39.1927699071813	6.50102589154858
37321	141.2	135.931411822179	189.010063507572	-5.26858817782121	47.8100635075721
37322	141.2	135.931411822179	180.932877381534	-5.26858817782121	39.732877381534
37323	141.2	125.3156814851	171.701807523205	-15.8843185148999	30.5018075232047
37324	141.2	124.392574499267	183.471421592574	-16.8074255007328	42.2714215925745
37325	141.2	110.776746458232	166.163165608207	-30.4232535417684	24.9631656082071
37326	143.7	106.391988275525	158.085979482169	-37.3080117244749	14.385979482169
37327	148.9	137.546849047386	207.702979970689	-11.3531509526136	58.8029799706888
37328	148.9	75.0063507572056	320.552808988764	-73.8936492427944	171.652808988764
37330	148.9	127.392672203224	185.31763556424	-21.5073277967758	36.4176355642403
37331	148.9	151.855007327797	239.780947728383	2.95500732779672	90.8809477283829
37332	148.9	95.5454811919883	210.703077674646	-53.3545188080117	61.8030776746458
37337	148.9	139.749096238398	183.245872007816	-9.15090376160234	34.3458720078163
37339	148.9	44.4704445530044	196.824230581339	-104.429555446996	47.9242305813385
37340	148.9	113.512945774304	282.43693209575	-35.3870542256962	133.53693209575
37342	148.9	92.109770395701	161.382413287738	-56.790229604299	12.4824132877381
37343	148.9	141.820371275037	188.539130434783	-7.07962872496338	39.6391304347826
37344	160.6	70.7065950170982	205.799755740107	-89.8934049829018	45.1997557401075
37347	160.6	128.932437713727	181.634880312653	-31.6675622862726	21.0348803126527
37348	143.7	111.238299951148	169.624816805081	-32.461700048852	25.9248168050806
37349	143.7	113.282804103566	168.286663409868	-30.4171958964338	24.5866634098681
