36455	163.446508919915	143	215.63470923068	-20.4465089199151	52.1882003107653
36456	163.446508919915	97	173.043525679019	-66.4465089199151	9.59701675910424
36457	163.446508919915	143	148.778700323074	-20.4465089199151	-14.6678085968409
36458	163.446508919915	99.9004457304236	137.67568713701	-63.5460631894915	-25.7708217829052
36459	163.446508919915	182.724254970844	297.509068380764	19.2777460509286	134.062559460849
36460	163.446508919915	117.77105114811	225.144795524939	-45.6754577718049	61.6982866050242
36461	129.598301179969	47.307526917667	63.4313837415041	-82.2907742623017	-66.1669174384645
36463	83.4737482725538	45.3043192435613	125.049638244007	-38.1694290289926	41.5758899714532
36465	83.4737482725538	61.2559670321509	125.049638244007	-22.2177812404029	41.5758899714532
36466	83.4737482725538	45.3043192435613	125.049638244007	-38.1694290289926	41.5758899714532
36467	83.4737482725538	87.4210415099214	114.160227776543	3.94729323736757	30.6864795039894
36468	87.0307182178267	42.6200966920787	118.86115221114	-44.410621525748	31.8304339933133
36469	87.0307182178267	42.6200966920787	118.748688865824	-44.410621525748	31.7179706479978
36470	87.0307182178267	46.7047477091282	118.899272817447	-40.3259705086985	31.8685545996205
36471	87.0307182178267	47.307526917667	140.526819988825	-39.7231913001597	53.4961017709985
36472	87.0307182178267	78.1126529065246	140.701844985354	-8.9180653113021	53.6711267675272
36473	87.0307182178267	47.307526917667	147.754214869949	-39.7231913001597	60.723496652122
36474	87.0307182178267	75.7808869609639	140.471460451853	-11.2498312568628	53.4407422340265
36475	87.0307182178267	78.1126529065246	118.880828520542	-8.9180653113021	31.8501103027149
36476	87.0307182178267	46.7047477091282	118.899272817447	-40.3259705086985	31.8685545996205
36477	87.0307182178267	53.5938198200864	82.6905906141301	-33.4368983977403	-4.34012760369657
36478	16.8148690170098	63	75.0054552691691	46.1851309829902	58.1905862521593
36479	16.8148690170098	55.6840666062573	83.2097905626615	38.8691975892475	66.3949215456517
36480	16.8148690170098	55.6840666062573	83.2097905626615	38.8691975892475	66.3949215456517
36481	16.8148690170098	63	83.2097905626615	46.1851309829902	66.3949215456517
36482	16.8148690170098	33.9746319119872	82.5804759323442	17.1597628949773	65.7656069153344
36483	16.8148690170098	32.9240935428514	51.4266879556616	16.1092245258415	34.6118189386518
36484	22.2273373612942	25.2259430341312	64.7573222584335	2.99860567283698	42.5299848971393
36485	22.2273373612942	62.3619549924872	64.7573222584335	40.134617631193	42.5299848971393
36486	22.2273373612942	61.2559670321509	83.2809472251468	39.0286296708568	61.0536098638527
36487	16.5286242212923	61.2559670321509	82.7871064821177	44.7273428108586	66.2584822608255
36488	196.195565107453	84.5887510906417	228.409770806175	-111.606814016811	32.2142056987226
36493	61.6453256850017	46.2093145637543	152.882224829787	-15.4360111212474	91.2368991447849
36494	61.6453256850017	84.5960864512538	152.882224829787	22.9507607662522	91.2368991447849
36496	61.6453256850017	79.4803384218409	168.156509898713	17.8350127368392	106.511184213711
36498	26.7748321574624	38.9334665088799	63.3806745443175	12.1586343514175	36.6058423868551
36499	0	16.5500152902406	282.493016351508	16.5500152902406	282.493016351508
36501	75.5428949606282	201.747752017742	285.136318087254	126.204857057114	209.593423126626
36502	75.5428949606282	90.844530757857	125.94192089475	15.3016357972288	50.3990259341216
36503	58.9566830393411	50.608489824717	117.854973359163	-8.34819321462406	58.898290319822
36504	58.9566830393411	50.608489824717	117.854973359163	-8.34819321462406	58.898290319822
36505	58.9566830393411	50.608489824717	117.854973359163	-8.34819321462406	58.898290319822
36506	58.9566830393411	50.608489824717	117.854973359163	-8.34819321462406	58.898290319822
36507	58.9566830393411	50.578130312399	143.916997412735	-8.3785527269421	84.9603143733944
36508	58.9566830393411	50.578130312399	117.854973359163	-8.3785527269421	58.898290319822
36509	58.9566830393411	50.608489824717	117.810082959611	-8.34819321462406	58.8533999202696
36510	58.9566830393411	50.608489824717	117.854973359163	-8.34819321462406	58.898290319822
36511	58.9566830393411	50.608489824717	117.854973359163	-8.34819321462406	58.898290319822
36512	58.9566830393411	50.578130312399	117.854973359163	-8.3785527269421	58.898290319822
36513	58.9566830393411	50.608489824717	117.854973359163	-8.34819321462406	58.898290319822
36514	58.9566830393411	50.578130312399	117.854973359163	-8.3785527269421	58.898290319822
36515	58.9566830393411	50.578130312399	117.810082959611	-8.3785527269421	58.8533999202696
36516	58.9566830393411	50.578130312399	117.854973359163	-8.3785527269421	58.898290319822
36517	58.9566830393411	50.608489824717	143.916997412735	-8.34819321462406	84.9603143733944
36518	58.9566830393411	50.578130312399	117.854973359163	-8.3785527269421	58.898290319822
36519	58.9566830393411	50.578130312399	117.810082959611	-8.3785527269421	58.8533999202696
36520	58.9566830393411	50.578130312399	117.854973359163	-8.3785527269421	58.898290319822
36521	27.9476681141766	54.9665761453756	169.374207634707	27.018908031199	141.42653952053
36522	27.9476681141766	63.7073058141005	136.651365947657	35.7596376999239	108.703697833481
36523	27.9476681141766	54.7906052902839	136.651365947657	26.8429371761072	108.703697833481
36524	27.9476681141766	54.7906052902839	136.651365947657	26.8429371761072	108.703697833481
36525	27.9476681141766	54.7906052902839	148.737565189585	26.8429371761072	120.789897075409
36526	27.9476681141766	50.578130312399	126.186463997761	22.6304621982223	98.2387958835847
36527	85.1665258951745	62.0982085559612	149.041463274088	-23.0683173392133	63.8749373789133
36528	85.1665258951745	62.0982085559612	149.041463274088	-23.0683173392133	63.8749373789133
36529	85.1665258951745	62.0982085559612	118.646411518397	-23.0683173392133	33.4798856232221
36530	85.1665258951745	62.0982085559612	149.041463274088	-23.0683173392133	63.8749373789133
36531	85.1665258951745	62.0982085559612	149.041463274088	-23.0683173392133	63.8749373789133
36532	85.1665258951745	50.061770480495	149.041463274088	-35.1047554146795	63.8749373789133
36533	85.1665258951745	62.0982085559612	149.041463274088	-23.0683173392133	63.8749373789133
36534	27.9476681141766	54.7906052902839	172.777067118448	26.8429371761072	144.829399004271
36536	71.5962313214262	62.5044679752639	127.585792231378	-9.09176334616235	55.9895609099514
36537	71.5962313214262	48.1928995551988	81.267561517506	-23.4033317662274	9.67133019607977
36538	108.048419387745	104.809602363033	215.625856327406	-3.23881702471205	107.577436939661
36539	108.048419387745	100.86651754239	156.036820089645	-7.18190184535463	47.9884007019006
36540	108.048419387745	95.9308370458956	156.030333690894	-12.1175823418491	47.9819143031497
36541	108.048419387745	109.224759844968	156.030333690894	1.17634045722338	47.9819143031497
36542	108.048419387745	178.827180625261	180.140969605733	70.7787612375163	72.0925502179885
36543	108.048419387745	104.809602363033	299.994950766936	-3.23881702471205	191.946531379191
36544	45.2831386181655	91.5516526575547	150.747801915931	46.2685140393892	105.464663297766
36545	46.3688854795662	62.5044679752639	105.26532612502	16.1355824956977	58.8964406454538
36546	46.3688854795662	62.5044679752639	105.198329849925	16.1355824956977	58.8294443703587
36547	46.3688854795662	62.5044679752639	84.5452925454785	16.1355824956977	38.1764070659123
36548	46.3688854795662	62.5044679752639	84.5452925454785	16.1355824956977	38.1764070659123
36549	46.3688854795662	62.5044679752639	84.5626564029935	16.1355824956977	38.1937709234274
36550	46.3688854795662	62.5044679752639	105.26532612502	16.1355824956977	58.8964406454538
36551	46.3688854795662	62.5044679752639	105.308875971419	16.1355824956977	58.9399904918525
36552	46.3688854795662	83.2742954384728	105.300195552417	36.9054099589066	58.9313100728506
36553	46.3688854795662	62.5044679752639	105.308875971419	16.1355824956977	58.9399904918525
36554	46.3688854795662	62.5044679752639	104.993830464765	16.1355824956977	58.6249449851993
36555	46.3688854795662	62.5044679752639	148.669627414773	16.1355824956977	102.300741935207
36556	46.3688854795662	62.5044679752639	191.678862038253	16.1355824956977	145.309976558687
36557	46.3688854795662	62.5044679752639	105.198329849925	16.1355824956977	58.8294443703587
36558	46.3688854795662	62.5044679752639	105.332103589484	16.1355824956977	58.9632181099175
36559	46.3688854795662	62.5044679752639	109.31176545354	16.1355824956977	62.9428799739742
36560	45.2831386181655	62.4780370741195	137.951347024674	17.1948984559541	92.6682084065088
36561	45.2831386181655	62.4780370741195	113.03487591806	17.1948984559541	67.7517372998949
36562	45.2831386181655	62.4780370741195	138.027955973782	17.1948984559541	92.744817355616
36563	45.2831386181655	87.9054885270908	113.042071201794	42.6223499089253	67.7589325836283
36564	46.3688854795662	62.5044679752639	84.5452925454785	16.1355824956977	38.1764070659123
36566	59.4849722557747	107.203836346268	148.778700323074	47.7188640904937	89.2937280672995
36567	59.4849722557747	91.5516526575547	109.881291613044	32.06668040178	50.3963193572689
36568	59.4849722557747	130.947850137408	148.737565189585	71.4628778816337	89.2525929338106
36569	59.4849722557747	130.947850137408	148.788648082107	71.4628778816337	89.3036758263327
36570	59.4849722557747	78.7926508274406	137.728500784367	19.3076785716659	78.2435285285925
36571	59.4849722557747	130.947850137408	141.18093856267	71.4628778816337	81.6959663068949
36572	141.060041292522	118.366674474959	345.977137964492	-22.6933668175631	204.91709667197
36573	141.060041292522	118.366674474959	345.977137964492	-22.6933668175631	204.91709667197
36574	67.1679905814532	24.8089604863831	75.2091004091688	-42.3590300950701	8.04110982771563
36575	67.1679905814532	14.8969155199842	68.9394688233122	-52.2710750614689	1.77147824185903
36576	67.1679905814532	24.8089604863831	284.87640612643	-42.3590300950701	217.708415544977
36577	77.1792265538184	83.9718532305371	156.250247712877	6.79262667671864	79.0710211590582
36578	28.1266020985241	129.424218836278	355.540030800307	101.297616737754	327.413428701783
36580	81.9301175743025	43.2662671902029	162.304842528876	-38.6638503840996	80.3747249545732
36581	95.3352513832417	121.443740340488	232.837064116735	26.1084889572466	137.501812733493
36582	92.9316743897124	121.443740340488	169.257536369804	28.5120659507759	76.3258619800911
36583	92.9316743897124	121.443740340488	163.422033859859	28.5120659507759	70.4903594701466
36584	92.9316743897124	121.443740340488	163.422033859859	28.5120659507759	70.4903594701466
36585	92.9316743897124	121.443740340488	169.374207634707	28.5120659507759	76.4425332449945
36586	95.3352513832417	121.443740340488	456.371978486993	26.1084889572466	361.036727103751
36587	95.3352513832417	121.443740340488	456.371978486993	26.1084889572466	361.036727103751
36588	92.9316743897124	121.443740340488	163.414146517342	28.5120659507759	70.4824721276298
36589	92.9316743897124	121.443740340488	163.422033859859	28.5120659507759	70.4903594701466
36590	92.9316743897124	126.734945409502	163.422033859859	33.8032710197893	70.4903594701466
36591	92.9316743897124	121.443740340488	163.422033859859	28.5120659507759	70.4903594701466
36592	92.9316743897124	121.443740340488	163.422033859859	28.5120659507759	70.4903594701466
36593	92.9316743897124	121.443740340488	163.422033859859	28.5120659507759	70.4903594701466
36594	87.4638689448938	121.003653317621	186.785993208848	33.539784372727	99.322124263954
36595	66.4778535948245	108.74715650285	183.589272402241	42.269302908026	117.111418807417
36596	66.4778535948245	108.74715650285	183.589272402241	42.269302908026	117.111418807417
36597	66.4778535948245	138.893501942428	150.21440163818	72.4156483476035	83.7365480433556
36598	66.4778535948245	109.831560386488	147.754214869949	43.3537067916635	81.2763612751242
36599	66.4778535948245	109.831560386488	241.736400387901	43.3537067916635	175.258546793076
36600	66.4778535948245	109.831560386488	174.824023678693	43.3537067916635	108.346170083869
36601	66.4778535948245	109.831560386488	402.529825774768	43.3537067916635	336.051972179943
36602	66.4778535948245	108.74715650285	337.483236988838	42.269302908026	271.005383394014
36607	177.489164042397	114.407338201879	168.122096617828	-63.0818258405178	-9.36706742456914
36608	177.489164042397	89.597676927389	142.919787758527	-87.8914871150081	-34.5693762838699
36609	177.489164042397	89.597676927389	142.947913864349	-87.8914871150081	-34.5412501780481
36610	177.489164042397	89.597676927389	131.542419126439	-87.8914871150081	-45.9467449159578
36611	177.489164042397	89.597676927389	161.813613343256	-87.8914871150081	-15.6755506991409
36612	39.3364848226297	61.2559670321509	84.7743895750531	21.9194822095212	45.4379047524234
36613	39.3364848226297	57.6406389305427	59.1840070464536	18.304154107913	19.8475222238239
36614	39.3364848226297	42.2121855561782	44.7344829772135	2.87570073354851	5.39799815458382
36615	39.3364848226297	47.7533251664965	64.4632211530215	8.41684034386687	25.1267363303919
36616	39.3364848226297	42.2121855561782	64.4632211530215	2.87570073354851	25.1267363303919
36618	39.3364848226297	32.9240935428514	64.4833657552792	-6.4123912797783	25.1468809326495
36619	39.3364848226297	32.9240935428514	42.2813830696365	-6.4123912797783	2.94489824700681
36620	39.3364848226297	42.2121855561782	42.2813830696365	2.87570073354851	2.94489824700681
36621	39.3364848226297	42.2121855561782	42.2388469915804	2.87570073354851	2.9023621689507
36622	39.3364848226297	42.2121855561782	47.9471963776754	2.87570073354851	8.61071155504573
36623	106	117.571852492713	170	11.5718524927135	64
36624	102	108.834349066496	158.526112386375	6.83434906649603	56.5261123863751
36625	106	88.4487540368266	158.526112386375	-17.5512459631734	52.5261123863751
36626	106	88.4487540368266	158.526112386375	-17.5512459631734	52.5261123863751
36627	106	108.834349066496	158.526112386375	2.83434906649603	52.5261123863751
36628	106	88.4487540368266	170	-17.5512459631734	64
36629	107.000712882357	52.4958326682466	144.756402946268	-54.5048802141101	37.7556900639109
36630	107.000712882357	62.7005996789309	144.919759526169	-44.3001132034258	37.919046643812
36631	225.024989880248	91.1269960476416	181.808962202738	-133.897993832606	-43.21602767751
36632	225.024989880248	42.7669218877589	148.679304906109	-182.258067992489	-76.3456849741391
36633	225.024989880248	151.203821033425	215.664170081768	-73.8211688468226	-9.36081979847958
36634	24.7864561859438	50.608489824717	115.842812768376	25.8220336387732	91.056356582432
36635	24.7864561859438	32.4615222598536	115.725740532938	7.67506607390981	90.9392843469941
36636	225.024989880248	103.680713456138	338.197534710329	-121.34427642411	113.172544830081
36637	225.024989880248	106.012407931417	236.877186197275	-119.012581948831	11.8521963170274
36638	225.024989880248	106.012407931417	237.048691525179	-119.012581948831	12.0237016449308
36639	192.777244147148	97.6538519466848	151.258141702649	-95.1233922004633	-41.5191024444991
36640	114.207464313129	95.9308370458956	163.832884328822	-18.2766272672334	49.6254200156926
36641	114.207464313129	108.001626759837	161.666491750842	-6.20583755329237	47.4590274377133
36642	114.207464313129	90.844530757857	186.524189202202	-23.362933555272	72.3167248890733
36643	114.207464313129	99.8229707819049	329.073410527148	-14.3844935312241	214.865946214019
36644	114.207464313129	103	186.637917512871	-11.207464313129	72.4304531997415
36645	87.9878333143133	50.608489824717	150.890372092813	-37.3793434895963	62.9025387785001
36648	192.79008610525	102.266367666391	228.697881600643	-90.5237184388585	35.907795495393
36649	189.858567668	86.2171934896868	601.897996350811	-103.641374178314	412.039428682811
36650	189.858567668	126.479877952072	167.89651275445	-63.3786897159283	-21.9620549135504
36651	61.91803412088	102.888785684725	105	40.9707515638453	43.08196587912
36652	61.91803412088	100	194.399282201746	38.08196587912	132.481248080866
36653	61.91803412088	102.888785684725	194.399282201746	40.9707515638453	132.481248080866
36654	61.91803412088	102.888785684725	105	40.9707515638453	43.08196587912
36655	61.91803412088	102.888785684725	194.399282201746	40.9707515638453	132.481248080866
36656	61.91803412088	102.888785684725	194.399282201746	40.9707515638453	132.481248080866
36657	61.91803412088	102.888785684725	194.399282201746	40.9707515638453	132.481248080866
36658	61.91803412088	102.888785684725	181.700489673143	40.9707515638453	119.782455552263
36659	61.91803412088	90.8016688183419	148.737565189585	28.8836346974619	86.8195310687053
36660	26.9620924561651	71.8103931210236	72.8434857365189	44.8483006648585	45.8813932803539
36661	26.9620924561651	60.197554750565	72.9188759621669	33.2354622943999	45.9567835060018
36662	26.9620924561651	34.2719573771301	80.4552923092735	7.30986492096508	53.4931998531085
36663	26.9620924561651	34.2719573771301	54.0674207184957	7.30986492096508	27.1053282623306
36664	26.9620924561651	23.290138018222	80.4543293194684	-3.67195443794308	53.4922368633033
36665	26.9620924561651	46.2270221586004	72.8434857365189	19.2649297024353	45.8813932803539
36666	26.9620924561651	62.0982085559612	72.8434857365189	35.1361160997961	45.8813932803539
36667	26.9620924561651	23.290138018222	72.9188759621669	-3.67195443794308	45.9567835060018
36668	26.9620924561651	62.0982085559612	67.0279206209004	35.1361160997961	40.0658281647353
36669	26.9620924561651	98.0762661910348	104.90171416184	71.1141737348698	77.9396217056752
36670	37.0572740828829	78.9460522657714	146.979089543688	41.8887781828885	109.921815460805
36671	37.0572740828829	68.8531319293502	81.2377756539907	31.7958578464672	44.1805015711078
36672	37.0572740828829	17.7841894945077	81.2486874237803	-19.2730845883752	44.1914133408974
36673	20.6618991435904	31.8537607858187	69.501884227898	11.1918616422283	48.8399850843076
36674	20.6618991435904	31.8537607858187	69.501884227898	11.1918616422283	48.8399850843076
36675	108	88	234.175259184377	-20	126.175259184377
36676	46.4109472834445	85	152.946383340177	38.5890527165555	106.535436056733
36677	59.1699198021211	79.6494285058056	148.737565189585	20.4795087036845	89.5676453874642
36678	46.4109472834445	79	117.481862877922	32.5890527165555	71.0709155944774
36679	50.1439592351311	54.2750615597314	58.9154725371205	4.13110232460028	8.7715133019893
36680	50.1439592351311	51.0542491666423	121.134299397861	0.910289931511144	70.9903401627298
36681	50.1439592351311	65.3972213260333	81.5575234560708	15.2532620909022	31.4135642209397
36682	46.4109472834445	50.0825508597897	114.364041336452	3.67160357634529	67.9530940530076
36683	46.4109472834445	50.0825508597897	116.285398340933	3.67160357634529	69.8744510574883
36684	46.4109472834445	54.5542663700637	136.651365947657	8.14331908661926	90.2404186642128
36685	50.8061935147248	47.307526917667	98.9687114961001	-3.49866659705778	48.1625179813753
36686	50.8061935147248	47.307526917667	99.0008592144063	-3.49866659705778	48.1946656996815
36687	54.0813207526575	70.3552217351464	114.317422118994	16.2739009824889	60.2361013663364
36688	54.0813207526575	47.307526917667	98.9687114961001	-6.77379383499051	44.8873907434426
36689	26.0043674178826	33.9746319119872	89.3480474171126	7.97026449410451	63.3436799992299
36690	26.0043674178826	33.9746319119872	59.1225779132495	7.97026449410451	33.1182104953668
36691	26.0043674178826	35.4950119067942	59.1205203850047	9.49064448891156	33.1161529671221
36692	27.9179712451342	35.4950119067942	36.4037365592965	7.57704066165998	8.48576531416228
36693	27.9179712451342	33.966794614529	36.4037365592965	6.04882336939479	8.48576531416228
36694	15.9439924631998	77.7769892455102	95.6018846889207	61.8329967823104	79.6578922257209
36695	15.9439924631998	70.3729387757811	110.476534813001	54.4289463125813	94.5325423498009
36696	16.0965036457211	77.7769892455102	95.5422090462454	61.6804855997892	79.4457054005243
36697	52.4216441574172	47.307526917667	153.602438613072	-5.1141172397502	101.180794455654
36698	52.4216441574172	54.9841217509901	98.8127672255995	2.56247759357286	46.3911230681824
36699	52.4216441574172	47.307526917667	153.602438613072	-5.1141172397502	101.180794455654
36700	52.4216441574172	47.307526917667	144	-5.1141172397502	91.5783558425828
36701	52.4216441574172	47.307526917667	110.815058741663	-5.1141172397502	58.3934145842459
36702	52.4216441574172	47.307526917667	153.602438613072	-5.1141172397502	101.180794455654
36704	40.9650251071185	68.8531319293502	158.526112386375	27.8881068222317	117.561087279257
36705	40.9650251071185	96	382.575557162033	55.0349748928815	341.610532054915
36706	27.5421227385418	98.0001700066306	209.136933658662	70.4580472680888	181.594810920121
36708	45.6272036142936	94.9222963386749	135.743281801491	49.2950927243813	90.1160781871971
36709	45.6272036142936	94.9222963386749	169.374207634707	49.2950927243813	123.747004020413
36710	45.6272036142936	95.740585672074	159.570453634779	50.1133820577804	113.943250020485
36711	45.6272036142936	94.9222963386749	153.504313360619	49.2950927243813	107.877109746325
36712	45.6272036142936	94.9222963386749	153.504313360619	49.2950927243813	107.877109746325
36713	23.0766440339854	63.3806745443175	63.3806745443175	40.3040305103321	40.3040305103321
36714	45.6272036142936	106.676288852307	163.830972444581	61.0490852380132	118.203768830288
36715	45.6272036142936	94.9222963386749	173.410096477849	49.2950927243813	127.782892863556
36716	45.6272036142936	108.928159970307	153.504313360619	63.300956356013	107.877109746325
36717	45.6272036142936	108.928159970307	169.374207634707	63.300956356013	123.747004020413
36718	45.6272036142936	108.928159970307	173.410096477849	63.300956356013	127.782892863556
36719	45.6272036142936	94.9222963386749	173.410096477849	49.2950927243813	127.782892863556
36720	45.6272036142936	94.9222963386749	131.517565663014	49.2950927243813	85.8903620487202
36721	45.6272036142936	94.9222963386749	215.674398900213	49.2950927243813	170.04719528592
36722	45.6272036142936	94.9222963386749	215.674398900213	49.2950927243813	170.04719528592
36723	45.6272036142936	94.9222963386749	159.570453634779	49.2950927243813	113.943250020485
36724	72.0453838603376	97.6538519466848	174.333789713065	25.6084680863473	102.288405852727
36725	66.2993822213285	22.4238153474223	156.25287271864	-43.8755668739062	89.9534904973117
36726	66.2993822213285	89	98.3543448287076	22.7006177786715	32.0549626073792
36727	66.2993822213285	83.7539968731327	150.088165470298	17.4546146518043	83.7887832489698
36728	66.2993822213285	106.676288852307	150.048874251957	40.3769066309783	83.7494920306285
36729	66.2993822213285	83.7539968731327	120.356881823246	17.4546146518043	54.0574996019175
36730	66.2993822213285	106.676288852307	150.048874251957	40.3769066309783	83.7494920306285
36731	66.2993822213285	96.627617681439	150.088165470298	30.3282354601106	83.7887832489698
36732	29.9071853187241	55.7429030350173	75.4092633579482	25.8357177162932	45.5020780392241
36733	29.9071853187241	27.0653959522174	75.4092633579482	-2.84178936650667	45.5020780392241
36734	29.9071853187241	31.0054790711689	54.9434621393403	1.09829375244482	25.0362768206162
36735	29.9071853187241	19.902695816314	69.448302759486	-10.0044895024101	39.5411174407619
36736	29.9071853187241	55.7429030350173	69.501884227898	25.8357177162932	39.5946989091739
36737	29.9071853187241	41.988056970624	54.9434621393403	12.0808716518999	25.0362768206162
36738	29.9071853187241	19.902695816314	75.4092633579482	-10.0044895024101	45.5020780392241
36739	29.9071853187241	27.0653959522174	75.4092633579482	-2.84178936650667	45.5020780392241
36740	29.9071853187241	19.902695816314	75.4092633579482	-10.0044895024101	45.5020780392241
36741	29.9071853187241	27.0653959522174	75.3408762801852	-2.84178936650667	45.4336909614611
36742	29.9071853187241	42.7967789434999	61.8507748393738	12.8895936247758	31.9435895206497
36743	29.9071853187241	31.0054790711689	54.9434621393403	1.09829375244482	25.0362768206162
36744	29.9071853187241	31.0054790711689	54.9434621393403	1.09829375244482	25.0362768206162
36745	61.1202197011323	74.825592685724	156.263641027272	13.7053729845917	95.1434213261392
36746	61.1202197011323	46.2093145637543	156.263641027272	-14.910905137378	95.1434213261392
36747	0	60.5864768607115	92.086719016728	60.5864768607115	92.086719016728
36748	0	51.2761318577724	67.087979176127	51.2761318577724	67.087979176127
36749	0	17.6086503237083	92.086719016728	17.6086503237083	92.086719016728
36750	0	17.6086503237083	32.0634974758927	17.6086503237083	32.0634974758927
36751	0	18.4409579461354	18.6525339477242	18.4409579461354	18.6525339477242
36752	0	31.8537607858187	32.0634974758927	31.8537607858187	32.0634974758927
36753	0	69.2540263469847	109.83852280015	69.2540263469847	109.83852280015
36754	3.79421271066273	50.4252505597479	123.307645616198	46.6310378490852	119.513432905536
36755	3.79421271066273	17.8649910863896	123.307645616198	14.0707783757269	119.513432905536
36756	3.79421271066273	7.81417885435889	32.0546642829346	4.01996614369616	28.2604515722719
36757	63.8387299022565	50.578130312399	182.852969696485	-13.2605995898575	119.014239794228
36758	63.8387299022565	50.578130312399	83.2610457245899	-13.2605995898575	19.4223158223334
36759	63.8387299022565	73.139134035112	83.2809472251468	9.30040413285555	19.4422173228904
36760	63.8387299022565	73.139134035112	83.2610457245899	9.30040413285555	19.4223158223334
36761	63.8387299022565	73.139134035112	215.625856327406	9.30040413285555	151.787126425149
36762	63.8387299022565	73.139134035112	106.095760445541	9.30040413285555	42.2570305432846
36766	0	12.1692870638415	28.1237915755595	12.1692870638415	28.1237915755595
36771	0	12.1692870638415	29.2646252974396	12.1692870638415	29.2646252974396
36772	0	1.43955783158893	29.2646252974396	1.43955783158893	29.2646252974396
36773	6.98624266182989	49.5159977357679	154.073957175266	42.529755073938	147.087714513436
36774	6.98624266182989	49.5159977357679	84.2355594332941	42.529755073938	77.2493167714642
36775	6.98624266182989	69.6320999037104	98.8162244649084	62.6458572418805	91.8299818030786
36776	6.98624266182989	42.3850910448169	98.8268935545295	35.398848382987	91.8406508926996
36777	6.98624266182989	20.2572312828957	83.5319832270285	13.2709886210659	76.5457405651987
36778	6.98624266182989	56.5146518091292	83.5649252286561	49.5284091472993	76.5786825668262
36779	6.98624266182989	22.640947313486	33.3501151652029	15.6547046516561	26.363872503373
36780	6.98624266182989	20.2572312828957	33.3501151652029	13.2709886210659	26.363872503373
36781	6.98624266182989	42.3850910448169	84.7743895750531	35.398848382987	77.7881469132232
36782	6.98624266182989	42.3850910448169	60.3484991238053	35.398848382987	53.3622564619754
36783	6.98624266182989	49.4706143682304	83.632770542433	42.4843717064005	76.6465278806031
36784	6.98624266182989	23.0518292791232	60.3974266311607	16.0655866172933	53.4111839693308
36785	6.98624266182989	56.5146518091292	84.788413051	49.5284091472993	77.8021703891701
36786	6.98624266182989	56.5146518091292	60.3837435236698	49.5284091472993	53.39750086184
36787	6.98624266182989	42.3850910448169	84.788413051	35.398848382987	77.8021703891701
36788	6.98624266182989	24.490145081805	41.8855593157999	17.5039024199751	34.89931665397
36789	6.98624266182989	41	41.8855593157999	34.0137573381701	34.89931665397
36790	6.98624266182989	25.8231915804543	35.9974529837526	18.8369489186244	29.0112103219227
36791	100.412148593924	216.976942375715	334.530750374337	116.564793781791	234.118601780413
36792	102.657589989684	78.4095401396512	135	-24.2480498500323	32.3424100103164
36793	102.657589989684	81.2023002034955	135	-21.4552897861881	32.3424100103164
36794	102.657589989684	81.2023002034955	135	-21.4552897861881	32.3424100103164
36795	102.657589989684	81.2023002034955	135	-21.4552897861881	32.3424100103164
36796	102.657589989684	97.8762103789522	135	-4.78137961073134	32.3424100103164
36797	100.412148593924	48.1928995551988	135	-52.2192490387253	34.5878514060759
36798	102.657589989684	78.4095401396512	134.913239351698	-24.2480498500323	32.2556493620146
36799	102.657589989684	78.4095401396512	135	-24.2480498500323	32.3424100103164
36800	102.657589989684	48.1928995551988	134.906462637734	-54.4646904344848	32.2488726480503
36801	100.412148593924	97.8762103789522	135	-2.53593821497189	34.5878514060759
36802	53.669122033181	104.747803465352	144.961721776415	51.0786814321707	91.2925997432344
36803	95.9277320046559	88.8598062955973	118.64734838301	-7.06792570905858	22.7196163783537
36804	101.204082670541	86.2171934896868	150.680107223593	-14.9868891808542	49.4760245530519
36805	28.3748308741907	104.747803465352	144.72607966283	76.372972591161	116.351248788639
36806	28.3748308741907	20.3736451805615	80.4812020826035	-8.0011856936292	52.1063712084129
36807	88.8598062955973	48.1928995551988	138.379923170591	-40.6669067403985	49.5201168749932
36808	88.8598062955973	48.1928995551988	84.2468775151349	-40.6669067403985	-4.61292878046248
36809	88.8598062955973	84.5887510906417	135	-4.27105520495566	46.1401937044027
36810	88.8598062955973	48.1928995551988	135	-40.6669067403985	46.1401937044027
36811	88.8598062955973	48.1928995551988	132.894273775404	-40.6669067403985	44.0344674798063
36812	88.8598062955973	48.1928995551988	134.958688392321	-40.6669067403985	46.0988820967239
36813	88.8598062955973	48.1928995551988	132.887758070509	-40.6669067403985	44.0279517749115
36814	88.8598062955973	48.1928995551988	132.894273775404	-40.6669067403985	44.0344674798063
36815	88.8598062955973	24.8907717888049	116.451226556384	-63.9690345067924	27.5914202607867
36816	88.8598062955973	78.2924911942526	134.913239351698	-10.5673151013447	46.0534330561009
36817	88.8598062955973	78.2924911942526	135	-10.5673151013447	46.1401937044027
36818	88.8598062955973	48.1928995551988	135	-40.6669067403985	46.1401937044027
36819	102.657589989684	79.9350444976548	134.913239351698	-22.7225454920288	32.2556493620146
36820	102.657589989684	79.9350444976548	134.958688392321	-22.7225454920288	32.3010984026377
36821	102.657589989684	100.906597395197	135	-1.75099259448706	32.3424100103164
36822	102.657589989684	79.9350444976548	120.393217675484	-22.7225454920288	17.7356276858009
36823	63.691648250771	58.9861572414863	118.384046558601	-4.70549100928471	54.69239830783
36824	88.8598062955973	17.1694543396605	24.490145081805	-71.6903519559369	-64.3696612137923
36825	88.8598062955973	48.1928995551988	144.822751331938	-40.6669067403985	55.9629450363406
36826	88.8598062955973	48.1928995551988	132.894273775404	-40.6669067403985	44.0344674798063
36827	20.1287416656012	54.4943086979628	63.3806745443175	34.3655670323616	43.2519328787163
36828	20.1287416656012	54.4943086979628	64.1394858536171	34.3655670323616	44.0107441880159
36829	20.1287416656012	54.4943086979628	63.3806745443175	34.3655670323616	43.2519328787163
36830	99.3151341108665	80.358594175493	150.243347041974	-18.9565399353735	50.9282129311076
36831	15.0022963442805	33.9746319119872	51.4318712425715	18.9723355677067	36.429574898291
36832	15.0022963442805	48	79.6277977592573	32.9977036557195	64.6255014149768
36833	15.0022963442805	30.7339337819268	42.7509105493336	15.7316374376464	27.7486142050531
36834	162.083993028763	120.230106486615	219.441089476421	-41.8538865421489	57.3570964476573
36835	235.207052423087	136.041150531845	350.684657868571	-99.1659018912416	115.477605445484
36836	235.207052423087	136.041150531845	499.537236902239	-99.1659018912416	264.330184479152
36837	222.426244437839	126.435804368325	507	-95.9904400695135	284.573755562161
36838	185.647418085561	120.230106486615	507.823735530123	-65.4173115989464	322.176317444562
36839	222.426244437839	193.994198461732	535.005103856437	-28.4320459761068	312.578859418599
36840	222.426244437839	120.230106486615	347.140730426768	-102.196137951224	124.714485988929
36841	77	90.7599137851488	150.243347041974	13.7599137851488	73.2433470419741
36842	77	72.1819021735186	162.345973229012	-4.81809782648138	85.3459732290123
36843	80	106.074910544934	430.322771477167	26.0749105449337	350.322771477167
36844	154.911691518245	116.102196653812	236.445712189031	-38.8094948644324	81.5340206707861
36845	154.911691518245	99	166.409135701922	-55.9116915182449	11.4974441836772
36847	107	114.370799264897	168.122096617828	7.37079926489693	61.122096617828
36848	119	95.8145640359482	168.050960703892	-23.1854359640518	49.0509607038921
36849	429.281126802262	170.591789846198	388.820498327499	-258.689336956064	-40.4606284747626
36850	52.5526382706431	90.8016688183419	148.976423608396	38.2490305476988	96.4237853377533
36851	52.5526382706431	51.0542491666423	204.013668062635	-1.49838910400079	151.461029791992
36852	52.5526382706431	62.5044679752639	149.041463274088	9.95182970462081	96.4888250034447
36853	52.5526382706431	90.8016688183419	204.013668062635	38.2490305476988	151.461029791992
36854	52.5526382706431	51.0542491666423	203.154705431843	-1.49838910400079	150.6020671612
36855	52.5526382706431	69.7066048260756	149.096939536903	17.1539665554325	96.5443012662595
36856	52.5526382706431	90.8016688183419	149.055620990881	38.2490305476988	96.502982720238
36857	52.5526382706431	51.0542491666423	149.055620990881	-1.49838910400079	96.502982720238
36858	52.5526382706431	51.0542491666423	149.095270293887	-1.49838910400079	96.5426320232444
36859	3.39667620150124	13.8931701053872	40.1881722876855	10.4964939038859	36.7914960861843
36860	0	29.0344180238243	62.038327813374	29.0344180238243	62.038327813374
36861	3.39667620150124	0.565345900370916	40.1881722876855	-2.83133030113032	36.7914960861843
36862	3.39667620150124	28.100472010097	62.6456828730941	24.7037958085958	59.2490066715929
36863	3.39667620150124	4.47517103820466	62.5975803676179	1.07849483670342	59.2009041661166
36864	3.39667620150124	22.8201675146058	40.2747713024625	19.4234913131045	36.8780951009612
36865	3.39667620150124	45.1001701699116	63.382993562757	41.7034939684103	59.9863173612558
36866	3.39667620150124	20.7666064965389	62.6456828730941	17.3699302950377	59.2490066715929
36867	3.39667620150124	55.6840666062573	96.2889688525563	52.2873904047561	92.892292651055
36868	3.39667620150124	52.4453341477282	96.2380782333908	49.048657946227	92.8414020318895
36869	16.4807593474372	24.0194483469474	26.101986292293	7.53868899951017	9.6212269448558
36870	16.4807593474372	22.640947313486	26.2016793094579	6.16018796604879	9.72091996202068
36871	16.4807593474372	24.0194483469474	51.4266879556616	7.53868899951017	34.9459286082244
36872	16.4807593474372	24.0194483469474	26.101986292293	7.53868899951017	9.6212269448558
36873	16.4807593474372	24.0194483469474	26.101986292293	7.53868899951017	9.6212269448558
36874	16.4807593474372	24.0194483469474	26.0918727778374	7.53868899951017	9.61111343040019
36875	16.4807593474372	31.0260296028926	36.8293695802987	14.5452702554554	20.3486102328615
36876	11.6790528160573	22.6098109260458	64.6698230362877	10.9307581099885	52.9907702202304
36877	11.6790528160573	22.6098109260458	62.5044679752639	10.9307581099885	50.8254151592066
36878	11.6790528160573	47.1575440729216	62.5044679752639	35.4784912568643	50.8254151592066
36879	11.6790528160573	24.445596526107	36.577577094359	12.7665437100497	24.8985242783017
36880	11.6790528160573	22.6098109260458	36.5914772847869	10.9307581099885	24.9124244687297
36881	161.277724224355	48.1571468618086	158.094187760085	-113.120577362546	-3.18353646427005
36882	93.0001576187263	161.240105091648	364.952646980797	68.2399474729218	271.952489362071
36884	174.384734489434	93.9939298163956	170.590800463047	-80.3908046730387	-3.79393402638763
36885	174.384734489434	93.9939298163956	176.545297010472	-80.3908046730387	2.16056252103783
36886	174.384734489434	110.45216322299	434.832011632279	-63.9325712664441	260.447277142844
36887	174.384734489434	93.9939298163956	176.545297010472	-80.3908046730387	2.16056252103783
36889	174.384734489434	93.9939298163956	170.590800463047	-80.3908046730387	-3.79393402638763
36900	41.3951368101325	49.4706143682304	178.87554604901	8.0754775580978	137.480409238878
36902	92.5950436336308	81.9301175743025	195.506421877709	-10.6649260593283	102.911378244078
36903	92.5950436336308	59.9826960675427	195.506421877709	-32.6123475660881	102.911378244078
36904	92.5950436336308	59.9826960675427	181.3606796961	-32.6123475660881	88.765636062469
36905	92.5950436336308	59.9826960675427	195.506421877709	-32.6123475660881	102.911378244078
36917	33.416415897723	49.0857370849189	168.053551254862	15.6693211871959	134.637135357139
36918	33.416415897723	46.2270221586004	168.053551254862	12.8106062608774	134.637135357139
36920	35.4242655873673	61	435.920230289316	25.5757344126327	400.495964701949
36921	35.4242655873673	5.75968824356274	254.350127253012	-29.6645773438045	218.925861665645
36922	35.4242655873673	98.8353189172887	434.832011632279	63.4110533299215	399.407746044912
36924	35.4242655873673	61	435.920230289316	25.5757344126327	400.495964701949
36925	35.4242655873673	51.0542491666423	82.7387146709357	15.629983579275	47.3144490835684
36928	35.4242655873673	104.809602363033	175.877833000349	69.3853367756654	140.453567412982
36929	35.4242655873673	104.809602363033	138.494968316902	69.3853367756654	103.070702729535
36931	9.22286789537658	46.2270221586004	128.83397871686	37.0041542632238	119.611110821483
36932	9.22286789537658	46.2270221586004	128.827052191625	37.0041542632238	119.604184296248
36933	12.5831828458571	41.1980718856911	109.34284515394	28.614889039834	96.7596623080824
36934	12.5831828458571	41.1980718856911	94.7422621903719	28.614889039834	82.1590793445148
36935	12.5831828458571	62.5044679752639	143.575159172867	49.9212851294068	130.99197632701
36936	12.5831828458571	0.580864292367654	68.9519463393312	-12.0023185534895	56.368763493474
36937	9.04539399603958	41.5910353993112	146.519536444595	32.5456414032716	137.474142448555
36938	13.6380050453978	40.8970070671798	64.7681704747377	27.259002021782	51.13016542934
36939	13.6380050453978	40.8970070671798	113.784264818933	27.259002021782	100.146259773535
36940	11.2644032349556	32.1908025193759	84.5127575017664	20.9263992844203	73.2483542668108
36941	15.3742726198462	0	85.9218335053014	-15.3742726198462	70.5475608854552
36942	15.3742726198462	9.65398219627738	86.7368249019024	-5.72029042356885	71.3625522820561
36943	51.1126682539521	59.9908686145262	146.793730281893	8.87820036057416	95.6810620279413
36944	62.8757712038481	32.5504952816052	142.514379381941	-30.3252759222429	79.6386081780932
36946	62.8757712038481	32.5504952816052	142.514379381941	-30.3252759222429	79.6386081780932
36947	62.8757712038481	32.5504952816052	148.669627414773	-30.3252759222429	85.7938562109252
36948	62.8757712038481	32.5504952816052	142.672254803989	-30.3252759222429	79.796483600141
36949	32.2500500328217	57.9926962440435	84.7566904722786	25.7426462112217	52.5066404394569
36950	40.9402949859001	54.9665761453756	95.9236666066477	14.0262811594755	54.9833716207476
36951	40.9402949859001	54.9665761453756	95.9236666066477	14.0262811594755	54.9833716207476
36952	40.9402949859001	71.8103931210236	75.4651241977465	30.8700981351235	34.5248292118464
36953	40.9402949859001	71.8103931210236	75.4651241977465	30.8700981351235	34.5248292118464
36954	40.9402949859001	71.8103931210236	75.4651241977465	30.8700981351235	34.5248292118464
36955	40.9402949859001	51.0542491666423	151.257700266492	10.1139541807422	110.317405280592
36956	40.9402949859001	51.0542491666423	148.737565189585	10.1139541807422	107.797270203685
36957	40.9402949859001	52.4958326682466	143.47855591419	11.5555376823465	102.53826092829
36958	40.9402949859001	22.2049110801558	80.2524420643885	-18.7353839057442	39.3121470784884
36959	40.9402949859001	31.8537607858187	70.6632519917719	-9.08653420008144	29.7229570058719
36960	40.9402949859001	42.4705567266405	52.0689685544356	1.53026174074037	11.1286735685355
36961	40.9402949859001	46.2270221586004	154.576689563473	5.28672717270031	113.636394577573
36962	40.9402949859001	46.2270221586004	98.8268935545295	5.28672717270031	57.8865985686294
36963	40.9402949859001	50.8476877006875	148.778700323074	9.90739271478746	107.838405337174
36964	40.9402949859001	51.0542491666423	151.257700266492	10.1139541807422	110.317405280592
36965	40.9402949859001	51.0542491666423	143.47855591419	10.1139541807422	102.53826092829
36966	40.9402949859001	51.0542491666423	148.737565189585	10.1139541807422	107.797270203685
36967	40.9402949859001	71.8103931210236	83.2423691460136	30.8700981351235	42.3020741601135
36968	40.9402949859001	52.4958326682466	143.47855591419	11.5555376823465	102.53826092829
36969	40.9402949859001	52.4958326682466	70.6470625448338	11.5555376823465	29.7067675589337
36970	40.9402949859001	71.8103931210236	83.2423691460136	30.8700981351235	42.3020741601135
36971	40.9402949859001	33.9851134037746	70.6470625448338	-6.95518158212544	29.7067675589337
36972	40.9402949859001	71.8103931210236	83.2423691460136	30.8700981351235	42.3020741601135
36973	40.9402949859001	39.0580250506274	52.0689685544356	-1.88226993527268	11.1286735685355
36974	40.9402949859001	52.4958326682466	155.723517367949	11.5555376823465	114.783222382049
36975	40.9402949859001	54.9665761453756	94.6656498118218	14.0262811594755	53.7253548259217
36976	40.9402949859001	54.9665761453756	84.4988969433653	14.0262811594755	43.5586019574652
36977	40.9402949859001	54.9665761453756	80.6794439293084	14.0262811594755	39.7391489434083
36978	40.9402949859001	33.9851134037746	52.0753109921716	-6.95518158212544	11.1350160062715
36979	40.9402949859001	42.4705567266405	66.2200048424955	1.53026174074037	25.2797098565954
36980	40.9402949859001	71.8103931210236	80.2589459852807	30.8700981351235	39.3186509993806
36981	40.9402949859001	71.8103931210236	80.2564218221459	30.8700981351235	39.3161268362458
36982	40.9402949859001	42.4705567266405	80.2589459852807	1.53026174074037	39.3186509993806
36983	40.9402949859001	71.8103931210236	75.4651241977465	30.8700981351235	34.5248292118464
36984	40.9402949859001	71.8103931210236	75.4651241977465	30.8700981351235	34.5248292118464
36985	40.9402949859001	54.9665761453756	80.6794439293084	14.0262811594755	39.7391489434083
36986	40.9402949859001	71.8103931210236	77.5976643194101	30.8700981351235	36.65736933351
36987	40.9402949859001	22.2049110801558	80.2589459852807	-18.7353839057442	39.3186509993806
36988	40.9402949859001	23.2585975972139	80.2589459852807	-17.6816973886862	39.3186509993806
36989	40.9402949859001	50.8476877006875	144.651457294022	9.90739271478746	103.711162308122
36990	40.9402949859001	27.9239146898932	77.5976643194101	-13.0163802960069	36.65736933351
36991	40.9402949859001	71.8103931210236	72.7810631383095	30.8700981351235	31.8407681524094
36992	40.9402949859001	46.2270221586004	83.2423691460136	5.28672717270031	42.3020741601135
36993	40.9402949859001	46.2270221586004	148.778700323074	5.28672717270031	107.838405337174
36994	40.9402949859001	33.9851134037746	52.0689685544356	-6.95518158212544	11.1286735685355
36995	40.9402949859001	42.4705567266405	80.2589459852807	1.53026174074037	39.3186509993806
36996	40.9402949859001	71.8103931210236	80.2589459852807	30.8700981351235	39.3186509993806
36997	40.9402949859001	71.8103931210236	80.2589459852807	30.8700981351235	39.3186509993806
36998	40.9402949859001	71.8103931210236	80.2589459852807	30.8700981351235	39.3186509993806
36999	46.0534931477452	25.1665226738088	77.5976643194101	-20.8869704739364	31.5441711716649
37000	46.0534931477452	27.9239146898932	67.5639371627532	-18.129578457852	21.510444015008
37001	46.0534931477452	46.2270221586004	98.8127672255995	0.173529010855169	52.7592740778543
37002	183.649362578822	257.615160096615	339.955640951353	73.9657975177931	156.306278372531
37008	0	11.6850391149644	34.3992660542543	11.6850391149644	34.3992660542543
37011	0	11.6850391149644	63.3222739767973	11.6850391149644	63.3222739767973
37013	0	34.7529333994051	63.3546136496011	34.7529333994051	63.3546136496011
37014	0	0	63.3222739767973	0	63.3222739767973
37017	0	62.0873105911309	64.7573222584335	62.0873105911309	64.7573222584335
37020	0	3.14143388198348	63.3023036666048	3.14143388198348	63.3023036666048
37021	0	9.00173421380466	53.4514481472115	9.00173421380466	53.4514481472115
37025	0	35.0915872275337	63.3546136496011	35.0915872275337	63.3546136496011
37026	165.094902667074	86.2171934896868	228.672868257899	-78.8777091773874	63.5779655908249
37028	58.4722030134299	95.740585672074	194.419853552766	37.2683826586441	135.947650539336
37029	12.3422708188867	2.3201096304368	31.456526951327	-10.0221611884498	19.1142561324403
37030	12.3422708188867	34.5274792679245	63.3169102765893	22.1852084490379	50.9746394577026
37031	12.3422708188867	15.7081653948625	31.4791171012782	3.36589457597586	19.1368462823916
37032	12.3422708188867	34.7529333994051	79.6027977723176	22.4106625805185	67.260526953431
37035	12.3422708188867	34.7529333994051	79.6027977723176	22.4106625805185	67.260526953431
37036	12.3422708188867	2.3201096304368	31.456526951327	-10.0221611884498	19.1142561324403
37037	12.3422708188867	20.7196521878603	31.4732094272707	8.37738136897368	19.1309386083841
37038	12.3422708188867	17.2353242402956	40.0630913843199	4.89305342140896	27.7208205654332
37039	10.8157753963983	45.593397691305	109.881291613044	34.7776222949067	99.0655162166454
37041	10.8157753963983	18.8719672417748	63.3169102765893	8.05619184537652	52.501134880191
37042	10.8157753963983	12.9935357507883	31.4732094272707	2.17776035439005	20.6574340308724
37043	12.3422708188867	41.7833040651056	110.542249669432	29.441033246219	98.1999788505453
37044	12.3422708188867	17.2353242402956	19.3020949971791	4.89305342140896	6.95982417829242
37045	12.3422708188867	2.3201096304368	31.4791171012782	-10.0221611884498	19.1368462823916
37046	12.3422708188867	22.4862361464452	51.3319838272288	10.1439653275585	38.9897130083422
37047	12.3422708188867	32.2665422701487	35.3257616900826	19.924271451262	22.983490871196
37048	12.3422708188867	3.14143388198348	39.0220455171279	-9.20083693690317	26.6797746982412
37049	12.3422708188867	34.7529333994051	94.0437066737329	22.4106625805185	81.7014358548462
37050	3.47885342805087	69.6320999037104	72.9590966111024	66.1532464756595	69.4802431830515
37051	56.0943084046841	62.5044679752639	99.3428783490071	6.41015957057975	43.2485699443229
37052	56.0943084046841	62.5044679752639	99.3193898523412	6.41015957057975	43.225081447657
37053	56.0943084046841	81.9301175743025	175.743216879461	25.8358091696183	119.648908474777
37054	81.7602840038279	102.888785684725	158.526112386375	21.1285016808974	76.7658283825473
37055	56.0943084046841	62.5044679752639	65.8819127096697	6.41015957057975	9.7876043049856
37056	56.0943084046841	64.2057446388238	67.0279206209004	8.11143623413964	10.9336122162162
37057	56.0943084046841	84.7743895750531	127.786716402195	28.680081170369	71.6924079975112
37058	56.0943084046841	62.5044679752639	169.402697736595	6.41015957057975	113.30838933191
37059	56.0943084046841	102.888785684725	170.729076775	46.7944772800412	114.634768370316
37060	56.0943084046841	151.203821033425	170.590800463047	95.1095126287411	114.496492058363
37061	56.0943084046841	62.5044679752639	154.389872099719	6.41015957057975	98.2955636950352
37062	56.0943084046841	62.5044679752639	71.2818639902523	6.41015957057975	15.1875555855682
37063	81.7602840038279	102.888785684725	154.461435181038	21.1285016808974	72.7011511772099
37064	81.7602840038279	62.5044679752639	154.179062356588	-19.255816028564	72.4187783527603
37065	81.7602840038279	101.181240384572	154.504409477058	19.4209563807444	72.7441254732304
37066	81.7602840038279	90.8016688183419	158.526112386375	9.04138481451403	76.7658283825473
37067	81.7602840038279	100	158.526112386375	18.2397159961721	76.7658283825473
37068	19.4449021918107	46.2270221586004	83.2423691460136	26.7821199667897	63.7974669542029
37069	17.6848582369902	54.4900247962851	55.800553507956	36.8051665592949	38.1156952709658
37070	17.6848582369902	3.65138881449157	9.70220861990797	-14.0334694224986	-7.98264961708225
37071	17.6848582369902	51.6331024540314	67.0835295402931	33.9482442170412	49.3986713033029
37072	17.6848582369902	66.1278241640455	68.9519463393312	48.4429659270553	51.2670881023409
37073	17.6848582369902	48.8511968398198	60.2599701040382	31.1663386028296	42.575111867048
37074	17.6848582369902	48.8511968398198	143.537113520207	31.1663386028296	125.852255283216
37075	17.6848582369902	94.1034203484906	131.562481091683	76.4185621115004	113.877622854693
37076	17.6848582369902	48.8511968398198	56.017359845052	31.1663386028296	38.3325016080617
37077	17.6848582369902	23.9340980321329	27.7500094371184	6.24923979514272	10.0651512001282
37078	17.6848582369902	49.4706143682304	55.8044012387553	31.7857561312401	38.1195430017651
37079	17.6848582369902	48.8511968398198	68.1531750130389	31.1663386028296	50.4683167760487
37080	17.6848582369902	49.4706143682304	131.551831391826	31.7857561312401	113.866973154836
37081	26.4245349195991	72.473483005917	113.284228426905	46.0489480863179	86.859693507306
37082	26.4245349195991	48.6878709090391	67.0846302701206	22.26333598944	40.6600953505215
37083	26.4245349195991	48.6878709090391	67.0279206209004	22.26333598944	40.6033857013013
37084	19.0743073895353	48.8511968398198	94.6656498118218	29.7768894502845	75.5913424222866
37085	19.0743073895353	48.8511968398198	68.1883482073795	29.7768894502845	49.1140408178442
37086	19.0743073895353	48.8511968398198	67.0846302701206	29.7768894502845	48.0103228805853
37087	19.0743073895353	48.8511968398198	56	29.7768894502845	36.9256926104647
37088	19.0743073895353	51.0086463653281	68.1801847288946	31.9343389757929	49.1058773393593
37089	53.6417854334181	28.2654824945619	61.8498890880326	-25.3763029388561	8.20810365461454
37090	53.6417854334181	101.050442724921	143.897423017807	47.4086572915033	90.2556375843892
37091	53.6417854334181	90.844530757857	99.6660660899151	37.2027453244389	46.024280656497
37092	53.6417854334181	54.1785926814916	56.9397039740714	0.536807248073501	3.29791854065338
37093	198.187483013623	90.8016688183419	167.835500577424	-107.385814195282	-30.3519824361992
37094	92.7260152903834	90.8016688183419	173.043525679019	-1.92434647204152	80.3175103886359
37095	63.9013564553372	139.587079777003	284.150868160345	75.6857233216654	220.249511705008
37096	63.9013564553372	139.587079777003	156.554170241534	75.6857233216654	92.6528137861964
37097	63.9013564553372	139.587079777003	150.854874068747	75.6857233216654	86.9535176134102
37098	0	23.2661296920271	25.1713844578798	23.2661296920271	25.1713844578798
37099	0	21.5995295869816	25.1665226738088	21.5995295869816	25.1665226738088
37100	0	20.3179327334562	24.0220421978667	20.3179327334562	24.0220421978667
37101	0	4.69221663932091	9.16484417081007	4.69221663932091	9.16484417081007
37102	0	3.0876886780671	9.16484417081007	3.0876886780671	9.16484417081007
37103	0	3.0876886780671	9.16484417081007	3.0876886780671	9.16484417081007
37104	0	3.0876886780671	9.16484417081007	3.0876886780671	9.16484417081007
37105	0	3.0876886780671	9.16484417081007	3.0876886780671	9.16484417081007
37106	0	3.0876886780671	9.16484417081007	3.0876886780671	9.16484417081007
37107	0	5.59411310721016	9.18249569456137	5.59411310721016	9.18249569456137
37109	33.8879765077427	52.3855541766342	75.4092633579482	18.4975776688915	41.5212868502055
37110	28.0377107702357	21.7760230079	51.3202510253277	-6.26168776233571	23.2825402550921
37111	28.0377107702357	40.0201109399735	75.4092633579482	11.9824001697378	47.3715525877125
37112	28.0377107702357	16.8945554604332	51.292844145831	-11.1431553098025	23.2551333755953
37113	33.8879765077427	40.0201109399735	83.2515499901034	6.13213443223085	49.3635734823608
37114	33.8879765077427	55.5069246136677	83.2515499901034	21.618948105925	49.3635734823608
37115	28.0377107702357	43.5861122311852	75.4651241977465	15.5484014609495	47.4274134275108
37116	28.0377107702357	16.8945554604332	31.3520627303451	-11.1431553098025	3.31435196010944
37117	29.2913741339908	40	75.4587783334748	10.7086258660092	46.1674041994839
37118	29.2913741339908	32.9011129541816	83.1511513074304	3.60973882019079	53.8597771734396
37119	29.2913741339908	70.4446838513079	83.2423691460136	41.153309717317	53.9509950120227
37120	33.8879765077427	55.5069246136677	83.2097905626615	21.618948105925	49.3218140549189
37121	29.2913741339908	15.2449636563798	51.2969893809615	-14.046410477611	22.0056152469706
37122	29.2913741339908	32.9011129541816	83.2097905626615	3.60973882019079	53.9184164286707
37123	29.2913741339908	70.4446838513079	83.2097905626615	41.153309717317	53.9184164286707
37124	29.2913741339908	32.9011129541816	83.6021561911054	3.60973882019079	54.3107820571145
37125	29.2913741339908	70.4446838513079	83.2097905626615	41.153309717317	53.9184164286707
37126	33.8879765077427	55.5069246136677	83.6021561911054	21.618948105925	49.7141796833627
37127	29.2913741339908	70.4446838513079	150.680107223593	41.153309717317	121.388733089602
37128	29.2913741339908	55.5069246136677	83.2423691460136	26.2155504796769	53.9509950120227
37129	33.8879765077427	43.5861122311852	75.5128968069832	9.69813572344256	41.6249202992405
37130	33.8879765077427	32.9011129541816	75.4092633579482	-0.98686355356103	41.5212868502055
37131	33.8879765077427	55.5069246136677	83.2097905626615	21.618948105925	49.3218140549189
37132	33.8879765077427	32.9011129541816	51.3202510253277	-0.98686355356103	17.4322745175851
37133	33.8879765077427	55.5069246136677	83.2423691460136	21.618948105925	49.3543926382709
37134	33.8879765077427	11.6791325246421	31.4007971073483	-22.2088439831005	-2.48717940039433
37135	33.8879765077427	52.3855541766342	83.2097905626615	18.4975776688915	49.3218140549189
37136	29.2913741339908	40	75.4587783334748	10.7086258660092	46.1674041994839
37137	29.2913741339908	55.5069246136677	83.495733945909	26.2155504796769	54.2043598119181
37138	29.2913741339908	40	75.4092633579482	10.7086258660092	46.1178892239574
37139	33.8879765077427	55.5069246136677	75.4651241977465	21.618948105925	41.5771476900039
37140	28.0377107702357	3.91281640054781	31.3188763491948	-24.1248943696879	3.28116557895915
37141	29.2913741339908	70.4446838513079	83.2423691460136	41.153309717317	53.9509950120227
37142	24.503738229156	70.4446838513079	75.4587783334748	45.9409456221519	50.9550401043188
37143	33.8879765077427	15.2449636563798	75.4092633579482	-18.6430128513628	41.5212868502055
37144	33.8879765077427	52.3855541766342	75.4651241977465	18.4975776688915	41.5771476900039
37145	33.8879765077427	55.5069246136677	83.2097905626615	21.618948105925	49.3218140549189
37146	33.8879765077427	32.9011129541816	83.2097905626615	-0.98686355356103	49.3218140549189
37147	33.8879765077427	55.5069246136677	83.1511513074304	21.618948105925	49.2631747996878
37148	33.8879765077427	70.4446838513079	75.4967179681373	36.5567073435652	41.6087414603947
37149	33.8879765077427	32.9011129541816	75.4587783334748	-0.98686355356103	41.5708018257321
37150	33.8879765077427	70.4446838513079	75.4092633579482	36.5567073435652	41.5212868502055
37151	18.8334818251948	32.9011129541816	75.4671070564262	14.0676311289868	56.6336252312314
37152	18.8334818251948	77.5922464403275	143.379081726307	58.7587646151326	124.545599901112
37153	18.8334818251948	56.0193423647347	83.6209394297344	37.1858605395398	64.7874576045395
37154	18.8334818251948	56.0193423647347	86.3955781562027	37.1858605395398	67.5620963310079
37155	18.8334818251948	49.5930665424503	75.4802513229779	30.7595847172554	56.6467694977831
37156	18.8334818251948	28.0083981680243	75.4587783334748	9.17491634282949	56.6252965082799
37157	18.8334818251948	20.3179327334562	86.3217926283971	1.48445090826137	67.4883108032023
37158	18.8334818251948	20.3179327334562	86.3217926283971	1.48445090826137	67.4883108032023
37159	18.8334818251948	56.0193423647347	86.3217926283971	37.1858605395398	67.4883108032023
37160	2.77616840948254	56.9486134972233	92.5610462850369	54.1724450877408	89.7848778755544
37161	2.77616840948254	40.0245238859528	92.5599430873487	37.2483554764703	89.7837746778661
37162	2.77616840948254	24.4047391783705	83.6209394297344	21.6285707688879	80.8447710202518
37163	3.78882698594595	38.250843907033	46.7227953096072	34.4620169210871	42.9339683236613
37164	3.78882698594595	64.2264987078381	71.9509515348178	60.4376717218922	68.1621245488718
37165	3.78882698594595	57.9987285731041	83.6209394297344	54.2099015871581	79.8321124437884
37166	3.78882698594595	48.3415934721705	86.3955781562027	44.5527664862245	82.6067511702568
37167	3.78882698594595	21.3822245662116	51.2969893809615	17.5933975802657	47.5081623950155
37168	3.78882698594595	48.3415934721705	73.907361452652	44.5527664862245	70.118534466706
37169	3.78882698594595	64.2264987078381	84.7621981151978	60.4376717218922	80.9733711292519
37170	3.78882698594595	48.3415934721705	51.3153913697023	44.5527664862245	47.5265643837563
37171	3.78882698594595	21.3822245662116	51.2969893809615	17.5933975802657	47.5081623950155
37172	3.78882698594595	59.1043459658443	78.6992174936796	55.3155189798983	74.9103905077337
37173	3.78882698594595	48.3415934721705	81.0567155435183	44.5527664862245	77.2678885575724
37174	3.78882698594595	48.3415934721705	91.4767018037467	44.5527664862245	87.6878748178008
37175	3.78882698594595	46.7121389024936	46.7227953096072	42.9233119165477	42.9339683236613
37176	3.78882698594595	33.3578674391774	91.5556995400333	29.5690404532315	87.7668725540873
37177	3.78882698594595	48.3415934721705	83.6209394297344	44.5527664862245	79.8321124437884
37178	3.78882698594595	33.3578674391774	71.9509515348178	29.5690404532315	68.1621245488718
37179	3.78882698594595	57.9987285731041	91.5556995400333	54.2099015871581	87.7668725540873
37180	3.78882698594595	38.250843907033	91.4848834717139	34.4620169210871	87.6960564857679
37181	3.78882698594595	82.8210484380404	121.656085891154	79.0322214520945	117.867258905208
37182	3.78882698594595	39.0820373591991	86.3217926283971	35.2932103732532	82.5329656424511
37183	3.78882698594595	39.0820373591991	51.30097443176	35.2932103732532	47.5121474458141
37184	3.78882698594595	39.0820373591991	51.3153913697023	35.2932103732532	47.5265643837563
37186	76.1949876985773	73.7596889843674	156.263641027272	-2.43529871420986	80.0686533286942
37187	40.0730192496873	36.3063449506548	90.4965911029009	-3.76667429903252	50.4235718532136
37188	40.0730192496873	54.8832056485488	90.4857069531541	14.8101863988614	50.4126877034668
37189	73.5984434976921	137.520395509051	172.560605194689	63.9219520113587	98.9621616969964
37190	73.5984434976921	95.9308370458956	215.300380537615	22.3323935482035	141.701937039923
37191	73.5984434976921	110.45216322299	228.628248390204	36.8537197252982	155.029804892511
37192	73.5984434976921	110.45216322299	156.266915577151	36.8537197252982	82.6684720794586
37193	73.5984434976921	95.9308370458956	156.266915577151	22.3323935482035	82.6684720794586
37194	157.694958584339	116.765989885761	158.129095446325	-40.9289686985789	0.434136861985166
37195	157.694958584339	116.765989885761	158.129095446325	-40.9289686985789	0.434136861985166
37196	50.6406948864516	116.765989885761	214.514097553285	66.1252949993089	163.873402666834
37197	50.6406948864516	131.17248343933	164.580690672119	80.5317885528783	113.939995785668
37198	50.6406948864516	131.17248343933	215.566163295173	80.5317885528783	164.925468408721
37199	50.6406948864516	131.17248343933	215.66159461591	80.5317885528783	165.020899729458
37200	50.6406948864516	131.17248343933	215.566163295173	80.5317885528783	164.925468408721
37201	50.6406948864516	116.765989885761	157.960542777028	66.1252949993089	107.319847890577
37202	50.6406948864516	131.17248343933	164.580690672119	80.5317885528783	113.939995785668
37203	50.6406948864516	47.8849728958769	158.129095446325	-2.75572199057473	107.488400559873
37204	206.822455715981	90.8016688183419	150.198209296073	-116.02078689764	-56.6242464199087
37205	50.6406948864516	116.765989885761	164.580690672119	66.1252949993089	113.939995785668
37206	50.6406948864516	116.765989885761	215.629604109397	66.1252949993089	164.988909222946
37207	50.6406948864516	116.765989885761	215.629604109397	66.1252949993089	164.988909222946
37208	157.694958584339	131.17248343933	164.516561189538	-26.5224751450095	6.82160260519871
37209	98	155.606381144547	156.195719197228	57.6063811445471	58.1957191972282
37210	98	86	156.263641027272	-12	58.2636410272715
37211	98	86	156.263641027272	-12	58.2636410272715
37212	89	81.6911925109147	156.25287271864	-7.3088074890853	67.2528727186402
37213	102	108.834349066496	158.526112386375	6.83434906649603	56.5261123863751
37214	43.537599996614	90.8016688183419	150.198532705991	47.2640688217279	106.660932709377
37215	24.032316935411	40.6716474239023	68.6696875849154	16.6393304884913	44.6373706495044
37216	24.032316935411	29.0344180238243	42.7395798938275	5.00210108841335	18.7072629584165
37217	20.7738517635758	50.578130312399	147.754214869949	29.8042785488231	126.980363106373
37218	20.7738517635758	64.2360520255428	67.0279206209004	43.462200261967	46.2540688573245
37219	20.7738517635758	63	67.0279206209004	42.2261482364242	46.2540688573245
37220	20.7738517635758	63	147.754214869949	42.2261482364242	126.980363106373
37221	20.7738517635758	63	68.9120037969203	42.2261482364242	48.1381520333444
37222	23.89026440357	63	128.905804716876	39.10973559643	105.015540313306
37223	23.89026440357	71.8103931210236	79.5625171698106	47.9201287174536	55.6722527662405
37224	218.23805339492	154.027607771682	436.101253497724	-64.2104456232377	217.863200102804
37225	201.2502996835	88	355.52298079791	-113.2502996835	154.272681114411
37226	120.305550624925	62.0982085559612	228.697881600643	-58.2073420689635	108.392330975718
37227	120.305550624925	83.0651671695053	162.073804163332	-37.2403834554193	41.7682535384071
37228	120.305550624925	89.3666754117998	372.251819677524	-30.9388752131249	251.946269052599
37229	120.305550624925	90.8016688183419	159.534968475739	-29.5038818065828	39.2294178508143
37230	120.305550624925	90.8016688183419	228.697881600643	-29.5038818065828	108.392330975718
37231	0	16.9386926651248	80.2589459852807	16.9386926651248	80.2589459852807
37232	30.8759858343561	50.061770480495	168.081779762346	19.1857846461389	137.20579392799
37233	53.6873266076676	97	412.705264525521	43.3126733923324	359.017937917853
37234	97.7670162761433	90.8016688183419	191.541270157229	-6.96534745780137	93.7742538810854
37235	316.684662492071	97.6538519466848	531.91544055415	-219.030810545386	215.230778062079
37236	229.533249335397	167.125409947282	339	-62.4078393881147	109.466750664603
37237	229.533249335397	167.125409947282	339	-62.4078393881147	109.466750664603
37238	31.2670290426699	47.8849728958769	102.643695730024	16.617943853207	71.376666687354
37240	31.2670290426699	62.0982085559612	87.4210415099214	30.8311795132913	56.1540124672515
37241	31.2670290426699	62.0982085559612	87.4210415099214	30.8311795132913	56.1540124672515
37246	71.5962313214262	102.888785684725	160.704507960149	31.2925543632991	89.1082766387224
37247	71.5962313214262	62.5044679752639	148.778700323074	-9.09176334616235	77.1824690016479
37248	71.5962313214262	102.888785684725	144.919759526169	31.2925543632991	73.3235282047425
37249	13.7349085612906	39.1726774668668	63.3806745443175	25.4377689055761	49.6457659830269
37250	37.8505253301766	69.6054113887298	101.825443905087	31.7548860585532	63.9749185749108
37251	13.7349085612906	69.6054113887298	82.7699883748225	55.8705028274392	69.0350798135319
37252	13.7349085612906	69.6054113887298	101.825443905087	55.8705028274392	88.0905353437968
37253	13.7349085612906	54.4943086979628	82.7268786576389	40.7594001366722	68.9919700963483
37254	13.7349085612906	69.6054113887298	82.7699883748225	55.8705028274392	69.0350798135319
37255	13.7349085612906	39.1726774668668	101.825443905087	25.4377689055761	88.0905353437968
37256	13.7349085612906	54.4943086979628	82.7268786576389	40.7594001366722	68.9919700963483
37257	13.7349085612906	70.1259821113859	138.768411854775	56.3910735500952	125.033503293484
37258	14.2134277218864	69.6054113887298	101.955930220494	55.3919836668434	87.7425024986078
37259	13.7349085612906	107.909297877599	139.185157560749	94.1743893163089	125.450248999458
37260	13.7349085612906	70.1259821113859	138.720207400999	56.3910735500952	124.985298839709
37261	13.7349085612906	65.8771460565142	82.6833664111651	52.1422374952236	68.9484578498744
37262	13.7349085612906	54.4943086979628	101.89387238784	40.7594001366722	88.1589638265494
37263	13.7349085612906	70.1259821113859	138.473790783364	56.3910735500952	124.738882222074
37264	13.7349085612906	70.1259821113859	122.63381054213	56.3910735500952	108.89890198084
37265	13.7349085612906	70.1259821113859	122.63381054213	56.3910735500952	108.89890198084
37266	13.7349085612906	63.34627001902	63.4036959994696	49.6113614577293	49.668787438179
37267	13.7349085612906	70.1259821113859	153.488381302433	56.3910735500952	139.753472741142
37268	13.7349085612906	36.5591152871071	79.5919922811168	22.8242067258164	65.8570837198262
37269	13.7349085612906	70.1259821113859	79.5919922811168	56.3910735500952	65.8570837198262
37270	13.7349085612906	70.1259821113859	79.6066122426379	56.3910735500952	65.8717036813473
37271	13.7349085612906	36.5591152871071	36.752726605053	22.8242067258164	23.0178180437624
37272	13.7349085612906	70.1259821113859	79.6066122426379	56.3910735500952	65.8717036813473
37273	13.7349085612906	70.1259821113859	153.488381302433	56.3910735500952	139.753472741142
37274	13.7349085612906	70.1259821113859	79.5625171698106	56.3910735500952	65.8276086085199
37275	13.7349085612906	54.2349224706425	63.4036959994696	40.5000139093519	49.668787438179
37276	13.7349085612906	70.1259821113859	79.6066122426379	56.3910735500952	65.8717036813473
37277	13.7349085612906	70.1259821113859	82.7699883748225	56.3910735500952	69.0350798135319
37278	13.7349085612906	70.1259821113859	82.7699883748225	56.3910735500952	69.0350798135319
37279	13.7349085612906	107.909297877599	138.720207400999	94.1743893163089	124.985298839709
37280	13.7349085612906	70.1259821113859	82.7699883748225	56.3910735500952	69.0350798135319
37281	13.7349085612906	70.1259821113859	75.1518603543821	56.3910735500952	61.4169517930914
37282	13.7349085612906	39.1726774668668	82.6833664111651	25.4377689055761	68.9484578498744
37283	13.7349085612906	54.2349224706425	63.3806745443175	40.5000139093519	49.6457659830269
37284	13.7349085612906	39.1726774668668	63.3806745443175	25.4377689055761	49.6457659830269
37285	13.7349085612906	54.2349224706425	63.3806745443175	40.5000139093519	49.6457659830269
37286	13.7349085612906	54.2349224706425	63.3806745443175	40.5000139093519	49.6457659830269
37287	13.7349085612906	39.1726774668668	82.6787006541064	25.4377689055761	68.9437920928158
37288	68.8963053731279	62.0982085559612	100.814321477223	-6.79809681716668	31.918016104095
37289	68.8963053731279	92.9999635225343	160.962175021436	24.1036581494064	92.0658696483082
37290	68.8963053731279	90.8016688183419	100.764542821795	21.905363445214	31.8682374486673
37291	68.8963053731279	92.9999635225343	100.764542821795	24.1036581494064	31.8682374486673
37292	33.7725676169373	85	99.0373243484758	51.2274323830627	65.2647567315385
37293	105.18805354122	94.9961073774136	148.778700323074	-10.1919461638064	43.5906467818542
37294	105.18805354122	51.0542491666423	148.778700323074	-54.1338043745777	43.5906467818542
37295	105.18805354122	51.0542491666423	156.672456134626	-54.1338043745777	51.484402593406
37296	105.18805354122	94.9961073774136	100.776729982497	-10.1919461638064	-4.41132355872261
37297	105.18805354122	51.0542491666423	156.672456134626	-54.1338043745777	51.484402593406
37298	105.18805354122	90.8016688183419	100.814321477223	-14.3863847228781	-4.37373206399712
37299	105.18805354122	94.9961073774136	100.776729982497	-10.1919461638064	-4.41132355872261
37300	81.6910568477681	61.2559670321509	99.0542823524836	-20.4350898156172	17.3632255047155
37301	81.6910568477681	61.2559670321509	139.307783391629	-20.4350898156172	57.6167265438609
37302	68.8963053731279	90.8016688183419	156.263641027272	21.905363445214	87.3673356541437
37304	13.9257222521752	43.8007834735332	62.6611962320311	29.875061221358	48.7354739798559
37305	13.9257222521752	60.4078354868782	70.4164587372301	46.482113234703	56.4907364850549
37306	13.9257222521752	21.6367405390933	69.7625442961723	7.71101828691811	55.8368220439971
37307	12.076841538825	47.0422496340615	63.3873552510729	34.9654080952366	51.3105137122479
37308	12.076841538825	61.2559670321509	96.2285357735936	49.179125493326	84.1516942347686
37309	12.076841538825	43.8007834735332	62.6693414126455	31.7239419347082	50.5924998738206
37310	211.64439513594	94.9222963386749	228.723338944458	-116.722098797265	17.0789438085178
37311	67.9297589422217	87.4673973593327	144	19.537638417111	76.0702410577783
37312	67.9297589422217	87.4673973593327	144	19.537638417111	76.0702410577783
37313	297	116.765989885761	215.664170081768	-180.234010114239	-81.3358299182317
37314	66.9241725246903	95.002493082351	161.478333924155	28.0783205576607	94.554161399465
37315	66.9241725246903	102.447685766891	166.455563599693	35.5235132422003	99.5313910750025
37316	192.586347928199	77.7757003846905	178.757217645492	-114.810647543508	-13.829130282707
37317	48.7768871179702	45.954338579297	119.779219006406	-2.82254853867322	71.002331888436
37318	56.9843081795594	65.9895643708765	85.9218335053014	9.00525619131711	28.937525325742
37319	56.9843081795594	45.3043192435613	85.9183851930717	-11.6799889359981	28.9340770135123
37320	56.9843081795594	65.9895643708765	130.413431523373	9.00525619131711	73.4291233438136
37321	56.9843081795594	45.3043192435613	85.9211624270119	-11.6799889359981	28.9368542474525
37322	56.9843081795594	45.3043192435613	97.1350433245277	-11.6799889359981	40.1507351449683
37323	56.9843081795594	65.9895643708765	97.1350433245277	9.00525619131711	40.1507351449683
37324	56.9843081795594	33.1334423383032	85.9328257224469	-23.8508658412562	28.9485175428875
37325	56.9843081795594	65.9895643708765	130.435903993665	9.00525619131711	73.4515958141053
37326	48.7768871179702	45.954338579297	96.9397680002122	-2.82254853867322	48.162880882242
37327	40.8479238536874	39.6678799007691	122.010665923427	-1.18004395291831	81.1627420697392
37328	40.8479238536874	8.32930928252585	532.352129799815	-32.5186145711615	491.504205946127
37330	40.8479238536874	43.8272954406396	109.866143782649	2.97937158695223	69.0182199289618
37331	40.8479238536874	24.8895763374711	62.4937251599672	-15.9583475162163	21.6458013062798
37332	40.8479238536874	20.136841801049	95.4789567176412	-20.7110820526384	54.6310328639538
37337	40.8479238536874	44.3044171683025	62.5504478989232	3.45649331461507	21.7025240452358
37339	40.8479238536874	61.2559670321509	444.760675584538	20.4080431784635	403.91275173085
37340	40.8479238536874	42.9733179192807	83.125317854003	2.12539406559327	42.2773940003156
37342	40.8479238536874	89.6157253186404	145	48.767801464953	104.152076146313
37343	40.8479238536874	44.3044171683025	69.7454273014841	3.45649331461507	28.8975034477967
37344	35.4950119067942	28.9817973166006	128.51323206393	-6.51321459019358	93.0182201571357
37347	35.4950119067942	44.3044171683025	87.219869731998	8.80940526150825	51.7248578252038
37348	48.7768871179702	42.7085986815734	119.946697679763	-6.06828843639678	71.1698105617932
37349	48.7768871179702	43	119.709340177017	-5.77688711797019	70.9324530590468
