36455	27.2410848199858	19.2659138599807	40.9654168391169	-7.97517096000512	13.7243320191311
36456	27.2410848199858	16.0211283677734	34.2730467614394	-11.2199564522124	7.03196194145356
36457	27.2410848199858	16.6295256475623	30.6226630827062	-10.6115591724235	3.38157826272037
36458	27.2410848199858	13.587539248618	29.0002703366026	-13.6535455713679	1.75918551661672
36459	27.2410848199858	27.5806766837619	53.1333624348942	0.33959186377604	25.8922776149084
36460	27.2410848199858	13.587539248618	65.3013080306715	-13.6535455713679	38.0602232106857
36461	25.9196602359937	5.57293007848387	21.7692581190776	-20.3467301575099	-4.15040211691612
36463	16.6947496545108	8.01108698782056	30.4769613667087	-8.68366266669021	13.7822117121979
36465	16.6947496545108	7.14031666305746	28.7354207171825	-9.55443299145331	12.0406710626717
36466	16.6947496545108	7.14031666305746	27.5163422625141	-9.55443299145331	10.8215926080033
36467	16.6947496545108	8.18524105277318	28.038804457372	-8.50950860173759	11.3440548028612
36468	17.4061436435653	7.14031666305746	28.3871125872772	-10.2658269805079	10.9809689437119
36469	17.4061436435653	6.09539227334173	28.3871125872772	-11.3107513702236	10.9809689437119
36470	17.4061436435653	7.31447072801008	27.6904963274667	-10.0916729155553	10.2843526839014
36471	17.4061436435653	7.4886247929627	30.1286532368034	-9.91751885060264	12.7225095932381
36472	17.4061436435653	10.9717060920151	35.0049670554768	-6.43443755155022	17.5988234119115
36473	17.4061436435653	6.61785446819959	31.8701938863296	-10.7882891753657	14.4640502427643
36474	17.4061436435653	8.18524105277318	31.1735776265191	-9.22090259079215	13.7674339829538
36475	17.4061436435653	10.9717060920151	29.4320369769929	-6.43443755155022	12.0258933334276
36476	17.4061436435653	8.01108698782056	24.9040312882248	-9.39505665574477	7.49788764465946
36477	17.4061436435653	6.26954633829435	22.988336573746	-11.136597305271	5.58219293018063
36478	5.60495633900328	8.51756191704411	23.3218957252398	2.91260557804083	17.7169393862366
36479	5.60495633900328	7.70636554399229	18.6575165801919	2.10140920498901	13.0525602411886
36480	5.60495633900328	8.1119637305182	18.8603156734548	2.50700739151492	13.2553593344515
36481	5.60495633900328	7.90916463725525	19.0631147667178	2.30420829825197	13.4581584277145
36482	5.60495633900328	6.48957098441456	18.049119300403	0.884614645411284	12.4441629613997
36483	5.60495633900328	5.47557551809979	16.0211283677734	-0.129380820903491	10.4161720287702
36484	7.40911245376472	6.48957098441456	17.6435211138771	-0.919541469350161	10.2344086601124
36485	7.40911245376472	7.50356645072934	18.251918393666	0.0944539969646145	10.8428059399012
36486	7.40911245376472	8.51756191704411	20.6855075128214	1.10844946327939	13.2763950590567
36487	5.50954140709743	7.30076735746638	18.8603156734548	1.79122595036896	13.3507742663574
36488	32.6992608512421	11.494168286873	46.3249812773972	-21.2050925643691	13.6257204261551
36493	12.3290651370003	8.31476282378116	28.5946721500767	-4.01430231321917	16.2656070130763
36494	12.3290651370003	10.3427537564107	28.1890739635508	-1.98631138058962	15.8600088265504
36496	12.3290651370003	7.09796826420343	42.3850104919576	-5.2310968727969	30.0559453549573
36498	8.92494405248747	7.90916463725525	19.8743111397696	-1.01577941523222	10.9493670872821
36499	0	3.85318277199615	60.8397279788865	3.85318277199615	60.8397279788865
36501	15.1085789921256	21.6995029791362	44.6158005178501	6.59092398701056	29.5072215257245
36502	15.1085789921256	10.5455528496737	25.3498866578694	-4.56302614245197	10.2413076657438
36503	11.7913366078682	11.1539501294625	26.3638821241842	-0.637386478405684	14.5725455163159
36504	11.7913366078682	11.1539501294625	26.5666812174471	-0.637386478405684	14.7753446095789
36505	11.7913366078682	12.5735437823032	26.5666812174471	0.782207174435001	14.7753446095789
36506	11.7913366078682	12.7763428755662	26.7694803107101	0.985006267697957	14.9781437028419
36507	11.7913366078682	11.3567492227255	28.5946721500767	-0.434587385142729	16.8033355422085
36508	11.7913366078682	11.7623474092514	27.3778775904989	-0.0289891986168183	15.5865409826307
36509	11.7913366078682	12.3707446890403	26.1610830309212	0.579408081172046	14.369746423053
36510	11.7913366078682	12.5735437823032	27.175078497236	0.782207174435001	15.3837418893678
36511	11.7913366078682	12.3707446890403	27.7834757770248	0.579408081172046	15.9921391691566
36512	11.7913366078682	12.3707446890403	26.972279403973	0.579408081172046	15.1809427961048
36513	11.7913366078682	11.7623474092514	25.9582839376582	-0.0289891986168183	14.16694732979
36514	11.7913366078682	11.9651465025143	25.7554848443953	0.173809894646137	13.9641482365271
36515	11.7913366078682	8.92316010357002	26.1610830309212	-2.86817650429819	14.369746423053
36516	11.7913366078682	10.5455528496737	26.1610830309212	-1.24578375819455	14.369746423053
36517	11.7913366078682	12.7763428755662	30.6226630827062	0.985006267697957	18.831326474838
36518	11.7913366078682	10.7483519429366	25.7554848443953	-1.04298466493159	13.9641482365271
36519	11.7913366078682	10.1399546631478	26.3638821241842	-1.65138194472046	14.5725455163159
36520	11.7913366078682	11.3567492227255	25.7554848443953	-0.434587385142729	13.9641482365271
36521	9.31588937139222	7.50356645072934	36.098238600806	-1.81232292066288	26.7823492294138
36522	9.31588937139222	10.7483519429366	27.175078497236	1.4324625715444	17.8591891258438
36523	9.31588937139222	9.73435647662184	27.7834757770248	0.418467105229627	18.4675864056326
36524	9.31588937139222	10.1399546631478	26.5666812174471	0.824065291755538	17.2507918460549
36525	9.31588937139222	8.72036101030707	37.3150331603837	-0.595528361085147	27.9991437889915
36526	9.31588937139222	11.1539501294625	25.3498866578694	1.83806075807031	16.0339972864772
36527	17.0333051790349	9.73435647662184	27.175078497236	-7.29894870241306	10.1417733182011
36528	17.0333051790349	10.7483519429366	27.7834757770248	-6.28495323609828	10.7501705979899
36529	17.0333051790349	11.5595483159884	27.3778775904989	-5.47375686304646	10.344572411464
36530	17.0333051790349	11.3567492227255	25.9582839376582	-5.67655595630942	8.92497875862335
36531	17.0333051790349	11.3567492227255	25.5526857511323	-5.67655595630942	8.51938057209744
36532	17.0333051790349	9.53155738335889	26.3638821241842	-7.50174779567601	9.33057694514926
36533	17.0333051790349	9.73435647662184	30.8254621759692	-7.29894870241306	13.7921569969343
36534	9.31588937139222	8.51756191704411	41.7766132121687	-0.798327454348103	32.4607238407765
36536	14.3192462642852	12.1679455957773	25.1470875646064	-2.15130066850794	10.8278413003212
36537	14.3192462642852	10.5455528496737	20.4827084195585	-3.77369341461159	6.16346215527321
36538	21.6096838775489	19.6715120465066	42.7906086784835	-1.9381718310423	21.1809248009346
36539	21.6096838775489	16.6295256475623	30.8254621759692	-4.98015822998662	9.21577829842023
36540	21.6096838775489	16.2239274610364	30.8254621759692	-5.38575641651254	9.21577829842023
36541	21.6096838775489	19.0631147667178	37.5178322536467	-2.54656911083116	15.9081483760977
36542	21.6096838775489	21.2939047926103	43.3990059582724	-0.315779084938658	21.7893220807234
36543	21.6096838775489	20.0771102330326	49.2801796628981	-1.53257364451639	27.6704957853491
36544	11.3207846545414	13.587539248618	29.2030694298655	2.26675459407662	17.8822847753242
36545	11.5922213698915	9.9371555698848	22.510699352188	-1.65506580000674	10.9184779822965
36546	11.5922213698915	11.3567492227255	24.1330920982917	-0.235472147166057	12.5408707284001
36547	11.5922213698915	10.1399546631478	22.9162975387139	-1.45226670674379	11.3240761688224
36548	11.5922213698915	9.53155738335889	22.3079002589251	-2.06066398653265	10.7156788890335
36549	11.5922213698915	9.73435647662184	21.2939047926103	-1.8578648932697	9.70168342271874
36550	11.5922213698915	8.31476282378116	23.9302930050287	-3.27745854611038	12.3380716351372
36551	11.5922213698915	8.1119637305182	23.9302930050287	-3.48025763937334	12.3380716351372
36552	11.5922213698915	10.7483519429366	23.7274939117657	-0.843869426954921	12.1352725418742
36553	11.5922213698915	10.9511510361996	23.3218957252398	-0.641070333691967	11.7296743553483
36554	11.5922213698915	7.50356645072934	23.7274939117657	-4.0886549191622	12.1352725418742
36555	11.5922213698915	10.3427537564107	30.6226630827062	-1.24946761348083	19.0304417128147
36556	11.5922213698915	12.7763428755662	37.9234304401726	1.18412150567463	26.3312090702811
36557	11.5922213698915	6.69237007767752	26.1610830309212	-4.89985129221402	14.5688616610297
36558	11.5922213698915	10.3427537564107	25.9582839376582	-1.24946761348083	14.3660625677667
36559	11.5922213698915	9.32875829009593	24.5386902848176	-2.26346307979561	12.946468914926
36560	11.3207846545414	10.9511510361996	25.3498866578694	-0.369633618341799	14.029102003328
36561	11.3207846545414	11.7623474092514	24.1330920982917	0.441562754710022	12.8123074437503
36562	11.3207846545414	11.9651465025143	26.3638821241842	0.644361847972977	15.0430974696428
36563	11.3207846545414	11.5595483159884	23.9302930050287	0.238763661447067	12.6095083504873
36564	11.5922213698915	5.27277642483683	25.1470875646064	-6.31944494505471	13.5548661947149
36566	14.8712430639437	15.4127310879846	32.8534531085987	0.5414880240409	17.982210044655
36567	14.8712430639437	12.5735437823032	25.1470875646064	-2.29769928164047	10.2758445006627
36568	14.8712430639437	13.384740155355	29.0002703366026	-1.48650290858865	14.1290272726589
36569	14.8712430639437	11.7623474092514	26.1610830309212	-3.10889565469229	11.2898399669775
36570	14.8712430639437	11.7623474092514	25.5526857511323	-3.10889565469229	10.6814426871887
36571	14.8712430639437	12.9791419688291	25.7554848443953	-1.89210109511456	10.8842417804516
36572	28.2120082585045	16.8929443004042	57.8191495642701	-11.3190639581003	29.6071413057656
36573	28.2120082585045	15.151403650878	61.998847123133	-13.0606046076265	33.7868388646285
36574	13.4335981162906	2.61231097428931	33.9600426657611	-10.8212871420013	20.5264445494704
36575	13.4335981162906	5.57293007848387	26.2972638078458	-7.86066803780677	12.8636656915551
36576	13.4335981162906	5.05046788362601	57.6449954993175	-8.38313023266463	44.2113973830269
36577	15.4358453107637	7.50356645072934	38.7346268132244	-7.93227886003435	23.2987815024607
36578	7.03165052463104	17.84632020714	57.5949424866792	10.814669682509	50.5632919620482
36580	16.3860235148605	2.96061910419456	35.353275185382	-13.4254044106659	18.9672516705216
36581	19.0670502766483	9.92678170229939	47.1957516021603	-9.14026857434895	28.1287013255119
36582	18.5863348779425	9.23016544248891	43.19020810825	-9.35616943545357	24.6038732303075
36583	18.5863348779425	9.92678170229939	36.9206617699556	-8.65955317564308	18.3343268920132
36584	18.5863348779425	13.7581711312571	33.2634264059506	-4.82816374668542	14.6770915280081
36585	18.5863348779425	10.4492438971573	44.7575946928236	-8.13709098078522	26.1712598148811
36586	19.0670502766483	10.2750898322046	87.4253406062157	-8.7919604444437	68.3582903295674
36587	19.0670502766483	9.92678170229939	85.5096458917369	-9.14026857434895	66.4425956150885
36588	18.5863348779425	11.3200142219204	38.139740224624	-7.26632065602212	19.5534053466815
36589	18.5863348779425	14.1064792611623	33.9600426657611	-4.47985561678018	15.3737077878186
36590	18.5863348779425	17.0670983653569	35.5274292503347	-1.51923651258562	16.9410943723922
36591	18.5863348779425	16.7187902354516	34.4825048606189	-1.86754464249087	15.8961699826765
36592	18.5863348779425	13.2357089363992	37.2689698998609	-5.35062594154329	18.6826350219184
36593	18.5863348779425	14.1064792611623	39.1846646143397	-4.47985561678018	20.5983297363972
36594	17.4927737889788	15.3255577158306	41.796975588629	-2.16721607314813	24.3042017996503
36595	13.2955707189649	13.9323251962097	39.532972744245	0.636754477244773	26.23740202528
36596	13.2955707189649	16.7187902354516	38.6622024194818	3.42321951648671	25.3666317005169
36597	13.2955707189649	17.7637146251673	37.7914320947187	4.46814390620243	24.4958613757538
36598	13.2955707189649	14.9772495859254	35.8757373802399	1.6816788669605	22.580166661275
36599	13.2955707189649	16.8929443004042	57.2966873694123	3.59737358143933	44.0011166504474
36600	13.2955707189649	14.9772495859254	39.7071268091976	1.6816788669605	26.4115560902327
36601	13.2955707189649	21.595104054125	73.3188613450534	8.29953333516009	60.0232906260885
36602	13.2955707189649	12.5390926765887	68.6167015913326	-0.756478042376195	55.3211308723677
36607	29.5815273403995	16.8323247408253	31.636658549021	-12.7492025995743	2.05513120862146
36608	29.5815273403995	15.0071329014587	31.0282612692321	-14.5743944389409	1.44673392883259
36609	29.5815273403995	13.9931374351439	30.6226630827062	-15.5883899052556	1.04113574230668
36610	29.5815273403995	13.384740155355	27.9862748702878	-16.1967871850445	-1.59525247011173
36611	29.5815273403995	14.3987356216698	33.0562522018617	-15.1827917187297	3.47472486146214
36612	13.1121616075432	10.1399546631478	25.3498866578694	-2.97220694439547	12.2377250503262
36613	13.1121616075432	4.66437914504797	15.6155301812475	-8.44778246249526	2.50336857370431
36614	13.1121616075432	4.66437914504797	15.6155301812475	-8.44778246249526	2.50336857370431
36615	13.1121616075432	10.1399546631478	20.6855075128214	-2.97220694439547	7.57334590527819
36616	13.1121616075432	5.47557551809979	15.6155301812475	-7.63658608944344	2.50336857370431
36618	13.1121616075432	5.27277642483683	16.4267265542994	-7.83938518270639	3.31456494675613
36619	13.1121616075432	5.06997733157388	14.3987356216698	-8.04218427596935	1.28657401412658
36620	13.1121616075432	5.8811737046257	14.1959365284069	-7.23098790291753	1.08377492086363
36621	13.1121616075432	4.66437914504797	13.7903383418809	-8.44778246249526	0.678176734337717
36622	13.1121616075432	3.65038367873319	15.0071329014587	-9.46177792881004	1.89497129391545
36623	21.2	14.6289414560202	38.4880483545292	-6.57105854397984	17.2880483545292
36624	20.4	11.3200142219204	34.1341967307137	-9.07998577807964	13.7341967307137
36625	21.2	12.1907845466835	35.5274292503347	-9.00921545331653	14.3274292503347
36626	21.2	12.3649386116361	35.5274292503347	-8.83506138836391	14.3274292503347
36627	21.2	12.8874008064939	36.2240455101452	-8.31259919350605	15.0240455101452
36628	21.2	11.3200142219204	37.4431239648135	-9.87998577807964	16.2431239648135
36629	21.4001425764713	11.5595483159884	29.8114667096544	-9.84059426048291	8.41132413318305
36630	21.4001425764713	12.3707446890403	27.7834757770248	-9.02939788743109	6.3833332005535
36631	37.5041649800413	10.5455528496737	29.4058685231285	-26.9586121303677	-8.09829645691283
36632	37.5041649800413	11.7623474092514	28.1890739635508	-25.7418175707899	-9.31509101649056
36633	37.5041649800413	18.8603156734548	43.3990059582724	-18.6438493065865	5.89484097823107
36634	8.26215206198127	9.9371555698848	27.175078497236	1.67500350790353	18.9129264352547
36635	8.26215206198127	8.72036101030707	23.5246948185028	0.458208948325797	15.2625427565215
36636	37.5041649800413	19.0631147667178	61.6509243519383	-18.4410502133235	24.146759371897
36637	37.5041649800413	17.0351238340882	51.9165678753165	-20.4690411459531	14.4124028952752
36638	37.5041649800413	20.8883066060844	50.6997733157388	-16.6158583739569	13.1956083356975
36639	38.5554488294296	11.7623474092514	29.0002703366026	-26.7931014201782	-9.55517849282706
36640	22.8414928626258	12.1679455957773	29.2030694298655	-10.6735472668485	6.36157656723973
36641	22.8414928626258	16.6295256475623	53.7417597146831	-6.21196721506348	30.9002668520573
36642	22.8414928626258	11.3567492227255	35.6926404142801	-11.4847436399003	12.8511475516543
36643	22.8414928626258	20.8883066060844	62.4621207249902	-1.95318625654143	39.6206278623644
36644	22.8414928626258	17.4407220206141	49.482978756161	-5.40077084201166	26.6414858935352
36645	17.5975666628627	12.3707446890403	27.5806766837619	-5.2268219738224	9.98311002089923
36648	27.5414408721785	12.1907845466835	42.1452837185343	-15.3506563254951	14.6038428463557
36649	27.1226525240001	6.26954633829435	94.5656572692732	-20.8531061857057	67.4430047452731
36650	27.1226525240001	11.1458601569677	38.6622024194818	-15.9767923670323	11.5395498954818
36651	12.383606824176	17.2379229273512	34.4758458547024	4.85431610317519	22.0922390305264
36652	12.383606824176	17.84632020714	36.9094349738578	5.46271338296405	24.5258281496818
36653	12.383606824176	17.2379229273512	40.559818652591	4.85431610317519	28.176211828415
36654	12.383606824176	16.4267265542994	39.9514213728021	4.04311973012337	27.5678145486261
36655	12.383606824176	18.251918393666	49.0773805696351	5.86831156948996	36.6937737454591
36656	12.383606824176	17.84632020714	43.6018050515353	5.46271338296405	31.2181982273593
36657	12.383606824176	15.6155301812475	39.5458231862762	3.23192335707154	27.1622163621002
36658	12.383606824176	14.1959365284069	38.1262295334355	1.81232970423086	25.7426227092596
36659	12.383606824176	14.1959365284069	33.4618503883876	1.81232970423086	21.0782435642116
36660	8.98736415205502	3.48308129905242	17.2412524303095	-5.5042828530026	8.25388827825445
36661	8.98736415205502	4.1796975588629	21.4209499891724	-4.80766659319212	12.4335858371174
36662	8.98736415205502	5.39877601353125	23.8591068985091	-3.58858813852377	14.871742746454
36663	8.98736415205502	4.00554349391028	17.5895605602147	-4.98182065814474	8.60219640815969
36664	8.98736415205502	4.52800568876814	24.9040312882248	-4.45935846328688	15.9166671361698
36665	8.98736415205502	7.14031666305746	23.5107987686038	-1.84704748899756	14.5234346165488
36666	8.98736415205502	5.39877601353125	22.988336573746	-3.58858813852377	14.0009724216909
36667	8.98736415205502	4.70215975372076	21.0726418592671	-4.28520439833426	12.0852777072121
36668	8.98736415205502	8.18524105277318	20.201871534504	-0.80212309928184	11.214507382449
36669	8.98736415205502	5.05046788362601	26.1231097428931	-3.93689626842902	17.1357455908381
36670	12.3524246942943	9.57847357239415	21.9434121840302	-2.77395112190015	9.59098748973593
36671	12.3524246942943	8.53354918267843	19.6794093396462	-3.81887551161588	7.32698464535186
36672	12.3524246942943	4.52800568876814	21.7692581190776	-7.82441900552616	9.41683342478331
36673	6.88729971453012	7.70636554399229	25.5526857511323	0.819065829462168	18.6653860366022
36674	6.88729971453012	7.30076735746638	26.7694803107101	0.413467642936259	19.8821805961799
36675	21.6	5.04848877418913	50.4848877418912	-16.5515112258109	28.8848877418912
36676	11.6027368208611	11.3567492227255	30.6226630827062	-0.245987598135629	19.0199262618451
36677	11.8339839604242	12.1679455957773	30.6226630827062	0.333961635353084	18.788679122282
36678	11.6027368208611	10.7483519429366	24.1330920982917	-0.854384877924494	12.5303552774305
36679	12.5359898087828	4.0559818652591	22.510699352188	-8.48000794352369	9.97470954340523
36680	12.5359898087828	9.9371555698848	23.3218957252398	-2.59883423889799	10.785905916457
36681	12.5359898087828	9.9371555698848	21.6995029791362	-2.59883423889799	9.1635131703534
36682	11.6027368208611	10.7483519429366	25.5526857511323	-0.854384877924494	13.9499489302712
36683	11.6027368208611	10.3427537564107	23.3218957252398	-1.2599830644504	11.7191589043787
36684	11.6027368208611	10.3427537564107	26.5666812174471	-1.2599830644504	14.963944396586
36685	12.7015483786812	10.1399546631478	22.713498445451	-2.56159371553344	10.0119500667698
36686	12.7015483786812	11.1539501294625	21.9023020723991	-1.54759824921867	9.20075369371795
36687	10.8162641505315	11.5595483159884	23.1190966319769	0.743284165456938	12.3028324814454
36688	10.8162641505315	11.3567492227255	22.9162975387139	0.540485072193983	12.1000333881824
36689	8.66812247262755	6.48957098441456	10.3427537564107	-2.17855148821299	1.67463128378316
36690	8.66812247262755	7.09796826420343	10.7483519429366	-1.57015420842412	2.08022947030907
36691	8.66812247262755	6.89516917094047	10.7483519429366	-1.77295330168708	2.08022947030907
36692	9.30599041504474	6.89516917094047	10.7483519429366	-2.41082124410427	1.44236152789187
36693	9.30599041504474	6.28677189115161	10.3427537564107	-3.01921852389314	1.03676334136596
36694	7.97199623159989	10.7483519429366	19.8743111397696	2.77635571133673	11.9023149081697
36695	7.97199623159989	10.5455528496737	22.1051011656621	2.57355661807377	14.1331049340622
36696	8.04825182286054	10.9511510361996	21.0911056993473	2.90289921333904	13.0428538764868
36697	10.4843288314834	7.90916463725525	30.8254621759692	-2.57516419422819	20.3411333444857
36698	10.4843288314834	10.1399546631478	22.1051011656621	-0.344374168335685	11.6207723341787
36699	10.4843288314834	8.1119637305182	27.3778775904989	-2.37236510096524	16.8935487590155
36700	10.4843288314834	8.31476282378116	28.7974712433396	-2.16956600770228	18.3131424118562
36701	10.4843288314834	8.72036101030707	27.9862748702878	-1.76396782117637	17.5019460388044
36702	10.4843288314834	7.90916463725525	31.636658549021	-2.57516419422819	21.1523297175376
36704	8.1930050214237	5.05046788362601	46.847443472255	-3.14253713779769	38.6544384508313
36705	8.1930050214237	12.7132467415413	59.5606902137964	4.52024172011763	51.3676851923727
36706	6.88553068463545	14.4547873910675	46.4991353423498	7.56925670643209	39.6136046577143
36708	9.12544072285871	11.7623474092514	29.6086676163914	2.63690668639268	20.4832268935327
36709	9.12544072285871	13.384740155355	36.301037694069	4.25929943249632	27.1755969712102
36710	9.12544072285871	13.587539248618	32.6506540153358	4.46209852575928	23.5252132924771
36711	9.12544072285871	12.9791419688291	30.0142658029174	3.85370124597041	20.8888250800586
36712	9.12544072285871	12.7763428755662	30.4198639894433	3.65090215270746	21.2944232665845
36713	7.69221467799514	9.9371555698848	23.3218957252398	2.24494089188966	15.6296810472447
36714	9.12544072285871	12.7763428755662	32.4478549220728	3.65090215270746	23.3224141992141
36715	9.12544072285871	16.0211283677734	34.6786449479653	6.89568764491474	25.5532042251066
36716	9.12544072285871	14.1959365284069	30.2170648961803	5.07049580554814	21.0916241733216
36717	9.12544072285871	13.587539248618	32.4478549220728	4.46209852575928	23.3224141992141
36718	9.12544072285871	11.9651465025143	37.5178322536467	2.83970577965564	28.392391530788
36719	9.12544072285871	12.9791419688291	37.7206313469096	3.85370124597041	28.5951906240509
36720	9.12544072285871	10.9511510361996	24.7414893780805	1.82571031334086	15.6160486552218
36721	9.12544072285871	13.587539248618	38.7346268132244	4.46209852575928	29.6091860903657
36722	9.12544072285871	13.1819410620921	40.1542204660651	4.05650033923337	31.0287797432064
36723	9.12544072285871	12.1679455957773	37.9234304401726	3.04250487291859	28.7979897173139
36724	12.0075639767229	5.22462194857863	40.4037430690081	-6.7829420281443	28.3961790922851
36725	13.2598764442657	3.65038367873319	45.224197797639	-9.6094927655325	31.9643213533733
36726	13.2598764442657	7.70636554399229	24.9442884713435	-5.5535109002734	11.6844120270778
36727	13.2598764442657	8.92316010357002	31.433859455758	-4.33671634069567	18.1739830114923
36728	13.2598764442657	8.1119637305182	31.2310603624951	-5.14791271374749	17.9711839182294
36729	13.2598764442657	7.90916463725525	25.9582839376582	-5.35071180701045	12.6984074933926
36730	13.2598764442657	12.3707446890403	33.4618503883876	-0.889131755225437	20.2019739441219
36731	13.2598764442657	12.1679455957773	27.175078497236	-1.09193084848839	13.9152020529703
36732	9.96906177290803	6.89516917094047	21.4967038858732	-3.07389260196756	11.5276421129652
36733	9.96906177290803	4.25878095852206	21.2939047926103	-5.71028081438597	11.3248430197023
36734	9.96906177290803	2.63638821241842	17.84632020714	-7.33267356048961	7.87725843423202
36735	9.96906177290803	4.66437914504797	21.2939047926103	-5.30468262786006	11.3248430197023
36736	9.96906177290803	7.50356645072934	20.8883066060844	-2.46549532217869	10.9192448331763
36737	9.96906177290803	2.23079002589251	15.8183292745105	-7.73827174701552	5.84926750160247
36738	9.96906177290803	2.83918730568137	20.4827084195585	-7.12987446722666	10.5136466466504
36739	9.96906177290803	5.8811737046257	22.9162975387139	-4.08788806828233	12.9472357658059
36740	9.96906177290803	3.44758458547024	23.1190966319769	-6.52147718743779	13.1500348590688
36741	9.96906177290803	3.85318277199615	23.9302930050287	-6.11587900091188	13.9612312321207
36742	9.96906177290803	3.85318277199615	18.049119300403	-6.11587900091188	8.08005752749497
36743	9.96906177290803	2.23079002589251	17.4407220206141	-7.73827174701552	7.47166024770611
36744	9.96906177290803	4.25878095852206	17.84632020714	-5.71028081438597	7.87725843423202
36745	12.2240439402265	5.39877601353125	35.7015833152873	-6.82526792669521	23.4775393750608
36746	12.2240439402265	7.31447072801008	34.3083507956663	-4.90957321221638	22.0843068554399
36747	0	6.69237007767752	20.8883066060844	6.69237007767752	20.8883066060844
36748	0	8.51756191704411	19.4687129532437	8.51756191704411	19.4687129532437
36749	0	2.43358911915546	21.0911056993473	2.43358911915546	21.0911056993473
36750	0	2.23079002589251	11.1539501294625	2.23079002589251	11.1539501294625
36751	0	2.83918730568137	10.1399546631478	2.83918730568137	10.1399546631478
36752	0	4.0559818652591	12.1679455957773	4.0559818652591	12.1679455957773
36753	0	1.01399546631478	5.8811737046257	1.01399546631478	5.8811737046257
36754	1.89710635533137	7.70636554399229	22.1051011656621	5.80925918866093	20.2079948103307
36755	1.89710635533137	3.24478549220728	24.5386902848176	1.34767913687592	22.6415839294862
36756	1.89710635533137	1.21679455957773	8.92316010357002	-0.680311795753635	7.02605374823866
36757	21.2795766340855	7.83693292286794	35.7015833152873	-13.4426437112175	14.4220066812018
36758	21.2795766340855	8.18524105277318	24.0332609634617	-13.0943355813123	2.7536843293762
36759	21.2795766340855	7.66277885791532	25.4264934830827	-13.6167977761702	4.14691684899717
36760	21.2795766340855	6.26954633829435	24.9040312882248	-15.0100302957911	3.6244546541393
36761	21.2795766340855	10.9717060920151	42.1452837185343	-10.3078705420704	20.8657070844488
36762	21.2795766340855	7.14031666305746	26.2972638078458	-14.139259971028	5.01768717376027
36766	0	3.65038367873319	13.587539248618	3.65038367873319	13.587539248618
36771	0	3.24478549220728	12.7763428755662	3.24478549220728	12.7763428755662
36772	0	2.02799093262955	11.9651465025143	2.02799093262955	11.9651465025143
36773	3.49312133091495	6.48957098441456	25.5526857511323	2.99644965349962	22.0595644202174
36774	3.49312133091495	6.89516917094047	21.4967038858732	3.40204784002553	18.0035825549583
36775	3.49312133091495	8.92316010357002	26.1610830309212	5.43003877265508	22.6679617000063
36776	3.49312133091495	9.32875829009593	22.9162975387139	5.83563695918099	19.423176207799
36777	3.49312133091495	4.0559818652591	19.6715120465066	0.562860534344155	16.1783907155917
36778	3.49312133091495	6.28677189115161	24.3358911915546	2.79365056023666	20.8427698606397
36779	3.49312133091495	4.25878095852206	16.4267265542994	0.765659627607111	12.9336052233844
36780	3.49312133091495	2.63638821241842	17.6435211138771	-0.85673311849653	14.1503997829621
36781	3.49312133091495	5.47557551809979	23.1190966319769	1.98245418718484	19.6259753010619
36782	3.49312133091495	6.28677189115161	19.8743111397696	2.79365056023666	16.3811898088546
36783	3.49312133091495	6.08397279788865	20.6855075128214	2.59085146697371	17.1923861819065
36784	3.49312133091495	8.31476282378116	22.3079002589251	4.82164149286621	18.8147789280101
36785	3.49312133091495	9.73435647662184	27.7834757770248	6.2412351457069	24.2903544461099
36786	3.49312133091495	9.12595919683298	21.2939047926103	5.63283786591803	17.8007834616953
36787	3.49312133091495	6.08397279788865	21.4967038858732	2.59085146697371	18.0035825549583
36788	3.49312133091495	6.08397279788865	18.8603156734548	2.59085146697371	15.3671943425399
36789	3.49312133091495	8.1119637305182	20.4827084195585	4.61884239960326	16.9895870886435
36790	3.49312133091495	4.86717823831092	17.0351238340882	1.37405690739598	13.5420025031733
36791	20.0824297187848	23.1190966319769	64.0845134710938	3.03666691319205	44.002083752309
36792	20.5315179979367	13.9931374351439	45.021398704376	-6.53838056279282	24.4898807064393
36793	20.5315179979367	12.7763428755662	31.636658549021	-7.75517512237055	11.1051405510843
36794	20.5315179979367	12.9791419688291	30.4198639894433	-7.55237602910759	9.88834599150654
36795	20.5315179979367	12.7763428755662	35.6926404142801	-7.75517512237055	15.1611224163434
36796	20.5315179979367	12.9791419688291	33.2590512951246	-7.55237602910759	12.7275332971879
36797	20.0824297187848	9.32875829009593	31.433859455758	-10.7536714286889	11.3514297369732
36798	20.5315179979367	13.7903383418809	39.5458231862762	-6.74117965605577	19.0143051883395
36799	20.5315179979367	13.9931374351439	36.5038367873319	-6.53838056279282	15.9723187893952
36800	20.5315179979367	8.92316010357002	33.8674485749135	-11.6083578943667	13.3359305769768
36801	20.0824297187848	11.1539501294625	35.4898413210171	-8.9284795893223	15.4074116022323
36802	13.4172805082953	10.7483519429366	34.6786449479653	-2.66892856535864	21.2613644396701
36803	19.1855464009312	10.3427537564107	24.7414893780805	-8.84279264452048	5.55594297714933
36804	20.2408165341082	15.2099319947216	38.9374259064874	-5.03088453938657	18.6966093723792
36805	9.45827695806356	8.72036101030707	37.7206313469096	-0.737915947756489	28.2623543888461
36806	9.45827695806356	5.27277642483683	25.9582839376582	-4.18550053322673	16.5000069795947
36807	17.7719612591195	10.9511510361996	31.8394576422839	-6.8208102229199	14.0674963831645
36808	17.7719612591195	10.1399546631478	26.972279403973	-7.63200659597172	9.20031814485355
36809	17.7719612591195	13.587539248618	34.6786449479653	-4.18442201050148	16.9066836888458
36810	17.7719612591195	13.1819410620921	39.1402249997503	-4.59002019702739	21.3682637406309
36811	17.7719612591195	11.9651465025143	30.0142658029174	-5.80681475660512	12.2423045437979
36812	17.7719612591195	11.7623474092514	33.2590512951246	-6.00961384986807	15.4870900360052
36813	17.7719612591195	11.5595483159884	30.4198639894433	-6.21241294313103	12.6479027303238
36814	17.7719612591195	12.1679455957773	30.6226630827062	-5.60401566334216	12.8507018235867
36815	17.7719612591195	4.25878095852206	14.1959365284069	-13.5131803005974	-3.57602473071261
36816	17.7719612591195	11.7623474092514	36.301037694069	-6.00961384986807	18.5290764349495
36817	17.7719612591195	11.9651465025143	29.8114667096544	-5.80681475660512	12.0395054505349
36818	17.7719612591195	12.3707446890403	29.2030694298655	-5.40121657007921	11.4311081707461
36819	20.5315179979367	12.1679455957773	38.3290286266985	-8.36357240215941	17.7975106287618
36820	20.5315179979367	13.384740155355	37.7206313469096	-7.14677784258168	17.1891133489729
36821	20.5315179979367	2.63638821241842	12.3707446890403	-17.8951297855183	-8.16077330889646
36822	20.5315179979367	2.43358911915546	11.9651465025143	-18.0979288787813	-8.56637149542236
36823	15.9229120626928	7.30076735746638	31.8394576422839	-8.62214470522637	15.9165455795912
36824	17.7719612591195	0.202799093262955	9.32875829009593	-17.5691621658565	-8.44320296902353
36825	17.7719612591195	10.5455528496737	29.6086676163914	-7.2264084094458	11.836706357272
36826	17.7719612591195	11.5595483159884	33.0562522018617	-6.21241294313103	15.2842909427422
36827	10.0643708328006	10.5455528496737	20.6855075128214	0.481182016873058	10.6211366800208
36828	10.0643708328006	9.73435647662184	24.7414893780805	-0.330014356178763	14.6771185452799
36829	10.0643708328006	9.53155738335889	20.4827084195585	-0.532813449441718	10.4183375867579
36830	19.8630268221733	10.6233979621099	34.6566589255716	-9.23962886006343	14.7936321033983
36831	5.00076544809349	6.69237007767752	14.8043338081957	1.69160462958402	9.80356836010223
36832	5.00076544809349	8.72036101030707	18.4547174869289	3.71959556221357	13.4539520388354
36833	5.00076544809349	6.08397279788865	13.587539248618	1.08320734979516	8.5867738005245
36834	32.4167986057527	15.151403650878	51.0271410311179	-17.2653949548747	18.6103424253652
36835	39.2011754038478	26.4714178727984	72.9705532151482	-12.7297575310494	33.7693778113003
36836	39.2011754038478	24.3815690933669	78.1951751637268	-14.8196063104809	38.993999759879
36837	37.0710407396398	26.2972638078458	78.0210210987742	-10.773776931794	40.9499803591344
36838	37.1294836171122	24.5557231583196	74.0154776048639	-12.5737604587926	36.8859939877517
36839	37.0710407396398	24.7298772232722	84.987183696879	-12.3411635163676	47.9161429572393
36840	37.0710407396398	21.0726418592671	72.4480910202903	-15.9983988803726	35.3770502806506
36841	15.4	15.3255577158306	31.3477316914718	-0.0744422841693595	15.9477316914718
36842	15.4	14.1064792611623	30.9994235615665	-1.2935207388377	15.5994235615665
36843	16	12.8874008064939	60.7797686684647	-3.11259919350605	44.7797686684647
36844	25.8186152530408	22.4658743788881	43.5385162381552	-3.35274087415271	17.7199009851144
36845	25.8186152530408	15.6738658457359	43.19020810825	-10.1447494073049	17.3715928552092
36847	21.4	13.9323251962097	36.0498914451925	-7.46767480379032	14.6498914451925
36848	23.8	12.8874008064939	39.8812808741502	-10.9125991935061	16.0812808741502
36849	71.5468544670436	28.9095747821351	80.4591780081109	-42.6372796849085	8.91232354106725
36850	10.5105276541286	9.53155738335889	33.2590512951246	-0.978970270769731	22.748523640996
36851	10.5105276541286	7.90916463725525	38.7346268132244	-2.60136301687337	28.2240991590958
36852	10.5105276541286	6.08397279788865	34.6786449479653	-4.42655485623997	24.1681172938367
36853	10.5105276541286	10.5455528496737	42.1822113986947	0.035025195545046	31.671683744566
36854	10.5105276541286	7.70636554399229	38.5318277199615	-2.80416211013633	28.0213000658328
36855	10.5105276541286	10.7483519429366	32.6506540153358	0.237824288808001	22.1401263612072
36856	10.5105276541286	10.5455528496737	34.2730467614394	0.035025195545046	23.7625191073108
36857	10.5105276541286	7.09796826420343	34.8814440412283	-3.41255938992519	24.3709163870997
36858	10.5105276541286	8.51756191704411	31.0282612692321	-1.99296573708451	20.5177336151035
36859	1.69833810075062	2.02799093262955	13.9931374351439	0.32965283187893	12.2947993343933
36860	0	3.65038367873319	18.251918393666	3.65038367873319	18.251918393666
36861	1.69833810075062	1.21679455957773	13.7903383418809	-0.48154354117289	12.0920002411303
36862	1.69833810075062	5.06997733157388	22.713498445451	3.37163923082326	21.0151603447003
36863	1.69833810075062	2.43358911915546	17.84632020714	0.735251018404841	16.1479821063894
36864	1.69833810075062	4.0559818652591	16.6295256475623	2.35764376450848	14.9311875468117
36865	1.69833810075062	6.89516917094047	19.4687129532437	5.19683107018985	17.7703748524931
36866	1.69833810075062	4.0559818652591	18.049119300403	2.35764376450848	16.3507811996524
36867	1.69833810075062	8.31476282378116	24.9442884713435	6.61642472303054	23.2459503705929
36868	1.69833810075062	5.67837461136274	23.5246948185028	3.98003651061212	21.8263567177522
36869	5.49358644914573	5.8811737046257	14.1959365284069	0.387587255479965	8.70235007926112
36870	5.49358644914573	4.86717823831092	13.7903383418809	-0.626408210834811	8.29675189273521
36871	5.49358644914573	4.86717823831092	15.2099319947216	-0.626408210834811	9.7163455455759
36872	5.49358644914573	4.46158005178501	13.7903383418809	-1.03200639736072	8.29675189273521
36873	5.49358644914573	5.27277642483683	13.384740155355	-0.2208100243089	7.8911537062093
36874	5.49358644914573	5.27277642483683	14.1959365284069	-0.2208100243089	8.70235007926112
36875	5.49358644914573	6.48957098441456	13.7903383418809	0.99598453526883	8.29675189273521
36876	3.89301760535243	5.67837461136274	21.4967038858732	1.78535700601031	17.6036862805208
36877	3.89301760535243	6.89516917094047	20.0771102330326	3.00215156558804	16.1840926276801
36878	3.89301760535243	5.8811737046257	25.1470875646064	1.98815609927327	21.254069959254
36879	3.89301760535243	2.63638821241842	16.2239274610364	-1.25662939293401	12.330909855684
36880	3.89301760535243	5.47557551809979	17.84632020714	1.58255791274736	13.9533026017876
36881	23.0396748891936	6.44370040324697	33.9600426657611	-16.5959744859466	10.9203677765675
36882	18.6000315237453	16.6295256475623	66.7209016835122	-1.97050587618294	48.120870159767
36884	34.8769468978869	13.384740155355	33.0562522018617	-21.4922067425318	-1.8206946960252
36885	34.8769468978869	10.7483519429366	37.7206313469096	-24.1285949549503	2.84368444902277
36886	34.8769468978869	6.89516917094047	100.1827520719	-27.9817777269464	65.3058051740129
36887	34.8769468978869	10.7483519429366	37.7206313469096	-24.1285949549503	2.84368444902277
36889	34.8769468978869	10.9511510361996	34.4758458547024	-23.9257958616873	-0.401101043184511
36900	10.3487842025331	8.51756191704411	35.2870422277542	-1.83122228548902	24.938258025221
36902	18.5190087267262	9.53155738335889	39.1402249997503	-8.98745134336727	20.6212162730242
36903	18.5190087267262	6.89516917094047	38.3290286266985	-11.6238395557857	19.8100198999723
36904	18.5190087267262	9.12595919683298	33.0562522018617	-9.39304952989318	14.5372434751355
36905	18.5190087267262	6.89516917094047	38.3290286266985	-11.6238395557857	19.8100198999723
36917	11.138805299241	8.72036101030707	32.4478549220728	-2.41844428893392	21.3090496228318
36918	11.138805299241	8.31476282378116	30.8254621759692	-2.82404247545983	19.6866568767282
36920	11.8080885291224	3.65038367873319	77.6720527197118	-8.15770485038923	65.8639641905894
36921	11.8080885291224	2.43358911915546	64.0845134710938	-9.37449940996696	52.2764249419714
36922	11.8080885291224	6.28677189115161	89.0288019424373	-5.52131663797081	77.2207134133149
36924	11.8080885291224	3.65038367873319	77.6720527197118	-8.15770485038923	65.8639641905894
36925	11.8080885291224	10.5455528496737	22.3079002589251	-1.26253567944876	10.4998117298026
36928	11.8080885291224	18.251918393666	38.7346268132244	6.44382986454354	26.926538284102
36929	11.8080885291224	16.6295256475623	34.8814440412283	4.82143711843989	23.0733555121058
36931	4.61143394768829	8.51756191704411	29.4058685231285	3.90612796935582	24.7944345754402
36932	4.61143394768829	8.72036101030707	27.175078497236	4.10892706261878	22.5636445495477
36933	6.29159142292856	8.51756191704411	24.7414893780805	2.22597049411555	18.449897955152
36934	6.29159142292856	7.70636554399229	24.5386902848176	1.41477412106373	18.247098861889
36935	6.29159142292856	9.73435647662184	30.0142658029174	3.44276505369328	23.7226743799888
36936	6.29159142292856	3.85318277199615	18.251918393666	-2.43840865093242	11.9603269707374
36937	4.52269699801979	9.12595919683298	31.636658549021	4.60326219881319	27.1139615510012
36938	6.81900252269889	5.67837461136274	22.713498445451	-1.14062791133615	15.8944959227521
36939	6.81900252269889	7.50356645072934	25.9582839376582	0.684563928030449	19.1392814149594
36940	5.63220161747781	4.46158005178501	22.713498445451	-1.1706215656928	17.0812968279732
36941	7.68713630992312	1.01399546631478	33.0562522018617	-6.67314084360834	25.3691158919386
36942	7.68713630992312	2.83918730568137	28.1890739635508	-4.84794900424175	20.5019376536276
36943	10.2225336507904	9.23016544248891	28.5612666522298	-0.992368208301503	18.3387330014394
36944	12.5751542407696	6.48957098441456	30.0142658029174	-6.08558325635506	17.4391115621477
36946	12.5751542407696	6.69237007767752	32.4478549220728	-5.8827841630921	19.8727006813032
36947	12.5751542407696	7.50356645072934	35.4898413210171	-5.07158779004028	22.9146870802475
36948	12.5751542407696	7.50356645072934	30.8254621759692	-5.07158779004028	18.2503079351996
36949	10.7500166776072	7.30076735746638	26.7694803107101	-3.44924932014085	16.0194636331028
36950	13.6467649953	7.50356645072934	23.5246948185028	-6.14319854457069	9.87792982320276
36951	13.6467649953	7.90916463725525	26.3638821241842	-5.73760035804478	12.7171171288841
36952	13.6467649953	8.51756191704411	19.6715120465066	-5.12920307825592	6.02474705120661
36953	13.6467649953	8.31476282378116	20.0771102330326	-5.33200217151887	6.43034523773252
36954	13.6467649953	8.92316010357002	19.4687129532437	-4.72360489173001	5.82194795794365
36955	13.6467649953	11.3567492227255	30.0142658029174	-2.29001577257455	16.3675008076173
36956	13.6467649953	11.9651465025143	27.9862748702878	-1.68161849278568	14.3395098749878
36957	13.6467649953	13.587539248618	31.433859455758	-0.0592257466820403	17.787094460458
36958	13.6467649953	6.89516917094047	19.4687129532437	-6.75159582435956	5.82194795794365
36959	13.6467649953	9.9371555698848	24.3358911915546	-3.70960942541523	10.6891261962546
36960	13.6467649953	7.30076735746638	19.8743111397696	-6.34599763783365	6.22754614446957
36961	13.6467649953	12.3707446890403	29.8114667096544	-1.27602030625977	16.1647017143544
36962	13.6467649953	11.3567492227255	26.5666812174471	-2.29001577257455	12.9199162221471
36963	13.6467649953	13.1819410620921	28.7974712433396	-0.464823933207951	15.1507062480396
36964	13.6467649953	12.3707446890403	29.2030694298655	-1.27602030625977	15.5563044345655
36965	13.6467649953	12.5735437823032	25.7554848443953	-1.07322121299682	12.1087198490953
36966	13.6467649953	10.9511510361996	30.4198639894433	-2.69561395910046	16.7730989941432
36967	13.6467649953	8.92316010357002	22.510699352188	-4.72360489173001	8.86393435688798
36968	13.6467649953	12.7763428755662	27.3778775904989	-0.870422119733862	13.7311125951989
36969	13.6467649953	11.9651465025143	24.7414893780805	-1.68161849278568	11.0947243827805
36970	13.6467649953	8.72036101030707	22.1051011656621	-4.92640398499296	8.45833617036207
36971	13.6467649953	7.90916463725525	22.510699352188	-5.73760035804478	8.86393435688798
36972	13.6467649953	9.12595919683298	22.1051011656621	-4.52080579846705	8.45833617036207
36973	13.6467649953	7.90916463725525	20.4827084195585	-5.73760035804478	6.83594342425843
36974	13.6467649953	13.384740155355	34.2730467614394	-0.262024839944996	20.6262817661394
36975	13.6467649953	4.66437914504797	23.5246948185028	-8.98238585025206	9.87792982320276
36976	13.6467649953	7.30076735746638	22.3079002589251	-6.34599763783365	8.66113526362503
36977	13.6467649953	6.89516917094047	22.1051011656621	-6.75159582435956	8.45833617036207
36978	13.6467649953	8.1119637305182	17.84632020714	-5.53480126478183	4.19955521184002
36979	13.6467649953	8.1119637305182	21.4967038858732	-5.53480126478183	7.84993889057321
36980	13.6467649953	7.30076735746638	22.510699352188	-6.34599763783365	8.86393435688798
36981	13.6467649953	8.51756191704411	22.713498445451	-5.12920307825592	9.06673345015094
36982	13.6467649953	8.1119637305182	20.8883066060844	-5.53480126478183	7.24154161078434
36983	13.6467649953	9.12595919683298	20.0771102330326	-4.52080579846705	6.43034523773252
36984	13.6467649953	9.53155738335889	20.6855075128214	-4.11520761194114	7.03874251752139
36985	13.6467649953	8.72036101030707	22.3079002589251	-4.92640398499296	8.66113526362503
36986	13.6467649953	9.73435647662184	21.9023020723991	-3.91240851867819	8.25553707709911
36987	13.6467649953	7.30076735746638	22.9162975387139	-6.34599763783365	9.26953254341389
36988	13.6467649953	7.70636554399229	21.6995029791362	-5.94039945130774	8.05273798383616
36989	13.6467649953	12.1679455957773	28.5946721500767	-1.47881939952273	14.9479071547766
36990	13.6467649953	8.1119637305182	22.510699352188	-5.53480126478183	8.86393435688798
36991	13.6467649953	8.51756191704411	21.2939047926103	-5.12920307825592	7.64713979731025
36992	13.6467649953	10.3427537564107	23.5246948185028	-3.30401123888932	9.87792982320276
36993	13.6467649953	13.384740155355	29.4058685231285	-0.262024839944996	15.7591035278285
36994	13.6467649953	7.50356645072934	18.8603156734548	-6.14319854457069	5.21355067815479
36995	13.6467649953	7.09796826420343	19.8743111397696	-6.5487967310966	6.22754614446957
36996	13.6467649953	6.48957098441456	21.6995029791362	-7.15719401088547	8.05273798383616
36997	13.6467649953	7.70636554399229	18.8603156734548	-5.94039945130774	5.21355067815479
36998	13.6467649953	7.90916463725525	19.2659138599807	-5.73760035804478	5.6191488646807
36999	15.3511643825817	9.12595919683298	21.2939047926103	-6.22520518574876	5.94274041002854
37000	15.3511643825817	9.12595919683298	20.0771102330326	-6.22520518574876	4.72594585045081
37001	15.3511643825817	11.5595483159884	23.9302930050287	-3.7916160665933	8.57912862244696
37002	30.6082270964704	21.7692581190776	58.341611759128	-8.83896897739276	27.7333846626576
37008	0	2.02799093262955	13.9931374351439	2.02799093262955	13.9931374351439
37011	0	3.44758458547024	18.251918393666	3.44758458547024	18.251918393666
37013	0	6.28677189115161	18.8603156734548	6.28677189115161	18.8603156734548
37014	0	1.41959365284069	17.4407220206141	1.41959365284069	17.4407220206141
37017	0	6.89516917094047	21.4967038858732	6.89516917094047	21.4967038858732
37020	0	2.02799093262955	17.4407220206141	2.02799093262955	17.4407220206141
37021	0	3.04198639894433	17.4407220206141	3.04198639894433	17.4407220206141
37025	0	2.02799093262955	18.8603156734548	2.02799093262955	18.8603156734548
37026	27.515817111179	14.9772495859254	47.5440597320655	-12.5385675252536	20.0282426208865
37028	11.694440602686	13.2357089363992	47.0215975372076	1.54126833371321	35.3271569345217
37029	6.17113540944333	3.65038367873319	13.587539248618	-2.52075173071013	7.41640383917466
37030	6.17113540944333	5.8811737046257	16.8323247408253	-0.289961704817628	10.6611893313819
37031	6.17113540944333	2.63638821241842	15.6155301812475	-3.53474719702491	9.44439477180421
37032	6.17113540944333	1.41959365284069	16.8323247408253	-4.75154175660264	10.6611893313819
37035	6.17113540944333	4.86717823831092	17.6435211138771	-1.3039571711324	11.4723857044338
37036	6.17113540944333	2.63638821241842	14.8043338081957	-3.53474719702491	8.63319839875239
37037	6.17113540944333	2.83918730568137	15.0071329014587	-3.33194810376195	8.83599749201535
37038	6.17113540944333	3.24478549220728	14.6015347149328	-2.92634991723604	8.43039930548944
37039	5.40788769819915	6.48957098441456	22.713498445451	1.08168328621541	17.3056107472518
37041	5.40788769819915	3.24478549220728	18.4547174869289	-2.16310220599187	13.0468297887298
37042	5.40788769819915	4.86717823831092	14.6015347149328	-0.540709459888228	9.19364701673362
37043	6.17113540944333	8.51756191704411	23.5246948185028	2.34642650760079	17.3535594090595
37044	6.17113540944333	3.04198639894433	14.3987356216698	-3.129149010499	8.22760021222648
37045	6.17113540944333	1.8251918393666	13.587539248618	-4.34594357007673	7.41640383917466
37046	6.17113540944333	3.65038367873319	14.1959365284069	-2.52075173071013	8.02480111896353
37047	6.17113540944333	4.46158005178501	15.2099319947216	-1.70955535765831	9.0387965852783
37048	6.17113540944333	3.85318277199615	14.8043338081957	-2.31795263744718	8.63319839875239
37049	6.17113540944333	5.06997733157388	21.9023020723991	-1.10115807786945	15.7311666629558
37050	1.73942671402544	5.27277642483683	16.2239274610364	3.5333497108114	14.484500747011
37051	11.2188616809368	10.7483519429366	23.5246948185028	-0.47050973800021	12.305833137566
37052	11.2188616809368	11.7623474092514	24.3358911915546	0.543485728314565	13.1170295106178
37053	11.2188616809368	12.5735437823032	33.2590512951246	1.35468210136638	22.0401896141878
37054	16.3520568007656	13.384740155355	30.6226630827062	-2.96731664541054	14.2706062819406
37055	11.2188616809368	7.90916463725525	19.6715120465066	-3.30969704368158	8.45265036556981
37056	11.2188616809368	10.3427537564107	21.4967038858732	-0.876107924526121	10.2778422049364
37057	11.2188616809368	11.1539501294625	24.5386902848176	-0.0649115514743013	13.3198286038807
37058	11.2188616809368	12.5735437823032	28.5946721500767	1.35468210136638	17.3758104691398
37059	11.2188616809368	14.6015347149328	32.2450558288099	3.38267303399594	21.026194147873
37060	11.2188616809368	18.251918393666	31.433859455758	7.03305671272913	20.2149977748212
37061	11.2188616809368	11.5595483159884	28.3918730568137	0.340686635051609	17.1730113758769
37062	11.2188616809368	12.1679455957773	25.9582839376582	0.949083914840475	14.7394222567214
37063	16.3520568007656	12.3707446890403	33.0562522018617	-3.98131211172532	16.7041954010961
37064	16.3520568007656	12.7763428755662	26.3638821241842	-3.57571392519941	10.0118253234186
37065	16.3520568007656	13.1819410620921	26.7694803107101	-3.17011573867349	10.4174235099445
37066	16.3520568007656	13.587539248618	32.2450558288099	-2.76451755214758	15.8929990280443
37067	16.3520568007656	13.1819410620921	32.8534531085987	-3.17011573867349	16.5013963078331
37068	6.4816340639369	7.90916463725525	17.4407220206141	1.42753057331835	10.9590879566772
37069	8.84242911849511	4.66437914504797	15.2099319947216	-4.17804997344714	6.36750287622652
37070	8.84242911849511	1.62239274610364	7.70636554399229	-7.22003637239147	-1.13606357450281
37071	8.84242911849511	8.92316010357002	21.2939047926103	0.0807309850749167	12.4514756741152
37072	8.84242911849511	6.28677189115161	19.2659138599807	-2.5556572273435	10.4234847414856
37073	8.84242911849511	5.67837461136274	16.0211283677734	-3.16405450713236	7.17869924927834
37074	8.84242911849511	9.9371555698848	30.8254621759692	1.09472645138969	21.9830330574741
37075	8.84242911849511	10.7483519429366	26.5666812174471	1.90592282444151	17.724252098952
37076	8.84242911849511	7.30076735746638	20.0771102330326	-1.54166176102872	11.2346811145374
37077	8.84242911849511	4.66437914504797	14.6015347149328	-4.17804997344714	5.75910559643766
37078	8.84242911849511	7.30076735746638	17.84632020714	-1.54166176102872	9.00389108864494
37079	8.84242911849511	9.12595919683298	25.1470875646064	0.283530078337872	16.3046584461113
37080	8.84242911849511	9.9371555698848	24.7414893780805	1.09472645138969	15.8990602595854
37081	8.80817830653302	8.31476282378116	19.0631147667178	-0.49341548275186	10.2549364601848
37082	8.80817830653302	8.1119637305182	22.1051011656621	-0.696214576014816	13.2969228591291
37083	8.80817830653302	6.69237007767752	21.4967038858732	-2.1158082288555	12.6885255793402
37084	9.53715369476763	9.73435647662184	24.3358911915546	0.197202781854214	14.798737496787
37085	9.53715369476763	7.30076735746638	20.6855075128214	-2.23638633730125	11.1483538180538
37086	9.53715369476763	6.48957098441456	20.0771102330326	-3.04758271035307	10.5399565382649
37087	9.53715369476763	7.90916463725525	19.4687129532437	-1.62798905751238	9.93155925847606
37088	9.53715369476763	6.48957098441456	21.6995029791362	-3.04758271035307	12.1623492843686
37089	13.4104463583545	7.30076735746638	17.6435211138771	-6.10967900088813	4.23307475552257
37090	13.4104463583545	11.5595483159884	24.9442884713435	-1.85089804236608	11.533842112989
37091	13.4104463583545	11.7623474092514	21.9023020723991	-1.64809894910312	8.49185571404463
37092	13.4104463583545	7.70636554399229	16.2239274610364	-5.70408081436222	2.81348110268189
37093	33.0312471689372	10.9717060920151	42.6677459133921	-22.0595410769221	9.63649874445488
37094	18.5452030580767	14.1959365284069	36.098238600806	-4.34926652966983	17.5530355427293
37095	12.7802712910674	16.8929443004042	45.1059028227288	4.11267300933679	32.3256315316614
37096	12.7802712910674	12.5390926765887	43.0160540432974	-0.241178614478732	30.2357827522299
37097	12.7802712910674	13.2357089363992	32.0443479512822	0.455437645331751	19.2640766602148
37098	0	1.62239274610364	8.1119637305182	1.62239274610364	8.1119637305182
37099	0	2.02799093262955	8.51756191704411	2.02799093262955	8.51756191704411
37100	0	1.62239274610364	8.1119637305182	1.62239274610364	8.1119637305182
37101	0	1.21679455957773	6.48957098441456	1.21679455957773	6.48957098441456
37102	0	1.01399546631478	6.48957098441456	1.01399546631478	6.48957098441456
37103	0	1.21679455957773	6.48957098441456	1.21679455957773	6.48957098441456
37104	0	1.01399546631478	6.69237007767752	1.01399546631478	6.69237007767752
37105	0	1.01399546631478	6.69237007767752	1.01399546631478	6.69237007767752
37106	0	0.81119637305182	6.08397279788865	0.81119637305182	6.08397279788865
37107	0	1.41959365284069	6.69237007767752	1.41959365284069	6.69237007767752
37109	11.2959921692476	4.0559818652591	22.510699352188	-7.24001030398846	11.2147071829405
37110	9.34590359007857	3.65038367873319	19.0631147667178	-5.69551991134537	9.71721117663921
37111	9.34590359007857	2.02799093262955	12.9791419688291	-7.31791265744901	3.63323837875056
37112	9.34590359007857	2.83918730568137	19.0631147667178	-6.50671628439719	9.71721117663921
37113	11.2959921692476	0.81119637305182	12.3707446890403	-10.4847957961957	1.0747525197927
37114	11.2959921692476	1.01399546631478	12.7763428755662	-10.2819967029328	1.48035070631861
37115	9.34590359007857	0.81119637305182	11.9651465025143	-8.53470721702675	2.61924291243578
37116	9.34590359007857	2.02799093262955	14.8043338081957	-7.31791265744901	5.45843021811715
37117	9.76379137799695	4.0559818652591	17.84632020714	-5.70780951273785	8.0825288291431
37118	9.76379137799695	0.81119637305182	11.5595483159884	-8.95259500494513	1.79575693799149
37119	9.76379137799695	1.8251918393666	13.587539248618	-7.93859953863035	3.82374787062104
37120	11.2959921692476	1.01399546631478	12.1679455957773	-10.2819967029328	0.871953426529748
37121	9.76379137799695	2.63638821241842	19.0631147667178	-7.12740316557854	9.29932338872082
37122	9.76379137799695	0.608397279788865	11.7623474092514	-9.15539409820808	1.99855603125444
37123	9.76379137799695	1.62239274610364	13.1819410620921	-8.14139863189331	3.41814968409513
37124	9.76379137799695	0.40559818652591	11.9651465025143	-9.35819319147104	2.2013551245174
37125	9.76379137799695	1.41959365284069	13.1819410620921	-8.34419772515627	3.41814968409513
37126	11.2959921692476	0.40559818652591	11.7623474092514	-10.8903939827216	0.466355240003837
37127	9.76379137799695	1.8251918393666	14.3987356216698	-7.93859953863035	4.63494424367286
37128	9.76379137799695	1.01399546631478	12.3707446890403	-8.74979591168218	2.60695331104331
37129	11.2959921692476	0.608397279788865	11.7623474092514	-10.6875948894587	0.466355240003837
37130	11.2959921692476	0.608397279788865	11.5595483159884	-10.6875948894587	0.263556146740882
37131	11.2959921692476	0.608397279788865	12.1679455957773	-10.6875948894587	0.871953426529748
37132	11.2959921692476	0.608397279788865	11.7623474092514	-10.6875948894587	0.466355240003837
37133	11.2959921692476	1.21679455957773	12.5735437823032	-10.0791976096698	1.27755161305566
37134	11.2959921692476	3.04198639894433	15.0071329014587	-8.25400577030323	3.71114073221112
37135	11.2959921692476	5.06997733157388	21.4967038858732	-6.22601483767368	10.2007117166257
37136	9.76379137799695	4.46158005178501	18.6575165801919	-5.30221132621194	8.89372520219492
37137	9.76379137799695	0.202799093262955	11.5595483159884	-9.560992284734	1.79575693799149
37138	9.76379137799695	4.66437914504797	18.049119300403	-5.09941223294898	8.28532792240605
37139	11.2959921692476	1.41959365284069	12.5735437823032	-9.87639851640687	1.27755161305566
37140	9.34590359007857	1.62239274610364	14.1959365284069	-7.72351084397492	4.85003293832829
37141	9.76379137799695	1.8251918393666	13.1819410620921	-7.93859953863035	3.41814968409513
37142	8.167912743052	4.25878095852206	20.4827084195585	-3.90913178452994	12.3147956765065
37143	11.2959921692476	3.04198639894433	15.6155301812475	-8.25400577030323	4.31953801199998
37144	11.2959921692476	1.21679455957773	11.7623474092514	-10.0791976096698	0.466355240003837
37145	11.2959921692476	0.608397279788865	11.7623474092514	-10.6875948894587	0.466355240003837
37146	11.2959921692476	0.608397279788865	11.9651465025143	-10.6875948894587	0.669154333266793
37147	11.2959921692476	0.608397279788865	11.9651465025143	-10.6875948894587	0.669154333266793
37148	11.2959921692476	2.02799093262955	13.587539248618	-9.26800123661801	2.29154707937043
37149	11.2959921692476	1.01399546631478	12.1679455957773	-10.2819967029328	0.871953426529748
37150	11.2959921692476	5.47557551809979	19.8743111397696	-5.82041665114777	8.57831897052204
37151	6.27782727506495	4.0559818652591	21.6995029791362	-2.22184540980585	15.4216757040712
37152	6.27782727506495	8.31476282378116	30.6226630827062	2.03693554871621	24.3448358076413
37153	6.27782727506495	7.50356645072934	23.5246948185028	1.22573917566439	17.2468675434378
37154	6.27782727506495	5.8811737046257	30.4198639894433	-0.396653570439249	24.1420367143783
37155	6.27782727506495	4.86717823831092	21.2939047926103	-1.41064903675402	15.0160775175453
37156	6.27782727506495	0.608397279788865	11.5595483159884	-5.66942999527608	5.28172104092349
37157	6.27782727506495	2.83918730568137	24.3358911915546	-3.43863996938358	18.0580639164897
37158	6.27782727506495	3.85318277199615	23.9302930050287	-2.4246445030688	17.6524657299638
37159	6.27782727506495	4.25878095852206	24.1330920982917	-2.01904631654289	17.8552648232267
37160	2.77616840948254	6.08397279788865	25.7554848443953	3.30780438840611	22.9793164349128
37161	2.77616840948254	5.47557551809979	24.9442884713435	2.69940710861725	22.1681200618609
37162	2.77616840948254	5.8811737046257	25.1470875646064	3.10500529514316	22.3709191551239
37163	3.78882698594595	0.81119637305182	13.1819410620921	-2.97763061289413	9.39311407614613
37164	3.78882698594595	1.41959365284069	12.7763428755662	-2.36923333310526	8.98751588962022
37165	3.78882698594595	0.81119637305182	12.5735437823032	-2.97763061289413	8.78471679635727
37166	3.78882698594595	4.86717823831092	25.3498866578694	1.07835125236498	21.5610596719234
37167	3.78882698594595	3.04198639894433	21.9023020723991	-0.746840587001619	18.1134750864532
37168	3.78882698594595	5.06997733157388	27.5806766837619	1.28115034562793	23.7918496978159
37169	3.78882698594595	6.69237007767752	23.7274939117657	2.90354309173157	19.9386669258198
37170	3.78882698594595	4.46158005178501	23.9302930050287	0.672753065839066	20.1414660190828
37171	3.78882698594595	2.43358911915546	24.5386902848176	-1.35523786679048	20.7498632988716
37172	3.78882698594595	5.67837461136274	20.8883066060844	1.8895476254168	17.0994796201384
37173	3.78882698594595	4.25878095852206	24.7414893780805	0.469953972576111	20.9526623921346
37174	3.78882698594595	4.46158005178501	23.9302930050287	0.672753065839066	20.1414660190828
37175	3.78882698594595	0.81119637305182	12.5735437823032	-2.97763061289413	8.78471679635727
37176	3.78882698594595	4.66437914504797	22.1051011656621	0.875552159102021	18.3162741797162
37177	3.78882698594595	0.81119637305182	11.9651465025143	-2.97763061289413	8.1763195165684
37178	3.78882698594595	1.21679455957773	12.1679455957773	-2.57203242636822	8.37911860983136
37179	3.78882698594595	4.66437914504797	24.1330920982917	0.875552159102021	20.3442651123457
37180	3.78882698594595	4.25878095852206	28.5946721500767	0.469953972576111	24.8058451641307
37181	3.78882698594595	10.3427537564107	30.8254621759692	6.55392677046476	27.0366351900232
37182	3.78882698594595	5.8811737046257	29.0002703366026	2.09234671867975	25.2114433506566
37183	3.78882698594595	5.47557551809979	21.9023020723991	1.68674853215384	18.1134750864532
37184	3.78882698594595	5.06997733157388	20.8883066060844	1.28115034562793	17.0994796201384
37186	15.2389975397155	4.52800568876814	47.7182137970181	-10.7109918509473	32.4792162573027
37187	13.3576730832291	5.67837461136274	23.9302930050287	-7.67929847186637	10.5726199217996
37188	13.3576730832291	11.3567492227255	19.6715120465066	-2.00092386050363	6.31383896327753
37189	14.7196886995384	16.8323247408253	39.9514213728021	2.11263604128685	25.2317326732637
37190	14.7196886995384	13.1819410620921	40.9654168391169	-1.53774763744634	26.2457281395785
37191	14.7196886995384	16.2239274610364	47.2521887302685	1.50423876149798	32.5325000307301
37192	14.7196886995384	17.6435211138771	35.895439507543	2.92383241433867	21.1757508080046
37193	14.7196886995384	10.9511510361996	39.3430240930133	-3.76853766333885	24.6233353934749
37194	26.2824930973899	15.8183292745105	37.3150331603837	-10.4641638228794	11.0325400629938
37195	26.2824930973899	16.2239274610364	37.1122340671208	-10.0585656363535	10.8297409697309
37196	10.1281389772903	15.2099319947216	40.3570195593281	5.0817930174313	30.2288805820377
37197	10.1281389772903	17.84632020714	36.098238600806	7.71818122984972	25.9700996235157
37198	10.1281389772903	20.2799093262955	46.0353941706908	10.1517703490052	35.9072551934005
37199	10.1281389772903	19.8743111397696	42.7906086784835	9.74617216247927	32.6624697011932
37200	10.1281389772903	19.0631147667178	45.6297959841649	8.93497578942745	35.5016570068746
37201	10.1281389772903	15.0071329014587	38.3290286266985	4.87899392416835	28.2008896494082
37202	10.1281389772903	16.8323247408253	36.098238600806	6.70418576353495	25.9700996235157
37203	10.1281389772903	9.32875829009593	36.301037694069	-0.799380687194391	26.1728987167786
37204	34.4704092859969	10.9511510361996	36.7066358805949	-23.5192582497973	2.23622659459795
37205	10.1281389772903	13.9931374351439	35.6926404142801	3.86499845785357	25.5645014369898
37206	10.1281389772903	18.049119300403	44.0074032380613	7.92098032311267	33.8792642607709
37207	10.1281389772903	16.6295256475623	43.6018050515353	6.50138667027199	33.473666074245
37208	26.2824930973899	20.2799093262955	43.3990059582724	-6.0025837710944	17.1165128608825
37209	19.6	14.4547873910675	35.0049670554768	-5.14521260893246	15.4049670554768
37210	19.6	14.4547873910675	32.7409642110927	-5.14521260893246	13.1409642110927
37211	19.6	14.9772495859254	32.0443479512822	-4.6227504140746	12.4443479512822
37212	17.8	14.4547873910675	31.696039821377	-3.34521260893246	13.896039821377
37213	20.4	13.7581711312571	36.5723536400504	-6.64182886874295	16.1723536400504
37214	8.7075199993228	12.5735437823032	32.2450558288099	3.86602378298041	23.5375358294871
37215	8.01077231180366	7.09796826420343	17.4407220206141	-0.912804047600231	9.42994970881048
37216	8.01077231180366	7.50356645072934	17.6435211138771	-0.50720586107432	9.63274880207343
37217	6.92461725452528	8.92316010357002	25.5526857511323	1.99854284904475	18.6280684966071
37218	6.92461725452528	8.51756191704411	17.6435211138771	1.59294466251884	10.7189038593518
37219	6.92461725452528	8.72036101030707	19.2659138599807	1.79574375578179	12.3412966054555
37220	6.92461725452528	9.73435647662184	26.5666812174471	2.80973922209657	19.6420639629218
37221	6.92461725452528	7.90916463725525	17.84632020714	0.984547382729971	10.9217029526148
37222	7.96342146785668	10.9511510361996	25.1470875646064	2.9877295683429	17.1836660967498
37223	7.96342146785668	7.90916463725525	20.4827084195585	-0.0542568306014291	12.5192869517018
37224	36.3730088991533	18.142118780318	61.8966405446144	-18.2308901188353	25.523631645461
37225	33.5417166139166	10.2652605075179	74.5493508988594	-23.2764561063987	41.0076342849428
37226	20.0509251041541	12.3165963820059	43.0071316289713	-7.73432872214825	22.9562065248172
37227	20.0509251041541	13.1242420463997	36.1421434816238	-6.92668305775442	16.0912183774696
37228	20.0509251041541	12.5185077981043	60.9772476617339	-7.53241730604979	40.9263225575798
37229	20.0509251041541	12.7204192142028	38.1612576426083	-7.33050588995134	18.1103325384542
37230	20.0509251041541	16.7586475361719	44.6224229577589	-3.2922775679822	24.5714978536048
37231	0	1.01399546631478	27.175078497236	1.01399546631478	27.175078497236
37232	10.2919952781187	10.3427537564107	39.9514213728021	0.050758478292023	29.6594260946835
37233	10.7374653215335	14.6136799260273	63.3892090297809	3.87621460449381	52.6517437082473
37234	19.5534032552287	11.3567492227255	36.9094349738578	-8.19665403250317	17.3560317186292
37235	45.2406660702958	10.4492438971573	105.885671491194	-34.7914221731385	60.6450054208977
37236	32.790464190771	16.544636170499	65.3077743572328	-16.245828020272	32.5173101664619
37237	32.790464190771	18.8086390148831	74.0154776048639	-13.9818251758879	41.2250134140929
37238	10.4223430142233	8.72036101030707	25.5526857511323	-1.70198200391623	15.130342736909
37240	10.4223430142233	10.5455528496737	18.049119300403	0.123209835450364	7.6267762861797
37241	10.4223430142233	9.9371555698848	16.2239274610364	-0.485187444338502	5.8015844468131
37246	14.3192462642852	13.9931374351439	30.6226630827062	-0.326108829141351	16.303416818421
37247	14.3192462642852	11.9651465025143	27.9862748702878	-2.3540997617709	13.6670286060025
37248	14.3192462642852	10.7483519429366	34.0702476681764	-3.57089432134863	19.7510014038912
37249	6.86745428064532	8.51756191704411	19.2659138599807	1.6501076363988	12.3984595793354
37250	9.46263133254416	11.9651465025143	26.1610830309212	2.50251516997019	16.698451698377
37251	6.86745428064532	9.73435647662184	23.5246948185028	2.86690219597653	16.6572405378575
37252	6.86745428064532	11.9651465025143	25.3498866578694	5.09769222186903	18.4824323772241
37253	6.86745428064532	8.1119637305182	21.2939047926103	1.24450944987289	14.426450511965
37254	6.86745428064532	11.7623474092514	23.5246948185028	4.89489312860608	16.6572405378575
37255	6.86745428064532	8.51756191704411	24.3358911915546	1.6501076363988	17.4684369109093
37256	6.86745428064532	8.51756191704411	23.7274939117657	1.6501076363988	16.8600396311204
37257	6.86745428064532	11.3567492227255	22.9162975387139	4.48929494208017	16.0488432580686
37258	7.10671386094321	8.72036101030707	20.0771102330326	1.61364714936386	12.9703963720893
37259	6.86745428064532	11.9651465025143	27.7834757770248	5.09769222186903	20.9160214963795
37260	6.86745428064532	9.73435647662184	25.7554848443953	2.86690219597653	18.88803056375
37261	6.86745428064532	9.12595919683298	22.510699352188	2.25850491618766	15.6432450715427
37262	6.86745428064532	11.1539501294625	23.5246948185028	4.28649584881721	16.6572405378575
37263	6.86745428064532	6.48957098441456	31.2310603624951	-0.377883296230753	24.3636060818498
37264	6.86745428064532	9.32875829009593	25.1470875646064	2.46130400945062	18.2796332839611
37265	6.86745428064532	9.12595919683298	26.3638821241842	2.25850491618766	19.4964278435388
37266	6.86745428064532	7.30076735746638	18.4547174869289	0.433313076821067	11.5872632062836
37267	6.86745428064532	10.3427537564107	27.5806766837619	3.47529947576539	20.7132224031166
37268	6.86745428064532	6.28677189115161	17.4407220206141	-0.580682389493709	10.5732677399688
37269	6.86745428064532	7.09796826420343	20.2799093262955	0.230513983558112	13.4124550456502
37270	6.86745428064532	10.3427537564107	21.2939047926103	3.47529947576539	14.426450511965
37271	6.86745428064532	5.8811737046257	18.6575165801919	-0.986280576019618	11.7900622995466
37272	6.86745428064532	7.50356645072934	20.2799093262955	0.636112170084022	13.4124550456502
37273	6.86745428064532	10.1399546631478	29.0002703366026	3.27250038250244	22.1328160559573
37274	6.86745428064532	7.09796826420343	19.8743111397696	0.230513983558112	13.0068568591243
37275	6.86745428064532	6.28677189115161	18.049119300403	-0.580682389493709	11.1816650197577
37276	6.86745428064532	8.31476282378116	20.2799093262955	1.44730854313584	13.4124550456502
37277	6.86745428064532	9.73435647662184	21.9023020723991	2.86690219597653	15.0348477917538
37278	6.86745428064532	8.51756191704411	23.5246948185028	1.6501076363988	16.6572405378575
37279	6.86745428064532	9.73435647662184	25.7554848443953	2.86690219597653	18.88803056375
37280	6.86745428064532	9.73435647662184	23.7274939117657	2.86690219597653	16.8600396311204
37281	6.86745428064532	9.32875829009593	26.5666812174471	2.46130400945062	19.6992269368018
37282	6.86745428064532	6.69237007767752	25.5526857511323	-0.175084202967798	18.685231470487
37283	6.86745428064532	9.12595919683298	21.4967038858732	2.25850491618766	14.6292496052279
37284	6.86745428064532	6.08397279788865	19.2659138599807	-0.783481482756663	12.3984595793354
37285	6.86745428064532	8.51756191704411	20.4827084195585	1.6501076363988	13.6152541389131
37286	6.86745428064532	5.27277642483683	16.0211283677734	-1.59467785580848	9.15367408712813
37287	6.86745428064532	8.92316010357002	20.2799093262955	2.05570582292471	13.4124550456502
37288	13.7792610746256	10.7483519429366	27.3778775904989	-3.03090913168895	13.5986165158734
37289	13.7792610746256	15.0071329014587	29.4058685231285	1.2278718268331	15.6266074485029
37290	13.7792610746256	13.587539248618	29.6086676163914	-0.191721826007582	15.8294065417659
37291	13.7792610746256	15.0071329014587	28.3918730568137	1.2278718268331	14.6126119821881
37292	8.44314190423432	11.5595483159884	24.5386902848176	3.11640641175412	16.0955483805832
37293	21.037610708244	15.0071329014587	28.1890739635508	-6.03047780678532	7.15146325530675
37294	21.037610708244	9.73435647662184	26.1610830309212	-11.3032542316222	5.1234723226772
37295	21.037610708244	10.3427537564107	25.9582839376582	-10.6948569518333	4.92067322941425
37296	21.037610708244	14.3987356216698	26.972279403973	-6.63887508657419	5.93466869572902
37297	21.037610708244	10.9511510361996	26.3638821241842	-10.0864596720444	5.32627141594016
37298	21.037610708244	12.3707446890403	24.7414893780805	-8.66686601920374	3.70387866983652
37299	21.037610708244	13.384740155355	28.5946721500767	-7.65287055288896	7.55706144183267
37300	16.3382113695536	12.7763428755662	22.510699352188	-3.56186849398746	6.17248798263439
37301	16.3382113695536	13.7903383418809	27.3778775904989	-2.54787302767268	11.0396662209453
37302	13.7792610746256	11.7623474092514	30.0142658029174	-2.01691366537418	16.2350047282918
37304	6.9628611260876	5.8811737046257	16.8323247408253	-1.0816874214619	9.86946361473767
37305	6.9628611260876	5.8811737046257	20.8883066060844	-1.0816874214619	13.9254454799968
37306	6.9628611260876	5.8811737046257	19.2659138599807	-1.0816874214619	12.3030527338931
37307	6.03842076941248	8.31476282378116	19.6715120465066	2.27634205436868	13.6330912770942
37308	6.03842076941248	4.0559818652591	26.1610830309212	-1.98243890415338	20.1226622615087
37309	6.03842076941248	6.89516917094047	16.8323247408253	0.856748401527994	10.7939039714128
37310	35.27406585599	12.5390926765887	42.8418999783447	-22.7349731794013	7.56783412235471
37311	16.9824397355554	12.8874008064939	35.0049670554768	-4.09503892906148	18.0225273199214
37312	16.9824397355554	12.1907845466835	37.7914320947187	-4.79165518887197	20.8089923591633
37313	49.5	18.9827930798357	39.1846646143397	-30.5172069201643	-10.3153353856603
37314	16.7310431311726	12.8874008064939	36.746507705003	-3.84364232467863	20.0154645738304
37315	16.7310431311726	12.1907845466835	36.746507705003	-4.54025858448911	20.0154645738304
37316	32.0977246546998	10.6233979621099	39.3588186792923	-21.4743266925899	7.26109402459257
37317	9.75537742359404	9.12595919683298	27.9862748702878	-0.629418226761059	18.2308974466938
37318	11.3968616359119	12.7763428755662	24.9442884713435	1.37948123965429	13.5474268354316
37319	11.3968616359119	9.53155738335889	24.7414893780805	-1.865304252553	13.3446277421686
37320	11.3968616359119	12.1679455957773	25.7554848443953	0.771083959865422	14.3586232084834
37321	11.3968616359119	9.12595919683298	23.5246948185028	-2.2709024390789	12.1278331825909
37322	11.3968616359119	11.9651465025143	25.7554848443953	0.568284866602466	14.3586232084834
37323	11.3968616359119	11.9651465025143	25.1470875646064	0.568284866602466	13.7502259286945
37324	11.3968616359119	7.90916463725525	23.3218957252398	-3.48769699865664	11.9250340893279
37325	11.3968616359119	10.9511510361996	25.9582839376582	-0.44571059971231	14.5614223017464
37326	9.75537742359404	10.1399546631478	25.5526857511323	0.384577239553716	15.7973083275383
37327	10.2119809634218	6.48957098441456	26.3638821241842	-3.72240997900729	16.1519011607623
37328	10.2119809634218	3.24478549220728	90.448395595278	-6.96719547121457	80.2364146318561
37330	10.2119809634218	5.8811737046257	22.3079002589251	-4.33080725879615	12.0959192955032
37331	10.2119809634218	1.8251918393666	25.1470875646064	-8.38678912405525	14.9351066011846
37332	10.2119809634218	1.8251918393666	23.3218957252398	-8.38678912405525	13.109914761818
37337	10.2119809634218	8.72036101030707	18.6575165801919	-1.49161995311478	8.44553561677002
37339	10.2119809634218	5.67837461136274	75.2384636005563	-4.53360635205911	65.0264826371345
37340	10.2119809634218	0.81119637305182	34.0702476681764	-9.40078459037003	23.8582667047546
37342	10.2119809634218	9.9371555698848	30.4198639894433	-0.27482539353705	20.2078830260214
37343	10.2119809634218	9.32875829009593	21.4967038858732	-0.883222673325914	11.2847229224514
37344	11.8316706355981	1.8251918393666	27.175078497236	-10.0064787962315	15.3434078616379
37347	11.8316706355981	9.32875829009593	20.8883066060844	-2.50291234550214	9.0566359704863
37348	9.75537742359404	10.7483519429366	27.9862748702878	0.992974519342582	18.2308974466938
37349	9.75537742359404	9.73435647662184	25.9582839376582	-0.0210209469721949	16.2029065140642
