36455	163.446508919915	387.972346639829	425.014932499913	224.525837719914	261.568423579998
36456	163.446508919915	280.743808623796	308.038345573331	117.297299703881	144.591836653416
36457	163.446508919915	198.860197775189	214.457076032066	35.4136888552735	51.0105671121511
36458	163.446508919915	185.212929300421	204.709027121518	21.7664203805057	41.2625182016026
36459	163.446508919915	471.805567270546	508.84815313063	308.35905835063	345.401644210715
36460	163.446508919915	795.440791100754	904.618938898897	631.994282180839	741.172429978982
36461	129.598301179969	74.7176338579989	88.8534024257285	-54.8806673219697	-40.7448987542402
36463	83.4737482725538	214.055924025619	256.463229728807	130.582175753065	172.989481456253
36465	83.4737482725538	197.900759948213	232.230483612699	114.42701167566	148.756735340146
36466	83.4737482725538	183.764991380484	218.09471504497	100.29124310793	134.620966772416
36467	83.4737482725538	205.978341986916	236.269274632051	122.504593714362	152.795526359497
36468	87.0307182178267	195.881364438538	224.152901573997	108.850646220711	137.12218335617
36469	87.0307182178267	230.211088103024	262.521416257834	143.180369885197	175.490698040007
36470	87.0307182178267	189.823177909511	220.114110554646	102.792459691684	133.083392336819
36471	87.0307182178267	226.172297083673	260.502020748158	139.141578865846	173.471302530332
36472	87.0307182178267	264.54081176751	298.870535431996	177.510093549683	211.839817214169
36473	87.0307182178267	173.668013832106	214.055924025619	86.637295614279	127.025205807792
36474	87.0307182178267	230.211088103024	268.579602786861	143.180369885197	181.548884569034
36475	87.0307182178267	232.230483612699	256.463229728807	145.199765394873	169.432511510981
36476	87.0307182178267	183.764991380484	205.978341986916	96.7342731626572	118.947623769089
36477	87.0307182178267	151.454663225674	171.64861832243	64.4239450078469	84.6179001046033
36478	16.8148690170098	127.221917109566	145.396476696647	110.407048092556	128.581607679637
36479	16.8148690170098	62.6012607999451	70.6788428386477	45.7863917829352	53.8639738216378
36480	16.8148690170098	66.6400518192964	72.6982383483233	49.8251828022865	55.8833693313135
36481	16.8148690170098	60.5818652902694	68.659447328972	43.7669962732596	51.8445783119622
36482	16.8148690170098	54.5236787612425	62.6012607999451	37.7088097442326	45.7863917829352
36483	16.8148690170098	88.8534024257285	100.969775483782	72.0385334087186	84.1549064667725
36484	22.2273373612942	82.7952158967015	90.8727979354041	60.5678785354074	68.64546057411
36485	22.2273373612942	84.8146114063772	92.8921934450798	62.587274045083	70.6648560837856
36486	22.2273373612942	129.241312619241	145.396476696647	107.013975257947	123.169139335352
36487	16.5286242212923	60.5818652902694	68.659447328972	44.0532410689771	52.1308231076797
36488	196.195565107453	327.142072567455	395.801519896427	130.946507460002	199.605954788974
36493	61.6453256850017	191.06175864675	228.104344506834	129.416432961748	166.459018821832
36494	61.6453256850017	185.212929300421	212.507466249956	123.567603615419	150.862140564955
36496	61.6453256850017	399.670005332487	477.654396616875	338.024679647485	416.009070931873
36498	26.7748321574624	64.6206563096207	70.6788428386477	37.8458241521583	43.9040106811852
36499	0	249.550052110041	309.987955355441	249.550052110041	309.987955355441
36501	75.5428949606282	358.728199908183	387.972346639829	283.185304947555	312.429451679201
36502	75.5428949606282	126.72463583713	144.271123876117	51.1817408765018	68.7282289154891
36503	58.9566830393411	119.144335070863	133.280103638593	60.1876520315221	74.3234205992517
36504	58.9566830393411	121.163730580539	139.33829016762	62.2070475411978	80.3816071282786
36505	58.9566830393411	133.280103638593	147.415872206322	74.3234205992517	88.4591891669812
36506	58.9566830393411	131.260708128917	145.396476696647	72.304025089576	86.4397936573055
36507	58.9566830393411	175.687409341781	201.939550967565	116.73072630244	142.982867928224
36508	58.9566830393411	135.299499148268	153.474058735349	76.3428161089273	94.5173756960081
36509	58.9566830393411	133.280103638593	147.415872206322	74.3234205992517	88.4591891669812
36510	58.9566830393411	141.357685677295	157.5128497547	82.4010026379542	98.5561667153594
36511	58.9566830393411	133.280103638593	151.454663225674	74.3234205992517	92.4979801863325
36512	58.9566830393411	131.260708128917	145.396476696647	72.304025089576	86.4397936573055
36513	58.9566830393411	129.241312619241	143.377081186971	70.2846295799004	84.4203981476299
36514	58.9566830393411	127.221917109566	141.357685677295	68.2652340702247	82.4010026379542
36515	58.9566830393411	107.027962012809	125.20252159989	48.0712789734683	66.2458385605491
36516	58.9566830393411	119.144335070863	137.318894657944	60.1876520315221	78.362211618603
36517	58.9566830393411	203.95894647724	230.211088103024	145.002263437899	171.254405063683
36518	58.9566830393411	127.221917109566	143.377081186971	68.2652340702247	84.4203981476299
36519	58.9566830393411	113.086148541836	127.221917109566	54.1294655024952	68.2652340702247
36520	58.9566830393411	123.183126090214	137.318894657944	64.2264430508734	78.362211618603
36521	27.9476681141766	181.745595870808	224.152901573997	153.797927756632	196.20523345982
36522	27.9476681141766	135.299499148268	155.493454245025	107.351831034092	127.545786130848
36523	27.9476681141766	127.221917109566	147.415872206322	99.2742489953891	119.468204092146
36524	27.9476681141766	125.20252159989	143.377081186971	97.2548534857135	115.429413072794
36525	27.9476681141766	383.685146838373	454.363989677021	355.737478724196	426.416321562844
36526	27.9476681141766	127.221917109566	143.377081186971	99.2742489953891	115.429413072794
36527	85.1665258951745	145.396476696647	173.668013832106	60.2299508014721	88.5014879369312
36528	85.1665258951745	163.571036283727	191.842573419186	78.4045103885529	106.676047524012
36529	85.1665258951745	139.33829016762	157.5128497547	54.1717642724452	72.346323859526
36530	85.1665258951745	125.20252159989	141.357685677295	40.0359957047156	56.1911597821208
36531	85.1665258951745	123.183126090214	139.33829016762	38.01660019504	54.1717642724452
36532	85.1665258951745	107.027962012809	125.20252159989	21.8614361176348	40.0359957047156
36533	85.1665258951745	157.5128497547	189.823177909511	72.346323859526	104.656652014336
36534	27.9476681141766	339.258445625509	413.976079483508	311.310777511332	386.028411369331
36536	71.5962313214262	161.551640774052	175.687409341781	89.9554094526255	104.091178020355
36537	71.5962313214262	90.8727979354041	98.9503799741067	19.2765666139779	27.3541486526805
36538	108.048419387745	Inf	-Inf	Inf	-Inf
36539	108.048419387745	240.308065651402	258.482625238483	132.259646263657	150.434205850738
36540	108.048419387745	Inf	-Inf	Inf	-Inf
36541	108.048419387745	319.064490528752	343.29723664486	211.016071141008	235.248817257115
36542	108.048419387745	Inf	-Inf	Inf	-Inf
36543	108.048419387745	Inf	-Inf	Inf	-Inf
36544	45.2831386181655	191.06175864675	208.608246685737	145.778620028584	163.325108067572
36545	46.3688854795662	113.077367362362	126.72463583713	66.708481882796	80.3557503575638
36546	46.3688854795662	122.825416272911	138.422294529788	76.4565307933445	92.053409050222
36547	46.3688854795662	97.4804891054846	109.178147798143	51.1116036259184	62.8092623185766
36548	46.3688854795662	93.5812695412652	105.278928233923	47.2123840616991	58.9100427543572
36549	46.3688854795662	89.6820499770458	101.379708669704	43.3131644974797	55.0108231901378
36550	46.3688854795662	103.329318451814	118.926196708691	56.9604329722475	72.5573112291251
36551	46.3688854795662	93.5812695412652	109.178147798143	47.2123840616991	62.8092623185766
36552	46.3688854795662	116.976586926582	132.573465183459	70.6077014470154	86.2045797038929
36553	46.3688854795662	115.026977144472	128.67424561924	68.6580916649057	82.3053601396735
36554	46.3688854795662	95.5308793233749	111.127757580252	49.1619938438088	64.7588721006863
36555	46.3688854795662	173.515270607763	202.759417339408	127.146385128196	156.390531859842
36556	46.3688854795662	198.860197775189	230.053954288944	152.491312295622	183.685068809378
36557	46.3688854795662	95.5308793233749	116.976586926582	49.1619938438088	70.6077014470154
36558	46.3688854795662	128.67424561924	148.170343440337	82.3053601396735	101.80145796077
36559	46.3688854795662	128.67424561924	148.170343440337	82.3053601396735	101.80145796077
36560	45.2831386181655	171.565660825653	194.960978210969	126.282522207487	149.677839592804
36561	45.2831386181655	150.119953222446	165.716831479324	104.836814604281	120.433692861158
36562	45.2831386181655	177.414490171982	196.910587993079	132.131351553817	151.627449374913
36563	45.2831386181655	130.623855401349	144.271123876117	85.3407167831839	98.9879852579517
36564	46.3688854795662	76.034781502278	95.5308793233749	29.6658960227118	49.1619938438088
36566	59.4849722557747	203.95894647724	224.152901573997	144.473974221466	164.667929318222
36567	59.4849722557747	145.396476696647	159.532245264376	85.9115044408719	100.047273008601
36568	59.4849722557747	169.629222812754	189.823177909511	110.14425055698	130.338205653736
36569	59.4849722557747	143.377081186971	161.551640774052	83.8921089311962	102.066668518277
36570	59.4849722557747	137.318894657944	151.454663225674	77.8339224021693	91.9696909698988
36571	59.4849722557747	141.357685677295	155.493454245025	81.8727134215206	96.0084819892501
36572	141.060041292522	601.779861883343	684.575077780044	460.71982059082	543.515036487522
36573	141.060041292522	722.943592463882	831.990949986367	581.883551171359	690.930908693844
36574	67.1679905814532	313.006303999725	383.685146838373	245.838313418272	316.51715625692
36575	67.1679905814532	151.454663225674	175.687409341781	84.2866726442204	108.519418760328
36576	67.1679905814532	377.626960309346	468.49975824475	310.458969727893	401.331767663297
36577	77.1792265538184	302.909326451347	381.665751328697	225.730099897529	304.486524774879
36578	28.1266020985241	589.663488825289	664.381122683288	561.536886726765	636.254520584764
36580	81.9301175743025	161.551640774052	244.346856670753	79.6215231997493	162.416739096451
36581	95.3352513832417	432.150639070589	533.120414554371	336.815387687347	437.785163171129
36582	92.9316743897124	472.538549264101	559.372556180154	379.606874874389	466.440881790442
36583	92.9316743897124	296.85113992232	357.43300521259	203.919465532608	264.501330822877
36584	92.9316743897124	175.687409341781	199.920155457889	82.7557349520689	106.988481068177
36585	92.9316743897124	502.829481909236	579.566511276911	409.897807519524	486.634836887198
36586	95.3352513832417	767.370293676746	969.309844644311	672.035042293504	873.974593261069
36587	95.3352513832417	759.292711638043	965.271053624959	663.957460254802	869.935802241718
36588	92.9316743897124	339.258445625509	395.801519896427	246.326771235796	302.869845506715
36589	92.9316743897124	177.706804851457	201.939550967565	84.7751304617446	109.007876577852
36590	92.9316743897124	218.09471504497	242.327461161078	125.163040655258	149.395786771365
36591	92.9316743897124	214.055924025619	236.269274632051	121.124249635906	143.337600242338
36592	92.9316743897124	381.665751328697	434.170034580264	288.734076938985	341.238360190552
36593	92.9316743897124	363.491191741616	420.034266012535	270.559517351904	327.102591622822
36594	87.4638689448938	525.042832515668	589.663488825289	437.578963570775	502.199619880395
36595	66.4778535948245	161.551640774052	187.803782399835	95.0737871792273	121.325928805011
36596	66.4778535948245	207.997737496592	232.230483612699	141.519883901767	165.752630017875
36597	66.4778535948245	216.075319535294	240.308065651402	149.59746594047	173.830212056578
36598	66.4778535948245	171.64861832243	195.881364438538	105.170764727606	129.403510843713
36599	66.4778535948245	599.760466373667	690.633264309071	533.282612778843	624.155410714247
36600	66.4778535948245	175.687409341781	201.939550967565	109.209555746957	135.46169737274
36601	66.4778535948245	846.126718554096	967.290449134635	779.648864959272	900.812595539811
36602	66.4778535948245	886.514628747609	1048.06626952166	820.036775152785	981.588415926836
36607	177.489164042397	237.852393417382	259.298101020589	60.3632293749853	81.8089369781919
36608	177.489164042397	251.49966189215	276.844589059576	74.0104978497531	99.3554250171791
36609	177.489164042397	251.49966189215	278.794198841686	74.0104978497531	101.305034799289
36610	177.489164042397	200.809807557298	224.205124942615	23.3206435149011	46.7159609002174
36611	177.489164042397	228.104344506834	253.44927167426	50.6151804644368	75.9601076318628
36612	39.3364848226297	131.260708128917	147.415872206322	91.9242233062874	108.079387383693
36613	39.3364848226297	76.7370293676746	86.8340069160528	37.4005445450449	47.4975220934232
36614	39.3364848226297	76.7370293676746	84.8146114063772	37.4005445450449	45.4781265837475
36615	39.3364848226297	107.027962012809	117.124939561188	67.6914771901796	77.7884547385579
36616	39.3364848226297	70.6788428386477	76.7370293676746	31.342358016018	37.4005445450449
36618	39.3364848226297	70.6788428386477	80.7758203870259	31.342358016018	41.4393355643962
36619	39.3364848226297	64.6206563096207	70.6788428386477	25.284171486991	31.342358016018
36620	39.3364848226297	70.6788428386477	76.7370293676746	31.342358016018	37.4005445450449
36621	39.3364848226297	78.7564248773502	88.8534024257285	39.4199400547206	49.5169176030988
36622	39.3364848226297	80.7758203870259	90.8727979354041	41.4393355643962	51.5363131127744
36623	106	335.219654606157	389.7433333674	229.219654606157	283.7433333674
36624	102	300.889930941671	351.374818683563	198.889930941671	249.374818683563
36625	106	300.889930941671	355.413609702914	194.889930941671	249.413609702914
36626	106	327.142072567455	381.665751328697	221.142072567455	275.665751328697
36627	106	331.180863586806	385.704542348049	225.180863586806	279.704542348049
36628	106	272.618393806212	329.161468077131	166.618393806212	223.161468077131
36629	107.000712882357	169.629222812754	191.842573419186	62.6285099303976	84.8418605368298
36630	107.000712882357	167.609827303079	185.78438689016	60.609114420722	78.7836740078028
36631	225.024989880248	173.668013832106	195.881364438538	-51.3569760481422	-29.1436254417101
36632	225.024989880248	169.629222812754	189.823177909511	-55.3957670674935	-35.2018119707371
36633	225.024989880248	415.995474993183	452.344594167345	190.970485112935	227.319604287097
36634	24.7864561859438	149.435267715998	169.629222812754	124.648811530054	144.842766626811
36635	24.7864561859438	145.396476696647	161.551640774052	120.610020510703	136.765184588108
36636	225.024989880248	559.372556180154	632.070794528478	334.347566299906	407.04580464823
36637	225.024989880248	2336.44060469472	2336.44060469472	2111.41561481448	2111.41561481448
36638	225.024989880248	Inf	-Inf	Inf	-Inf
36639	192.777244147148	163.571036283727	183.764991380484	-29.2062078634207	-9.01225276666423
36640	114.207464313129	173.668013832106	191.842573419186	59.4605495189767	77.6351091060575
36641	114.207464313129	Inf	-Inf	Inf	-Inf
36642	114.207464313129	242.327461161078	278.676580335239	128.119996847949	164.46911602211
36643	114.207464313129	678.516891251017	749.195734089665	564.309426937888	634.988269776536
36644	114.207464313129	399.840310915778	444.267012128642	285.632846602649	330.059547815513
36645	87.9878333143133	155.493454245025	173.668013832106	67.5056209307116	85.6801805177924
36648	192.79008610525	272.618393806212	327.142072567455	79.8283077009626	134.351986462205
36649	189.858567668	684.575077780044	886.514628747609	494.716510112044	696.656061079609
36650	189.858567668	288.773557883618	343.29723664486	98.9149902156171	153.43866897686
36651	61.91803412088	290.792953393293	315.025699509401	228.874919272413	253.107665388521
36652	61.91803412088	274.637789315888	302.909326451347	212.719755195008	240.991292330467
36653	61.91803412088	333.200259096482	369.549378270643	271.282224975602	307.631344149763
36654	61.91803412088	333.200259096482	371.568773780319	271.282224975602	309.650739659439
36655	61.91803412088	424.073057031886	474.557944773777	362.155022911006	412.639910652897
36656	61.91803412088	345.316632154536	385.704542348049	283.398598033656	323.786508227169
36657	61.91803412088	313.006303999725	349.355423173887	251.088269878845	287.437389053007
36658	61.91803412088	292.812348902969	329.161468077131	230.894314782089	267.243433956251
36659	61.91803412088	317.045095019077	349.355423173887	255.127060898197	287.437389053007
36660	26.9620924561651	76.7370293676746	90.8727979354041	49.7749369115095	63.9107054792391
36661	26.9620924561651	167.609827303079	195.881364438538	140.647734846914	168.919271982373
36662	26.9620924561651	205.978341986916	238.288670141726	179.016249530751	211.326577685561
36663	26.9620924561651	76.7370293676746	90.8727979354041	49.7749369115095	63.9107054792391
36664	26.9620924561651	96.9309844644311	121.163730580539	69.968892008266	94.2016381243738
36665	26.9620924561651	127.221917109566	147.415872206322	100.259824653401	120.453779750157
36666	26.9620924561651	111.066753032161	133.280103638593	84.1046605759955	106.318011182428
36667	26.9620924561651	111.066753032161	131.260708128917	84.1046605759955	104.298615672752
36668	26.9620924561651	50.4848877418912	56.5430742709181	23.5227952857261	29.5809818147531
36669	26.9620924561651	105.008566503134	131.260708128917	78.0464740469686	104.298615672752
36670	37.0572740828829	62.6012607999451	70.6788428386477	25.5439867170622	33.6215687557647
36671	37.0572740828829	68.659447328972	76.7370293676746	31.6021732460891	39.6797552847917
36672	37.0572740828829	58.5624697805938	74.7176338579989	21.5051956977109	37.660359775116
36673	20.6618991435904	201.511807681355	231.972894889002	180.849908537765	211.310995745412
36674	20.6618991435904	194.482326018052	227.286573780133	173.820426874462	206.624674636543
36675	108	565.430742709181	739.098756541287	457.430742709181	631.098756541287
36676	46.4109472834445	210.017133006267	240.308065651402	163.606185722823	193.897118367958
36677	59.1699198021211	220.114110554646	248.385647690105	160.944190752524	189.215727887984
36678	46.4109472834445	123.183126090214	137.318894657944	76.77217880677	90.9079473744996
36679	50.1439592351311	66.6400518192964	86.8340069160528	16.4960925841652	36.6900476809217
36680	50.1439592351311	119.144335070863	135.299499148268	69.000375835732	85.1555399131372
36681	50.1439592351311	105.008566503134	117.124939561188	54.8646072680025	66.9809803260564
36682	46.4109472834445	127.221917109566	141.357685677295	80.8109698261213	94.9467383938509
36683	46.4109472834445	125.20252159989	139.33829016762	78.7915743164457	92.9273428841752
36684	46.4109472834445	137.318894657944	155.493454245025	90.9079473744996	109.08250696158
36685	50.8061935147248	109.047357522485	121.163730580539	58.2411640077602	70.3575370658141
36686	50.8061935147248	113.086148541836	123.183126090214	62.2799550271115	72.3769325754897
36687	54.0813207526575	119.144335070863	129.241312619241	65.0630143182057	75.1599918665839
36688	54.0813207526575	111.066753032161	123.183126090214	56.9854322795031	69.101805337557
36689	26.0043674178826	30.2909326451347	32.3103281548104	4.28656522725206	6.30596073692771
36690	26.0043674178826	32.3103281548104	32.3103281548104	6.30596073692771	6.30596073692771
36691	26.0043674178826	32.3103281548104	32.3103281548104	6.30596073692771	6.30596073692771
36692	27.9179712451342	34.329723664486	34.329723664486	6.41175241935177	6.41175241935177
36693	27.9179712451342	30.2909326451347	32.3103281548104	2.37296140000047	4.39235690967612
36694	15.9439924631998	92.8921934450798	98.9503799741067	76.94820098188	83.0063875109069
36695	15.9439924631998	125.20252159989	137.318894657944	109.25852913669	121.374902194744
36696	16.0965036457211	100.969775483782	109.047357522485	84.8732718380613	92.9508538767639
36697	52.4216441574172	161.551640774052	193.861968928862	109.129996616635	141.440324771445
36698	52.4216441574172	107.027962012809	119.144335070863	54.6063178553921	66.722690913446
36699	52.4216441574172	147.415872206322	175.687409341781	94.9942280489051	123.265765184364
36700	52.4216441574172	133.280103638593	161.551640774052	80.8584594811755	109.129996616635
36701	52.4216441574172	149.435267715998	175.687409341781	97.0136235585807	123.265765184364
36702	52.4216441574172	155.493454245025	187.803782399835	103.071810087608	135.382138242418
36704	40.9650251071185	403.879101935129	541.197996593074	362.914076828011	500.232971485955
36705	40.9650251071185	452.344594167345	531.101019044695	411.379569060227	490.135993937577
36706	27.5421227385418	391.762728877076	448.305803147994	364.220606138534	420.763680409452
36708	45.6272036142936	139.33829016762	159.532245264376	93.7110865533261	113.905041650083
36709	45.6272036142936	236.269274632051	268.579602786861	190.642071017757	222.952399172568
36710	45.6272036142936	240.308065651402	272.618393806212	194.680862037108	226.991190191919
36711	45.6272036142936	161.551640774052	181.745595870808	115.924437159758	136.118392256515
36712	45.6272036142936	169.629222812754	191.842573419186	124.002019198461	146.215369804893
36713	23.0766440339854	66.6400518192964	74.7176338579989	43.563407785311	51.6409898240135
36714	45.6272036142936	Inf	-Inf	Inf	-Inf
36715	45.6272036142936	230.211088103024	254.443834219132	184.58388448873	208.816630604838
36716	45.6272036142936	177.706804851457	193.861968928862	132.079601237163	148.234765314569
36717	45.6272036142936	Inf	-Inf	Inf	-Inf
36718	45.6272036142936	181.745595870808	214.055924025619	136.118392256515	168.428720411325
36719	45.6272036142936	199.920155457889	230.211088103024	154.292951843596	184.58388448873
36720	45.6272036142936	127.221917109566	139.33829016762	81.5947134952722	93.7110865533261
36721	45.6272036142936	300.889930941671	349.355423173887	255.262727327378	303.728219559593
36722	45.6272036142936	276.657184825564	327.142072567455	231.02998121127	281.514868953161
36723	45.6272036142936	280.695975844915	327.142072567455	235.068772230621	281.514868953161
36724	72.0453838603376	278.794198841686	335.332882522867	206.748814981348	263.28749866253
36725	66.2993822213285	955.174076076581	1163.17181357317	888.874693855253	1096.87243135184
36726	66.2993822213285	90.8727979354041	105.008566503134	24.5734157140757	38.7091842818052
36727	66.2993822213285	135.299499148268	159.532245264376	69.0001169269399	93.2328630430477
36728	66.2993822213285	Inf	-Inf	Inf	-Inf
36729	66.2993822213285	Inf	-Inf	Inf	-Inf
36730	66.2993822213285	Inf	-Inf	Inf	-Inf
36731	66.2993822213285	Inf	-Inf	Inf	-Inf
36732	29.9071853187241	119.144335070863	139.33829016762	89.2371497521391	109.431104848896
36733	29.9071853187241	119.144335070863	143.377081186971	89.2371497521391	113.469895868247
36734	29.9071853187241	52.5042832515668	66.6400518192964	22.5970979328428	36.7328665005723
36735	29.9071853187241	153.474058735349	175.687409341781	123.566873416625	145.780224023057
36736	29.9071853187241	139.33829016762	157.5128497547	109.431104848896	127.605664435976
36737	29.9071853187241	54.5236787612425	66.6400518192964	24.6164934425184	36.7328665005723
36738	29.9071853187241	111.066753032161	135.299499148268	81.1595677134365	105.392313829544
36739	29.9071853187241	149.435267715998	175.687409341781	119.528082397274	145.780224023057
36740	29.9071853187241	147.415872206322	175.687409341781	117.508686887598	145.780224023057
36741	29.9071853187241	135.299499148268	165.590431793403	105.392313829544	135.683246474679
36742	29.9071853187241	62.6012607999451	76.7370293676746	32.694075481221	46.8298440489505
36743	29.9071853187241	48.4654922322155	62.6012607999451	18.5583069134915	32.694075481221
36744	29.9071853187241	68.659447328972	82.7952158967015	38.7522620102479	52.8880305779775
36745	61.1202197011323	199.920155457889	280.695975844915	138.799935756757	219.575756143783
36746	61.1202197011323	218.09471504497	274.637789315888	156.974495343838	213.517569614756
36747	0	100.755903840678	112.471706612849	100.755903840678	112.471706612849
36748	0	93.7264221773745	103.099064395112	93.7264221773745	103.099064395112
36749	0	91.3832616229401	114.814867167284	91.3832616229401	114.814867167284
36750	0	11.7158027721718	14.0589633266062	11.7158027721718	14.0589633266062
36751	0	9.37264221773745	9.37264221773745	9.37264221773745	9.37264221773745
36752	0	16.4021238810405	16.4021238810405	16.4021238810405	16.4021238810405
36753	0	2.34316055443436	2.34316055443436	2.34316055443436	2.34316055443436
36754	3.79421271066273	124.187509385021	140.589633266062	120.393296674358	136.795420555399
36755	3.79421271066273	96.0695827318089	119.501188276152	92.2753700211461	115.70697556549
36756	3.79421271066273	11.7158027721718	11.7158027721718	7.92159006150908	7.92159006150908
36757	63.8387299022565	234.249879122375	276.657184825564	170.411149220119	212.818454923307
36758	63.8387299022565	153.474058735349	175.687409341781	89.6353288330927	111.848679439525
36759	63.8387299022565	159.532245264376	185.78438689016	95.6935153621197	121.945656987903
36760	63.8387299022565	137.318894657944	165.590431793403	73.4801647556875	101.751701891147
36761	63.8387299022565	331.180863586806	385.704542348049	267.34213368455	321.865812445792
36762	63.8387299022565	119.144335070863	147.415872206322	55.3056051686067	83.5771423040658
36766	0	74.7176338579989	82.7952158967015	74.7176338579989	82.7952158967015
36771	0	48.4654922322155	54.5236787612425	48.4654922322155	54.5236787612425
36772	0	40.3879101935129	48.4654922322155	40.3879101935129	48.4654922322155
36773	6.98624266182989	152.305436038234	178.080202137012	145.319193376404	171.093959475182
36774	6.98624266182989	117.158027721718	133.560151602759	110.171785059888	126.573908940929
36775	6.98624266182989	103.099064395112	121.844348830587	96.1128217332821	114.858106168757
36776	6.98624266182989	112.471706612849	126.530669939456	105.48546395102	119.544427277626
36777	6.98624266182989	77.324298296334	93.7264221773745	70.3380556345041	86.7401795155446
36778	6.98624266182989	131.216991048324	154.648596592668	124.230748386494	147.662353930838
36779	6.98624266182989	72.6379771874652	84.3537799596371	65.6517345256353	77.3675372978072
36780	6.98624266182989	70.2948166330309	89.0401010685058	63.308573971201	82.0538584066759
36781	6.98624266182989	96.0695827318089	114.814867167284	89.083340069979	107.828624505454
36782	6.98624266182989	74.9811377418996	84.3537799596371	67.9948950800697	77.3675372978072
36783	6.98624266182989	98.4127432862432	114.814867167284	91.4265006244133	107.828624505454
36784	6.98624266182989	84.3537799596371	96.0695827318089	77.3675372978072	89.083340069979
36785	6.98624266182989	203.85496823579	227.286573780133	196.86872557396	220.300331118303
36786	6.98624266182989	93.7264221773745	105.442224949546	86.7401795155446	98.4559822877164
36787	6.98624266182989	82.0106194052027	96.0695827318089	75.0243767433728	89.083340069979
36788	6.98624266182989	96.0695827318089	107.785385503981	89.083340069979	100.799142842151
36789	6.98624266182989	100.755903840678	112.471706612849	93.7696611788477	105.48546395102
36790	6.98624266182989	16.4021238810405	18.7452844354749	9.41588121921065	11.759041773645
36791	100.412148593924	371.568773780319	418.014870502859	271.156625186395	317.602721908935
36792	102.657589989684	325.122677057779	363.491191741616	222.465087068096	260.833601751933
36793	102.657589989684	319.064490528752	347.336027664211	216.406900539069	244.678437674528
36794	102.657589989684	300.889930941671	327.142072567455	198.232340951988	224.484482577771
36795	102.657589989684	288.773557883618	317.045095019077	186.115967893934	214.387505029393
36796	102.657589989684	248.385647690105	270.598998296537	145.728057700421	167.941408306853
36797	100.412148593924	254.443834219132	284.734766864266	154.031685625207	184.322618270342
36798	102.657589989684	252.424438709456	278.676580335239	149.766848719772	176.018990345556
36799	102.657589989684	270.598998296537	296.85113992232	167.941408306853	194.193549932637
36800	102.657589989684	266.560207277185	300.889930941671	163.902617287502	198.232340951988
36801	100.412148593924	274.637789315888	306.948117470698	174.225640721964	206.535968876774
36802	53.669122033181	242.327461161078	270.598998296537	188.658339127897	216.929876263356
36803	95.9277320046559	191.842573419186	210.017133006267	95.9148414145306	114.089401001611
36804	101.204082670541	274.637789315888	302.909326451347	173.433706645347	201.705243780806
36805	28.3748308741907	296.85113992232	337.239050115833	268.47630904813	308.864219241642
36806	28.3748308741907	210.017133006267	244.346856670753	181.642302132077	215.972025796563
36807	88.8598062955973	234.249879122375	258.482625238483	145.390072826778	169.622818942886
36808	88.8598062955973	232.230483612699	254.443834219132	143.370677317102	165.584027923534
36809	88.8598062955973	343.29723664486	375.60756479967	254.437430349263	286.747758504073
36810	88.8598062955973	246.366252180429	272.618393806212	157.506445884832	183.758587510615
36811	88.8598062955973	240.308065651402	262.521416257834	151.448259355805	173.661609962237
36812	88.8598062955973	254.443834219132	280.695975844915	165.584027923534	191.836169549318
36813	88.8598062955973	224.152901573997	246.366252180429	135.2930952784	157.506445884832
36814	88.8598062955973	228.191692593348	248.385647690105	139.331886297751	159.525841394507
36815	88.8598062955973	30.2909326451347	36.3491191741617	-58.5688736504626	-52.5106871214357
36816	88.8598062955973	244.346856670753	270.598998296537	155.487050375156	181.739192000939
36817	88.8598062955973	274.637789315888	300.889930941671	185.777983020291	212.030124646074
36818	88.8598062955973	240.308065651402	262.521416257834	151.448259355805	173.661609962237
36819	102.657589989684	238.288670141726	264.54081176751	135.631080152043	161.883221777826
36820	102.657589989684	240.308065651402	266.560207277185	137.650475661718	163.902617287502
36821	102.657589989684	18.1745595870808	20.1939550967565	-84.4830304026028	-82.4636348929271
36822	102.657589989684	18.1745595870808	20.1939550967565	-84.4830304026028	-82.4636348929271
36823	63.691648250771	248.385647690105	282.715371354591	184.693999439334	219.02372310382
36824	88.8598062955973	8.07758203870259	10.0969775483782	-80.7822242568948	-78.7628287472191
36825	88.8598062955973	266.560207277185	292.812348902969	177.700400981588	203.952542607371
36826	88.8598062955973	268.579602786861	296.85113992232	179.719796491264	207.991333626723
36827	20.1287416656012	80.7758203870259	86.8340069160528	60.6470787214247	66.7052652504516
36828	20.1287416656012	165.590431793403	183.764991380484	145.461690127802	163.636249714883
36829	20.1287416656012	72.6982383483233	78.7564248773502	52.5694966827221	58.627683211749
36830	99.3151341108665	359.452400722265	418.014870502859	260.137266611399	318.699736391992
36831	15.0022963442805	50.4848877418912	56.5430742709181	35.4825913976107	41.5407779266376
36832	15.0022963442805	52.5042832515668	58.5624697805938	37.5019869072864	43.5601734363133
36833	15.0022963442805	46.4460967225399	50.4848877418912	31.4438003782594	35.4825913976107
36834	162.083993028763	640.14837656718	729.001778992909	478.064383538417	566.917785964145
36835	235.207052423087	767.370293676746	848.146114063772	532.163241253659	612.939061640685
36836	235.207052423087	737.079361031611	831.990949986367	501.872308608524	596.78389756328
36837	222.426244437839	737.079361031611	825.93276345734	514.653116593773	603.506519019501
36838	185.647418085561	785.544853263827	878.437046708907	599.897435178266	692.789628623346
36839	222.426244437839	763.331502657395	872.37886017988	540.905258219556	649.952615742041
36840	222.426244437839	777.467271225124	872.37886017988	555.041026787286	649.952615742041
36841	77	222.133506064321	250.40504319978	145.133506064321	173.40504319978
36842	77	214.055924025619	244.346856670753	137.055924025619	167.346856670753
36843	80	975.368031173338	1116.72571685063	895.368031173338	1036.72571685063
36844	154.911691518245	1845.72749584354	1845.72749584354	1690.8158043253	1690.8158043253
36845	154.911691518245	Inf	-Inf	Inf	-Inf
36847	107	319.064490528752	367.529982760968	212.064490528752	260.529982760968
36848	119	325.122677057779	373.588169289995	206.122677057779	254.588169289995
36849	429.281126802262	617.935025960748	686.59447328972	188.653899158486	257.313346487458
36850	52.5526382706431	208.608246685737	243.701222763712	156.055608415094	191.148584493068
36851	52.5526382706431	220.305905378395	272.945369495357	167.753267107752	220.392731224714
36852	52.5526382706431	189.11214886464	241.751612981602	136.559510593997	189.198974710959
36853	52.5526382706431	315.83678470177	366.526639036622	263.284146431127	313.974000765979
36854	52.5526382706431	196.910587993079	249.550052110041	144.357949722436	196.997413839398
36855	52.5526382706431	189.11214886464	224.205124942615	136.559510593997	171.652486671972
36856	52.5526382706431	228.104344506834	263.197320584808	175.551706236191	210.644682314165
36857	52.5526382706431	157.918392350885	202.759417339408	105.365754080242	150.206779068765
36858	52.5526382706431	167.666441261434	200.809807557298	115.11380299079	148.257169286655
36859	3.39667620150124	38.3685146838373	44.4267012128642	34.9718384823361	41.030025011363
36860	0	48.4654922322155	56.5430742709181	48.4654922322155	56.5430742709181
36861	3.39667620150124	32.3103281548104	40.3879101935129	28.9136519533091	36.9912339920117
36862	3.39667620150124	187.803782399835	216.075319535294	184.407106198334	212.678643333793
36863	3.39667620150124	44.4267012128642	54.5236787612425	41.030025011363	51.1270025597412
36864	3.39667620150124	74.7176338579989	86.8340069160528	71.3209576564977	83.4373307145516
36865	3.39667620150124	68.659447328972	78.7564248773502	65.2627711274708	75.359748675849
36866	3.39667620150124	54.5236787612425	62.6012607999451	51.1270025597412	59.2045845984438
36867	3.39667620150124	212.036528515943	238.288670141726	208.639852314442	234.891993940225
36868	3.39667620150124	222.133506064321	256.463229728807	218.73682986282	253.066553527306
36869	16.4807593474372	56.5430742709181	62.6012607999451	40.0623149234809	46.1205014525079
36870	16.4807593474372	68.659447328972	76.7370293676746	52.1786879815348	60.2562700202374
36871	16.4807593474372	52.5042832515668	60.5818652902694	36.0235239041296	44.1011059428322
36872	16.4807593474372	50.4848877418912	56.5430742709181	34.004128394454	40.0623149234809
36873	16.4807593474372	54.5236787612425	60.5818652902694	38.0429194138053	44.1011059428322
36874	16.4807593474372	54.5236787612425	60.5818652902694	38.0429194138053	44.1011059428322
36875	16.4807593474372	66.6400518192964	70.6788428386477	50.1592924718592	54.1980834912105
36876	11.6790528160573	105.008566503134	125.20252159989	93.3295136870764	113.523468783833
36877	11.6790528160573	119.144335070863	135.299499148268	107.465282254806	123.620446332211
36878	11.6790528160573	161.551640774052	191.842573419186	149.872587957994	180.163520603129
36879	11.6790528160573	80.7758203870259	105.008566503134	69.0967675709686	93.3295136870764
36880	11.6790528160573	111.066753032161	131.260708128917	99.3877002161033	119.58165531286
36881	161.277724224355	199.920155457889	260.502020748158	38.6424312335342	99.2242965238036
36882	93.0001576187263	597.741070863992	684.575077780044	504.740913245265	591.574920161318
36884	174.384734489434	185.78438689016	212.036528515943	11.3996524007252	37.6517940265086
36885	174.384734489434	212.036528515943	252.424438709456	37.6517940265086	78.0397042200215
36886	174.384734489434	1033.93050095393	1385.30531963749	859.545766464497	1210.92058514806
36887	174.384734489434	232.230483612699	270.598998296537	57.8457491232651	96.2142638071024
36889	174.384734489434	199.920155457889	230.211088103024	25.5354209684547	55.8263536135894
36900	41.3951368101325	183.764991380484	228.191692593348	142.369854570351	186.796555783216
36902	92.5950436336308	236.269274632051	280.695975844915	143.67423099842	188.100932211284
36903	92.5950436336308	193.861968928862	246.366252180429	101.266925295231	153.771208546798
36904	92.5950436336308	191.842573419186	230.211088103024	99.2475297855557	137.616044469393
36905	92.5950436336308	191.842573419186	242.327461161078	99.2475297855557	149.732417527447
36917	33.416415897723	149.435267715998	181.745595870808	116.018851818275	148.329179973085
36918	33.416415897723	153.474058735349	183.764991380484	120.057642837626	150.348575482761
36920	35.4242655873673	805.738808360583	1122.78390337966	770.314542773216	1087.35963779229
36921	35.4242655873673	623.993212489775	894.592210786312	588.568946902408	859.167945198944
36922	35.4242655873673	781.506062244476	971.329240153986	746.081796657108	935.904974566619
36924	35.4242655873673	791.603039792854	1106.62873930225	756.178774205487	1071.20447371489
36925	35.4242655873673	123.183126090214	133.280103638593	87.7588605028472	97.8558380512255
36928	35.4242655873673	264.54081176751	292.812348902969	229.116546180143	257.388083315602
36929	35.4242655873673	258.482625238483	282.715371354591	223.058359651116	247.291105767223
36931	9.22286789537658	153.474058735349	181.745595870808	144.251190839973	172.522727975432
36932	9.22286789537658	161.551640774052	189.823177909511	152.328772878675	180.600310014134
36933	12.5831828458571	119.501188276152	138.246472711627	106.918005430295	125.66328986577
36934	12.5831828458571	145.27595437493	168.707559919274	132.692771529073	156.124377073417
36935	12.5831828458571	187.452844354749	217.913931562396	174.869661508892	205.330748716539
36936	12.5831828458571	44.5200505342529	51.549532197556	31.9368676883958	38.9663493516989
36937	9.04539399603958	178.080202137012	208.541289344658	169.034808140972	199.495895348619
36938	13.6380050453978	84.3537799596371	100.755903840678	70.7157749142393	87.1178987952798
36939	13.6380050453978	124.187509385021	145.27595437493	110.549504339623	131.637949329533
36940	11.2644032349556	98.4127432862432	119.501188276152	87.1483400512876	108.236785041197
36941	15.3742726198462	65.6084955241622	135.903312157193	50.2342229043159	120.529039537347
36942	15.3742726198462	96.0695827318089	126.530669939456	80.6953101119626	111.156397319609
36943	51.1126682539521	219.286639041252	265.452247260463	168.1739707873	214.339579006511
36944	62.8757712038481	237.539535493326	282.981881413789	174.663764289478	220.106110209941
36946	62.8757712038481	218.949484889501	258.195147275355	156.073713685653	195.319376071507
36947	62.8757712038481	212.752801354892	251.998463740746	149.877030151044	189.122692536898
36948	62.8757712038481	274.719636700978	320.16198262144	211.843865497129	257.286211417592
36949	32.2500500328217	138.422294529788	163.767221697214	106.172244496966	131.517171664392
36950	40.9402949859001	146.220733658227	167.666441261434	105.280438672327	126.726146275533
36951	40.9402949859001	154.019172786666	177.414490171982	113.078877800766	136.474195186082
36952	40.9402949859001	103.329318451814	115.026977144472	62.3890234659136	74.0866821585718
36953	40.9402949859001	109.178147798143	120.875806490801	68.2378528122427	79.9355115049008
36954	40.9402949859001	101.379708669704	111.127757580252	60.4394136838039	70.1874625943524
36955	40.9402949859001	159.868002132995	185.212929300421	118.927707147095	144.272634314521
36956	40.9402949859001	154.019172786666	173.515270607763	113.078877800766	132.574975621863
36957	40.9402949859001	220.305905378395	247.600442327931	179.365610392495	206.660147342031
36958	40.9402949859001	77.9843912843877	87.7324401949361	37.0440962984876	46.7921452090361
36959	40.9402949859001	134.523074965569	150.119953222446	93.5827799796687	109.179658236546
36960	40.9402949859001	87.7324401949361	97.4804891054846	46.7921452090361	56.5401941195845
36961	40.9402949859001	159.868002132995	179.364099954092	118.927707147095	138.423804968192
36962	40.9402949859001	157.918392350885	179.364099954092	116.978097364985	138.423804968192
36963	40.9402949859001	167.666441261434	187.16253908253	126.726146275533	146.22224409663
36964	40.9402949859001	152.069563004556	171.565660825653	111.129268018656	130.625365839753
36965	40.9402949859001	140.371904311898	154.019172786666	99.4316093259978	113.078877800766
36966	40.9402949859001	167.666441261434	193.01136842886	126.726146275533	152.071073442959
36967	40.9402949859001	120.875806490801	134.523074965569	79.9355115049008	93.5827799796687
36968	40.9402949859001	152.069563004556	167.666441261434	111.129268018656	126.726146275533
36969	40.9402949859001	136.472684747678	150.119953222446	95.5323897617784	109.179658236546
36970	40.9402949859001	103.329318451814	115.026977144472	62.3890234659136	74.0866821585718
36971	40.9402949859001	128.67424561924	144.271123876117	87.7339506333396	103.330828890217
36972	40.9402949859001	107.228538016033	118.926196708691	66.288243030133	77.9859017227911
36973	40.9402949859001	97.4804891054846	109.178147798143	56.5401941195845	68.2378528122427
36974	40.9402949859001	265.146930366918	298.290296662783	224.206635381018	257.350001676883
36975	40.9402949859001	115.026977144472	138.422294529788	74.0866821585718	97.4819995438881
36976	40.9402949859001	126.72463583713	144.271123876117	85.7843408512299	103.330828890217
36977	40.9402949859001	136.472684747678	155.968782568775	95.5323897617784	115.028487582875
36978	40.9402949859001	87.7324401949361	95.5308793233749	46.7921452090361	54.5905843374748
36979	40.9402949859001	126.72463583713	142.321514094008	85.7843408512299	101.381219108107
36980	40.9402949859001	118.926196708691	136.472684747678	77.9859017227911	95.5323897617784
36981	40.9402949859001	124.77502605502	140.371904311898	83.8347310691202	99.4316093259978
36982	40.9402949859001	107.228538016033	120.875806490801	66.288243030133	79.9355115049008
36983	40.9402949859001	103.329318451814	115.026977144472	62.3890234659136	74.0866821585718
36984	40.9402949859001	115.026977144472	126.72463583713	74.0866821585718	85.7843408512299
36985	40.9402949859001	144.271123876117	161.817611915104	103.330828890217	120.877316929204
36986	40.9402949859001	113.077367362362	124.77502605502	72.1370723764621	83.8347310691202
36987	40.9402949859001	111.127757580252	126.72463583713	70.1874625943524	85.7843408512299
36988	40.9402949859001	115.026977144472	130.623855401349	74.0866821585718	89.6835604154493
36989	40.9402949859001	171.565660825653	194.960978210969	130.625365839753	154.020683225069
36990	40.9402949859001	105.278928233923	118.926196708691	64.3386332480233	77.9859017227911
36991	40.9402949859001	99.4300988875943	111.127757580252	58.4898039016942	70.1874625943524
36992	40.9402949859001	115.026977144472	126.72463583713	74.0866821585718	85.7843408512299
36993	40.9402949859001	169.616051043543	189.11214886464	128.675756057643	148.17185387874
36994	40.9402949859001	85.7828304128265	95.5308793233749	44.8425354269264	54.5905843374748
36995	40.9402949859001	101.379708669704	115.026977144472	60.4394136838039	74.0866821585718
36996	40.9402949859001	101.379708669704	116.976586926582	60.4394136838039	76.0362919406815
36997	40.9402949859001	97.4804891054846	109.178147798143	56.5401941195845	68.2378528122427
36998	40.9402949859001	99.4300988875943	111.127757580252	58.4898039016942	70.1874625943524
36999	46.0534931477452	105.278928233923	116.976586926582	59.2254350861782	70.9230937788363
37000	46.0534931477452	99.4300988875943	109.178147798143	53.3766057398491	63.1246546503975
37001	46.0534931477452	115.026977144472	126.72463583713	68.9734839967266	80.6711426893848
37002	183.649362578822	573.508324747884	638.128981057505	389.858962169062	454.479618478682
37008	0	36.3491191741617	42.4073057031886	36.3491191741617	42.4073057031886
37011	0	44.4267012128642	52.5042832515668	44.4267012128642	52.5042832515668
37013	0	58.5624697805938	64.6206563096207	58.5624697805938	64.6206563096207
37014	0	34.329723664486	42.4073057031886	34.329723664486	42.4073057031886
37017	0	98.9503799741067	111.066753032161	98.9503799741067	111.066753032161
37020	0	38.3685146838373	46.4460967225399	38.3685146838373	46.4460967225399
37021	0	44.4267012128642	52.5042832515668	44.4267012128642	52.5042832515668
37025	0	38.3685146838373	48.4654922322155	38.3685146838373	48.4654922322155
37026	165.094902667074	399.840310915778	466.480362735075	234.745408248704	301.385460068
37028	58.4722030134299	308.967512980374	359.452400722265	250.495309966944	300.980197708835
37029	12.3422708188867	40.3879101935129	44.4267012128642	28.0456393746263	32.0844303939776
37030	12.3422708188867	54.5236787612425	60.5818652902694	42.1814079423558	48.2395944713828
37031	12.3422708188867	44.4267012128642	52.5042832515668	32.0844303939776	40.1620124326802
37032	12.3422708188867	68.659447328972	84.8146114063772	56.3171765100854	72.4723405874905
37035	12.3422708188867	84.8146114063772	94.9115889547554	72.4723405874905	82.5693181358688
37036	12.3422708188867	46.4460967225399	54.5236787612425	34.1038259036532	42.1814079423558
37037	12.3422708188867	46.4460967225399	54.5236787612425	34.1038259036532	42.1814079423558
37038	12.3422708188867	50.4848877418912	58.5624697805938	38.1426169230045	46.2201989617071
37039	10.8157753963983	117.124939561188	133.280103638593	106.309164164789	122.464328242194
37041	10.8157753963983	46.4460967225399	54.5236787612425	35.6303213261416	43.7079033648442
37042	10.8157753963983	56.5430742709181	62.6012607999451	45.7272988745198	51.7854854035468
37043	12.3422708188867	129.241312619241	143.377081186971	116.899041800355	131.034810368084
37044	12.3422708188867	54.5236787612425	62.6012607999451	42.1814079423558	50.2589899810584
37045	12.3422708188867	42.4073057031886	48.4654922322155	30.0650348843019	36.1232214133289
37046	12.3422708188867	42.4073057031886	46.4460967225399	30.0650348843019	34.1038259036532
37047	12.3422708188867	52.5042832515668	58.5624697805938	40.1620124326802	46.2201989617071
37048	12.3422708188867	46.4460967225399	52.5042832515668	34.1038259036532	40.1620124326802
37049	12.3422708188867	111.066753032161	129.241312619241	98.724482213274	116.899041800355
37050	3.47885342805087	21.0884449899093	23.4316055443436	17.6095915618584	19.9527521162928
37051	56.0943084046841	133.280103638593	145.396476696647	77.1857952339086	89.3021682919625
37052	56.0943084046841	149.435267715998	163.571036283727	93.3409593113138	107.476727879043
37053	56.0943084046841	216.075319535294	246.366252180429	159.98101113061	190.271943775745
37054	81.7602840038279	222.133506064321	248.385647690105	140.373222060493	166.625363686277
37055	56.0943084046841	70.6788428386477	80.7758203870259	14.5845344339635	24.6815119823417
37056	56.0943084046841	62.6012607999451	68.659447328972	6.50695239526092	12.5651389242879
37057	56.0943084046841	155.493454245025	171.64861832243	99.3991458403407	115.554309917746
37058	56.0943084046841	197.900759948213	220.114110554646	141.806451543529	164.019802149961
37059	56.0943084046841	236.269274632051	260.502020748158	180.174966227367	204.407712343474
37060	56.0943084046841	244.346856670753	260.502020748158	188.252548266069	204.407712343474
37061	56.0943084046841	199.920155457889	226.172297083673	143.825847053205	170.077988678988
37062	56.0943084046841	207.997737496592	228.191692593348	151.903429091908	172.097384188664
37063	81.7602840038279	276.657184825564	310.98690849005	194.896900821736	229.226624486222
37064	81.7602840038279	185.78438689016	203.95894647724	104.024102886332	122.198662473412
37065	81.7602840038279	171.64861832243	187.803782399835	89.8883343186021	106.043498396007
37066	81.7602840038279	254.443834219132	284.734766864266	172.683550215304	202.974482860438
37067	81.7602840038279	248.385647690105	282.715371354591	166.625363686277	200.955087350763
37068	19.4449021918107	58.5624697805938	64.6206563096207	39.1175675887831	45.17575411781
37069	17.6848582369902	30.4610872076467	35.1474083165154	12.7762289706565	17.4625500795252
37070	17.6848582369902	4.68632110886873	7.02948166330309	-12.9985371281215	-10.6553765736871
37071	17.6848582369902	82.0106194052027	91.3832616229401	64.3257611682125	73.6984033859499
37072	17.6848582369902	72.6379771874652	84.3537799596371	54.953118950475	66.6689217226468
37073	17.6848582369902	37.4905688709498	42.1768899798185	19.8057106339596	24.4920317428283
37074	17.6848582369902	201.511807681355	229.629734334568	183.826949444365	211.944876097577
37075	17.6848582369902	171.050720473708	192.139165463618	153.365862236718	174.454307226628
37076	17.6848582369902	82.0106194052027	93.7264221773745	64.3257611682125	76.0415639403843
37077	17.6848582369902	23.4316055443436	23.4316055443436	5.74674730735341	5.74674730735341
37078	17.6848582369902	58.5790138608591	63.2653349697278	40.8941556238689	45.5804767327376
37079	17.6848582369902	168.707559919274	187.452844354749	151.022701682284	169.767986117759
37080	17.6848582369902	135.903312157193	154.648596592668	118.218453920203	136.963738355678
37081	26.4245349195991	28.1179266532124	32.8042477620811	1.6933917336133	6.37971284248202
37082	26.4245349195991	96.0695827318089	107.785385503981	69.6450478122098	81.3608505843816
37083	26.4245349195991	84.3537799596371	98.4127432862432	57.929245040038	71.9882083666442
37084	19.0743073895353	161.678078255971	182.76652324588	142.603770866436	163.692215856345
37085	19.0743073895353	86.6969405140714	98.4127432862432	67.6226331245362	79.338435896708
37086	19.0743073895353	67.9516560785965	77.324298296334	48.8773486890613	58.2499909067987
37087	19.0743073895353	79.6674588507683	89.0401010685058	60.5931514612331	69.9657936789705
37088	19.0743073895353	84.3537799596371	98.4127432862432	65.2794725701018	79.338435896708
37089	53.6417854334181	67.9516560785965	74.9811377418996	14.3098706451784	21.3393523084815
37090	53.6417854334181	161.678078255971	178.080202137012	108.036292822553	124.438416703593
37091	53.6417854334181	117.158027721718	126.530669939456	63.5162422883001	72.8888845060375
37092	53.6417854334181	49.2063716431216	53.8926927519903	-4.43541379029645	0.250907318572274
37093	198.187483013623	357.43300521259	413.976079483508	159.245522198966	215.788596469884
37094	92.7260152903834	298.870535431996	337.239050115833	206.144520141612	244.51303482545
37095	63.9013564553372	369.549378270643	407.917892954481	305.648021815306	344.016536499144
37096	63.9013564553372	341.277841135184	383.685146838373	277.376484679847	319.783790383036
37097	63.9013564553372	298.870535431996	325.122677057779	234.969178976659	261.221320602442
37098	0	27.2945369495357	29.2441467316454	27.2945369495357	29.2441467316454
37099	0	27.2945369495357	29.2441467316454	27.2945369495357	29.2441467316454
37100	0	25.344927167426	27.2945369495357	25.344927167426	27.2945369495357
37101	0	7.79843912843877	9.74804891054846	7.79843912843877	9.74804891054846
37102	0	7.79843912843877	9.74804891054846	7.79843912843877	9.74804891054846
37103	0	9.74804891054846	9.74804891054846	9.74804891054846	9.74804891054846
37104	0	7.79843912843877	9.74804891054846	7.79843912843877	9.74804891054846
37105	0	7.79843912843877	7.79843912843877	7.79843912843877	7.79843912843877
37106	0	7.79843912843877	7.79843912843877	7.79843912843877	7.79843912843877
37107	0	9.74804891054846	9.74804891054846	9.74804891054846	9.74804891054846
37109	33.8879765077427	141.357685677295	167.609827303079	107.469709169553	133.721850795336
37110	28.0377107702357	82.7952158967015	98.9503799741067	54.7575051264658	70.912669203871
37111	28.0377107702357	66.6400518192964	76.7370293676746	38.6023410490607	48.6993185974389
37112	28.0377107702357	80.7758203870259	98.9503799741067	52.7381096167902	70.912669203871
37113	33.8879765077427	50.4848877418912	60.5818652902694	16.5969112341485	26.6938887825267
37114	33.8879765077427	54.5236787612425	64.6206563096207	20.6357022534998	30.732679801878
37115	28.0377107702357	50.4848877418912	60.5818652902694	22.4471769716555	32.5441545200337
37116	28.0377107702357	32.3103281548104	40.3879101935129	4.27261738457466	12.3501994232772
37117	29.2913741339908	86.8340069160528	102.989170993458	57.542632782062	73.6977968594672
37118	29.2913741339908	48.4654922322155	58.5624697805938	19.1741180982247	29.2710956466029
37119	29.2913741339908	58.5624697805938	70.6788428386477	29.2710956466029	41.3874687046568
37120	33.8879765077427	48.4654922322155	58.5624697805938	14.5775157244729	24.6744932728511
37121	29.2913741339908	74.7176338579989	92.8921934450798	45.4262597240081	63.6008193110889
37122	29.2913741339908	42.4073057031886	52.5042832515668	13.1159315691977	23.212909117576
37123	29.2913741339908	56.5430742709181	66.6400518192964	27.2517001369273	37.3486776853055
37124	29.2913741339908	42.4073057031886	56.5430742709181	13.1159315691977	27.2517001369273
37125	29.2913741339908	52.5042832515668	64.6206563096207	23.212909117576	35.3292821756299
37126	33.8879765077427	46.4460967225399	60.5818652902694	12.5581202147972	26.6938887825267
37127	29.2913741339908	70.6788428386477	82.7952158967015	41.3874687046568	53.5038417627107
37128	29.2913741339908	50.4848877418912	62.6012607999451	21.1935136079003	33.3098866659542
37129	33.8879765077427	42.4073057031886	52.5042832515668	8.51932919544592	18.6163067438242
37130	33.8879765077427	42.4073057031886	54.5236787612425	8.51932919544592	20.6357022534998
37131	33.8879765077427	44.4267012128642	56.5430742709181	10.5387247051216	22.6550977631755
37132	33.8879765077427	46.4460967225399	56.5430742709181	12.5581202147972	22.6550977631755
37133	33.8879765077427	52.5042832515668	62.6012607999451	18.6163067438242	28.7132842922024
37134	33.8879765077427	36.3491191741617	44.4267012128642	2.46114266641898	10.5387247051216
37135	33.8879765077427	90.8727979354041	107.027962012809	56.9848214276615	73.1399855050666
37136	29.2913741339908	92.8921934450798	109.047357522485	63.6008193110889	79.7559833884941
37137	29.2913741339908	38.3685146838373	52.5042832515668	9.07714054984645	23.212909117576
37138	29.2913741339908	84.8146114063772	98.9503799741067	55.5232372723863	69.6590058401159
37139	33.8879765077427	58.5624697805938	68.659447328972	24.6744932728511	34.7714708212293
37140	28.0377107702357	30.2909326451347	38.3685146838373	2.25322187489902	10.3308039136016
37141	29.2913741339908	58.5624697805938	68.659447328972	29.2710956466029	39.3680731949812
37142	24.503738229156	84.8146114063772	100.969775483782	60.3108731772212	76.4660372546264
37143	33.8879765077427	36.3491191741617	42.4073057031886	2.46114266641898	8.51932919544592
37144	33.8879765077427	48.4654922322155	58.5624697805938	14.5775157244729	24.6744932728511
37145	33.8879765077427	44.4267012128642	54.5236787612425	10.5387247051216	20.6357022534998
37146	33.8879765077427	44.4267012128642	54.5236787612425	10.5387247051216	20.6357022534998
37147	33.8879765077427	44.4267012128642	56.5430742709181	10.5387247051216	22.6550977631755
37148	33.8879765077427	58.5624697805938	68.659447328972	24.6744932728511	34.7714708212293
37149	33.8879765077427	50.4848877418912	60.5818652902694	16.5969112341485	26.6938887825267
37150	33.8879765077427	100.969775483782	117.124939561188	67.0817989760397	83.2369630534449
37151	18.8334818251948	111.127757580252	132.573465183459	92.2942757550576	113.739983358264
37152	18.8334818251948	259.298101020589	298.290296662783	240.464619195394	279.456814837588
37153	18.8334818251948	111.127757580252	126.72463583713	92.2942757550576	107.891154011935
37154	18.8334818251948	239.802003199492	280.743808623796	220.968521374297	261.910326798601
37155	18.8334818251948	126.72463583713	146.220733658227	107.891154011935	127.387251833032
37156	18.8334818251948	44.8410249885229	56.5386836811811	26.0075431633281	37.7052018559862
37157	18.8334818251948	142.321514094008	175.464880389872	123.488032268813	156.631398564677
37158	18.8334818251948	107.228538016033	130.623855401349	88.3950561908382	111.790373576155
37159	18.8334818251948	111.127757580252	134.523074965569	92.2942757550576	115.689593140374
37160	2.77616840948254	116.976586926582	138.422294529788	114.200418517099	135.646126120306
37161	2.77616840948254	113.077367362362	136.472684747678	110.30119895288	133.696516338196
37162	2.77616840948254	116.976586926582	136.472684747678	114.200418517099	133.696516338196
37163	3.78882698594595	5.84882934632908	7.79843912843877	2.06000236038313	4.00961214249282
37164	3.78882698594595	60.4379032454005	74.0851717201683	56.6490762594545	70.2963447342224
37165	3.78882698594595	46.7906347706326	58.4882934632908	43.0018077846867	54.6994664773448
37166	3.78882698594595	118.926196708691	140.371904311898	115.137369722745	136.583077325952
37167	3.78882698594595	101.379708669704	124.77502605502	97.5908816837581	120.986199069074
37168	3.78882698594595	255.39888145637	300.239906444893	251.610054470424	296.451079458947
37169	3.78882698594595	134.523074965569	154.019172786666	130.734247979623	150.23034580072
37170	3.78882698594595	216.406685814176	253.44927167426	212.61785882823	249.660444688314
37171	3.78882698594595	175.464880389872	218.356295596286	171.676053403926	214.56746861034
37172	3.78882698594595	120.875806490801	138.422294529788	117.086979504855	134.633467543842
37173	3.78882698594595	99.4300988875943	122.825416272911	95.6412719016484	119.036589286965
37174	3.78882698594595	101.379708669704	120.875806490801	97.5908816837581	117.086979504855
37175	3.78882698594595	5.84882934632908	7.79843912843877	2.06000236038313	4.00961214249282
37176	3.78882698594595	93.5812695412652	113.077367362362	89.7924425553193	109.288540376416
37177	3.78882698594595	40.9418054243035	52.6394641169617	37.1529784383576	48.8506371310157
37178	3.78882698594595	46.7906347706326	56.5386836811811	43.0018077846867	52.7498566952351
37179	3.78882698594595	99.4300988875943	118.926196708691	95.6412719016484	115.137369722745
37180	3.78882698594595	140.371904311898	173.515270607763	136.583077325952	169.726443621817
37181	3.78882698594595	175.464880389872	200.809807557298	171.676053403926	197.020980571352
37182	3.78882698594595	243.701222763712	284.643028188015	239.912395777766	280.854201202069
37183	3.78882698594595	113.077367362362	132.573465183459	109.288540376416	128.784638197513
37184	3.78882698594595	111.127757580252	130.623855401349	107.338930594307	126.835028415403
37186	76.1949876985773	488.693713341507	678.516891251017	412.498725642929	602.32190355244
37187	40.0730192496873	113.086148541836	133.280103638593	73.0131292921489	93.2070843889054
37188	40.0730192496873	109.047357522485	115.105544051512	68.9743382727976	75.0325248018246
37189	73.5984434976921	317.045095019077	353.394214193238	243.446651521384	279.795770695546
37190	73.5984434976921	310.98690849005	361.471796231941	237.388464992358	287.873352734249
37191	73.5984434976921	294.831744412645	337.239050115833	221.233300914952	263.640606618141
37192	73.5984434976921	317.045095019077	343.29723664486	243.446651521384	269.698793147168
37193	73.5984434976921	345.316632154536	399.840310915778	271.718188656844	326.241867418086
37194	157.694958584339	300.889930941671	331.180863586806	143.194972357332	173.485905002467
37195	157.694958584339	304.928721961023	335.219654606157	147.233763376683	177.524696021818
37196	50.6406948864516	252.424438709456	286.754162373942	201.783743823004	236.11346748749
37197	50.6406948864516	308.967512980374	337.239050115833	258.326818093922	286.598355229381
37198	50.6406948864516	337.239050115833	371.568773780319	286.598355229381	320.928078893867
37199	50.6406948864516	335.219654606157	367.529982760968	284.578959719706	316.889287874516
37200	50.6406948864516	325.122677057779	359.452400722265	274.481982171328	308.811705835814
37201	50.6406948864516	250.40504319978	282.715371354591	199.764348313329	232.074676468139
37202	50.6406948864516	272.618393806212	300.889930941671	221.977698919761	250.24923605522
37203	50.6406948864516	220.114110554646	264.54081176751	169.473415668194	213.900116881058
37204	206.822455715981	296.85113992232	341.277841135184	90.0286842063387	134.455385419203
37205	50.6406948864516	254.443834219132	288.773557883618	203.80313933268	238.132862997166
37206	50.6406948864516	310.98690849005	349.355423173887	260.346213603598	298.714728287435
37207	50.6406948864516	286.754162373942	325.122677057779	236.11346748749	274.481982171328
37208	157.694958584339	399.840310915778	436.18943008994	242.145352331439	278.4944715056
37209	98	310.98690849005	359.452400722265	212.98690849005	261.452400722265
37210	98	222.133506064321	256.463229728807	124.133506064321	158.463229728807
37211	98	222.133506064321	254.443834219132	124.133506064321	156.443834219132
37212	89	210.017133006267	242.327461161078	121.017133006267	153.327461161078
37213	102	315.025699509401	365.510587251292	213.025699509401	263.510587251292
37214	43.537599996614	224.152901573997	254.443834219132	180.615301577383	210.906234222518
37215	24.032316935411	60.5818652902694	68.659447328972	36.5495483548584	44.627130393561
37216	24.032316935411	66.6400518192964	72.6982383483233	42.6077348838854	48.6659214129123
37217	20.7738517635758	102.989170993458	123.183126090214	82.2153192298822	102.409274326639
37218	20.7738517635758	48.4654922322155	54.5236787612425	27.6916404686397	33.7498269976667
37219	20.7738517635758	52.5042832515668	58.5624697805938	31.730431487991	37.7886180170179
37220	20.7738517635758	117.124939561188	135.299499148268	96.3510877976117	114.525647384693
37221	20.7738517635758	56.5430742709181	64.6206563096207	35.7692225073423	43.8468045460449
37222	23.89026440357	127.221917109566	145.396476696647	103.331652705996	121.506212293077
37223	23.89026440357	66.6400518192964	76.7370293676746	42.7497874157263	52.8467649641046
37224	218.23805339492	504.848877418912	573.508324747884	286.610824023992	355.270271352964
37225	201.2502996835	1094.5123662442	1272.21917109566	893.262066560701	1070.96887141216
37226	120.305550624925	387.723937857724	460.422176206048	267.4183872328	340.116625581123
37227	120.305550624925	329.161468077131	377.626960309346	208.855917452206	257.321409684421
37228	120.305550624925	945.077098528203	1076.33780665712	824.771547903278	956.032256032195
37229	120.305550624925	292.812348902969	333.200259096482	172.506798278044	212.894708471557
37230	120.305550624925	438.208825599615	492.732504360858	317.903274974691	372.426953735933
37231	0	143.377081186971	214.055924025619	143.377081186971	214.055924025619
37232	30.8759858343561	315.025699509401	367.529982760968	284.149713675045	336.653996926612
37233	53.6873266076676	468.49975824475	545.236787612425	414.812431637083	491.549461004757
37234	97.7670162761433	204.709027121518	243.701222763712	106.942010845374	145.934206487568
37235	316.684662492071	731.021174502584	882.475837728258	414.336512010514	565.791175236187
37236	229.533249335397	753.234525109016	862.281882631501	523.70127577362	632.748633296105
37237	229.533249335397	900.650397315339	1023.83352340555	671.117147979942	794.300274070156
37238	31.2670290426699	143.377081186971	163.571036283727	112.110052144301	132.304007241058
37240	31.2670290426699	66.6400518192964	72.6982383483233	35.3730227766265	41.4312093056534
37241	31.2670290426699	70.6788428386477	74.7176338579989	39.4118137959778	43.4506048153291
37246	71.5962313214262	216.075319535294	240.308065651402	144.479088213868	168.711834329976
37247	71.5962313214262	195.881364438538	218.09471504497	124.285133117112	146.498483723544
37248	71.5962313214262	246.366252180429	284.734766864266	174.770020859003	213.13853554284
37249	13.7349085612906	68.659447328972	74.7176338579989	54.9245387676814	60.9827252967083
37250	37.8505253301766	153.474058735349	171.64861832243	115.623533405173	133.798092992253
37251	13.7349085612906	125.20252159989	139.33829016762	111.467613038599	125.603381606329
37252	13.7349085612906	149.435267715998	163.571036283727	135.700359154707	149.836127722437
37253	13.7349085612906	127.221917109566	143.377081186971	113.487008548275	129.64217262568
37254	13.7349085612906	143.377081186971	155.493454245025	129.64217262568	141.758545683734
37255	13.7349085612906	137.318894657944	155.493454245025	123.583986096653	141.758545683734
37256	13.7349085612906	135.299499148268	153.474058735349	121.564590586978	139.739150174059
37257	13.7349085612906	141.357685677295	153.474058735349	127.622777116005	139.739150174059
37258	14.2134277218864	84.8146114063772	92.8921934450798	70.6011836844908	78.6787657231934
37259	13.7349085612906	157.5128497547	177.706804851457	143.77794119341	163.971896290166
37260	13.7349085612906	147.415872206322	165.590431793403	133.680963645032	151.855523232112
37261	13.7349085612906	135.299499148268	151.454663225674	121.564590586978	137.719754664383
37262	13.7349085612906	147.415872206322	159.532245264376	133.680963645032	145.797336703086
37263	13.7349085612906	163.571036283727	195.881364438538	149.836127722437	182.146455877247
37264	13.7349085612906	137.318894657944	155.493454245025	123.583986096653	141.758545683734
37265	13.7349085612906	137.318894657944	159.532245264376	123.583986096653	145.797336703086
37266	13.7349085612906	58.5624697805938	64.6206563096207	44.8275612193031	50.8857477483301
37267	13.7349085612906	2233.45143370127	2233.45143370127	2219.71652513998	2219.71652513998
37268	13.7349085612906	70.6788428386477	78.7564248773502	56.943934277357	65.0215163160596
37269	13.7349085612906	Inf	-Inf	Inf	-Inf
37270	13.7349085612906	Inf	-Inf	Inf	-Inf
37271	13.7349085612906	Inf	-Inf	Inf	-Inf
37272	13.7349085612906	Inf	-Inf	Inf	-Inf
37273	13.7349085612906	2088.05495700462	2088.05495700462	2074.32004844333	2074.32004844333
37274	13.7349085612906	74.7176338579989	84.8146114063772	60.9827252967083	71.0797028450866
37275	13.7349085612906	52.5042832515668	58.5624697805938	38.7693746902762	44.8275612193031
37276	13.7349085612906	84.8146114063772	94.9115889547554	71.0797028450866	81.1766803934648
37277	13.7349085612906	139.33829016762	153.474058735349	125.603381606329	139.739150174059
37278	13.7349085612906	135.299499148268	151.454663225674	121.564590586978	137.719754664383
37279	13.7349085612906	161.551640774052	179.726200361133	147.816732212761	165.991291799842
37280	13.7349085612906	133.280103638593	147.415872206322	119.545195077302	133.680963645032
37281	13.7349085612906	177.706804851457	197.900759948213	163.971896290166	184.165851386923
37282	13.7349085612906	121.163730580539	145.396476696647	107.428822019248	131.661568135356
37283	13.7349085612906	68.659447328972	76.7370293676746	54.9245387676814	63.002120806384
37284	13.7349085612906	56.5430742709181	66.6400518192964	42.8081657096275	52.9051432580057
37285	13.7349085612906	68.659447328972	74.7176338579989	54.9245387676814	60.9827252967083
37286	13.7349085612906	Inf	-Inf	Inf	-Inf
37287	13.7349085612906	119.144335070863	129.241312619241	105.409426509573	115.506404057951
37288	68.8963053731279	175.687409341781	199.920155457889	106.791103968653	131.023850084761
37289	68.8963053731279	222.133506064321	240.308065651402	153.237200691193	171.411760278274
37290	68.8963053731279	197.900759948213	218.09471504497	129.004454575086	149.198409671842
37291	68.8963053731279	226.172297083673	244.346856670753	157.275991710545	175.450551297625
37292	33.7725676169373	149.435267715998	163.571036283727	115.662700099061	129.79846866679
37293	105.18805354122	224.152901573997	240.308065651402	118.964848032777	135.120012110182
37294	105.18805354122	155.493454245025	175.687409341781	50.3054007038048	70.4993558005613
37295	105.18805354122	153.474058735349	173.668013832106	48.2860051941292	68.4799602908857
37296	105.18805354122	210.017133006267	228.191692593348	104.829079465047	123.003639052128
37297	105.18805354122	195.881364438538	220.114110554646	90.6933108973178	114.926057013426
37298	105.18805354122	189.823177909511	205.978341986916	84.6351243682908	100.790288445696
37299	105.18805354122	199.920155457889	220.114110554646	94.7321019166691	114.926057013426
37300	81.6910568477681	123.183126090214	131.260708128917	41.4920692424464	49.569651281149
37301	81.6910568477681	187.803782399835	205.978341986916	106.112725552067	124.287285139148
37302	68.8963053731279	210.017133006267	238.288670141726	141.120827633139	169.392364768599
37304	13.9257222521752	58.5624697805938	64.6206563096207	44.6367475284186	50.6949340574455
37305	13.9257222521752	92.8921934450798	107.027962012809	78.9664711929046	93.1022397606341
37306	13.9257222521752	78.7564248773502	88.8534024257285	64.830702625175	74.9276801735533
37307	12.076841538825	70.6788428386477	76.7370293676746	58.6020012998227	64.6601878288496
37308	12.076841538825	145.396476696647	179.726200361133	133.319635157822	167.649358822308
37309	12.076841538825	64.6206563096207	70.6788428386477	52.5438147707958	58.6020012998227
37310	211.64439513594	286.754162373942	333.200259096482	75.1097672380017	121.555863960542
37311	67.9297589422217	296.85113992232	331.180863586806	228.921380980098	263.251104644584
37312	67.9297589422217	284.734766864266	327.142072567455	216.805007922045	259.212313625233
37313	297	292.812348902969	317.045095019077	-4.18765109703116	20.0450950190766
37314	66.9241725246903	234.249879122375	272.618393806212	167.325706597685	205.694221281522
37315	66.9241725246903	274.637789315888	310.98690849005	207.713616791198	244.062735965359
37316	192.586347928199	290.792953393293	337.239050115833	98.2066054650947	144.652702187635
37317	48.7768871179702	218.09471504497	252.424438709456	169.317827927	203.647551591486
37318	56.9843081795594	155.493454245025	169.629222812754	98.5091460654654	112.644914633195
37319	56.9843081795594	157.5128497547	179.726200361133	100.528541575141	122.741892181573
37320	56.9843081795594	145.396476696647	161.551640774052	88.4121685170872	104.567332594492
37321	56.9843081795594	133.280103638593	151.454663225674	76.2957954590333	94.4703550461142
37322	56.9843081795594	210.017133006267	230.211088103024	153.032824826708	173.226779923464
37323	56.9843081795594	161.551640774052	177.706804851457	104.567332594492	120.722496671898
37324	56.9843081795594	121.163730580539	139.33829016762	64.1794224009794	82.3539819880603
37325	56.9843081795594	2160.75319535294	2160.75319535294	2103.76888717338	2103.76888717338
37326	48.7768871179702	135.299499148268	153.474058735349	86.5226120302982	104.697171617379
37327	40.8479238536874	147.415872206322	175.687409341781	106.567948352635	134.839485488094
37328	40.8479238536874	858.24309161215	1191.44335070863	817.395167758463	1150.59542685494
37330	40.8479238536874	121.163730580539	145.396476696647	80.3158067268514	104.548552842959
37331	40.8479238536874	115.105544051512	157.5128497547	74.2576201978245	116.664925901013
37332	40.8479238536874	54.5236787612425	78.7564248773502	13.6757549075551	37.9085010236629
37337	40.8479238536874	94.9115889547554	105.008566503134	54.063665101068	64.1606426494463
37339	40.8479238536874	890.55341976696	1159.13302255382	849.705495913273	1118.28509870013
37340	40.8479238536874	52.5042832515668	105.008566503134	11.6563593978794	64.1606426494463
37342	40.8479238536874	179.726200361133	210.017133006267	138.878276507445	169.16920915258
37343	40.8479238536874	113.086148541836	127.221917109566	72.2382246881489	86.3739932558784
37344	35.4950119067942	111.066753032161	212.036528515943	75.5717411253664	176.541516609149
37347	35.4950119067942	113.086148541836	127.221917109566	77.591136635042	91.7269052027716
37348	48.7768871179702	129.241312619241	145.396476696647	80.4644255012712	96.6195895786764
37349	48.7768871179702	125.20252159989	141.357685677295	76.4256344819199	92.5807985593251
