36455	6	4.87738153395212	6.97020029311187	-1.12261846604788	0.970200293111871
36456	6	4.85393258426966	5.18221787982413	-1.14606741573034	-0.817782120175867
36457	6	4.86565705911089	5.1704934049829	-1.13434294088911	-0.829506595017098
36458	6	4.87151929653151	5.14118221787982	-1.12848070346849	-0.858817782120176
36459	6	6.86468001954079	7.12848070346849	0.864680019540791	1.12848070346849
36460	6	4.77772349780166	7.17537860283341	-1.22227650219834	1.17537860283341
36461	5	4.65461651196873	5.26428920371275	-0.345383488031265	0.26428920371275
36463	5	4.79531021006351	5.19980459208598	-0.204689789936492	0.19980459208598
36465	5	4.77772349780166	5.21152906692721	-0.222276502198339	0.21152906692721
36466	5	4.77772349780166	5.20566682950659	-0.222276502198339	0.205666829506595
36467	5	4.78944797264289	5.20566682950659	-0.210552027357108	0.205666829506595
36468	5	4.76599902296043	5.21739130434783	-0.23400097703957	0.217391304347826
36469	5	4.73668783585735	5.24084025403029	-0.263312164142648	0.240840254030288
36470	5	4.78944797264289	5.19980459208598	-0.210552027357108	0.19980459208598
36471	5	4.74841231069858	5.2467024914509	-0.251587689301417	0.246702491450904
36472	5	4.76013678553981	5.27015144113337	-0.239863214460186	0.270151441133366
36473	5	4.52564728871519	5.42843185148998	-0.474352711284807	0.428431851489985
36474	5	4.76599902296043	5.22911577918906	-0.23400097703957	0.229115779189057
36475	5	4.81289692232535	5.18808011724475	-0.187103077674646	0.188080117244748
36476	5	4.80117244748412	5.18221787982413	-0.198827552515877	0.182217879824133
36477	5	4.77186126038105	5.19980459208598	-0.228138739618955	0.19980459208598
36478	3	4.80703468490474	5.16463116756229	1.80703468490474	2.16463116756229
36479	3	4.8304836345872	5.15290669272106	1.8304836345872	2.15290669272106
36480	3	4.84220810942843	5.14704445530044	1.84220810942843	2.14704445530044
36481	3	4.84807034684905	5.13531998045921	1.84807034684905	2.13531998045921
36482	3	4.76013678553981	5.19394235466536	1.76013678553981	2.19394235466536
36483	3	4.76599902296043	5.15876893014167	1.76599902296043	2.15876893014167
36484	3	4.72496336101612	5.21152906692721	1.72496336101612	2.21152906692721
36485	3	4.78944797264289	5.16463116756229	1.78944797264289	2.16463116756229
36486	3	4.82462139716659	5.15876893014167	1.82462139716659	2.15876893014167
36487	3	4.82462139716659	5.16463116756229	1.82462139716659	2.16463116756229
36488	6	4.74255007327797	6.114313629702	-1.25744992672203	0.114313629702003
36493	5	4.73082559843674	5.25842696629213	-0.269174401563263	0.258426966292134
36494	5	4.78944797264289	5.21152906692721	-0.210552027357108	0.21152906692721
36496	5	4.79531021006351	5.24084025403029	-0.204689789936492	0.240840254030288
36498	3	4.67220322423058	5.21739130434783	1.67220322423058	2.21739130434783
36499	0	2.82559843673669	5.885686370298	2.82559843673669	5.885686370298
36501	5	5.92085979482169	7.17537860283341	0.92085979482169	2.17537860283341
36502	5	4.78358573522228	5.23497801660967	-0.216414264777724	0.234978016609673
36503	5	4.76599902296043	5.23497801660967	-0.23400097703957	0.234978016609673
36504	5	4.78944797264289	5.21152906692721	-0.210552027357108	0.21152906692721
36505	5	4.77772349780166	5.23497801660967	-0.222276502198339	0.234978016609673
36506	5	4.79531021006351	5.21152906692721	-0.204689789936492	0.21152906692721
36507	5	4.81875915974597	5.18808011724475	-0.181240840254031	0.188080117244748
36508	5	4.80117244748412	5.20566682950659	-0.198827552515877	0.205666829506595
36509	5	4.80703468490474	5.19980459208598	-0.192965315095261	0.19980459208598
36510	5	4.81875915974597	5.18808011724475	-0.181240840254031	0.188080117244748
36511	5	4.77772349780166	5.22911577918906	-0.222276502198339	0.229115779189057
36512	5	4.81875915974597	5.18808011724475	-0.181240840254031	0.188080117244748
36513	5	4.77186126038105	5.23497801660967	-0.228138739618955	0.234978016609673
36514	5	4.79531021006351	5.21152906692721	-0.204689789936492	0.21152906692721
36515	5	4.77772349780166	5.22325354176844	-0.222276502198339	0.223253541768441
36516	5	4.78944797264289	5.21152906692721	-0.210552027357108	0.21152906692721
36517	5	4.81875915974597	5.18808011724475	-0.181240840254031	0.188080117244748
36518	5	4.81875915974597	5.18221787982413	-0.181240840254031	0.182217879824133
36519	5	4.70151441133366	5.29360039081583	-0.298485588666341	0.293600390815828
36520	5	4.80703468490474	5.19394235466536	-0.192965315095261	0.193942354665364
36521	3	4.61944308744504	5.38153395212506	1.61944308744504	2.38153395212506
36522	3	4.80117244748412	5.19980459208598	1.80117244748412	2.19980459208598
36523	3	4.73668783585735	5.25842696629213	1.73668783585735	2.25842696629213
36524	3	4.78358573522228	5.21152906692721	1.78358573522228	2.21152906692721
36525	3	4.76013678553981	5.25842696629213	1.76013678553981	2.25842696629213
36526	3	4.76013678553981	5.22325354176844	1.76013678553981	2.22325354176844
36527	5	4.81289692232535	5.19394235466536	-0.187103077674646	0.193942354665364
36528	5	4.82462139716659	5.18808011724475	-0.175378602833415	0.188080117244748
36529	5	4.85393258426966	5.15876893014167	-0.146067415730338	0.158768930141671
36530	5	4.8304836345872	5.17635564240352	-0.169516365412799	0.176355642403517
36531	5	4.83634587200782	5.1704934049829	-0.163654127992184	0.170493404982902
36532	5	4.77772349780166	5.22325354176844	-0.222276502198339	0.223253541768441
36533	5	4.80117244748412	5.21152906692721	-0.198827552515877	0.21152906692721
36534	3	4.70151441133366	5.39912066438691	1.70151441133366	2.39912066438691
36536	5	4.8304836345872	5.15876893014167	-0.169516365412799	0.158768930141671
36537	5	4.85979482169028	5.12945774303859	-0.140205178309722	0.129457743038593
36538	5	4.87151929653151	6.12017586712262	-0.12848070346849	1.12017586712262
36539	5	4.88324377137274	5.14704445530044	-0.11675622862726	0.147044455300439
36540	5	4.87151929653151	5.14118221787982	-0.12848070346849	0.141182217879824
36541	5	4.88324377137274	5.1704934049829	-0.11675622862726	0.170493404982902
36542	5	4.87151929653151	5.25256472887152	-0.12848070346849	0.252564728871519
36543	5	4.84220810942843	6.08500244259892	-0.157791890571568	1.08500244259892
36544	4	4.81875915974597	5.18808011724475	0.818759159745969	1.18808011724475
36545	4	4.80703468490474	5.18808011724475	0.807034684904739	1.18808011724475
36546	4	4.84220810942843	5.1704934049829	0.842208109428432	1.1704934049829
36547	4	4.8304836345872	5.17635564240352	0.830483634587201	1.17635564240352
36548	4	4.80117244748412	5.19394235466536	0.801172447484123	1.19394235466536
36549	4	4.8304836345872	5.15876893014167	0.830483634587201	1.15876893014167
36550	4	4.76013678553981	5.24084025403029	0.760136785539814	1.24084025403029
36551	4	4.77772349780166	5.21152906692721	0.777723497801661	1.21152906692721
36552	4	4.82462139716659	5.17635564240352	0.824621397166585	1.17635564240352
36553	4	4.84220810942843	5.15290669272106	0.842208109428432	1.15290669272106
36554	4	4.7542745481192	5.23497801660967	0.754274548119199	1.23497801660967
36555	4	4.79531021006351	5.21152906692721	0.795310210063508	1.21152906692721
36556	4	4.81289692232535	5.19394235466536	0.812896922325354	1.19394235466536
36557	4	4.73668783585735	5.25256472887152	0.736687835857352	1.25256472887152
36558	4	4.8304836345872	5.1704934049829	0.830483634587201	1.1704934049829
36559	4	4.78944797264289	5.19980459208598	0.789447972642892	1.19980459208598
36560	4	4.81289692232535	5.19394235466536	0.812896922325354	1.19394235466536
36561	4	4.8304836345872	5.17635564240352	0.830483634587201	1.17635564240352
36562	4	4.8304836345872	5.17635564240352	0.830483634587201	1.17635564240352
36563	4	4.85979482169028	5.13531998045921	0.859794821690278	1.13531998045921
36564	4	4.67220322423058	5.32291157791891	0.672203224230581	1.32291157791891
36566	4	4.87738153395212	5.15290669272106	0.877381533952125	1.15290669272106
36567	4	4.85979482169028	5.15290669272106	0.859794821690278	1.15290669272106
36568	4	4.84807034684905	5.16463116756229	0.848070346849047	1.16463116756229
36569	4	4.84220810942843	5.14704445530044	0.842208109428432	1.14704445530044
36570	4	4.81875915974597	5.20566682950659	0.818759159745969	1.20566682950659
36571	4	4.85979482169028	5.13531998045921	0.859794821690278	1.13531998045921
36572	5	4.81289692232535	5.22325354176844	-0.187103077674646	0.223253541768441
36573	5	4.80117244748412	6.04982901807523	-0.198827552515877	1.04982901807523
36574	5	4.57840742550073	5.34049829018075	-0.421592574499267	0.340498290180753
36575	5	4.72496336101612	5.2467024914509	-0.275036638983879	0.246702491450904
36576	5	4.61358085002443	6.05569125549585	-0.386419149975574	1.05569125549585
36577	5	4.72496336101612	5.31118710307767	-0.275036638983879	0.311187103077675
36578	4	4.92427943331705	7.11089399120664	0.924279433317049	3.11089399120664
36580	5	4.61944308744504	6.06741573033708	-0.380556912554958	1.06741573033708
36581	5	4.80117244748412	5.83292623351246	-0.198827552515877	0.832926233512457
36582	5	4.78358573522228	5.22911577918906	-0.216414264777724	0.229115779189057
36583	5	4.78944797264289	5.21739130434783	-0.210552027357108	0.217391304347826
36584	5	4.84807034684905	5.15876893014167	-0.151929653150953	0.158768930141671
36585	5	4.76599902296043	5.29360039081583	-0.23400097703957	0.293600390815828
36586	5	4.69565217391304	7.22813873961895	-0.304347826086957	2.22813873961895
36587	5	4.68978993649243	7.17537860283341	-0.310210063507572	2.17537860283341
36588	5	4.80117244748412	5.21152906692721	-0.198827552515877	0.21152906692721
36589	5	4.84220810942843	5.1704934049829	-0.157791890571568	0.170493404982902
36590	5	4.87151929653151	5.13531998045921	-0.12848070346849	0.135319980459208
36591	5	4.87151929653151	5.14118221787982	-0.12848070346849	0.141182217879824
36592	5	4.82462139716659	5.19394235466536	-0.175378602833415	0.193942354665364
36593	5	4.8304836345872	5.17635564240352	-0.169516365412799	0.176355642403517
36594	5	4.85393258426966	5.15876893014167	-0.146067415730338	0.158768930141671
36595	5	4.84807034684905	5.16463116756229	-0.151929653150953	0.164631167562286
36596	5	4.86565705911089	5.13531998045921	-0.134342940889106	0.135319980459208
36597	5	4.88324377137274	5.12359550561798	-0.11675622862726	0.123595505617978
36598	5	4.84807034684905	5.15290669272106	-0.151929653150953	0.152906692721055
36599	5	4.81289692232535	5.24084025403029	-0.187103077674646	0.240840254030288
36600	5	4.80703468490474	5.21152906692721	-0.192965315095261	0.21152906692721
36601	5	4.80117244748412	6.038104543234	-0.198827552515877	1.038104543234
36602	5	4.74255007327797	6.98778700537372	-0.257449926722033	1.98778700537372
36607	6	4.87738153395212	5.13531998045921	-1.12261846604788	-0.864680019540792
36608	6	4.87151929653151	5.14118221787982	-1.12848070346849	-0.858817782120176
36609	6	4.87151929653151	5.14118221787982	-1.12848070346849	-0.858817782120176
36610	6	4.87151929653151	5.13531998045921	-1.12848070346849	-0.864680019540792
36611	6	4.8304836345872	5.18221787982413	-1.1695163654128	-0.817782120175867
36612	3	4.7542745481192	5.21739130434783	1.7542745481192	2.21739130434783
36613	3	2.47386419149976	3.40595994137763	-0.526135808500245	0.405959941377626
36614	3	0.181729360039082	3.34733756717147	-2.81827063996092	0.34733756717147
36615	3	4.73668783585735	5.14704445530044	1.73668783585735	2.14704445530044
36616	3	2.45627747923791	3.2828529555447	-0.543722520762091	0.282852955544699
36618	3	2.18661455788959	5.05324865657059	-0.813385442110405	2.05324865657059
36619	3	2.19833903273083	3.21836834391793	-0.801660967269175	0.218368343917929
36620	3	2.23351245725452	3.15974596971177	-0.766487542745481	0.159745969711773
36621	3	2.02247191011236	3.18905715681485	-0.97752808988764	0.189057156814851
36622	3	0.0293111871030777	3.26526624328285	-2.97068881289692	0.265266243282853
36623	5	4.8304836345872	5.19394235466536	-0.169516365412799	0.193942354665364
36624	5	4.84220810942843	5.16463116756229	-0.157791890571568	0.164631167562286
36625	5	4.81875915974597	5.20566682950659	-0.181240840254031	0.205666829506595
36626	5	4.82462139716659	5.19980459208598	-0.175378602833415	0.19980459208598
36627	5	4.82462139716659	5.19394235466536	-0.175378602833415	0.193942354665364
36628	5	4.78358573522228	5.36394723986321	-0.216414264777724	0.363947239863214
36629	5	4.79531021006351	5.19980459208598	-0.204689789936492	0.19980459208598
36630	5	4.82462139716659	5.16463116756229	-0.175378602833415	0.164631167562286
36631	6	4.73082559843674	5.25256472887152	-1.26917440156326	-0.747435271128481
36632	6	4.67220322423058	5.27015144113337	-1.32779677576942	-0.729848558866634
36633	6	4.9066927210552	6.10258915486077	-1.0933072789448	0.102589154860771
36634	3	4.76013678553981	5.22325354176844	1.76013678553981	2.22325354176844
36635	3	4.50219833903273	5.2467024914509	1.50219833903273	2.2467024914509
36636	6	4.88324377137274	7.15192965315095	-1.11675622862726	1.15192965315095
36637	6	4.89496824621397	7.11675622862726	-1.10503175378603	1.11675622862726
36638	6	4.87738153395212	7.05227161700049	-1.12261846604788	1.05227161700049
36639	5	4.81875915974597	5.18808011724475	-0.181240840254031	0.188080117244748
36640	5	4.80117244748412	5.22325354176844	-0.198827552515877	0.223253541768441
36641	5	5.89154860771861	7.18124084025403	0.891548607718613	2.18124084025403
36642	5	4.80703468490474	5.93258426966292	-0.192965315095261	0.932584269662922
36643	5	4.90083048363459	7.12261846604788	-0.0991695163654125	2.12261846604788
36644	5	5.07083536883244	7.14606741573034	0.0708353688324372	2.14606741573034
36645	5	4.74841231069858	5.25256472887152	-0.251587689301417	0.252564728871519
36648	7	4.76599902296043	6.10258915486077	-2.23400097703957	-0.897410845139229
36649	7	4.66047874938935	7.93160723009282	-2.33952125061065	0.931607230092818
36650	7	4.74255007327797	6.07914020517831	-2.25744992672203	-0.92085979482169
36651	5	4.88324377137274	5.12945774303859	-0.11675622862726	0.129457743038593
36652	5	4.87738153395212	5.13531998045921	-0.122618466047875	0.135319980459208
36653	5	4.84807034684905	5.18808011724475	-0.151929653150953	0.188080117244748
36654	5	4.85393258426966	5.17635564240352	-0.146067415730338	0.176355642403517
36655	5	4.83634587200782	5.23497801660967	-0.163654127992184	0.234978016609673
36656	5	4.84807034684905	5.19980459208598	-0.151929653150953	0.19980459208598
36657	5	4.85393258426966	5.17635564240352	-0.146067415730338	0.176355642403517
36658	5	4.84220810942843	5.18808011724475	-0.157791890571568	0.188080117244748
36659	5	4.86565705911089	5.15290669272106	-0.134342940889106	0.152906692721055
36660	3	4.73082559843674	5.19394235466536	1.73082559843674	2.19394235466536
36661	3	4.72496336101612	5.23497801660967	1.72496336101612	2.23497801660967
36662	3	4.79531021006351	5.18808011724475	1.79531021006351	2.18808011724475
36663	3	2.866634098681	5.20566682950659	-0.133365901319003	2.20566682950659
36664	3	4.70151441133366	5.2467024914509	1.70151441133366	2.2467024914509
36665	3	4.68392769907181	5.21739130434783	1.68392769907181	2.21739130434783
36666	3	2.98387884709331	5.20566682950659	-0.0161211529066927	2.20566682950659
36667	3	2.7552515876893	5.18808011724475	-0.244748412310699	2.18808011724475
36668	3	4.8304836345872	5.16463116756229	1.8304836345872	2.16463116756229
36669	3	4.53150952613581	5.26428920371275	1.53150952613581	2.26428920371275
36670	3	4.85979482169028	5.13531998045921	1.85979482169028	2.13531998045921
36671	3	4.73668783585735	5.21152906692721	1.73668783585735	2.21152906692721
36672	3	2.79628724963361	5.32291157791891	-0.20371275036639	2.32291157791891
36673	3	4.71323888617489	5.2467024914509	1.71323888617489	2.2467024914509
36674	3	4.70151441133366	5.25842696629213	1.70151441133366	2.25842696629213
36675	5	4.82462139716659	7.14606741573034	-0.175378602833415	2.14606741573034
36676	4	4.80703468490474	5.19980459208598	0.807034684904739	1.19980459208598
36677	5	4.79531021006351	5.20566682950659	-0.204689789936492	0.205666829506595
36678	4	4.80703468490474	5.18221787982413	0.807034684904739	1.18221787982413
36679	4	4.69565217391304	5.25842696629213	0.695652173913043	1.25842696629213
36680	4	4.74255007327797	5.23497801660967	0.742550073277967	1.23497801660967
36681	4	4.81289692232535	5.17635564240352	0.812896922325354	1.17635564240352
36682	4	4.82462139716659	5.16463116756229	0.824621397166585	1.16463116756229
36683	4	4.84220810942843	5.14704445530044	0.842208109428432	1.14704445530044
36684	4	4.78944797264289	5.21152906692721	0.789447972642892	1.21152906692721
36685	4	4.76599902296043	5.21739130434783	0.76599902296043	1.21739130434783
36686	4	4.82462139716659	5.1704934049829	0.824621397166585	1.1704934049829
36687	5	4.81875915974597	5.17635564240352	-0.181240840254031	0.176355642403517
36688	5	4.83634587200782	5.15876893014167	-0.163654127992184	0.158768930141671
36689	3	4.78358573522228	5.17635564240352	1.78358573522228	2.17635564240352
36690	3	4.81289692232535	5.14704445530044	1.81289692232535	2.14704445530044
36691	3	4.81289692232535	5.14704445530044	1.81289692232535	2.14704445530044
36692	3	4.81875915974597	5.15876893014167	1.81875915974597	2.15876893014167
36693	3	4.77772349780166	5.18221787982413	1.77772349780166	2.18221787982413
36694	2	4.8304836345872	5.15876893014167	2.8304836345872	3.15876893014167
36695	2	4.78944797264289	5.21152906692721	2.78944797264289	3.21152906692721
36696	2	4.83634587200782	5.15876893014167	2.83634587200782	3.15876893014167
36697	5	4.6780654616512	5.31118710307767	-0.321934538348803	0.311187103077675
36698	5	4.77772349780166	5.20566682950659	-0.222276502198339	0.205666829506595
36699	5	4.72496336101612	5.27015144113337	-0.275036638983879	0.270151441133366
36700	5	4.66634098680997	5.32291157791891	-0.333659013190035	0.322911577918905
36701	5	4.69565217391304	5.2818759159746	-0.304347826086957	0.281875915974597
36702	5	4.59013190034196	5.39325842696629	-0.409868099658036	0.393258426966292
36704	5	4.70151441133366	6.10258915486077	-0.298485588666341	1.10258915486077
36705	5	4.81289692232535	7.15779189057157	-0.187103077674646	2.15779189057157
36706	4	4.84807034684905	5.19394235466536	0.848070346849047	1.19394235466536
36708	5	4.80117244748412	5.19980459208598	-0.198827552515877	0.19980459208598
36709	5	4.81289692232535	5.22911577918906	-0.187103077674646	0.229115779189057
36710	5	4.86565705911089	5.13531998045921	-0.134342940889106	0.135319980459208
36711	5	4.85393258426966	5.14704445530044	-0.146067415730338	0.147044455300439
36712	5	4.84807034684905	5.14704445530044	-0.151929653150953	0.147044455300439
36713	3	4.77186126038105	5.18221787982413	1.77186126038105	2.18221787982413
36714	5	4.84220810942843	5.1704934049829	-0.157791890571568	0.170493404982902
36715	5	4.85979482169028	5.15876893014167	-0.140205178309722	0.158768930141671
36716	5	4.87738153395212	5.13531998045921	-0.122618466047875	0.135319980459208
36717	5	4.85393258426966	5.16463116756229	-0.146067415730338	0.164631167562286
36718	5	4.84807034684905	5.15876893014167	-0.151929653150953	0.158768930141671
36719	5	4.84807034684905	5.17635564240352	-0.151929653150953	0.176355642403517
36720	5	4.85979482169028	5.14704445530044	-0.140205178309722	0.147044455300439
36721	5	4.81875915974597	5.19980459208598	-0.181240840254031	0.19980459208598
36722	5	4.81289692232535	5.22325354176844	-0.187103077674646	0.223253541768441
36723	5	4.81289692232535	5.24084025403029	-0.187103077674646	0.240840254030288
36724	6	3.88080117244748	6.02638006839277	-2.11919882755252	0.0263800683927702
36725	5	3.26526624328285	5.87396189545677	-1.73473375671715	0.873961895456766
36726	5	4.79531021006351	5.19394235466536	-0.204689789936492	0.193942354665364
36727	5	4.66047874938935	5.3580850024426	-0.33952125061065	0.358085002442599
36728	5	4.77186126038105	5.24084025403029	-0.228138739618955	0.240840254030288
36729	5	4.76013678553981	5.26428920371275	-0.239863214460186	0.26428920371275
36730	5	4.8304836345872	5.17635564240352	-0.169516365412799	0.176355642403517
36731	5	4.87738153395212	5.13531998045921	-0.122618466047875	0.135319980459208
36732	3	4.61358085002443	5.22911577918906	1.61358085002443	2.22911577918906
36733	3	2.79628724963361	5.25256472887152	-0.20371275036639	2.25256472887152
36734	3	2.4914509037616	5.17635564240352	-0.508549096238398	2.17635564240352
36735	3	2.55007327796776	5.22325354176844	-0.449926722032242	2.22325354176844
36736	3	4.7542745481192	5.19394235466536	1.7542745481192	2.19394235466536
36737	3	2.25109916951637	5.14118221787982	-0.748900830483635	2.14118221787982
36738	3	2.08109428431851	5.19394235466536	-0.918905715681485	2.19394235466536
36739	3	3.00732779677577	5.2467024914509	0.00732779677576945	2.2467024914509
36740	3	2.23937469467513	5.27015144113337	-0.760625305324866	2.27015144113337
36741	3	2.74352711284807	5.27015144113337	-0.25647288715193	2.27015144113337
36742	3	2.71421592574499	5.20566682950659	-0.285784074255008	2.20566682950659
36743	3	2.69662921348315	5.16463116756229	-0.303370786516854	2.16463116756229
36744	3	2.7552515876893	5.17635564240352	-0.244748412310699	2.17635564240352
36745	5	4.73668783585735	5.86809965803615	-0.263312164142648	0.86809965803615
36746	5	4.74841231069858	5.31118710307767	-0.251587689301417	0.311187103077675
36747	0	4.58426966292135	5.2467024914509	4.58426966292135	5.2467024914509
36748	0	2.77870053737176	3.21250610649731	2.77870053737176	3.21250610649731
36749	0	0.0351734245236932	3.44699560332193	0.0351734245236932	3.44699560332193
36750	0	0.0117244748412311	3.3590620420127	0.0117244748412311	3.3590620420127
36751	0	2.72594040058622	3.23009281875916	2.72594040058622	3.23009281875916
36752	0	2.78456277479238	3.19491939423547	2.78456277479238	3.19491939423547
36753	0	2.64386907669761	3.25940400586224	2.64386907669761	3.25940400586224
36754	2	1.90522716170005	2.27454811919883	-0.0947728382999511	0.274548119198827
36755	2	0.281387396189546	5.36394723986321	-1.71861260381045	3.36394723986321
36756	2	0	0.193453834880313	-2	-1.80654616511969
36757	3	4.7542745481192	5.25842696629213	1.7542745481192	2.25842696629213
36758	3	4.78944797264289	5.19394235466536	1.78944797264289	2.19394235466536
36759	3	4.81289692232535	5.18221787982413	1.81289692232535	2.18221787982413
36760	3	4.76599902296043	5.22911577918906	1.76599902296043	2.22911577918906
36761	3	4.79531021006351	5.24084025403029	1.79531021006351	2.24084025403029
36762	3	4.80117244748412	5.20566682950659	1.80117244748412	2.20566682950659
36766	0	0.00586223742061553	2.942843185149	0.00586223742061553	2.942843185149
36771	0	0.00586223742061553	2.23351245725452	0.00586223742061553	2.23351245725452
36772	0	0	0.363458720078163	0	0.363458720078163
36773	2	4.39081582804104	5.44601856375183	2.39081582804104	3.44601856375183
36774	2	4.6428920371275	5.22911577918906	2.6428920371275	3.22911577918906
36775	2	4.79531021006351	5.18808011724475	2.79531021006351	3.18808011724475
36776	2	4.68392769907181	5.24084025403029	2.68392769907181	3.24084025403029
36777	2	2.03419638495359	5.06497313141182	0.0341963849535905	3.06497313141182
36778	2	2.83732291157792	5.24084025403029	0.837322911577919	3.24084025403029
36779	2	0.0234489496824621	3.31216414264778	-1.97655105031754	1.31216414264778
36780	2	0.076209086468002	4.96531509526136	-1.923790913532	2.96531509526136
36781	2	2.73766487542745	5.27015144113337	0.737664875427455	3.27015144113337
36782	2	2.29799706888129	4.70737664875427	0.29799706888129	2.70737664875427
36783	2	2.78456277479238	5.21739130434783	0.784562774792379	3.21739130434783
36784	2	4.59013190034196	5.15876893014167	2.59013190034196	3.15876893014167
36785	2	4.61944308744504	5.2818759159746	2.61944308744504	3.2818759159746
36786	2	4.63116756228627	5.1704934049829	2.63116756228627	3.1704934049829
36787	2	4.54323400097704	5.24084025403029	2.54323400097704	3.24084025403029
36788	2	2.44455300439668	5.15876893014167	0.444553004396678	3.15876893014167
36789	2	4.68392769907181	5.16463116756229	2.68392769907181	3.16463116756229
36790	2	1.95798729848559	3.03663898387885	-0.0420127015144114	1.03663898387885
36791	5	4.80117244748412	6.05569125549585	-0.198827552515877	1.05569125549585
36792	5	4.76599902296043	5.25256472887152	-0.23400097703957	0.252564728871519
36793	5	4.80117244748412	5.18221787982413	-0.198827552515877	0.182217879824133
36794	5	4.80117244748412	5.18221787982413	-0.198827552515877	0.182217879824133
36795	5	4.74255007327797	5.2467024914509	-0.257449926722033	0.246702491450904
36796	5	4.80703468490474	5.18808011724475	-0.192965315095261	0.188080117244748
36797	5	4.71910112359551	5.2467024914509	-0.280898876404494	0.246702491450904
36798	5	4.76013678553981	5.25256472887152	-0.239863214460186	0.252564728871519
36799	5	4.76013678553981	5.21739130434783	-0.239863214460186	0.217391304347826
36800	5	4.70737664875427	5.27601367855398	-0.292623351245726	0.276013678553982
36801	5	4.74841231069858	5.21152906692721	-0.251587689301417	0.21152906692721
36802	4	4.77772349780166	5.21152906692721	0.777723497801661	1.21152906692721
36803	5	4.82462139716659	5.15290669272106	-0.175378602833415	0.152906692721055
36804	5	4.77772349780166	5.22911577918906	-0.222276502198339	0.229115779189057
36805	3	4.70737664875427	5.27015144113337	1.70737664875427	2.27015144113337
36806	3	4.71910112359551	5.23497801660967	1.71910112359551	2.23497801660967
36807	5	4.74841231069858	5.22911577918906	-0.251587689301417	0.229115779189057
36808	5	4.80117244748412	5.17635564240352	-0.198827552515877	0.176355642403517
36809	5	4.82462139716659	5.18808011724475	-0.175378602833415	0.188080117244748
36810	5	4.7542745481192	5.22911577918906	-0.245725451880801	0.229115779189057
36811	5	4.80117244748412	5.17635564240352	-0.198827552515877	0.176355642403517
36812	5	4.72496336101612	5.24084025403029	-0.275036638983879	0.240840254030288
36813	5	4.73668783585735	5.20566682950659	-0.263312164142648	0.205666829506595
36814	5	4.77772349780166	5.19394235466536	-0.222276502198339	0.193942354665364
36815	5	4.80117244748412	5.14118221787982	-0.198827552515877	0.141182217879824
36816	5	4.73668783585735	5.23497801660967	-0.263312164142648	0.234978016609673
36817	5	4.81289692232535	5.16463116756229	-0.187103077674646	0.164631167562286
36818	5	4.80703468490474	5.17635564240352	-0.192965315095261	0.176355642403517
36819	5	4.70151441133366	5.28773815339521	-0.298485588666341	0.287738153395212
36820	5	4.78358573522228	5.20566682950659	-0.216414264777724	0.205666829506595
36821	5	4.73668783585735	5.10014655593552	-0.263312164142648	0.100146555935515
36822	5	4.68392769907181	5.0942843185149	-0.316072300928187	0.0942843185148998
36823	4	4.70737664875427	5.25842696629213	0.707376648754274	1.25842696629213
36824	5	0.357596482657548	4.2266731802638	-4.64240351734245	-0.7733268197362
36825	5	4.77186126038105	5.21152906692721	-0.228138739618955	0.21152906692721
36826	5	4.77186126038105	5.21152906692721	-0.228138739618955	0.21152906692721
36827	2	4.81875915974597	5.11187103077675	2.81875915974597	3.11187103077675
36828	2	4.83634587200782	5.12945774303859	2.83634587200782	3.12945774303859
36829	2	4.80703468490474	5.12359550561798	2.80703468490474	3.12359550561798
36830	5	4.81289692232535	5.18808011724475	-0.187103077674646	0.188080117244748
36831	3	4.86565705911089	5.12359550561798	1.86565705911089	2.12359550561798
36832	3	4.87151929653151	5.12359550561798	1.87151929653151	2.12359550561798
36833	3	2.83732291157792	4.98876404494382	-0.162677088422081	1.98876404494382
36834	5	4.81875915974597	5.20566682950659	-0.181240840254031	0.205666829506595
36835	6	4.80703468490474	6.15534929164631	-1.19296531509526	0.155349291646312
36836	6	4.80703468490474	7.0933072789448	-1.19296531509526	1.0933072789448
36837	6	4.80703468490474	6.23155837811431	-1.19296531509526	0.231558378114314
36838	5	4.81875915974597	6.96433805569126	-0.181240840254031	1.96433805569126
36839	6	4.81289692232535	7.13434294088911	-1.18710307767465	1.13434294088911
36840	6	4.78358573522228	6.89985344406448	-1.21641426477772	0.899853444064484
36841	5	4.85393258426966	5.14704445530044	-0.146067415730338	0.147044455300439
36842	5	4.85393258426966	5.15290669272106	-0.146067415730338	0.152906692721055
36843	5	4.78944797264289	7.04640937957987	-0.210552027357108	2.04640937957987
36844	6	4.88324377137274	5.16463116756229	-1.11675622862726	-0.835368832437714
36845	6	4.85979482169028	6.07327796775769	-1.14020517830972	0.0732779677576936
36847	5	4.84807034684905	5.15876893014167	-0.151929653150953	0.158768930141671
36848	5	4.81289692232535	6.038104543234	-0.187103077674646	1.038104543234
36849	6	4.81289692232535	6.08500244259892	-1.18710307767465	0.0850024425989249
36850	5	4.80117244748412	5.94430874450415	-0.198827552515877	0.944308744504152
36851	5	4.71323888617489	5.38739618954568	-0.28676111382511	0.387396189545677
36852	5	4.7542745481192	5.90913531998046	-0.245725451880801	0.909135319980459
36853	5	4.76599902296043	5.89741084513923	-0.23400097703957	0.897410845139228
36854	5	4.69565217391304	5.3580850024426	-0.304347826086957	0.358085002442599
36855	5	4.80117244748412	5.20566682950659	-0.198827552515877	0.205666829506595
36856	5	4.80703468490474	5.25256472887152	-0.192965315095261	0.252564728871519
36857	5	4.69565217391304	5.29946262823644	-0.304347826086957	0.299462628236443
36858	5	4.76013678553981	5.25842696629213	-0.239863214460186	0.258426966292134
36859	2	0.0937957987298486	4.88324377137274	-1.90620420127015	2.88324377137274
36860	0	2.68490473864192	5.21739130434783	2.68490473864192	5.21739130434783
36861	2	0.0468978993649243	3.44113336590132	-1.95310210063508	1.44113336590132
36862	2	4.74255007327797	5.21739130434783	2.74255007327797	3.21739130434783
36863	2	0.128969223253542	5.11187103077675	-1.87103077674646	3.11187103077675
36864	2	4.73668783585735	5.19394235466536	2.73668783585735	3.19394235466536
36865	2	4.8304836345872	5.14118221787982	2.8304836345872	3.14118221787982
36866	2	3.27112848070347	5.22911577918906	1.27112848070347	3.22911577918906
36867	2	4.81289692232535	5.17635564240352	2.81289692232535	3.17635564240352
36868	2	4.77772349780166	5.21152906692721	2.77772349780166	3.21152906692721
36869	3	2.82559843673669	5.13531998045921	-0.174401563263312	2.13531998045921
36870	3	2.84904738641915	5.15876893014167	-0.15095261358085	2.15876893014167
36871	3	2.72594040058622	5.10014655593552	-0.274059599413776	2.10014655593552
36872	3	2.72007816316561	5.07669760625305	-0.279921836834392	2.07669760625305
36873	3	2.78456277479238	5.08842208109428	-0.215437225207621	2.08842208109428
36874	3	2.86077186126038	5.1704934049829	-0.139228138739619	2.1704934049829
36875	3	2.87835857352223	5.11187103077675	-0.121641426477773	2.11187103077675
36876	3	4.70737664875427	5.22325354176844	1.70737664875427	2.22325354176844
36877	3	4.76599902296043	5.18221787982413	1.76599902296043	2.18221787982413
36878	3	4.71323888617489	5.25256472887152	1.71323888617489	2.25256472887152
36879	3	2.8314606741573	5.22325354176844	-0.168539325842697	2.22325354176844
36880	3	4.77772349780166	5.18808011724475	1.77772349780166	2.18808011724475
36881	7	4.76599902296043	5.32291157791891	-2.23400097703957	-1.67708842208109
36882	5	5.76844162188569	7.22813873961895	0.768441621885686	2.22813873961895
36884	5	4.78944797264289	5.22911577918906	-0.210552027357108	0.229115779189057
36885	5	4.71323888617489	5.47532975085491	-0.28676111382511	0.475329750854909
36886	5	4.79531021006351	8.16023448949682	-0.204689789936492	3.16023448949682
36887	5	4.71323888617489	5.68637029799707	-0.28676111382511	0.686370297997069
36889	5	4.72496336101612	5.35222276502198	-0.275036638983879	0.352222765021983
36900	4	4.63116756228627	5.44015632633122	0.631167562286272	1.44015632633122
36902	5	4.6780654616512	6.74743527112848	-0.321934538348803	1.74743527112848
36903	5	4.5666829506595	6.50122129946263	-0.433317049340499	1.50122129946263
36904	5	4.66634098680997	5.45774303859306	-0.333659013190035	0.457743038593063
36905	5	4.5666829506595	6.50122129946263	-0.433317049340499	1.50122129946263
36917	3	4.71910112359551	5.29946262823644	1.71910112359551	2.29946262823644
36918	3	4.72496336101612	5.27601367855398	1.72496336101612	2.27601367855398
36920	3	3.85735222276502	7.7733268197362	0.857352222765022	4.7733268197362
36921	3	1.54176844162189	6.60087933561309	-1.45823155837811	3.60087933561309
36922	3	4.71323888617489	7.41573033707865	1.71323888617489	4.41573033707865
36924	3	3.85735222276502	7.7733268197362	0.857352222765022	4.7733268197362
36925	3	4.87151929653151	5.11773326819736	1.87151929653151	2.11773326819736
36928	3	4.85979482169028	5.15290669272106	1.85979482169028	2.15290669272106
36929	3	4.87151929653151	5.14118221787982	1.87151929653151	2.14118221787982
36931	2	4.7542745481192	5.23497801660967	2.7542745481192	3.23497801660967
36932	2	4.74255007327797	5.24084025403029	2.74255007327797	3.24084025403029
36933	2	4.68978993649243	5.27015144113337	2.68978993649243	3.27015144113337
36934	2	4.60185637518319	5.27601367855398	2.60185637518319	3.27601367855398
36935	2	4.77772349780166	5.19980459208598	2.77772349780166	3.19980459208598
36936	2	1.60625305324866	4.50806057645335	-0.393746946751343	2.50806057645335
36937	2	4.58426966292135	5.38153395212506	2.58426966292135	3.38153395212506
36938	2	4.49633610161212	5.34636052760137	2.49633610161212	3.34636052760137
36939	2	4.63116756228627	5.29946262823644	2.63116756228627	3.29946262823644
36940	2	4.47288715192965	5.28773815339521	2.47288715192965	3.28773815339521
36941	2	0.0644846116267709	5.65119687347338	-1.93551538837323	3.65119687347338
36942	2	1.38348803126527	5.5867122618466	-0.616511968734734	3.5867122618466
36943	5	4.76599902296043	5.65119687347338	-0.23400097703957	0.651196873473376
36944	5	4.51978505129458	5.49291646311676	-0.480214948705423	0.492916463116756
36946	5	4.44943820224719	5.52222765021983	-0.550561797752809	0.522227650219834
36947	5	4.39667806546165	5.48705422569614	-0.603321934538349	0.487054225696141
36948	5	4.77186126038105	5.22911577918906	-0.228138739618955	0.229115779189057
36949	3	4.23253541768442	5.29946262823644	1.23253541768442	2.29946262823644
36950	3	3.48803126526624	5.23497801660967	0.488031265266243	2.23497801660967
36951	3	4.58426966292135	5.27015144113337	1.58426966292135	2.27015144113337
36952	3	4.7542745481192	5.17635564240352	1.7542745481192	2.17635564240352
36953	3	4.73668783585735	5.16463116756229	1.73668783585735	2.16463116756229
36954	3	4.76599902296043	5.15290669272106	1.76599902296043	2.15290669272106
36955	3	4.81875915974597	5.19394235466536	1.81875915974597	2.19394235466536
36956	3	4.80703468490474	5.19394235466536	1.80703468490474	2.19394235466536
36957	3	4.83634587200782	5.16463116756229	1.83634587200782	2.16463116756229
36958	3	4.6780654616512	5.18808011724475	1.6780654616512	2.18808011724475
36959	3	4.62530532486566	5.23497801660967	1.62530532486566	2.23497801660967
36960	3	2.89008304836346	5.20566682950659	-0.109916951636541	2.20566682950659
36961	3	4.77186126038105	5.23497801660967	1.77186126038105	2.23497801660967
36962	3	4.82462139716659	5.1704934049829	1.82462139716659	2.1704934049829
36963	3	4.81875915974597	5.18221787982413	1.81875915974597	2.18221787982413
36964	3	4.80117244748412	5.20566682950659	1.80117244748412	2.20566682950659
36965	3	4.82462139716659	5.17635564240352	1.82462139716659	2.17635564240352
36966	3	4.76599902296043	5.24084025403029	1.76599902296043	2.24084025403029
36967	3	4.66047874938935	5.20566682950659	1.66047874938935	2.20566682950659
36968	3	4.83634587200782	5.16463116756229	1.83634587200782	2.16463116756229
36969	3	4.83634587200782	5.15876893014167	1.83634587200782	2.15876893014167
36970	3	4.70737664875427	5.20566682950659	1.70737664875427	2.20566682950659
36971	3	4.72496336101612	5.18808011724475	1.72496336101612	2.18808011724475
36972	3	4.73082559843674	5.19980459208598	1.73082559843674	2.19980459208598
36973	3	4.73668783585735	5.16463116756229	1.73668783585735	2.16463116756229
36974	3	4.81289692232535	5.18221787982413	1.81289692232535	2.18221787982413
36975	3	0.228627259404006	5.15876893014167	-2.77137274059599	2.15876893014167
36976	3	4.61944308744504	5.18808011724475	1.61944308744504	2.18808011724475
36977	3	4.71910112359551	5.17635564240352	1.71910112359551	2.17635564240352
36978	3	2.72007816316561	5.08842208109428	-0.279921836834392	2.08842208109428
36979	3	4.70737664875427	5.1704934049829	1.70737664875427	2.1704934049829
36980	3	4.65461651196873	5.19394235466536	1.65461651196873	2.19394235466536
36981	3	4.67220322423058	5.17635564240352	1.67220322423058	2.17635564240352
36982	3	4.71910112359551	5.1704934049829	1.71910112359551	2.1704934049829
36983	3	4.7542745481192	5.15876893014167	1.7542745481192	2.15876893014167
36984	3	4.77186126038105	5.15876893014167	1.77186126038105	2.15876893014167
36985	3	4.69565217391304	5.17635564240352	1.69565217391304	2.17635564240352
36986	3	4.73668783585735	5.18808011724475	1.73668783585735	2.18808011724475
36987	3	4.61358085002443	5.22911577918906	1.61358085002443	2.22911577918906
36988	3	4.64875427454812	5.20566682950659	1.64875427454812	2.20566682950659
36989	3	4.82462139716659	5.1704934049829	1.82462139716659	2.1704934049829
36990	3	4.61358085002443	5.19394235466536	1.61358085002443	2.19394235466536
36991	3	4.67220322423058	5.19394235466536	1.67220322423058	2.19394235466536
36992	3	4.77772349780166	5.18221787982413	1.77772349780166	2.18221787982413
36993	3	4.81289692232535	5.18808011724475	1.81289692232535	2.18808011724475
36994	3	2.89008304836346	5.17635564240352	-0.109916951636541	2.17635564240352
36995	3	4.59013190034196	5.18808011724475	1.59013190034196	2.18808011724475
36996	3	4.17391304347826	5.25256472887152	1.17391304347826	2.25256472887152
36997	3	3.01319003419639	5.1704934049829	0.0131900341963851	2.1704934049829
36998	3	4.69565217391304	5.17635564240352	1.69565217391304	2.17635564240352
36999	3	4.72496336101612	5.20566682950659	1.72496336101612	2.20566682950659
37000	3	2.93111871030777	5.15290669272106	-0.0688812896922326	2.15290669272106
37001	3	4.81875915974597	5.17635564240352	1.81875915974597	2.17635564240352
37002	6	4.87151929653151	6.12603810454323	-1.12848070346849	0.126038104543234
37008	0	0.246213971665852	4.4142647777235	0.246213971665852	4.4142647777235
37011	0	1.98143624816805	5.26428920371275	1.98143624816805	5.26428920371275
37013	0	4.38495359062042	5.21739130434783	4.38495359062042	5.21739130434783
37014	0	0.0468978993649243	5.04738641914998	0.0468978993649243	5.04738641914998
37017	0	4.71323888617489	5.2467024914509	4.71323888617489	5.2467024914509
37020	0	0.123106985832926	4.85393258426966	0.123106985832926	4.85393258426966
37021	0	0.146555935515388	5.07669760625305	0.146555935515388	5.07669760625305
37025	0	0.269662921348315	5.2818759159746	0.269662921348315	5.2818759159746
37026	6	4.80703468490474	6.06741573033708	-1.19296531509526	0.0674157303370784
37028	5	4.80703468490474	6.06155349291646	-0.192965315095261	1.06155349291646
37029	2	0.0527601367855398	3.25354176844162	-1.94723986321446	1.25354176844162
37030	2	2.39765510503175	4.93014167073766	0.397655105031754	2.93014167073766
37031	2	0.0644846116267709	3.55251587689301	-1.93551538837323	1.55251587689301
37032	2	0.0117244748412311	4.94772838299951	-1.98827552515877	2.94772838299951
37035	2	0.10552027357108	5.10014655593552	-1.89447972642892	3.10014655593552
37036	2	0.0937957987298486	3.3590620420127	-1.90620420127015	1.3590620420127
37037	2	0.00586223742061553	4.47874938935027	-1.99413776257938	2.47874938935027
37038	2	0.0117244748412311	3.08939912066439	-1.98827552515877	1.08939912066439
37039	2	3.15388373229116	5.2467024914509	1.15388373229116	3.2467024914509
37041	2	1.95212506106497	5.16463116756229	-0.0478749389350268	3.16463116756229
37042	2	0.0351734245236932	3.20078163165608	-1.96482657547631	1.20078163165608
37043	2	2.866634098681	5.22325354176844	0.866634098680997	3.22325354176844
37044	2	0.00586223742061553	2.47972642892037	-1.99413776257938	0.479726428920371
37045	2	0.0117244748412311	2.95456765999023	-1.98827552515877	0.95456765999023
37046	2	0.0410356619443087	3.14802149487054	-1.95896433805569	1.14802149487054
37047	2	1.98143624816805	3.55837811431363	-0.0185637518319492	1.55837811431363
37048	2	0.0468978993649243	3.42940889106009	-1.95310210063508	1.42940889106009
37049	2	2.80801172447484	5.22911577918906	0.808011724474841	3.22911577918906
37050	2	2.77283829995115	3.15388373229116	0.772838299951148	1.15388373229116
37051	5	4.8304836345872	5.15290669272106	-0.169516365412799	0.152906692721055
37052	5	4.85979482169028	5.13531998045921	-0.140205178309722	0.135319980459208
37053	5	4.82462139716659	5.19394235466536	-0.175378602833415	0.193942354665364
37054	5	4.85393258426966	5.16463116756229	-0.146067415730338	0.164631167562286
37055	5	4.80117244748412	5.18221787982413	-0.198827552515877	0.182217879824133
37056	5	4.85979482169028	5.15290669272106	-0.140205178309722	0.152906692721055
37057	5	4.82462139716659	5.1704934049829	-0.175378602833415	0.170493404982902
37058	5	4.83634587200782	5.15876893014167	-0.163654127992184	0.158768930141671
37059	5	4.86565705911089	5.14704445530044	-0.134342940889106	0.147044455300439
37060	5	4.9066927210552	5.15290669272106	-0.0933072789447973	0.152906692721055
37061	5	4.84807034684905	5.14704445530044	-0.151929653150953	0.147044455300439
37062	5	4.84807034684905	5.14118221787982	-0.151929653150953	0.141182217879824
37063	5	4.84807034684905	5.15290669272106	-0.151929653150953	0.152906692721055
37064	5	4.83634587200782	5.15290669272106	-0.163654127992184	0.152906692721055
37065	5	4.86565705911089	5.14118221787982	-0.134342940889106	0.141182217879824
37066	5	4.85393258426966	5.16463116756229	-0.146067415730338	0.164631167562286
37067	5	4.85393258426966	5.15290669272106	-0.146067415730338	0.152906692721055
37068	3	4.85979482169028	5.13531998045921	1.85979482169028	2.13531998045921
37069	2	2.7552515876893	5.0180752320469	0.755251587689301	3.0180752320469
37070	2	0	2.98974108451392	-2	0.989741084513923
37071	2	2.87835857352223	5.11773326819736	0.878358573522227	3.11773326819736
37072	2	3.14802149487054	5.15876893014167	1.14802149487054	3.15876893014167
37073	2	2.69076697606253	5.02393746946751	0.69076697606253	3.02393746946751
37074	2	4.70737664875427	5.26428920371275	2.70737664875427	3.26428920371275
37075	2	4.76013678553981	5.22911577918906	2.76013678553981	3.22911577918906
37076	2	2.87835857352223	5.11773326819736	0.878358573522227	3.11773326819736
37077	2	2.18075232046898	3.26526624328285	0.180752320468979	1.26526624328285
37078	2	2.84904738641915	5.07083536883244	0.84904738641915	3.07083536883244
37079	2	4.40840254030288	5.22911577918906	2.40840254030288	3.22911577918906
37080	2	4.69565217391304	5.24084025403029	2.69565217391304	3.24084025403029
37081	3	4.81875915974597	5.11773326819736	1.81875915974597	2.11773326819736
37082	3	2.79628724963361	5.14118221787982	-0.20371275036639	2.14118221787982
37083	3	2.50903761602345	5.03566194430874	-0.490962383976551	2.03566194430874
37084	2	4.63116756228627	5.22325354176844	2.63116756228627	3.22325354176844
37085	2	4.56082071323889	5.18808011724475	2.56082071323889	3.18808011724475
37086	2	0.351734245236932	4.99462628236444	-1.64826575476307	2.99462628236444
37087	2	3.1304347826087	5.11187103077675	1.1304347826087	3.11187103077675
37088	2	2.93698094772838	5.20566682950659	0.936980947728383	3.20566682950659
37089	4	0.228627259404006	4.95359062042013	-3.77137274059599	0.953590620420127
37090	4	4.80703468490474	5.1704934049829	0.807034684904739	1.1704934049829
37091	4	4.84807034684905	5.13531998045921	0.848070346849047	1.13531998045921
37092	4	2.68490473864192	3.19491939423547	-1.31509526135808	-0.805080605764533
37093	6	4.84220810942843	6.19052271617	-1.15779189057157	0.190522716170005
37094	5	4.83634587200782	5.19980459208598	-0.163654127992184	0.19980459208598
37095	5	4.84220810942843	5.15876893014167	-0.157791890571568	0.158768930141671
37096	5	4.81289692232535	5.20566682950659	-0.187103077674646	0.205666829506595
37097	5	4.84807034684905	5.14118221787982	-0.151929653150953	0.141182217879824
37098	0	0	0.298974108451392	0	0.298974108451392
37099	0	0.0820713238886175	3.21836834391793	0.0820713238886175	3.21836834391793
37100	0	0.00586223742061553	3.28871519296532	0.00586223742061553	3.28871519296532
37101	0	0	0.234489496824621	0	0.234489496824621
37102	0	0	0.234489496824621	0	0.234489496824621
37103	0	0	0.234489496824621	0	0.234489496824621
37104	0	0	0.240351734245237	0	0.240351734245237
37105	0	0	0.246213971665852	0	0.246213971665852
37106	0	0	0.246213971665852	0	0.246213971665852
37107	0	0	0.240351734245237	0	0.240351734245237
37109	3	4.54909623839765	5.2818759159746	1.54909623839765	2.2818759159746
37110	3	0.111382510991695	5.19394235466536	-2.8886174890083	2.19394235466536
37111	3	4.70151441133366	5.06497313141182	1.70151441133366	2.06497313141182
37112	3	0.0351734245236932	5.16463116756229	-2.96482657547631	2.16463116756229
37113	3	4.62530532486566	5.08255984367367	1.62530532486566	2.08255984367367
37114	3	4.70151441133366	5.08255984367367	1.70151441133366	2.08255984367367
37115	3	4.2266731802638	5.08255984367367	1.2266731802638	2.08255984367367
37116	3	0.00586223742061553	4.9418661455789	-2.99413776257938	1.9418661455789
37117	3	0.0937957987298486	5.16463116756229	-2.90620420127015	2.16463116756229
37118	3	0.00586223742061553	4.93014167073766	-2.99413776257938	1.93014167073766
37119	3	4.73668783585735	5.08842208109428	1.73668783585735	2.08842208109428
37120	3	4.25012212994626	5.04738641914998	1.25012212994626	2.04738641914998
37121	3	0.076209086468002	5.11187103077675	-2.923790913532	2.11187103077675
37122	3	2.98974108451392	5.04738641914998	-0.0102589154860775	2.04738641914998
37123	3	4.70737664875427	5.08842208109428	1.70737664875427	2.08842208109428
37124	3	4.02735710796287	5.08255984367367	1.02735710796287	2.08255984367367
37125	3	4.64875427454812	5.07669760625305	1.64875427454812	2.07669760625305
37126	3	4.62530532486566	5.08842208109428	1.62530532486566	2.08842208109428
37127	3	4.76013678553981	5.0942843185149	1.76013678553981	2.0942843185149
37128	3	4.66047874938935	5.08255984367367	1.66047874938935	2.08255984367367
37129	3	3.95701025891549	5.07669760625305	0.957010258915486	2.07669760625305
37130	3	3.7752808988764	5.06497313141182	0.775280898876404	2.06497313141182
37131	3	4.63702979970689	5.08255984367367	1.63702979970689	2.08255984367367
37132	3	0.134831460674157	5.05911089399121	-2.86516853932584	2.05911089399121
37133	3	4.64875427454812	5.07669760625305	1.64875427454812	2.07669760625305
37134	3	0.152418172936004	5.05911089399121	-2.847581827064	2.05911089399121
37135	3	4.72496336101612	5.20566682950659	1.72496336101612	2.20566682950659
37136	3	2.61455788959453	5.22325354176844	-0.385442110405472	2.22325354176844
37137	3	4.03321934538349	5.08842208109428	1.03321934538349	2.08842208109428
37138	3	2.89594528578407	5.22325354176844	-0.104054714215926	2.22325354176844
37139	3	4.66047874938935	5.07083536883244	1.66047874938935	2.07083536883244
37140	3	0.00586223742061553	2.09868099658036	-2.99413776257938	-0.901319003419639
37141	3	4.68392769907181	5.08255984367367	1.68392769907181	2.08255984367367
37142	3	3.12457254518808	5.27015144113337	0.12457254518808	2.27015144113337
37143	3	0.304836345872008	5.12359550561798	-2.69516365412799	2.12359550561798
37144	3	0.117244748412311	4.99462628236444	-2.88275525158769	1.99462628236444
37145	3	3.85148998534441	5.05911089399121	0.851489985344406	2.05911089399121
37146	3	3.91011235955056	5.06497313141182	0.910112359550562	2.06497313141182
37147	3	3.92769907181241	5.06497313141182	0.927699071812408	2.06497313141182
37148	3	4.70737664875427	5.08255984367367	1.70737664875427	2.08255984367367
37149	3	4.10356619443087	5.07083536883244	1.10356619443087	2.07083536883244
37150	3	4.25598436736688	5.21152906692721	1.25598436736688	2.21152906692721
37151	3	4.17977528089888	5.19980459208598	1.17977528089888	2.19980459208598
37152	3	4.81875915974597	5.16463116756229	1.81875915974597	2.16463116756229
37153	3	4.76013678553981	5.14704445530044	1.76013678553981	2.14704445530044
37154	3	4.71323888617489	5.18808011724475	1.71323888617489	2.18808011724475
37155	3	0.0410356619443087	5.15290669272106	-2.95896433805569	2.15290669272106
37156	3	0.00586223742061553	4.43185148998534	-2.99413776257938	1.43185148998534
37157	3	0.0293111871030777	5.20566682950659	-2.97068881289692	2.20566682950659
37158	3	0.0586223742061553	5.18808011724475	-2.94137762579384	2.18808011724475
37159	3	0.287249633610161	5.24084025403029	-2.71275036638984	2.24084025403029
37160	1	4.39667806546165	5.23497801660967	3.39667806546165	4.23497801660967
37161	1	3.63458720078163	5.22911577918906	2.63458720078163	4.22911577918906
37162	1	0.158280410356619	5.22325354176844	-0.841719589643381	4.22325354176844
37163	1	0	2.33317049340498	-1	1.33317049340498
37164	1	3.9628724963361	5.0180752320469	2.9628724963361	4.0180752320469
37165	1	0.087933561309233	5.0180752320469	-0.912066438690767	4.0180752320469
37166	1	2.63800683927699	5.17635564240352	1.63800683927699	4.17635564240352
37167	1	0.00586223742061553	4.06839276990718	-0.994137762579384	3.06839276990718
37168	1	4.56082071323889	5.26428920371275	3.56082071323889	4.26428920371275
37169	1	4.67220322423058	5.15290669272106	3.67220322423058	4.15290669272106
37170	1	2.91939423546654	5.19980459208598	1.91939423546654	4.19980459208598
37171	1	0.0234489496824621	5.25256472887152	-0.976551050317538	4.25256472887152
37172	1	4.6428920371275	5.15876893014167	3.6428920371275	4.15876893014167
37173	1	2.97215437225208	5.18808011724475	1.97215437225208	4.18808011724475
37174	1	4.74255007327797	5.18221787982413	3.74255007327797	4.18221787982413
37175	1	0	0.246213971665852	-1	-0.753786028334148
37176	1	4.71910112359551	5.18221787982413	3.71910112359551	4.18221787982413
37177	1	3.83976551050318	5.06497313141182	2.83976551050318	4.06497313141182
37178	1	4.0742550073278	5.06497313141182	3.0742550073278	4.06497313141182
37179	1	4.73668783585735	5.19394235466536	3.73668783585735	4.19394235466536
37180	1	4.76013678553981	5.19980459208598	3.76013678553981	4.19980459208598
37181	1	4.78358573522228	5.1704934049829	3.78358573522228	4.1704934049829
37182	1	4.6780654616512	5.18808011724475	3.6780654616512	4.18808011724475
37183	1	3.01319003419639	5.18221787982413	2.01319003419639	4.18221787982413
37184	1	3.17733268197362	5.15876893014167	2.17733268197362	4.15876893014167
37186	5	4.70151441133366	6.12603810454323	-0.298485588666341	1.12603810454323
37187	3	3.58182706399609	5.29360039081583	0.581827063996092	2.29360039081583
37188	3	4.78944797264289	5.11773326819736	1.78944797264289	2.11773326819736
37189	5	4.84220810942843	5.95603321934538	-0.157791890571568	0.956033219345383
37190	5	4.79531021006351	5.29360039081583	-0.204689789936492	0.293600390815828
37191	5	4.81289692232535	6.114313629702	-0.187103077674646	1.114313629702
37192	5	4.87738153395212	5.17635564240352	-0.122618466047875	0.176355642403517
37193	5	4.80703468490474	5.20566682950659	-0.192965315095261	0.205666829506595
37194	6	4.84807034684905	5.18221787982413	-1.15192965315095	-0.817782120175867
37195	6	4.8304836345872	5.17635564240352	-1.1695163654128	-0.823644357596483
37196	5	4.76013678553981	6.25500732779678	-0.239863214460186	1.25500732779678
37197	5	4.88324377137274	5.14118221787982	-0.11675622862726	0.141182217879824
37198	5	4.86565705911089	6.91157791890572	-0.134342940889106	1.91157791890572
37199	5	4.85979482169028	6.08500244259892	-0.140205178309722	1.08500244259892
37200	5	4.86565705911089	6.9819247679531	-0.134342940889106	1.9819247679531
37201	5	4.81289692232535	6.12017586712262	-0.187103077674646	1.12017586712262
37202	5	4.87151929653151	5.15290669272106	-0.12848070346849	0.152906692721055
37203	5	4.76599902296043	5.25256472887152	-0.23400097703957	0.252564728871519
37204	6	4.84220810942843	5.18808011724475	-1.15779189057157	-0.811919882755252
37205	5	4.83634587200782	5.18808011724475	-0.163654127992184	0.188080117244748
37206	5	4.84220810942843	5.25256472887152	-0.157791890571568	0.252564728871519
37207	5	4.8304836345872	6.13776257938447	-0.169516365412799	1.13776257938447
37208	6	4.88324377137274	6.04982901807523	-1.11675622862726	0.0498290180752319
37209	5	4.84220810942843	5.17635564240352	-0.157791890571568	0.176355642403517
37210	5	4.84807034684905	5.15876893014167	-0.151929653150953	0.158768930141671
37211	5	4.85393258426966	5.15290669272106	-0.146067415730338	0.152906692721055
37212	5	4.84807034684905	5.15876893014167	-0.151929653150953	0.158768930141671
37213	5	4.81875915974597	5.22325354176844	-0.181240840254031	0.223253541768441
37214	5	4.84220810942843	5.18221787982413	-0.157791890571568	0.182217879824133
37215	3	4.83634587200782	5.13531998045921	1.83634587200782	2.13531998045921
37216	3	4.81875915974597	5.14118221787982	1.81875915974597	2.14118221787982
37217	3	4.77186126038105	5.20566682950659	1.77186126038105	2.20566682950659
37218	3	4.81875915974597	5.15876893014167	1.81875915974597	2.15876893014167
37219	3	4.8304836345872	5.15876893014167	1.8304836345872	2.15876893014167
37220	3	4.81875915974597	5.1704934049829	1.81875915974597	2.1704934049829
37221	3	4.82462139716659	5.14704445530044	1.82462139716659	2.14704445530044
37222	3	4.82462139716659	5.16463116756229	1.82462139716659	2.16463116756229
37223	3	4.78358573522228	5.19394235466536	1.78358573522228	2.19394235466536
37224	6	5.10600879335613	7.27503663898388	-0.893991206643869	1.27503663898388
37225	6	5.21739130434783	7.19882755251588	-0.782608695652174	1.19882755251588
37226	6	4.80703468490474	5.93258426966292	-1.19296531509526	-0.0674157303370784
37227	6	4.84220810942843	5.16463116756229	-1.15779189057157	-0.835368832437714
37228	6	4.82462139716659	6.13190034196385	-1.17537860283341	0.131900341963849
37229	6	4.82462139716659	6.03224230581339	-1.17537860283341	0.0322423058133854
37230	6	4.8304836345872	6.05569125549585	-1.1695163654128	0.0556912554958471
37231	0	0.0468978993649243	5.51636541279922	0.0468978993649243	5.51636541279922
37232	3	4.68392769907181	5.31118710307767	1.68392769907181	2.31118710307767
37233	5	4.84807034684905	7.72642892037127	-0.151929653150953	2.72642892037127
37234	5	4.78358573522228	5.22911577918906	-0.216414264777724	0.229115779189057
37235	7	4.80117244748412	7.47435271128481	-2.19882755251588	0.474352711284807
37236	7	4.88910600879336	7.1695163654128	-2.11089399120664	0.169516365412799
37237	7	4.92427943331705	7.16365412799218	-2.07572056668295	0.163654127992183
37238	3	4.65461651196873	5.20566682950659	1.65461651196873	2.20566682950659
37240	3	4.71323888617489	5.22325354176844	1.71323888617489	2.22325354176844
37241	3	3.15388373229116	5.13531998045921	0.153883732291158	2.13531998045921
37246	5	4.85393258426966	5.15876893014167	-0.146067415730338	0.158768930141671
37247	5	4.84220810942843	5.15290669272106	-0.157791890571568	0.152906692721055
37248	5	4.81875915974597	5.20566682950659	-0.181240840254031	0.205666829506595
37249	2	4.76599902296043	5.19394235466536	2.76599902296043	3.19394235466536
37250	4	4.8304836345872	5.15876893014167	0.830483634587201	1.15876893014167
37251	2	4.77772349780166	5.19980459208598	2.77772349780166	3.19980459208598
37252	2	4.82462139716659	5.15876893014167	2.82462139716659	3.15876893014167
37253	2	4.78944797264289	5.17635564240352	2.78944797264289	3.17635564240352
37254	2	4.85393258426966	5.13531998045921	2.85393258426966	3.13531998045921
37255	2	4.68978993649243	5.24084025403029	2.68978993649243	3.24084025403029
37256	2	4.69565217391304	5.23497801660967	2.69565217391304	3.23497801660967
37257	2	4.86565705911089	5.14118221787982	2.86565705911089	3.14118221787982
37258	2	4.81875915974597	5.18221787982413	2.81875915974597	3.18221787982413
37259	2	4.85979482169028	5.15290669272106	2.85979482169028	3.15290669272106
37260	2	4.84220810942843	5.15876893014167	2.84220810942843	3.15876893014167
37261	2	4.81289692232535	5.18808011724475	2.81289692232535	3.18808011724475
37262	2	4.79531021006351	5.17635564240352	2.79531021006351	3.17635564240352
37263	2	4.77772349780166	5.21739130434783	2.77772349780166	3.21739130434783
37264	2	4.8304836345872	5.1704934049829	2.8304836345872	3.1704934049829
37265	2	4.80703468490474	5.19980459208598	2.80703468490474	3.19980459208598
37266	2	4.83634587200782	5.15876893014167	2.83634587200782	3.15876893014167
37267	2	4.80117244748412	5.19394235466536	2.80117244748412	3.19394235466536
37268	2	4.76013678553981	5.16463116756229	2.76013678553981	3.16463116756229
37269	2	4.83634587200782	5.15876893014167	2.83634587200782	3.15876893014167
37270	2	4.85393258426966	5.14704445530044	2.85393258426966	3.14704445530044
37271	2	4.81289692232535	5.15876893014167	2.81289692232535	3.15876893014167
37272	2	4.84807034684905	5.14704445530044	2.84807034684905	3.14704445530044
37273	2	4.82462139716659	5.17635564240352	2.82462139716659	3.17635564240352
37274	2	4.80117244748412	5.1704934049829	2.80117244748412	3.1704934049829
37275	2	3.03077674645823	5.16463116756229	1.03077674645823	3.16463116756229
37276	2	4.83634587200782	5.15290669272106	2.83634587200782	3.15290669272106
37277	2	4.8304836345872	5.15876893014167	2.8304836345872	3.15876893014167
37278	2	4.8304836345872	5.16463116756229	2.8304836345872	3.16463116756229
37279	2	4.8304836345872	5.1704934049829	2.8304836345872	3.1704934049829
37280	2	4.81875915974597	5.16463116756229	2.81875915974597	3.16463116756229
37281	2	4.80117244748412	5.18808011724475	2.80117244748412	3.18808011724475
37282	2	4.74841231069858	5.25256472887152	2.74841231069858	3.25256472887152
37283	2	4.8304836345872	5.14704445530044	2.8304836345872	3.14704445530044
37284	2	4.73082559843674	5.21152906692721	2.73082559843674	3.21152906692721
37285	2	4.8304836345872	5.15290669272106	2.8304836345872	3.15290669272106
37286	2	2.90766976062531	5.15876893014167	0.907669760625305	3.15876893014167
37287	2	4.78944797264289	5.18808011724475	2.78944797264289	3.18808011724475
37288	5	4.79531021006351	5.18808011724475	-0.204689789936492	0.188080117244748
37289	5	4.85979482169028	5.1704934049829	-0.140205178309722	0.170493404982902
37290	5	4.84807034684905	5.17635564240352	-0.151929653150953	0.176355642403517
37291	5	4.85979482169028	5.1704934049829	-0.140205178309722	0.170493404982902
37292	4	4.81875915974597	5.1704934049829	0.818759159745969	1.1704934049829
37293	5	4.87151929653151	5.14704445530044	-0.12848070346849	0.147044455300439
37294	5	4.74255007327797	5.24084025403029	-0.257449926722033	0.240840254030288
37295	5	4.78944797264289	5.19980459208598	-0.210552027357108	0.19980459208598
37296	5	4.87151929653151	5.13531998045921	-0.12848070346849	0.135319980459208
37297	5	4.81289692232535	5.17635564240352	-0.187103077674646	0.176355642403517
37298	5	4.84807034684905	5.16463116756229	-0.151929653150953	0.164631167562286
37299	5	4.85393258426966	5.15876893014167	-0.146067415730338	0.158768930141671
37300	5	4.85979482169028	5.13531998045921	-0.140205178309722	0.135319980459208
37301	5	4.84807034684905	5.14118221787982	-0.151929653150953	0.141182217879824
37302	5	4.79531021006351	5.23497801660967	-0.204689789936492	0.234978016609673
37304	2	2.80801172447484	5.15876893014167	0.808011724474841	3.15876893014167
37305	2	4.76599902296043	5.19394235466536	2.76599902296043	3.19394235466536
37306	2	2.76111382510992	5.22911577918906	0.761113825109917	3.22911577918906
37307	2	4.78358573522228	5.16463116756229	2.78358573522228	3.16463116756229
37308	2	4.61944308744504	5.30532486565706	2.61944308744504	3.30532486565706
37309	2	4.59599413776258	5.1704934049829	2.59599413776258	3.1704934049829
37310	6	4.86565705911089	5.14704445530044	-1.13434294088911	-0.852955544699561
37311	4	4.87738153395212	5.11773326819736	0.877381533952125	1.11773326819736
37312	4	4.86565705911089	5.13531998045921	0.865657059110894	1.13531998045921
37313	6	4.84220810942843	5.18808011724475	-1.15779189057157	-0.811919882755252
37314	4	4.81289692232535	5.19394235466536	0.812896922325354	1.19394235466536
37315	4	4.80703468490474	5.19980459208598	0.807034684904739	1.19980459208598
37316	6	4.77186126038105	5.25256472887152	-1.22813873961895	-0.747435271128481
37317	5	4.80117244748412	5.19394235466536	-0.198827552515877	0.193942354665364
37318	5	4.84220810942843	5.14704445530044	-0.157791890571568	0.147044455300439
37319	5	4.81875915974597	5.15290669272106	-0.181240840254031	0.152906692721055
37320	5	4.8304836345872	5.16463116756229	-0.169516365412799	0.164631167562286
37321	5	4.77772349780166	5.18221787982413	-0.222276502198339	0.182217879824133
37322	5	4.8304836345872	5.14704445530044	-0.169516365412799	0.147044455300439
37323	5	4.83634587200782	5.15290669272106	-0.163654127992184	0.152906692721055
37324	5	4.80703468490474	5.16463116756229	-0.192965315095261	0.164631167562286
37325	5	4.84220810942843	5.15876893014167	-0.157791890571568	0.158768930141671
37326	5	4.87151929653151	5.12359550561798	-0.12848070346849	0.123595505617978
37327	4	4.69565217391304	5.29360039081583	0.695652173913043	1.29360039081583
37328	4	0.322423058133854	9.00439667806546	-3.67757694186615	5.00439667806546
37330	4	4.78944797264289	5.22325354176844	0.789447972642892	1.22325354176844
37331	4	2.31558378114314	5.28773815339521	-1.68441621885686	1.28773815339521
37332	4	3.00732779677577	6.30776746458232	-0.992672203224231	2.30776746458232
37337	4	4.80117244748412	5.16463116756229	0.801172447484123	1.16463116756229
37339	4	4.61944308744504	7.11089399120664	0.619443087445042	3.11089399120664
37340	4	0.187591597459697	5.8505129457743	-3.8124084025403	1.8505129457743
37342	4	4.77772349780166	5.23497801660967	0.777723497801661	1.23497801660967
37343	4	4.78944797264289	5.17635564240352	0.789447972642892	1.17635564240352
37344	3	2.8314606741573	7.49780166096727	-0.168539325842697	4.49780166096727
37347	3	4.83634587200782	5.15290669272106	1.83634587200782	2.15290669272106
37348	5	4.85979482169028	5.13531998045921	-0.140205178309722	0.135319980459208
37349	5	4.77186126038105	5.21739130434783	-0.228138739618955	0.217391304347826
