36455	6	5.2818759159746	6.61846604787494	-0.718124084025403	0.618466047874938
36456	6	4.95359062042013	6.29018075232047	-1.04640937957987	0.290180752320468
36457	6	4.99462628236444	6.10845139228139	-1.00537371763556	0.108451392281387
36458	6	4.89496824621397	6.16707376648754	-1.10503175378603	0.167073766487542
36459	6	6.21397166585247	7.42159257449927	0.213971665852467	1.42159257449927
36460	6	4.71323888617489	7.0170981924768	-1.28676111382511	1.0170981924768
36461	5	3.49389350268686	5.29946262823644	-1.50610649731314	0.299462628236443
36463	5	3.74596971177333	5.74499267220322	-1.25403028822667	0.744992672203225
36465	5	3.68148510014656	5.46360527601368	-1.31851489985344	0.463605276013679
36466	5	3.58768930141671	5.38739618954568	-1.41231069858329	0.387396189545677
36467	5	4.17977528089888	5.63947239863214	-0.820224719101124	0.639472398632145
36468	5	3.50561797752809	5.21739130434783	-1.49438202247191	0.217391304347826
36469	5	3.27112848070347	5.11773326819736	-1.72887151929653	0.117733268197362
36470	5	3.68148510014656	5.35222276502198	-1.31851489985344	0.352222765021983
36471	5	3.67562286272594	5.41670737664875	-1.32437713727406	0.416707376648754
36472	5	3.94528578407426	5.59843673668784	-1.05471421592574	0.598436736687836
36473	5	3.87493893502687	5.81533952125061	-1.12506106497313	0.81533952125061
36474	5	3.82217879824133	5.53395212506106	-1.17782120175867	0.533952125061065
36475	5	3.98045920859795	5.3580850024426	-1.01954079140205	0.358085002442599
36476	5	3.56424035173425	5.10014655593552	-1.43575964826575	0.100146555935515
36477	5	3.1304347826087	4.8304836345872	-1.8695652173913	-0.169516365412799
36478	3	3.65803615046409	4.95945285784074	0.658036150464094	1.95945285784074
36479	3	3.34733756717147	4.60771861260381	0.34733756717147	1.60771861260381
36480	3	3.5466536394724	4.76013678553981	0.546653639472399	1.76013678553981
36481	3	3.59941377625794	4.82462139716659	0.599413776257938	1.82462139716659
36482	3	3.34733756717147	4.73668783585735	0.34733756717147	1.73668783585735
36483	3	3.10112359550562	4.44943820224719	0.101123595505618	1.44943820224719
36484	3	3.095261358085	4.43771372740596	0.0952613580850024	1.43771372740596
36485	3	3.16560820713239	4.4904738641915	0.165608207132389	1.4904738641915
36486	3	3.45872007816317	4.73082559843674	0.458720078163165	1.73082559843674
36487	3	3.58768930141671	4.85979482169028	0.587689301416707	1.85979482169028
36488	6	4.52564728871519	6.54811919882755	-1.47435271128481	0.548119198827552
36493	5	3.53492916463117	5.34049829018075	-1.46507083536883	0.340498290180753
36494	5	4.06253053248657	5.66292134831461	-0.937469467513434	0.662921348314606
36496	5	3.97459697117733	6.3781143136297	-1.02540302882267	1.3781143136297
36498	3	3.11284807034685	4.66634098680997	0.112848070346849	1.66634098680997
36499	0	1.82315583781143	6.53053248656571	1.82315583781143	6.53053248656571
36501	5	5.91499755740107	7.3981436248168	0.914997557401074	2.3981436248168
36502	5	4.13287738153395	5.81533952125061	-0.867122618466048	0.81533952125061
36503	5	3.97459697117733	5.57498778700537	-1.02540302882267	0.574987787005374
36504	5	4.05666829506595	5.64533463605276	-0.943331704934049	0.64533463605276
36505	5	4.23253541768442	5.72154372252076	-0.767464582315584	0.721543722520762
36506	5	4.17977528089888	5.65119687347338	-0.820224719101124	0.651196873473376
36507	5	4.16218856863703	5.85637518319492	-0.837811431362971	0.85637518319492
36508	5	4.15632633121641	5.74499267220322	-0.843673668783586	0.744992672203225
36509	5	4.22081094284319	5.67464582315584	-0.779189057156815	0.674645823155838
36510	5	4.19149975574011	5.68050806057645	-0.808500244259893	0.680508060576453
36511	5	4.17977528089888	5.73913043478261	-0.820224719101124	0.739130434782608
36512	5	4.15632633121641	5.6980947728383	-0.843673668783586	0.698094772838299
36513	5	4.13287738153395	5.63361016121153	-0.867122618466048	0.633610161211529
36514	5	4.06839276990718	5.59257449926722	-0.931607230092819	0.59257449926722
36515	5	3.82217879824133	5.64533463605276	-1.17782120175867	0.64533463605276
36516	5	3.91011235955056	5.58085002442599	-1.08988764044944	0.580850024425989
36517	5	4.29115779189057	5.97361993160723	-0.708842208109429	0.97361993160723
36518	5	4.01563263312164	5.5867122618466	-0.984367366878359	0.586712261846604
36519	5	3.78700537371764	5.56912554958476	-1.21299462628236	0.569125549584758
36520	5	4.00977039570103	5.56912554958476	-0.990229604298975	0.569125549584758
36521	3	3.75769418661456	5.97361993160723	0.757694186614558	2.97361993160723
36522	3	3.99804592085979	5.48119198827553	0.998045920859795	2.48119198827553
36523	3	3.7752808988764	5.48119198827553	0.775280898876404	2.48119198827553
36524	3	3.85735222276502	5.41670737664875	0.857352222765022	2.41670737664875
36525	3	4.02149487054226	6.19052271617	1.02149487054226	3.19052271617
36526	3	3.92769907181241	5.37567171470445	0.927699071812408	2.37567171470445
36527	5	4.24425989252565	6.05569125549585	-0.755740107474352	1.05569125549585
36528	5	4.39667806546165	6.10258915486077	-0.603321934538349	1.10258915486077
36529	5	4.3028822667318	5.80947728383	-0.697117733268198	0.809477283829995
36530	5	4.3380556912555	5.86223742061553	-0.661944308744504	0.862237420615535
36531	5	4.34978016609673	5.8505129457743	-0.650219833903273	0.850512945774303
36532	5	3.89838788470933	5.75085490962384	-1.10161211529067	0.75085490962384
36533	5	4.18563751831949	6.09672691744016	-0.814362481680508	1.09672691744016
36534	3	4.08597948216903	6.43087445041524	1.08597948216903	3.43087445041524
36536	5	3.92769907181241	5.04738641914998	-1.07230092818759	0.0473864191499755
36537	5	3.79872984855887	4.84807034684905	-1.20127015144113	-0.151929653150953
36538	5	5.12359550561798	6.53053248656571	0.123595505617978	1.53053248656571
36539	5	4.85979482169028	5.92085979482169	-0.140205178309722	0.92085979482169
36540	5	4.77772349780166	5.84465070835369	-0.222276502198339	0.844650708353688
36541	5	5.04738641914998	6.19052271617	0.0473864191499755	1.19052271617
36542	5	4.83634587200782	6.27845627747924	-0.163654127992184	1.27845627747924
36543	5	4.78358573522228	6.51880801172447	-0.216414264777724	1.51880801172447
36544	4	4.3790913531998	5.87982413287738	0.379091353199804	1.87982413287738
36545	4	3.96873473375672	5.48705422569614	-0.0312652662432829	1.48705422569614
36546	4	4.16218856863703	5.58085002442599	0.162188568637029	1.58085002442599
36547	4	4.06839276990718	5.5105031753786	0.0683927699071809	1.5105031753786
36548	4	3.82217879824133	5.39325842696629	-0.177821201758671	1.39325842696629
36549	4	3.81631656082071	5.27015144113337	-0.183683439179287	1.27015144113337
36550	4	3.98632144601856	5.76257938446507	-0.0136785539814364	1.76257938446507
36551	4	3.71665852467025	5.61016121152907	-0.283341475329751	1.61016121152907
36552	4	4.1504640937958	5.5456765999023	0.150464093795799	1.5456765999023
36553	4	4.00977039570103	5.45774303859306	0.00977039570102534	1.45774303859306
36554	4	3.7342452369321	5.73326819736199	-0.265754763067904	1.73326819736199
36555	4	3.9628724963361	5.92085979482169	-0.0371275036638985	1.92085979482169
36556	4	4.17391304347826	6.1494870542257	0.173913043478261	2.1494870542257
36557	4	3.51148021494871	5.80361504640938	-0.488519785051295	1.80361504640938
36558	4	4.00977039570103	5.6980947728383	0.00977039570102534	1.6980947728383
36559	4	3.83976551050318	5.61602344894968	-0.160234489496825	1.61602344894968
36560	4	4.19149975574011	5.72740595994138	0.191499755740107	1.72740595994138
36561	4	4.30874450415242	5.5456765999023	0.308744504152418	1.5456765999023
36562	4	4.26184660478749	5.70395701025892	0.261846604787494	1.70395701025892
36563	4	4.15632633121641	5.4342940889106	0.156326331216414	1.4342940889106
36564	4	3.4352711284807	5.94430874450415	-0.564728871519296	1.94430874450415
36566	4	4.93014167073766	6.38983878847093	0.930141670737664	2.38983878847093
36567	4	4.40254030288227	5.6218856863703	0.402540302882267	1.6218856863703
36568	4	4.73668783585735	6.03224230581339	0.736687835857352	2.03224230581339
36569	4	4.39081582804104	5.68637029799707	0.390815828041036	1.68637029799707
36570	4	4.46116267708842	5.80361504640938	0.461162677088422	1.80361504640938
36571	4	4.50219833903273	5.66878358573522	0.502198339032731	1.66878358573522
36572	5	4.77186126038105	6.55984367366878	-0.228138739618955	1.55984367366878
36573	5	4.80117244748412	6.67708842208109	-0.198827552515877	1.67708842208109
36574	5	2.53248656570591	5.52222765021983	-2.46751343429409	0.522227650219834
36575	5	2.72007816316561	4.63116756228627	-2.27992183683439	-0.368832437713728
36576	5	2.89594528578407	6.43673668783586	-2.10405471421593	1.43673668783586
36577	5	4.12115290669272	6.21983390327308	-0.878847093307279	1.21983390327308
36578	4	5.37567171470445	7.28089887640449	1.37567171470445	3.28089887640449
36580	5	3.32975085490962	6.46018563751832	-1.67024914509038	1.46018563751832
36581	5	4.51392281387396	6.47777234978017	-0.486077186126038	1.47777234978017
36582	5	4.23253541768442	6.18466047874939	-0.767464582315584	1.18466047874939
36583	5	4.16218856863703	5.93844650708354	-0.837811431362971	0.938446507083537
36584	5	4.60771861260381	5.55153883732291	-0.392281387396189	0.551538837322911
36585	5	4.32633121641426	6.24328285295554	-0.673668783585735	1.24328285295554
36586	5	4.48461162677088	7.22813873961895	-0.515388373229116	2.22813873961895
36587	5	4.49633610161212	7.22227650219834	-0.503663898387885	2.22227650219834
36588	5	4.42598925256473	6.06741573033708	-0.574010747435271	1.06741573033708
36589	5	4.6428920371275	5.56326331216414	-0.357107962872496	0.563263312164143
36590	5	4.8304836345872	5.64533463605276	-0.169516365412799	0.64533463605276
36591	5	4.76599902296043	5.6218856863703	-0.23400097703957	0.621885686370298
36592	5	4.55495847581827	6.04982901807523	-0.44504152418173	1.04982901807523
36593	5	4.57254518808012	6.03224230581339	-0.427454811919883	1.03224230581339
36594	5	4.70737664875427	6.15534929164631	-0.292623351245726	1.15534929164631
36595	5	4.71323888617489	5.6980947728383	-0.28676111382511	0.698094772838299
36596	5	4.77186126038105	5.63947239863214	-0.228138739618955	0.639472398632145
36597	5	4.88910600879336	5.72154372252076	-0.110893991206644	0.721543722520762
36598	5	4.76599902296043	5.66292134831461	-0.23400097703957	0.662921348314606
36599	5	4.87151929653151	6.43673668783586	-0.12848070346849	1.43673668783586
36600	5	4.68392769907181	6.02051783097215	-0.316072300928187	1.02051783097215
36601	5	4.95359062042013	6.65363947239863	-0.046409379579873	1.65363947239863
36602	5	4.60771861260381	7.04054714215926	-0.392281387396189	2.04054714215926
36607	6	5.1704934049829	6.35466536394724	-0.829506595017098	0.354665363947239
36608	6	4.87151929653151	6.13190034196385	-1.12848070346849	0.131900341963849
36609	6	4.84807034684905	6.17293600390816	-1.15192965315095	0.172936003908158
36610	6	4.74841231069858	6.10845139228139	-1.25158768930142	0.108451392281387
36611	6	4.59599413776258	6.26673180263801	-1.40400586223742	0.266731802638007
36612	3	3.70493404982902	5.20566682950659	0.704934049829018	2.20566682950659
36613	3	2.20420127015144	3.67562286272594	-0.795798729848559	0.67562286272594
36614	3	1.93453834880313	3.45285784074255	-1.06546165119687	0.45285784074255
36615	3	3.32975085490962	4.53150952613581	0.329750854909624	1.53150952613581
36616	3	2.10454323400098	3.59941377625794	-0.895456765999023	0.599413776257938
36618	3	2.13385442110405	3.74596971177333	-0.866145578895945	0.745969711773327
36619	3	2.0752320468979	3.46458231558378	-0.9247679531021	0.464582315583781
36620	3	2.06936980947728	3.34147532975086	-0.930630190522716	0.341475329750855
36621	3	1.89350268685882	3.32975085490962	-1.10649731314118	0.329750854909624
36622	3	1.69418661455789	3.42354665363947	-1.30581338544211	0.423546653639472
36623	5	4.84807034684905	6.37225207620909	-0.151929653150953	1.37225207620909
36624	5	4.39667806546165	6.10258915486077	-0.603321934538349	1.10258915486077
36625	5	4.59599413776258	6.29018075232047	-0.404005862237421	1.29018075232047
36626	5	4.47874938935027	6.20224719101124	-0.521250610649732	1.20224719101124
36627	5	4.7542745481192	6.29018075232047	-0.245725451880801	1.29018075232047
36628	5	4.54909623839765	6.41328773815339	-0.450903761602345	1.41328773815339
36629	5	3.86907669760625	5.25842696629213	-1.13092330239375	0.258426966292134
36630	5	3.98632144601856	5.25842696629213	-1.01367855398144	0.258426966292134
36631	6	3.63458720078163	5.47532975085491	-2.36541279921837	-0.524670249145091
36632	6	3.47630679042501	5.19980459208598	-2.52369320957499	-0.80019540791402
36633	6	5.38739618954568	6.73571079628725	-0.612603810454323	0.73571079628725
36634	3	3.71665852467025	5.30532486565706	0.716658524670249	2.30532486565706
36635	3	3.03077674645823	4.58426966292135	0.0307767464582316	1.58426966292135
36636	6	5.19394235466536	7.12848070346849	-0.806057645334636	1.12848070346849
36637	6	5.30532486565706	7.21641426477772	-0.694675134342941	1.21641426477772
36638	6	5.3580850024426	6.91157791890572	-0.641914997557401	0.911577918905715
36639	5	4.48461162677088	6.16707376648754	-0.515388373229116	1.16707376648754
36640	5	4.29115779189057	6.05569125549585	-0.708842208109429	1.05569125549585
36641	5	5.5867122618466	7.52125061064973	0.586712261846604	2.52125061064973
36642	5	4.51392281387396	6.49535906204201	-0.486077186126038	1.49535906204201
36643	5	5.2818759159746	7.1695163654128	0.281875915974597	2.1695163654128
36644	5	5.42843185148998	7.23400097703957	0.428431851489985	2.23400097703957
36645	5	3.75183194919394	5.53981436248168	-1.24816805080606	0.53981436248168
36648	7	4.60185637518319	6.63605276013678	-2.39814362481681	-0.363947239863215
36649	7	4.27943331704934	7.84367366878359	-2.72056668295066	0.843673668783586
36650	7	4.81289692232535	6.63019052271617	-2.18710307767465	-0.36980947728383
36651	5	4.80117244748412	5.90913531998046	-0.198827552515877	0.909135319980459
36652	5	4.6780654616512	5.90913531998046	-0.321934538348803	0.909135319980459
36653	5	4.85393258426966	6.26673180263801	-0.146067415730338	1.26673180263801
36654	5	4.85979482169028	6.29018075232047	-0.140205178309722	1.29018075232047
36655	5	4.9066927210552	6.41914997557401	-0.0933072789447973	1.41914997557401
36656	5	4.92427943331705	6.39570102589155	-0.0757205666829508	1.39570102589155
36657	5	4.78944797264289	6.21983390327308	-0.210552027357108	1.21983390327308
36658	5	4.74255007327797	6.24328285295554	-0.257449926722033	1.24328285295554
36659	5	4.55495847581827	5.95603321934538	-0.44504152418173	0.956033219345383
36660	3	2.98974108451392	4.54323400097704	-0.0102589154860775	1.54323400097704
36661	3	2.80214948705423	4.67220322423058	-0.197850512945775	1.67220322423058
36662	3	2.97801660967269	4.74255007327797	-0.0219833903273083	1.74255007327797
36663	3	2.71421592574499	4.32046897899365	-0.285784074255008	1.32046897899365
36664	3	2.92525647288715	4.84807034684905	-0.0747435271128483	1.84807034684905
36665	3	3.18319491939424	4.68392769907181	0.183194919394235	1.68392769907181
36666	3	3.03077674645823	4.6780654616512	0.0307767464582316	1.6780654616512
36667	3	2.65559355153884	4.34978016609673	-0.344406448461163	1.34978016609673
36668	3	3.91597459697118	5.3580850024426	0.915974596971177	2.3580850024426
36669	3	3.03663898387885	4.9066927210552	0.0366389838788468	1.9066927210552
36670	3	4.09184171958964	5.22911577918906	1.09184171958964	2.22911577918906
36671	3	3.49389350268686	4.88324377137274	0.493893502686859	1.88324377137274
36672	3	2.52076209086468	4.87151929653151	-0.47923790913532	1.87151929653151
36673	3	2.94870542256961	4.9066927210552	-0.0512945774303861	1.9066927210552
36674	3	2.93698094772838	5.00635075720567	-0.063019052271617	2.00635075720567
36675	5	4.68392769907181	7.52711284807035	-0.316072300928187	2.52711284807035
36676	4	4.32633121641426	5.92085979482169	0.326331216414265	1.92085979482169
36677	5	4.23253541768442	5.61016121152907	-0.767464582315584	0.610161211529067
36678	4	3.91011235955056	5.29946262823644	-0.0898876404494384	1.29946262823644
36679	4	3.44699560332193	5.53981436248168	-0.553004396678066	1.53981436248168
36680	4	3.84562774792379	5.25256472887152	-0.154372252076209	1.25256472887152
36681	4	4.19736199316072	5.40498290180752	0.197361993160722	1.40498290180752
36682	4	3.6990718124084	5.1704934049829	-0.300928187591598	1.1704934049829
36683	4	3.84562774792379	5.27601367855398	-0.154372252076209	1.27601367855398
36684	4	4.08597948216903	5.68637029799707	0.0859794821690274	1.68637029799707
36685	4	3.88080117244748	5.32291157791891	-0.119198827552516	1.32291157791891
36686	4	3.99218368343918	5.19394235466536	-0.00781631656082071	1.19394235466536
36687	5	4.12701514411334	5.38739618954568	-0.872984855886664	0.387396189545677
36688	5	4.09770395701026	5.3580850024426	-0.902296042989741	0.358085002442599
36689	3	3.80459208597948	4.9418661455789	0.804592085979482	1.9418661455789
36690	3	3.91011235955056	4.89496824621397	0.910112359550562	1.89496824621397
36691	3	3.85148998534441	4.84220810942843	0.851489985344406	1.84220810942843
36692	3	3.92183683439179	4.91841719589643	0.921836834391793	1.91841719589643
36693	3	3.76941866145579	5.02979970688813	0.769418661455789	2.02979970688813
36694	2	3.98632144601856	5.05911089399121	1.98632144601856	3.05911089399121
36695	2	3.98632144601856	5.25256472887152	1.98632144601856	3.25256472887152
36696	2	4.10356619443087	5.24084025403029	2.10356619443087	3.24084025403029
36697	5	3.57010258915486	5.63947239863214	-1.42989741084514	0.639472398632145
36698	5	3.85735222276502	5.13531998045921	-1.14264777723498	0.135319980459208
36699	5	3.68734733756717	5.66292134831461	-1.31265266243283	0.662921348314606
36700	5	3.80459208597948	5.70981924767953	-1.19540791402052	0.709819247679531
36701	5	3.55251587689301	5.38153395212506	-1.44748412310699	0.381533952125061
36702	5	3.6228627259404	5.78016609672692	-1.3771372740596	0.780166096726918
36704	5	3.99218368343918	6.67122618466048	-1.00781631656082	1.67122618466048
36705	5	4.84807034684905	7.28676111382511	-0.151929653150953	2.28676111382511
36706	4	4.80117244748412	6.64777723497802	0.801172447484123	2.64777723497802
36708	5	4.25598436736688	5.76844162188569	-0.744015632633122	0.768441621885686
36709	5	4.63702979970689	6.26673180263801	-0.362970200293112	1.26673180263801
36710	5	4.57840742550073	5.90913531998046	-0.421592574499267	0.909135319980459
36711	5	4.46702491450904	5.82120175867123	-0.532975085490962	0.821201758671226
36712	5	4.47288715192965	5.8505129457743	-0.527112848070347	0.850512945774303
36713	3	3.66976062530532	5.22911577918906	0.669760625305325	2.22911577918906
36714	5	4.53737176355642	5.93844650708354	-0.462628236443576	0.938446507083537
36715	5	4.69565217391304	6.03224230581339	-0.304347826086957	1.03224230581339
36716	5	4.85393258426966	6.17293600390816	-0.146067415730338	1.17293600390816
36717	5	4.61358085002443	6.03224230581339	-0.386419149975574	1.03224230581339
36718	5	4.73082559843674	6.37225207620909	-0.269174401563263	1.37225207620909
36719	5	4.70737664875427	6.36052760136786	-0.292623351245726	1.36052760136786
36720	5	4.32633121641426	5.58085002442599	-0.673668783585735	0.580850024425989
36721	5	4.67220322423058	6.27259404005862	-0.327796775769419	1.27259404005862
36722	5	4.70151441133366	6.3781143136297	-0.298485588666341	1.3781143136297
36723	5	4.73082559843674	6.49535906204201	-0.269174401563263	1.49535906204201
36724	6	3.55837811431363	6.38397655105032	-2.44162188568637	0.383976551050317
36725	5	2.71421592574499	6.114313629702	-2.28578407425501	1.114313629702
36726	5	3.71665852467025	5.56326331216414	-1.28334147532975	0.563263312164143
36727	5	3.71079628724963	5.83878847093307	-1.28920371275037	0.838788470933073
36728	5	3.71665852467025	5.81533952125061	-1.28334147532975	0.81533952125061
36729	5	3.85735222276502	5.76257938446507	-1.14264777723498	0.762579384465071
36730	5	4.3028822667318	5.92672203224231	-0.697117733268198	0.926722032242306
36731	5	4.61358085002443	5.92672203224231	-0.386419149975574	0.926722032242306
36732	3	3.18319491939424	4.71910112359551	0.183194919394235	1.71910112359551
36733	3	2.68490473864192	4.55495847581827	-0.315095261358085	1.55495847581827
36734	3	2.23937469467513	4.30874450415242	-0.760625305324866	1.30874450415242
36735	3	2.52076209086468	4.32046897899365	-0.47923790913532	1.32046897899365
36736	3	3.27699071812408	4.64875427454812	0.276990718124084	1.64875427454812
36737	3	1.91695163654128	3.98045920859795	-1.08304836345872	0.980459208597948
36738	3	1.89350268685882	4.22081094284319	-1.10649731314118	1.22081094284319
36739	3	2.87835857352223	4.60185637518319	-0.121641426477773	1.60185637518319
36740	3	2.19247679531021	4.38495359062042	-0.80752320468979	1.38495359062042
36741	3	2.69076697606253	4.74841231069858	-0.30923302393747	1.74841231069858
36742	3	2.89008304836346	4.5666829506595	-0.109916951636541	1.5666829506595
36743	3	2.56179775280899	4.49633610161212	-0.438202247191011	1.49633610161212
36744	3	2.7552515876893	4.34978016609673	-0.244748412310699	1.34978016609673
36745	5	3.90425012212995	6.36052760136786	-1.09574987787005	1.36052760136786
36746	5	3.95701025891549	6.08500244259892	-1.04298974108451	1.08500244259892
36747	0	2.73766487542745	4.71323888617489	2.73766487542745	4.71323888617489
36748	0	2.78456277479238	4.28529555446996	2.78456277479238	4.28529555446996
36749	0	1.76453346360528	4.27357107962872	1.76453346360528	4.27357107962872
36750	0	2.08109428431851	3.80459208597948	2.08109428431851	3.80459208597948
36751	0	2.36248168050806	3.76355642403517	2.36248168050806	3.76355642403517
36752	0	2.5266243282853	3.91011235955056	2.5266243282853	3.91011235955056
36753	0	2.72007816316561	4.0390815828041	2.72007816316561	4.0390815828041
36754	2	3.33561309233024	5.25842696629213	1.33561309233024	3.25842696629213
36755	2	1.70004885197851	4.3790913531998	-0.299951148021495	2.3790913531998
36756	2	1.40107474352711	2.98974108451392	-0.598925256472887	0.989741084513923
36757	3	3.75769418661456	5.75085490962384	0.757694186614558	2.75085490962384
36758	3	3.54079140205178	5.08255984367367	0.540791402051783	2.08255984367367
36759	3	3.97459697117733	5.55153883732291	0.974596971177332	2.55153883732291
36760	3	3.64631167562286	5.48705422569614	0.646311675622862	2.48705422569614
36761	3	4.2266731802638	6.06155349291646	1.2266731802638	3.06155349291646
36762	3	4.20322423058134	5.90327308255984	1.20322423058134	2.90327308255984
36766	0	1.45383488031265	2.866634098681	1.45383488031265	2.866634098681
36771	0	1.3952125061065	2.88422081094284	1.3952125061065	2.88422081094284
36772	0	1.03761602344895	2.69662921348315	1.03761602344895	2.69662921348315
36773	2	2.97215437225208	5.25842696629213	0.972154372252076	3.25842696629213
36774	2	3.06008793356131	4.85393258426966	1.06008793356131	2.85393258426966
36775	2	3.9628724963361	5.89741084513923	1.9628724963361	3.89741084513923
36776	2	3.2066438690767	4.96531509526136	1.2066438690767	2.96531509526136
36777	2	1.87005373717636	4.02149487054226	-0.129946262823645	2.02149487054226
36778	2	2.34489496824621	4.27357107962872	0.344894968246214	2.27357107962872
36779	2	1.84660478749389	3.55251587689301	-0.153395212506107	1.55251587689301
36780	2	1.84660478749389	4.10942843185149	-0.153395212506107	2.10942843185149
36781	2	2.25696140693698	4.51392281387396	0.256961406936981	2.51392281387396
36782	2	2.20420127015144	4.04494382022472	0.204201270151441	2.04494382022472
36783	2	2.38593063019052	4.1504640937958	0.385930630190523	2.1504640937958
36784	2	2.85490962383977	4.57254518808012	0.854909623839765	2.57254518808012
36785	2	3.15388373229116	5.05911089399121	1.15388373229116	3.05911089399121
36786	2	3.08939912066439	4.65461651196873	1.08939912066439	2.65461651196873
36787	2	2.55593551538837	4.69565217391304	0.555935515388373	2.69565217391304
36788	2	2.23351245725452	3.92769907181241	0.233512457254519	1.92769907181241
36789	2	2.73180263800684	4.28529555446996	0.731802638006839	2.28529555446996
36790	2	2.37420615534929	4.05666829506595	0.374206155349292	2.05666829506595
36791	5	4.74841231069858	6.24914509037616	-0.251587689301417	1.24914509037616
36792	5	4.00390815828041	5.74499267220322	-0.99609184171959	0.744992672203225
36793	5	3.86907669760625	5.21739130434783	-1.13092330239375	0.217391304347826
36794	5	3.89838788470933	5.19980459208598	-1.10161211529067	0.19980459208598
36795	5	3.94528578407426	5.45188080117245	-1.05471421592574	0.451880801172448
36796	5	3.9628724963361	5.41670737664875	-1.0371275036639	0.416707376648754
36797	5	3.42354665363947	5.18808011724475	-1.57645334636053	0.188080117244748
36798	5	3.84562774792379	5.52222765021983	-1.15437225207621	0.522227650219834
36799	5	3.80459208597948	5.36980947728383	-1.19540791402052	0.36980947728383
36800	5	3.38837322911578	5.26428920371275	-1.61162677088422	0.26428920371275
36801	5	3.85148998534441	5.42256961406937	-1.14851001465559	0.42256961406937
36802	4	3.98045920859795	5.46360527601368	-0.019540791402052	1.46360527601368
36803	5	3.82804103566194	5.11187103077675	-1.17195896433806	0.111871030776746
36804	5	4.27943331704934	5.65705911089399	-0.720566682950659	0.657059110893991
36805	3	3.79872984855887	5.42256961406937	0.798729848558867	2.42256961406937
36806	3	2.72594040058622	4.80117244748412	-0.274059599413776	1.80117244748412
36807	5	3.25354176844162	5.00048851978505	-1.74645823155838	0.000488519785051267
36808	5	3.2066438690767	4.72496336101612	-1.7933561309233	-0.275036638983879
36809	5	4.34978016609673	5.64533463605276	-0.650219833903273	0.64533463605276
36810	5	3.61113825109917	5.31118710307767	-1.38886174890083	0.311187103077675
36811	5	3.49389350268686	4.92427943331705	-1.50610649731314	-0.0757205666829508
36812	5	3.41182217879824	5.01221299462628	-1.58817782120176	0.0122129946262826
36813	5	3.41182217879824	4.89496824621397	-1.58817782120176	-0.105031753786029
36814	5	3.50561797752809	4.96531509526136	-1.49438202247191	-0.0346849047386417
36815	5	3.40595994137763	4.71910112359551	-1.59404005862237	-0.280898876404494
36816	5	3.66976062530532	5.33463605276014	-1.33023937469468	0.334636052760136
36817	5	3.67562286272594	5.00635075720567	-1.32437713727406	0.00635075720566647
36818	5	3.57010258915486	4.9418661455789	-1.42989741084514	-0.0581338544211043
36819	5	3.7342452369321	5.42843185148998	-1.2657547630679	0.428431851489985
36820	5	3.95701025891549	5.51636541279922	-1.04298974108451	0.516365412799218
36821	5	3.41768441621886	4.63702979970689	-1.58231558378114	-0.362970200293112
36822	5	3.30630190522716	4.55495847581827	-1.69369809477284	-0.44504152418173
36823	4	3.64044943820225	5.38153395212506	-0.359550561797753	1.38153395212506
36824	5	1.4714215925745	3.81631656082071	-3.5285784074255	-1.18368343917929
36825	5	3.32975085490962	4.90083048363459	-1.67024914509038	-0.0991695163654125
36826	5	3.58768930141671	5.12359550561798	-1.41231069858329	0.123595505617978
36827	2	3.55251587689301	4.67220322423058	1.55251587689301	2.67220322423058
36828	2	3.61113825109917	4.97703957010259	1.61113825109917	2.97703957010259
36829	2	3.51148021494871	4.73082559843674	1.51148021494871	2.73082559843674
36830	5	4.04494382022472	5.92672203224231	-0.955056179775281	0.926722032242306
36831	3	3.40595994137763	4.48461162677088	0.405959941377626	1.48461162677088
36832	3	3.69320957498779	4.80117244748412	0.693209574987787	1.80117244748412
36833	3	2.87835857352223	3.99804592085979	-0.121641426477773	0.998045920859795
36834	5	4.70151441133366	6.40742550073278	-0.298485588666341	1.40742550073278
36835	6	5.07669760625305	6.64777723497802	-0.923302393746947	0.647777234978016
36836	6	5.13531998045921	6.86468001954079	-0.864680019540792	0.864680019540791
36837	6	4.98876404494382	6.67708842208109	-1.01123595505618	0.677088422081094
36838	5	5.13531998045921	6.71226184660479	0.135319980459208	1.71226184660479
36839	6	5.19394235466536	6.95261358085002	-0.806057645334636	0.952613580850024
36840	6	4.93600390815828	6.74157303370786	-1.06399609184172	0.741573033707865
36841	5	4.60771861260381	5.83878847093307	-0.392281387396189	0.838788470933073
36842	5	4.45530043966781	5.78016609672692	-0.544699560332194	0.780166096726918
36843	5	4.63702979970689	7.26917440156326	-0.362970200293112	2.26917440156326
36844	6	5.34049829018075	6.57743038593063	-0.659501709819247	0.57743038593063
36845	6	5.16463116756229	6.74157303370786	-0.835368832437714	0.741573033707865
36847	5	4.73668783585735	6.24328285295554	-0.263312164142648	1.24328285295554
36848	5	4.84220810942843	6.55398143624817	-0.157791890571568	1.55398143624817
36849	6	4.84807034684905	6.60087933561309	-1.15192965315095	0.600879335613092
36850	5	4.17391304347826	6.36638983878847	-0.826086956521739	1.36638983878847
36851	5	3.88080117244748	6.30776746458232	-1.11919882755252	1.30776746458232
36852	5	3.98045920859795	6.27259404005862	-1.01954079140205	1.27259404005862
36853	5	4.06839276990718	6.4894968246214	-0.931607230092819	1.4894968246214
36854	5	3.75183194919394	6.26673180263801	-1.24816805080606	1.26673180263801
36855	5	4.24425989252565	6.13776257938447	-0.755740107474352	1.13776257938447
36856	5	4.27357107962872	6.25500732779678	-0.726428920371275	1.25500732779678
36857	5	3.65217391304348	5.99706888128969	-1.34782608695652	0.997068881289692
36858	5	3.83976551050318	6.04982901807523	-1.16023448949682	1.04982901807523
36859	2	1.56521739130435	3.75183194919394	-0.434782608695652	1.75183194919394
36860	0	2.47386419149976	4.46702491450904	2.47386419149976	4.46702491450904
36861	2	0.867611138251099	3.52906692721055	-1.1323888617489	1.52906692721055
36862	2	2.87249633610161	4.57254518808012	0.872496336101612	2.57254518808012
36863	2	1.7352222765022	3.9628724963361	-0.264777723497802	1.9628724963361
36864	2	2.5676599902296	4.16218856863703	0.567659990229604	2.16218856863703
36865	2	3.20078163165608	4.5666829506595	1.20078163165608	2.5666829506595
36866	2	2.45627747923791	4.33219345383488	0.456277479237909	2.33219345383488
36867	2	3.57596482657548	5.01221299462628	1.57596482657548	3.01221299462628
36868	2	3.2066438690767	4.9418661455789	1.2066438690767	2.9418661455789
36869	3	2.6790425012213	3.92769907181241	-0.320957498778701	0.927699071812408
36870	3	2.46213971665852	3.8104543234001	-0.537860283341475	0.810454323400098
36871	3	2.5676599902296	4.25598436736688	-0.432340009770396	1.25598436736688
36872	3	2.42110405471422	3.98632144601856	-0.578895945285784	0.986321446018564
36873	3	2.56179775280899	3.89838788470933	-0.438202247191011	0.898387884709331
36874	3	2.72594040058622	4.17977528089888	-0.274059599413776	1.17977528089888
36875	3	2.88422081094284	3.92183683439179	-0.115779189057157	0.921836834391793
36876	3	2.83732291157792	4.6780654616512	-0.162677088422081	1.6780654616512
36877	3	2.81387396189546	4.35564240351734	-0.186126038104543	1.35564240351734
36878	3	3.11871030776746	4.94772838299951	0.118710307767464	1.94772838299951
36879	3	2.29213483146067	4.51392281387396	-0.707865168539326	1.51392281387396
36880	3	2.98387884709331	4.67220322423058	-0.0161211529066927	1.67220322423058
36881	7	4.05080605764533	6.18466047874939	-2.94919394235467	-0.81533952125061
36882	5	5.68050806057645	7.93160723009282	0.680508060576453	2.93160723009282
36884	5	4.3028822667318	5.89154860771861	-0.697117733268198	0.891548607718613
36885	5	4.32633121641426	6.33707865168539	-0.673668783585735	1.33707865168539
36886	5	4.61944308744504	8.43575964826575	-0.380556912554958	3.43575964826575
36887	5	4.3790913531998	6.33121641426478	-0.620908646800196	1.33121641426478
36889	5	4.23839765510503	5.99706888128969	-0.761602344894968	0.997068881289692
36900	4	3.74596971177333	6.12017586712262	-0.254030288226673	2.12017586712262
36902	5	4.3380556912555	6.72398632144602	-0.661944308744504	1.72398632144602
36903	5	3.99218368343918	6.60674157303371	-1.00781631656082	1.60674157303371
36904	5	4.0390815828041	6.17879824132877	-0.960918417195897	1.17879824132877
36905	5	3.99218368343918	6.60674157303371	-1.00781631656082	1.60674157303371
36917	3	3.89838788470933	6.06741573033708	0.898387884709331	3.06741573033708
36918	3	3.67562286272594	5.78602833414753	0.67562286272594	2.78602833414753
36920	3	3.53492916463117	7.71470444553004	0.534929164631167	4.71470444553004
36921	3	1.67659990229604	7.04054714215926	-1.32340009770396	4.04054714215926
36922	3	4.44943820224719	7.63263312164143	1.44943820224719	4.63263312164143
36924	3	3.53492916463117	7.71470444553004	0.534929164631167	4.71470444553004
36925	3	3.78700537371764	4.93014167073766	0.787005373717635	1.93014167073766
36928	3	4.88324377137274	6.038104543234	1.88324377137274	3.038104543234
36929	3	4.66634098680997	5.75085490962384	1.66634098680997	2.75085490962384
36931	2	3.67562286272594	5.58085002442599	1.67562286272594	3.58085002442599
36932	2	3.61113825109917	5.38739618954568	1.61113825109917	3.38739618954568
36933	2	3.25354176844162	5.29360039081583	1.25354176844162	3.29360039081583
36934	2	2.866634098681	4.96531509526136	0.866634098680997	2.96531509526136
36935	2	3.66976062530532	5.63947239863214	1.66976062530532	3.63947239863214
36936	2	1.78798241328774	3.97459697117733	-0.212017586712262	1.97459697117733
36937	2	3.32975085490962	5.66292134831461	1.32975085490962	3.66292134831461
36938	2	2.64973131411822	4.90083048363459	0.649731314118222	2.90083048363459
36939	2	3.02491450903762	5.29946262823644	1.02491450903762	3.29946262823644
36940	2	2.49731314118222	4.80117244748412	0.497313141182218	2.80117244748412
36941	2	0.369320957498779	5.15290669272106	-1.63067904250122	3.15290669272106
36942	2	1.46555935515388	5.13531998045921	-0.534440644846116	3.13531998045921
36943	5	4.4142647777235	6.21397166585247	-0.585735222276503	1.21397166585247
36944	5	3.39423546653639	5.83878847093307	-1.60576453346361	0.838788470933073
36946	5	3.23009281875916	5.75085490962384	-1.76990718124084	0.75085490962384
36947	5	3.26526624328285	5.72740595994138	-1.73473375671715	0.727405959941377
36948	5	3.56424035173425	5.7743038593063	-1.43575964826575	0.774303859306301
36949	3	2.73766487542745	4.81875915974597	-0.262335124572545	1.81875915974597
36950	3	2.67318026380068	4.47288715192965	-0.326819736199316	1.47288715192965
36951	3	2.93698094772838	4.85393258426966	-0.063019052271617	1.85393258426966
36952	3	2.84318514899853	4.34391792867611	-0.156814851001466	1.34391792867611
36953	3	2.87249633610161	4.32046897899365	-0.127503663898388	1.32046897899365
36954	3	2.89008304836346	4.2266731802638	-0.109916951636541	1.2266731802638
36955	3	4.2266731802638	6.07327796775769	1.2266731802638	3.07327796775769
36956	3	4.04494382022472	5.70395701025892	1.04494382022472	2.70395701025892
36957	3	4.31460674157303	5.93844650708354	1.31460674157303	2.93844650708354
36958	3	2.57938446507084	4.15632633121641	-0.420615534929165	1.15632633121641
36959	3	2.99560332193454	4.6780654616512	-0.00439667806546185	1.6780654616512
36960	3	2.67318026380068	4.31460674157303	-0.326819736199316	1.31460674157303
36961	3	3.98632144601856	5.71568148510015	0.986321446018564	2.71568148510015
36962	3	3.93942354665364	5.59257449926722	0.939423546653639	2.59257449926722
36963	3	4.13287738153395	5.68050806057645	1.13287738153395	2.68050806057645
36964	3	4.20322423058134	5.91499755740107	1.20322423058134	2.91499755740107
36965	3	4.05080605764533	5.5456765999023	1.05080605764533	2.5456765999023
36966	3	3.93356130923302	5.76844162188569	0.933561309233024	2.76844162188569
36967	3	2.89594528578407	4.54909623839765	-0.104054714215926	1.54909623839765
36968	3	4.20322423058134	5.71568148510015	1.20322423058134	2.71568148510015
36969	3	3.95701025891549	5.3580850024426	0.957010258915486	2.3580850024426
36970	3	2.95456765999023	4.57840742550073	-0.0454323400097705	1.57840742550073
36971	3	2.77283829995115	4.43771372740596	-0.227161700048852	1.43771372740596
36972	3	3.05422569614069	4.66047874938935	0.0542256961406937	1.66047874938935
36973	3	2.80801172447484	4.29702002931119	-0.191988275525159	1.29702002931119
36974	3	4.13287738153395	5.80947728383	1.13287738153395	2.80947728383
36975	3	2.03419638495359	4.17977528089888	-0.96580361504641	1.17977528089888
36976	3	2.6790425012213	4.35564240351734	-0.320957498778701	1.35564240351734
36977	3	2.77283829995115	4.42012701514411	-0.227161700048852	1.42012701514411
36978	3	2.52076209086468	3.85148998534441	-0.47923790913532	0.851489985344406
36979	3	2.68490473864192	4.16805080605765	-0.315095261358085	1.16805080605765
36980	3	2.67318026380068	4.32046897899365	-0.326819736199316	1.32046897899365
36981	3	2.76111382510992	4.29115779189057	-0.238886174890083	1.29115779189057
36982	3	2.6790425012213	4.17977528089888	-0.320957498778701	1.17977528089888
36983	3	2.95456765999023	4.34391792867611	-0.0454323400097705	1.34391792867611
36984	3	3.06008793356131	4.44943820224719	0.0600879335613094	1.44943820224719
36985	3	2.89008304836346	4.40254030288227	-0.109916951636541	1.40254030288227
36986	3	3.11284807034685	4.61358085002443	0.112848070346849	1.61358085002443
36987	3	2.61455788959453	4.44943820224719	-0.385442110405472	1.44943820224719
36988	3	2.72594040058622	4.40254030288227	-0.274059599413776	1.40254030288227
36989	3	4.00390815828041	5.63947239863214	1.00390815828041	2.63947239863214
36990	3	2.70835368832438	4.45530043966781	-0.291646311675623	1.45530043966781
36991	3	2.77283829995115	4.36150464093796	-0.227161700048852	1.36150464093796
36992	3	3.4352711284807	4.93600390815828	0.435271128480704	1.93600390815828
36993	3	4.12115290669272	5.70395701025892	1.12115290669272	2.70395701025892
36994	3	2.59110893991207	4.13873961895457	-0.408891060087933	1.13873961895457
36995	3	2.59110893991207	4.16218856863703	-0.408891060087933	1.16218856863703
36996	3	2.50903761602345	4.3790913531998	-0.490962383976551	1.3790913531998
36997	3	2.5676599902296	4.06253053248657	-0.432340009770396	1.06253053248657
36998	3	2.69076697606253	4.17391304347826	-0.30923302393747	1.17391304347826
36999	3	2.92525647288715	4.52564728871519	-0.0747435271128483	1.52564728871519
37000	3	2.71421592574499	4.10942843185149	-0.285784074255008	1.10942843185149
37001	3	3.9628724963361	5.46946751343429	0.962872496336102	2.46946751343429
37002	6	5.19980459208598	6.82364435759648	-0.80019540791402	0.823644357596482
37008	0	1.57694186614558	3.72252076209086	1.57694186614558	3.72252076209086
37011	0	1.87591597459697	4.42012701514411	1.87591597459697	4.42012701514411
37013	0	2.84318514899853	4.52564728871519	2.84318514899853	4.52564728871519
37014	0	1.0200293111871	4.17977528089888	1.0200293111871	4.17977528089888
37017	0	2.87835857352223	4.60185637518319	2.87835857352223	4.60185637518319
37020	0	1.27210552027357	4.02735710796287	1.27210552027357	4.02735710796287
37021	0	1.67659990229604	4.03321934538349	1.67659990229604	4.03321934538349
37025	0	1.78212017586712	4.61358085002443	1.78212017586712	4.61358085002443
37026	6	4.76013678553981	6.38397655105032	-1.23986321446019	0.383976551050317
37028	5	4.71910112359551	6.80605764533464	-0.280898876404494	1.80605764533464
37029	2	1.36590131900342	3.16560820713239	-0.63409868099658	1.16560820713239
37030	2	2.18075232046898	3.83976551050318	0.180752320468979	1.83976551050318
37031	2	1.53004396678065	3.61113825109917	-0.469956033219345	1.61113825109917
37032	2	1.30141670737665	3.75769418661456	-0.698583292623351	1.75769418661456
37035	2	1.97557401074744	3.6990718124084	-0.0244259892525647	1.6990718124084
37036	2	1.23693209574988	3.34733756717147	-0.763067904250122	1.34733756717147
37037	2	1.51245725451881	3.54079140205178	-0.487542745481192	1.54079140205178
37038	2	1.57107962872496	3.24181729360039	-0.428920371275037	1.24181729360039
37039	2	2.62628236443576	4.46702491450904	0.62628236443576	2.46702491450904
37041	2	1.82901807523205	4.39081582804104	-0.170981924767953	2.39081582804104
37042	2	1.85832926233512	3.40595994137763	-0.141670737664875	1.40595994137763
37043	2	2.79042501221299	4.50219833903273	0.790425012212995	2.50219833903273
37044	2	1.36590131900342	2.98387884709331	-0.63409868099658	0.983878847093307
37045	2	1.02589154860772	3.20078163165608	-0.974108451392282	1.20078163165608
37046	2	1.46555935515388	3.16560820713239	-0.534440644846116	1.16560820713239
37047	2	1.85832926233512	3.61113825109917	-0.141670737664875	1.61113825109917
37048	2	1.45383488031265	3.41768441621886	-0.546165119687347	1.41768441621886
37049	2	2.29799706888129	4.36736687835857	0.29799706888129	2.36736687835857
37050	2	2.84904738641915	4.32633121641426	0.84904738641915	2.32633121641426
37051	5	3.76941866145579	5.02979970688813	-1.23058133854421	0.0297997068881291
37052	5	3.83390327308256	4.95945285784074	-1.16609672691744	-0.0405471421592578
37053	5	4.27357107962872	5.83292623351246	-0.726428920371275	0.832926233512457
37054	5	4.3380556912555	5.66878358573522	-0.661944308744504	0.668783585735222
37055	5	3.65803615046409	5.01221299462628	-1.34196384953591	0.0122129946262826
37056	5	4.09770395701026	5.25842696629213	-0.902296042989741	0.258426966292134
37057	5	3.90425012212995	5.17635564240352	-1.09574987787005	0.176355642403517
37058	5	3.99218368343918	5.31118710307767	-1.00781631656082	0.311187103077675
37059	5	4.54909623839765	5.78602833414753	-0.450903761602345	0.786028334147533
37060	5	4.92427943331705	5.86223742061553	-0.0757205666829508	0.862237420615535
37061	5	4.04494382022472	5.38739618954568	-0.955056179775281	0.387396189545677
37062	5	3.91597459697118	5.12945774303859	-1.08402540302882	0.129457743038593
37063	5	4.36150464093796	5.79775280898876	-0.638495359062042	0.797752808988764
37064	5	4.0742550073278	5.21739130434783	-0.925744992672203	0.217391304347826
37065	5	4.31460674157303	5.48119198827553	-0.685393258426966	0.481191988275525
37066	5	4.34978016609673	5.76257938446507	-0.650219833903273	0.762579384465071
37067	5	4.39667806546165	5.80361504640938	-0.603321934538349	0.803615046409379
37068	3	3.76941866145579	4.93600390815828	0.769418661455789	1.93600390815828
37069	2	2.47386419149976	3.99218368343918	0.473864191499755	1.99218368343918
37070	2	1.64142647777235	2.96629213483146	-0.35857352222765	0.966292134831461
37071	2	2.89008304836346	4.36150464093796	0.890083048363459	2.36150464093796
37072	2	2.78456277479238	4.58426966292135	0.784562774792379	2.58426966292135
37073	2	2.55593551538837	4.06253053248657	0.555935515388373	2.06253053248657
37074	2	3.55837811431363	5.75085490962384	1.55837811431363	3.75085490962384
37075	2	3.52906692721055	5.48705422569614	1.52906692721055	3.48705422569614
37076	2	2.7552515876893	4.27943331704934	0.755251587689301	2.27943331704934
37077	2	2.21592574499267	3.74010747435271	0.215925744992672	1.74010747435271
37078	2	2.61455788959453	3.9628724963361	0.614557889594528	1.9628724963361
37079	2	2.866634098681	4.71323888617489	0.866634098680997	2.71323888617489
37080	2	3.34733756717147	5.33463605276014	1.34733756717147	3.33463605276014
37081	3	3.72252076209086	5.08255984367367	0.722520762090864	2.08255984367367
37082	3	2.57352222765022	4.30874450415242	-0.42647777234978	1.30874450415242
37083	3	2.42110405471422	4.20908646800195	-0.578895945285784	1.20908646800195
37084	2	3.10112359550562	4.85393258426966	1.10112359550562	2.85393258426966
37085	2	2.49731314118222	4.17977528089888	0.497313141182218	2.17977528089888
37086	2	2.15730337078652	3.89838788470933	0.157303370786517	1.89838788470933
37087	2	2.67318026380068	4.10942843185149	0.673180263800684	2.10942843185149
37088	2	2.50317537860283	4.32633121641426	0.503175378602833	2.32633121641426
37089	4	2.33317049340498	3.74010747435271	-1.66682950659502	-0.259892525647289
37090	4	3.9628724963361	5.49291646311676	-0.0371275036638985	1.49291646311676
37091	4	4.0742550073278	5.34636052760137	0.074255007327797	1.34636052760137
37092	4	2.25696140693698	3.42940889106009	-1.74303859306302	-0.570591108939912
37093	6	4.79531021006351	6.74157303370786	-1.20468978993649	0.741573033707865
37094	5	4.61944308744504	6.06155349291646	-0.380556912554958	1.06155349291646
37095	5	4.44357596482658	5.82706399609184	-0.556424035173425	0.827063996091842
37096	5	4.27357107962872	5.885686370298	-0.726428920371275	0.885686370297996
37097	5	4.12115290669272	5.38153395212506	-0.878847093307279	0.381533952125061
37098	0	1.61797752808989	2.83732291157792	1.61797752808989	2.83732291157792
37099	0	1.74694675134343	2.98387884709331	1.74694675134343	2.98387884709331
37100	0	1.49487054225696	2.67318026380068	1.49487054225696	2.67318026380068
37101	0	0.961406936980948	2.05178309721544	0.961406936980948	2.05178309721544
37102	0	0.902784562774792	1.98143624816805	0.902784562774792	1.98143624816805
37103	0	0.978993649242794	2.04592085979482	0.978993649242794	2.04592085979482
37104	0	0.902784562774792	2.00488519785051	0.902784562774792	2.00488519785051
37105	0	0.949682462139717	2.08695652173913	0.949682462139717	2.08695652173913
37106	0	0.650708353688324	1.77625793844651	0.650708353688324	1.77625793844651
37107	0	1.04347826086957	2.10454323400098	1.04347826086957	2.10454323400098
37109	3	2.49731314118222	4.63116756228627	-0.502686858817782	1.63116756228627
37110	3	1.95212506106497	4.00390815828041	-1.04787493893503	1.00390815828041
37111	3	2.21592574499267	3.70493404982902	-0.784074255007328	0.704934049829018
37112	3	1.69418661455789	4.02735710796287	-1.30581338544211	1.02735710796287
37113	3	2.01074743527113	3.7342452369321	-0.989252564728872	0.734245236932096
37114	3	2.35661944308745	3.98632144601856	-0.643380556912555	0.986321446018564
37115	3	1.89350268685882	3.63458720078163	-1.10649731314118	0.634587200781632
37116	3	1.75867122618466	3.61700048851979	-1.24132877381534	0.617000488519785
37117	3	2.12799218368344	4.05666829506595	-0.872007816316561	1.05666829506595
37118	3	1.3600390815828	3.21250610649731	-1.6399609184172	0.212506106497313
37119	3	2.91939423546654	4.42598925256473	-0.0806057645334635	1.42598925256473
37120	3	1.77625793844651	3.55251587689301	-1.22374206155349	0.552515876893014
37121	3	1.71763556424035	4.05080605764533	-1.28236443575965	1.05080605764533
37122	3	1.58866634098681	3.47630679042501	-1.41133365901319	0.476306790425012
37123	3	2.49731314118222	4.0742550073278	-0.502686858817782	1.0742550073278
37124	3	1.77039570102589	3.71079628724963	-1.22960429897411	0.710796287249634
37125	3	2.42696629213483	4.05666829506595	-0.573033707865169	1.05666829506595
37126	3	1.95212506106497	3.83976551050318	-1.04787493893503	0.839765510503175
37127	3	3.08353688324377	4.55495847581827	0.0835368832437711	1.55495847581827
37128	3	2.13385442110405	3.8104543234001	-0.866145578895945	0.810454323400098
37129	3	1.90522716170005	3.6990718124084	-1.09477283829995	0.699071812408402
37130	3	1.70591108939912	3.54079140205178	-1.29408891060088	0.540791402051783
37131	3	2.06936980947728	3.85735222276502	-0.930630190522716	0.857352222765022
37132	3	1.68246213971666	3.44699560332193	-1.31753786028334	0.446995603321934
37133	3	2.11626770884221	3.7752808988764	-0.883732291157792	0.775280898876404
37134	3	2.03419638495359	3.83390327308256	-0.96580361504641	0.83390327308256
37135	3	2.93111871030777	4.91841719589643	-0.0688812896922326	1.91841719589643
37136	3	2.28627259404006	4.16805080605765	-0.713727405959942	1.16805080605765
37137	3	1.76453346360528	3.78114313629702	-1.23546653639472	0.78114313629702
37138	3	2.39179286761114	4.18563751831949	-0.608207132388862	1.18563751831949
37139	3	2.18075232046898	3.7342452369321	-0.819247679531021	0.734245236932096
37140	3	1.07278944797264	3.10112359550562	-1.92721055202736	0.101123595505618
37141	3	2.44455300439668	4.02735710796287	-0.555446995603322	1.02735710796287
37142	3	2.52076209086468	4.68978993649243	-0.47923790913532	1.68978993649243
37143	3	2.19833903273083	4.0742550073278	-0.801660967269175	1.0742550073278
37144	3	1.6238397655105	3.37078651685393	-1.3761602344895	0.370786516853932
37145	3	1.7352222765022	3.60527601367855	-1.2647777234978	0.605276013678554
37146	3	1.74694675134343	3.56424035173425	-1.25305324865657	0.564240351734245
37147	3	1.87591597459697	3.68734733756717	-1.12408402540303	0.687347337567171
37148	3	2.67318026380068	4.18563751831949	-0.326819736199316	1.18563751831949
37149	3	1.94040058622374	3.59355153883732	-1.05959941377626	0.593551538837323
37150	3	2.56179775280899	4.3790913531998	-0.438202247191011	1.3790913531998
37151	3	2.33317049340498	4.33219345383488	-0.666829506595017	1.33219345383488
37152	3	3.89252564728872	5.58085002442599	0.892525647288715	2.58085002442599
37153	3	2.95456765999023	4.53150952613581	-0.0454323400097705	1.53150952613581
37154	3	2.93698094772838	4.9829018075232	-0.063019052271617	1.9829018075232
37155	3	2.22178798241329	3.99218368343918	-0.778212017586712	0.992183683439179
37156	3	1.18417195896434	3.06008793356131	-1.81582804103566	0.0600879335613094
37157	3	1.64728871519297	4.27357107962872	-1.35271128480703	1.27357107962872
37158	3	1.89936492427943	4.19149975574011	-1.10063507572057	1.19149975574011
37159	3	2.1514411333659	4.38495359062042	-0.848558866634099	1.38495359062042
37160	1	2.50903761602345	4.53150952613581	1.50903761602345	3.53150952613581
37161	1	2.31558378114314	4.37322911577919	1.31558378114314	3.37322911577919
37162	1	2.26868588177821	4.36736687835857	1.26868588177821	3.36736687835857
37163	1	1.2838299951148	2.84318514899853	0.283829995114802	1.84318514899853
37164	1	2.22178798241329	3.7342452369321	1.22178798241329	2.7342452369321
37165	1	1.82901807523205	3.59355153883732	0.829018075232047	2.59355153883732
37166	1	2.3390327308256	4.33219345383488	1.3390327308256	3.33219345383488
37167	1	1.53004396678065	3.72252076209086	0.530043966780655	2.72252076209086
37168	1	2.82559843673669	4.95945285784074	1.82559843673669	3.95945285784074
37169	1	2.78456277479238	4.39667806546165	1.78456277479238	3.39667806546165
37170	1	2.35661944308745	4.33219345383488	1.35661944308745	3.33219345383488
37171	1	1.70004885197851	4.33219345383488	0.700048851978505	3.33219345383488
37172	1	2.35075720566683	3.93942354665364	1.35075720566683	2.93942354665364
37173	1	2.49731314118222	4.57840742550073	1.49731314118222	3.57840742550073
37174	1	2.77870053737176	4.77186126038105	1.77870053737176	3.77186126038105
37175	1	1.34831460674157	2.84904738641915	0.348314606741573	1.84904738641915
37176	1	2.58524670249145	4.53150952613581	1.58524670249145	3.53150952613581
37177	1	1.84074255007328	3.55837811431363	0.840742550073278	2.55837811431363
37178	1	1.94626282364436	3.5466536394724	0.946262823644358	2.5466536394724
37179	1	3.14215925744993	5.02393746946751	2.14215925744993	4.02393746946751
37180	1	3.40009770395701	5.46946751343429	2.40009770395701	4.46946751343429
37181	1	3.6990718124084	5.22911577918906	2.6990718124084	4.22911577918906
37182	1	2.60869565217391	4.69565217391304	1.60869565217391	3.69565217391304
37183	1	2.25109916951637	4.06253053248657	1.25109916951637	3.06253053248657
37184	1	2.37420615534929	4.12115290669272	1.37420615534929	3.12115290669272
37186	5	3.79286761113825	6.63019052271617	-1.20713238886175	1.63019052271617
37187	3	2.38006839276991	4.55495847581827	-0.619931607230093	1.55495847581827
37188	3	3.29457743038593	4.32633121641426	0.294577430385931	1.32633121641426
37189	5	4.91255495847582	6.46018563751832	-0.0874450415241821	1.46018563751832
37190	5	4.64875427454812	6.33707865168539	-0.351245725451881	1.33707865168539
37191	5	4.80703468490474	6.60674157303371	-0.192965315095261	1.60674157303371
37192	5	5.08842208109428	6.29604298974108	0.0884220810942846	1.29604298974108
37193	5	4.47288715192965	6.15534929164631	-0.527112848070347	1.15534929164631
37194	6	4.77772349780166	6.16707376648754	-1.22227650219834	0.167073766487542
37195	6	4.66047874938935	6.038104543234	-1.33952125061065	0.0381045432340006
37196	5	4.78944797264289	6.54225696140694	-0.210552027357108	1.54225696140694
37197	5	5.03566194430874	6.29018075232047	0.0356619443087443	1.29018075232047
37198	5	5.25256472887152	6.7181240840254	0.252564728871519	1.7181240840254
37199	5	5.18221787982413	6.55984367366878	0.182217879824133	1.55984367366878
37200	5	5.19394235466536	6.78847093307279	0.193942354665364	1.78847093307279
37201	5	4.82462139716659	6.47191011235955	-0.175378602833415	1.47191011235955
37202	5	4.99462628236444	6.31362970200293	-0.00537371763556393	1.31362970200293
37203	5	4.03321934538349	6.00879335613092	-0.966780654616512	1.00879335613092
37204	6	4.51978505129458	6.41328773815339	-1.48021494870542	0.413287738153395
37205	5	4.70151441133366	6.26673180263801	-0.298485588666341	1.26673180263801
37206	5	5.0180752320469	6.57156814851001	0.0180752320468978	1.57156814851001
37207	5	5.03566194430874	6.65363947239863	0.0356619443087443	1.65363947239863
37208	6	5.4342940889106	6.72398632144602	-0.565705911089399	0.723986321446018
37209	5	4.71910112359551	6.28431851489985	-0.280898876404494	1.28431851489985
37210	5	4.50806057645335	5.96775769418661	-0.491939423546654	0.967757694186615
37211	5	4.52564728871519	5.93844650708354	-0.474352711284807	0.938446507083537
37212	5	4.4904738641915	5.92672203224231	-0.509526135808501	0.926722032242306
37213	5	4.79531021006351	6.32535417684416	-0.204689789936492	1.32535417684416
37214	5	4.55495847581827	6.038104543234	-0.44504152418173	1.038104543234
37215	3	3.25354176844162	4.44943820224719	0.253541768441622	1.44943820224719
37216	3	3.16560820713239	4.36150464093796	0.165608207132389	1.36150464093796
37217	3	3.55837811431363	5.14704445530044	0.558378114313629	2.14704445530044
37218	3	3.75769418661456	4.97117733268197	0.757694186614558	1.97117733268197
37219	3	3.83976551050318	5.0942843185149	0.839765510503175	2.0942843185149
37220	3	3.8866634098681	5.25842696629213	0.886663409868099	2.25842696629213
37221	3	3.49389350268686	4.63702979970689	0.493893502686859	1.63702979970689
37222	3	3.90425012212995	5.15876893014167	0.904250122129946	2.15876893014167
37223	3	3.66976062530532	5.05324865657059	0.669760625305325	2.05324865657059
37224	6	5.53395212506106	7.63263312164143	-0.466047874938935	1.63263312164143
37225	6	5.5105031753786	7.62677088422081	-0.489496824621398	1.62677088422081
37226	6	4.40840254030288	6.30776746458232	-1.59159745969712	0.307767464582316
37227	6	4.66047874938935	6.16121152906693	-1.33952125061065	0.161211529066927
37228	6	4.67220322423058	6.81778212017587	-1.32779677576942	0.817782120175867
37229	6	4.66634098680997	6.30776746458232	-1.33365901319003	0.307767464582316
37230	6	4.80117244748412	6.37225207620909	-1.19882755251588	0.372252076209087
37231	0	1.13727405959941	5.21152906692721	1.13727405959941	5.21152906692721
37232	3	3.46458231558378	5.63947239863214	0.464582315583781	2.63947239863214
37233	5	5.01221299462628	7.3981436248168	0.0122129946262826	2.3981436248168
37234	5	4.18563751831949	6.17879824132877	-0.814362481680508	1.17879824132877
37235	7	4.61944308744504	7.6971177332682	-2.38055691255496	0.697117733268197
37236	7	5.27601367855398	7.25158768930142	-1.72398632144602	0.251587689301417
37237	7	5.31118710307767	7.29848558866634	-1.68881289692233	0.298485588666341
37238	3	3.18905715681485	4.82462139716659	0.189057156814851	1.82462139716659
37240	3	3.91011235955056	5.38739618954568	0.910112359550562	2.38739618954568
37241	3	3.31216414264778	4.51392281387396	0.312164142647777	1.51392281387396
37246	5	4.40840254030288	5.63947239863214	-0.591597459697118	0.639472398632145
37247	5	4.16218856863703	5.44601856375183	-0.837811431362971	0.446018563751831
37248	5	4.29702002931119	5.89154860771861	-0.702979970688813	0.891548607718613
37249	2	3.30630190522716	4.73082559843674	1.30630190522716	2.73082559843674
37250	4	3.9628724963361	5.29360039081583	-0.0371275036638985	1.29360039081583
37251	2	3.48216902784563	5.02393746946751	1.48216902784563	3.02393746946751
37252	2	3.85148998534441	5.13531998045921	1.85148998534441	3.13531998045921
37253	2	3.49975574010747	4.91841719589643	1.49975574010747	2.91841719589643
37254	2	3.7752808988764	4.94772838299951	1.7752808988764	2.94772838299951
37255	2	3.23009281875916	4.93014167073766	1.23009281875916	2.93014167073766
37256	2	3.44113336590132	5.03566194430874	1.44113336590132	3.03566194430874
37257	2	3.91011235955056	5.08842208109428	1.91011235955056	3.08842208109428
37258	2	3.85735222276502	5.07669760625305	1.85735222276502	3.07669760625305
37259	2	4.17391304347826	5.56326331216414	2.17391304347826	3.56326331216414
37260	2	3.70493404982902	5.29360039081583	1.70493404982902	3.29360039081583
37261	2	3.49975574010747	4.96531509526136	1.49975574010747	2.96531509526136
37262	2	3.67562286272594	4.9829018075232	1.67562286272594	2.9829018075232
37263	2	3.42354665363947	5.61602344894968	1.42354665363947	3.61602344894968
37264	2	3.65803615046409	5.2467024914509	1.65803615046409	3.2467024914509
37265	2	3.67562286272594	5.53981436248168	1.67562286272594	3.53981436248168
37266	2	3.44113336590132	4.86565705911089	1.44113336590132	2.86565705911089
37267	2	3.68148510014656	5.38739618954568	1.68148510014656	3.38739618954568
37268	2	3.03077674645823	4.5666829506595	1.03077674645823	2.5666829506595
37269	2	3.45285784074255	5.05324865657059	1.45285784074255	3.05324865657059
37270	2	3.78114313629702	5.02979970688813	1.78114313629702	3.02979970688813
37271	2	3.49389350268686	5.05324865657059	1.49389350268686	3.05324865657059
37272	2	3.52906692721055	5.0180752320469	1.52906692721055	3.0180752320469
37273	2	3.92769907181241	5.82120175867123	1.92769907181241	3.82120175867123
37274	2	3.28871519296532	4.84807034684905	1.28871519296532	2.84807034684905
37275	2	3.22423058133854	4.86565705911089	1.22423058133854	2.86565705911089
37276	2	3.48216902784563	4.93600390815828	1.48216902784563	2.93600390815828
37277	2	3.59355153883732	4.97703957010259	1.59355153883732	2.97703957010259
37278	2	3.54079140205178	5.0180752320469	1.54079140205178	3.0180752320469
37279	2	3.94528578407426	5.48119198827553	1.94528578407426	3.48119198827553
37280	2	3.65217391304348	5.0942843185149	1.65217391304348	3.0942843185149
37281	2	3.65803615046409	5.28773815339521	1.65803615046409	3.28773815339521
37282	2	3.23009281875916	5.26428920371275	1.23009281875916	3.26428920371275
37283	2	3.63458720078163	4.99462628236444	1.63458720078163	2.99462628236444
37284	2	3.08353688324377	4.78944797264289	1.08353688324377	2.78944797264289
37285	2	3.57596482657548	4.97117733268197	1.57596482657548	2.97117733268197
37286	2	2.66731802638007	4.37322911577919	0.667318026380068	2.37322911577919
37287	2	3.30043966780655	4.66047874938935	1.30043966780655	2.66047874938935
37288	5	3.88080117244748	5.28773815339521	-1.11919882755252	0.287738153395212
37289	5	4.47288715192965	5.62774792379091	-0.527112848070347	0.627747923790913
37290	5	4.3380556912555	5.62774792379091	-0.661944308744504	0.627747923790913
37291	5	4.43771372740596	5.53981436248168	-0.56228627259404	0.53981436248168
37292	4	3.98045920859795	5.13531998045921	-0.019540791402052	1.13531998045921
37293	5	4.39667806546165	5.39912066438691	-0.603321934538349	0.399120664386907
37294	5	3.52906692721055	5.10600879335613	-1.47093307278945	0.106008793356131
37295	5	3.62872496336102	5.14118221787982	-1.37127503663898	0.141182217879824
37296	5	4.38495359062042	5.42256961406937	-0.61504640937958	0.42256961406937
37297	5	3.82804103566194	5.23497801660967	-1.17195896433806	0.234978016609673
37298	5	4.12701514411334	5.19394235466536	-0.872984855886664	0.193942354665364
37299	5	4.35564240351734	5.55740107474353	-0.644357596482657	0.557401074743527
37300	5	4.11529066927211	5.11187103077675	-0.884709330727895	0.111871030776746
37301	5	4.15632633121641	5.27015144113337	-0.843673668783586	0.270151441133366
37302	5	4.17977528089888	5.72154372252076	-0.820224719101124	0.721543722520762
37304	2	2.76697606253053	4.28529555446996	0.766976062530532	2.28529555446996
37305	2	3.34147532975086	4.94772838299951	1.34147532975086	2.94772838299951
37306	2	2.76111382510992	4.53150952613581	0.761113825109917	2.53150952613581
37307	2	3.16560820713239	4.54909623839765	1.16560820713239	2.54909623839765
37308	2	3.06595017098192	5.32877381533952	1.06595017098192	3.32877381533952
37309	2	2.83732291157792	4.20322423058134	0.837322911577919	2.20322423058134
37310	6	4.39081582804104	6.16121152906693	-1.60918417195896	0.161211529066927
37311	4	4.10356619443087	5.49291646311676	0.103566194430874	1.49291646311676
37312	4	4.36736687835857	5.80947728383	0.367366878358573	1.80947728383
37313	6	4.84807034684905	6.10845139228139	-1.15192965315095	0.108451392281387
37314	4	4.65461651196873	6.02051783097215	0.654616511968735	2.02051783097215
37315	4	4.23839765510503	5.74499267220322	0.238397655105032	1.74499267220322
37316	6	4.27943331704934	6.07327796775769	-1.72056668295066	0.0732779677576936
37317	5	4.00977039570103	5.86809965803615	-0.990229604298975	0.86809965803615
37318	5	4.06253053248657	5.31118710307767	-0.937469467513434	0.311187103077675
37319	5	3.74596971177333	5.2818759159746	-1.25403028822667	0.281875915974597
37320	5	4.1504640937958	5.5105031753786	-0.849535906204201	0.510503175378602
37321	5	3.49389350268686	5.06497313141182	-1.50610649731314	0.064973131411822
37322	5	3.83976551050318	5.22325354176844	-1.16023448949682	0.223253541768441
37323	5	3.91011235955056	5.26428920371275	-1.08988764044944	0.26428920371275
37324	5	3.39423546653639	5.10600879335613	-1.60576453346361	0.106008793356131
37325	5	3.96873473375672	5.48705422569614	-1.03126526624328	0.487054225696141
37326	5	4.13287738153395	5.63361016121153	-0.867122618466048	0.633610161211529
37327	4	3.22423058133854	5.5105031753786	-0.775769418661456	1.5105031753786
37328	4	1.34831460674157	8.6057645334636	-2.65168539325843	4.6057645334636
37330	4	3.67562286272594	5.49291646311676	-0.32437713727406	1.49291646311676
37331	4	2.01660967269174	4.92427943331705	-1.98339032730826	0.924279433317049
37332	4	2.64386907669761	6.69467513434294	-1.35613092330239	2.69467513434294
37337	4	3.41768441621886	4.84807034684905	-0.582315583781143	0.848070346849047
37339	4	3.86907669760625	7.23400097703957	-0.130923302393747	3.23400097703957
37340	4	1.38348803126527	6.17293600390816	-2.61651196873473	2.17293600390816
37342	4	4.23839765510503	6.17293600390816	0.238397655105032	2.17293600390816
37343	4	3.48803126526624	4.85979482169028	-0.511968734733757	0.859794821690278
37344	3	2.97801660967269	7.5857352222765	-0.0219833903273083	4.5857352222765
37347	3	3.79286761113825	5.15876893014167	0.792867611138251	2.15876893014167
37348	5	3.78114313629702	5.46946751343429	-1.21885686370298	0.469467513434294
37349	5	3.6990718124084	5.44015632633122	-1.3009281875916	0.440156326331216
