36455	163.446508919915	93.5812695412652	101.379708669704	-69.8652393786499	-62.0668002502111
36456	163.446508919915	81.8836108486071	89.6820499770458	-81.562898071308	-73.7644589428692
36457	163.446508919915	77.9843912843877	83.8332206307168	-85.4621176355274	-79.6132882891983
36458	163.446508919915	76.034781502278	81.8836108486071	-87.4117274176371	-81.562898071308
36459	163.446508919915	163.767221697214	179.364099954092	0.320712777299065	15.9175910341766
36460	163.446508919915	77.9843912843877	97.4804891054846	-85.4621176355274	-65.9660198144305
36461	129.598301179969	28.2715371354591	34.329723664486	-101.32676404451	-95.2685775154827
36463	83.4737482725538	50.4848877418912	58.5624697805938	-32.9888605306627	-24.9112784919601
36465	83.4737482725538	26.2521416257834	30.2909326451347	-57.2216066467704	-53.1828156274191
36466	83.4737482725538	26.2521416257834	30.2909326451347	-57.2216066467704	-53.1828156274191
36467	83.4737482725538	36.3491191741617	42.4073057031886	-47.1246290983922	-41.0664425693653
36468	87.0307182178267	26.2521416257834	36.3491191741617	-60.7785765920433	-50.681599043665
36469	87.0307182178267	18.1745595870808	22.2133506064321	-68.8561586307459	-64.8173676113946
36470	87.0307182178267	38.3685146838373	44.4267012128642	-48.6622035339894	-42.6040170049625
36471	87.0307182178267	36.3491191741617	42.4073057031886	-50.681599043665	-44.6234125146381
36472	87.0307182178267	44.4267012128642	52.5042832515668	-42.6040170049625	-34.5264349662599
36473	87.0307182178267	60.5818652902694	68.659447328972	-26.4488529275573	-18.3712708888547
36474	87.0307182178267	42.4073057031886	48.4654922322155	-44.6234125146381	-38.5652259856111
36475	87.0307182178267	42.4073057031886	46.4460967225399	-44.6234125146381	-40.5846214952868
36476	87.0307182178267	22.2133506064321	26.2521416257834	-64.8173676113946	-60.7785765920433
36477	87.0307182178267	16.1551640774052	18.1745595870808	-70.8755541404215	-68.8561586307459
36478	16.8148690170098	32.3103281548104	34.329723664486	15.4954591378005	17.5148546474762
36479	16.8148690170098	26.2521416257834	26.2521416257834	9.43727260877358	9.43727260877358
36480	16.8148690170098	26.2521416257834	28.2715371354591	9.43727260877358	11.4566681184492
36481	16.8148690170098	28.2715371354591	28.2715371354591	11.4566681184492	11.4566681184492
36482	16.8148690170098	24.2327461161078	26.2521416257834	7.41787709909794	9.43727260877358
36483	16.8148690170098	12.1163730580539	12.1163730580539	-4.69849595895595	-4.69849595895595
36484	22.2273373612942	20.1939550967565	20.1939550967565	-2.0333822645377	-2.0333822645377
36485	22.2273373612942	26.2521416257834	26.2521416257834	4.02480426448925	4.02480426448925
36486	22.2273373612942	28.2715371354591	28.2715371354591	6.04419977416489	6.04419977416489
36487	16.5286242212923	28.2715371354591	28.2715371354591	11.7429129141668	11.7429129141668
36488	196.195565107453	94.9115889547554	119.144335070863	-101.283976152697	-77.0512300365895
36493	61.6453256850017	33.1433662958648	38.9921956421938	-28.5019593891369	-22.6531300428078
36494	61.6453256850017	42.8914152064132	50.689854334852	-18.7539104785884	-10.9554713501497
36496	61.6453256850017	50.689854334852	60.4379032454005	-10.9554713501497	-1.20742243960119
36498	26.7748321574624	22.2133506064321	24.2327461161078	-4.56148155103029	-2.54208604135464
36499	0	19.4960978210969	42.8914152064132	19.4960978210969	42.8914152064132
36501	75.5428949606282	154.019172786666	173.515270607763	78.4762778260375	97.9723756471344
36502	75.5428949606282	44.8410249885229	50.689854334852	-30.7018699721052	-24.8530406257762
36503	58.9566830393411	64.6206563096207	68.659447328972	5.66397327027966	9.70276428963095
36504	58.9566830393411	62.6012607999451	68.659447328972	3.64457776060401	9.70276428963095
36505	58.9566830393411	66.6400518192964	70.6788428386477	7.6833687799553	11.7221597993066
36506	58.9566830393411	64.6206563096207	70.6788428386477	5.66397327027966	11.7221597993066
36507	58.9566830393411	56.5430742709181	62.6012607999451	-2.41360876842293	3.64457776060401
36508	58.9566830393411	64.6206563096207	70.6788428386477	5.66397327027966	11.7221597993066
36509	58.9566830393411	68.659447328972	72.6982383483233	9.70276428963095	13.7415553089822
36510	58.9566830393411	66.6400518192964	70.6788428386477	7.6833687799553	11.7221597993066
36511	58.9566830393411	66.6400518192964	70.6788428386477	7.6833687799553	11.7221597993066
36512	58.9566830393411	66.6400518192964	70.6788428386477	7.6833687799553	11.7221597993066
36513	58.9566830393411	62.6012607999451	68.659447328972	3.64457776060401	9.70276428963095
36514	58.9566830393411	60.5818652902694	66.6400518192964	1.62518225092836	7.6833687799553
36515	58.9566830393411	60.5818652902694	68.659447328972	1.62518225092836	9.70276428963095
36516	58.9566830393411	58.5624697805938	64.6206563096207	-0.394213258747286	5.66397327027966
36517	58.9566830393411	62.6012607999451	68.659447328972	3.64457776060401	9.70276428963095
36518	58.9566830393411	58.5624697805938	64.6206563096207	-0.394213258747286	5.66397327027966
36519	58.9566830393411	60.5818652902694	68.659447328972	1.62518225092836	9.70276428963095
36520	58.9566830393411	62.6012607999451	66.6400518192964	3.64457776060401	7.6833687799553
36521	27.9476681141766	48.4654922322155	56.5430742709181	20.5178241180389	28.5954061567415
36522	27.9476681141766	50.4848877418912	56.5430742709181	22.5372196277145	28.5954061567415
36523	27.9476681141766	46.4460967225399	52.5042832515668	18.4984286083632	24.5566151373902
36524	27.9476681141766	46.4460967225399	52.5042832515668	18.4984286083632	24.5566151373902
36525	27.9476681141766	56.5430742709181	68.659447328972	28.5954061567415	40.7117792147954
36526	27.9476681141766	48.4654922322155	54.5236787612425	20.5178241180389	26.5760106470658
36527	85.1665258951745	62.6012607999451	70.6788428386477	-22.5652650952294	-14.4876830565268
36528	85.1665258951745	64.6206563096207	72.6982383483233	-20.5458695855538	-12.4682875468512
36529	85.1665258951745	60.5818652902694	66.6400518192964	-24.5846606049051	-18.5264740758781
36530	85.1665258951745	70.6788428386477	74.7176338579989	-14.4876830565268	-10.4488920371756
36531	85.1665258951745	68.659447328972	74.7176338579989	-16.5070785662025	-10.4488920371756
36532	85.1665258951745	64.6206563096207	72.6982383483233	-20.5458695855538	-12.4682875468512
36533	85.1665258951745	64.6206563096207	74.7176338579989	-20.5458695855538	-10.4488920371756
36534	27.9476681141766	66.6400518192964	78.7564248773502	38.6923837051197	50.8087567631736
36536	71.5962313214262	40.3879101935129	44.4267012128642	-31.2083211279133	-27.169530108562
36537	71.5962313214262	36.3491191741617	36.3491191741617	-35.2471121472646	-35.2471121472646
36538	108.048419387745	102.989170993458	115.105544051512	-5.05924839428667	7.05712466376721
36539	108.048419387745	76.7370293676746	80.7758203870259	-31.3113900200701	-27.2725990007188
36540	108.048419387745	82.7952158967015	86.8340069160528	-25.2532034910432	-21.2144124716919
36541	108.048419387745	88.8534024257285	94.9115889547554	-19.1950169620162	-13.1368304329893
36542	108.048419387745	86.8340069160528	94.9115889547554	-21.2144124716919	-13.1368304329893
36543	108.048419387745	84.8146114063772	96.9309844644311	-23.2338079813675	-11.1174349233136
36544	45.2831386181655	56.5386836811811	62.3875130275102	11.2555450630156	17.1043744093447
36545	46.3688854795662	40.9418054243035	44.8410249885229	-5.42708005526262	-1.52786049104323
36546	46.3688854795662	54.5890738990714	58.4882934632908	8.22018841950522	12.1194079837246
36547	46.3688854795662	48.7402445527423	52.6394641169617	2.37135907317614	6.27057863739553
36548	46.3688854795662	40.9418054243035	44.8410249885229	-5.42708005526262	-1.52786049104323
36549	46.3688854795662	38.9921956421938	42.8914152064132	-7.37668983737231	-3.47747027315293
36550	46.3688854795662	38.9921956421938	42.8914152064132	-7.37668983737231	-3.47747027315293
36551	46.3688854795662	42.8914152064132	46.7906347706326	-3.47747027315293	0.421749291066455
36552	46.3688854795662	44.8410249885229	48.7402445527423	-1.52786049104323	2.37135907317614
36553	46.3688854795662	44.8410249885229	48.7402445527423	-1.52786049104323	2.37135907317614
36554	46.3688854795662	38.9921956421938	44.8410249885229	-7.37668983737231	-1.52786049104323
36555	46.3688854795662	52.6394641169617	58.4882934632908	6.27057863739553	12.1194079837246
36556	46.3688854795662	66.2867325917295	74.0851717201683	19.9178471121634	27.7162862406021
36557	46.3688854795662	37.0425858600842	46.7906347706326	-9.32629961948201	0.421749291066455
36558	46.3688854795662	44.8410249885229	50.689854334852	-1.52786049104323	4.32096885528584
36559	46.3688854795662	50.689854334852	58.4882934632908	4.32096885528584	12.1194079837246
36560	45.2831386181655	54.5890738990714	58.4882934632908	9.30593528090589	13.2051548451253
36561	45.2831386181655	56.5386836811811	60.4379032454005	11.2555450630156	15.154764627235
36562	45.2831386181655	56.5386836811811	62.3875130275102	11.2555450630156	17.1043744093447
36563	45.2831386181655	48.7402445527423	52.6394641169617	3.45710593457682	7.3563254987962
36564	46.3688854795662	38.9921956421938	50.689854334852	-7.37668983737231	4.32096885528584
36566	59.4849722557747	78.7564248773502	84.8146114063772	19.2714526215755	25.3296391506024
36567	59.4849722557747	56.5430742709181	60.5818652902694	-2.94189798485661	1.09689303449468
36568	59.4849722557747	70.6788428386477	74.7176338579989	11.1938705828729	15.2326616022242
36569	59.4849722557747	60.5818652902694	64.6206563096207	1.09689303449468	5.13568405384598
36570	59.4849722557747	54.5236787612425	60.5818652902694	-4.96129349453226	1.09689303449468
36571	59.4849722557747	62.6012607999451	66.6400518192964	3.11628854417033	7.15507956352162
36572	141.060041292522	100.969775483782	115.105544051512	-40.0902658087401	-25.9544972410106
36573	141.060041292522	102.989170993458	117.124939561188	-38.0708702990645	-23.935101731335
36574	67.1679905814532	6.05818652902694	10.0969775483782	-61.1098040524262	-57.0710130330749
36575	67.1679905814532	12.1163730580539	14.1357685677295	-55.0516175233993	-53.0322220137237
36576	67.1679905814532	48.4654922322155	70.6788428386477	-18.7024983492376	3.51085225719447
36577	77.1792265538184	72.6982383483233	82.7952158967015	-4.48098820549514	5.6159893428831
36578	28.1266020985241	100.969775483782	113.086148541836	72.8431733852582	84.9595464433121
36580	81.9301175743025	52.5042832515668	70.6788428386477	-29.4258343227356	-11.2512747356548
36581	95.3352513832417	109.047357522485	125.20252159989	13.7121061392433	29.8672702166484
36582	92.9316743897124	80.7758203870259	92.8921934450798	-12.1558540026865	-0.039480944632615
36583	92.9316743897124	78.7564248773502	86.8340069160528	-14.1752495123621	-6.09766747365956
36584	92.9316743897124	84.8146114063772	88.8534024257285	-8.1170629833352	-4.07827196398391
36585	92.9316743897124	84.8146114063772	98.9503799741067	-8.1170629833352	6.01870558439434
36586	95.3352513832417	123.183126090214	155.493454245025	27.8478747069728	60.1582028617832
36587	95.3352513832417	125.20252159989	155.493454245025	29.8672702166484	60.1582028617832
36588	92.9316743897124	82.7952158967015	92.8921934450798	-10.1364584930108	-0.039480944632615
36589	92.9316743897124	88.8534024257285	92.8921934450798	-4.07827196398391	-0.039480944632615
36590	92.9316743897124	98.9503799741067	105.008566503134	6.01870558439434	12.0768921134213
36591	92.9316743897124	94.9115889547554	98.9503799741067	1.97991456504303	6.01870558439434
36592	92.9316743897124	78.7564248773502	84.8146114063772	-14.1752495123621	-8.1170629833352
36593	92.9316743897124	86.8340069160528	94.9115889547554	-6.09766747365956	1.97991456504303
36594	87.4638689448938	90.8727979354041	100.969775483782	3.40892899051029	13.5059065388885
36595	66.4778535948245	102.989170993458	113.086148541836	36.5113173986335	46.6082949470117
36596	66.4778535948245	102.989170993458	111.066753032161	36.5113173986335	44.5888994373361
36597	66.4778535948245	94.9115889547554	102.989170993458	28.4337353599309	36.5113173986335
36598	66.4778535948245	94.9115889547554	105.008566503134	28.4337353599309	38.5307129083092
36599	66.4778535948245	115.105544051512	129.241312619241	48.6276904566874	62.7634590244169
36600	66.4778535948245	107.027962012809	117.124939561188	40.5501084179848	50.647085966363
36601	66.4778535948245	123.183126090214	139.33829016762	56.70527249539	72.8604365727952
36602	66.4778535948245	88.8534024257285	105.008566503134	22.375548830904	38.5307129083092
36607	177.489164042397	76.034781502278	81.8836108486071	-101.454382540119	-95.6055531937901
36608	177.489164042397	70.1859521559489	74.0851717201683	-107.303211886448	-103.403992322229
36609	177.489164042397	68.2363423738392	72.1355619380586	-109.252821668558	-105.353602104339
36610	177.489164042397	68.2363423738392	72.1355619380586	-109.252821668558	-105.353602104339
36611	177.489164042397	68.2363423738392	72.1355619380586	-109.252821668558	-105.353602104339
36612	39.3364848226297	36.3491191741617	42.4073057031886	-2.98736564846803	3.07082088055891
36613	39.3364848226297	4.03879101935129	4.03879101935129	-35.2976938032784	-35.2976938032784
36614	39.3364848226297	4.03879101935129	4.03879101935129	-35.2976938032784	-35.2976938032784
36615	39.3364848226297	26.2521416257834	26.2521416257834	-13.0843431968463	-13.0843431968463
36616	39.3364848226297	4.03879101935129	4.03879101935129	-35.2976938032784	-35.2976938032784
36618	39.3364848226297	6.05818652902694	6.05818652902694	-33.2782982936027	-33.2782982936027
36619	39.3364848226297	4.03879101935129	4.03879101935129	-35.2976938032784	-35.2976938032784
36620	39.3364848226297	4.03879101935129	4.03879101935129	-35.2976938032784	-35.2976938032784
36621	39.3364848226297	2.01939550967565	2.01939550967565	-37.317089312954	-37.317089312954
36622	39.3364848226297	2.01939550967565	4.03879101935129	-37.317089312954	-35.2976938032784
36623	106	96.9309844644311	109.047357522485	-9.06901553556892	3.04735752248496
36624	102	72.6982383483233	78.7564248773502	-29.3017616516767	-23.2435751226498
36625	106	78.7564248773502	86.8340069160528	-27.2435751226498	-19.1659930839472
36626	106	76.7370293676746	82.7952158967015	-29.2629706323254	-23.2047841032985
36627	106	82.7952158967015	90.8727979354041	-23.2047841032985	-15.1272020645959
36628	106	82.7952158967015	92.8921934450798	-23.2047841032985	-13.1078065549202
36629	107.000712882357	46.4460967225399	50.4848877418912	-60.5546161598168	-56.5158251404655
36630	107.000712882357	46.4460967225399	50.4848877418912	-60.5546161598168	-56.5158251404655
36631	225.024989880248	44.4267012128642	50.4848877418912	-180.598288667384	-174.540102138357
36632	225.024989880248	40.3879101935129	46.4460967225399	-184.637079686735	-178.578893157708
36633	225.024989880248	100.969775483782	111.066753032161	-124.055214396466	-113.958236848087
36634	24.7864561859438	48.4654922322155	58.5624697805938	23.6790360462717	33.77601359465
36635	24.7864561859438	16.1551640774052	18.1745595870808	-8.63129210853863	-6.61189659886299
36636	225.024989880248	125.20252159989	143.377081186971	-99.8224682803578	-81.6479086932769
36637	225.024989880248	100.969775483782	113.086148541836	-124.055214396466	-111.938841338412
36638	225.024989880248	107.027962012809	117.124939561188	-117.997027867439	-107.90005031906
36639	192.777244147148	62.6012607999451	68.659447328972	-130.175983347203	-124.117796818176
36640	114.207464313129	64.6206563096207	68.659447328972	-49.5868080035083	-45.548016984157
36641	114.207464313129	127.221917109566	149.435267715998	13.0144527964368	35.2278034028689
36642	114.207464313129	68.659447328972	78.7564248773502	-45.548016984157	-35.4510394357788
36643	114.207464313129	94.9115889547554	105.008566503134	-19.2958753583736	-9.19889780999533
36644	114.207464313129	121.163730580539	137.318894657944	6.95626626740984	23.111430344815
36645	87.9878333143133	58.5624697805938	64.6206563096207	-29.4253635337195	-23.3671770046926
36648	192.79008610525	90.8727979354041	102.989170993458	-101.917288169846	-89.8009151117918
36649	189.858567668	100.969775483782	141.357685677295	-88.8887921842181	-48.5008819907052
36650	189.858567668	102.989170993458	137.318894657944	-86.8693966745425	-52.5396730100565
36651	61.91803412088	74.7176338579989	78.7564248773502	12.799599737119	16.8383907564703
36652	61.91803412088	84.8146114063772	90.8727979354041	22.8965772854972	28.9547638145241
36653	61.91803412088	90.8727979354041	100.969775483782	28.9547638145241	39.0517413629024
36654	61.91803412088	100.969775483782	107.027962012809	39.0517413629024	45.1099278919293
36655	61.91803412088	105.008566503134	115.105544051512	43.0905323822537	53.1875099306319
36656	61.91803412088	100.969775483782	111.066753032161	39.0517413629024	49.1487189112806
36657	61.91803412088	82.7952158967015	90.8727979354041	20.8771817758216	28.9547638145241
36658	61.91803412088	80.7758203870259	88.8534024257285	18.8577862661459	26.9353683048485
36659	61.91803412088	70.6788428386477	76.7370293676746	8.76080871776767	14.8189952467946
36660	26.9620924561651	6.05818652902694	6.05818652902694	-20.9039059271381	-20.9039059271381
36661	26.9620924561651	8.07758203870259	8.07758203870259	-18.8845104174625	-18.8845104174625
36662	26.9620924561651	16.1551640774052	20.1939550967565	-10.8069283787599	-6.76813735940859
36663	26.9620924561651	18.1745595870808	20.1939550967565	-8.78753286908424	-6.76813735940859
36664	26.9620924561651	26.2521416257834	30.2909326451347	-0.709950830381651	3.32884018896964
36665	26.9620924561651	24.2327461161078	26.2521416257834	-2.7293463400573	-0.709950830381651
36666	26.9620924561651	22.2133506064321	24.2327461161078	-4.74874184973295	-2.7293463400573
36667	26.9620924561651	16.1551640774052	16.1551640774052	-10.8069283787599	-10.8069283787599
36668	26.9620924561651	60.5818652902694	66.6400518192964	33.6197728341044	39.6779593631313
36669	26.9620924561651	26.2521416257834	28.2715371354591	-0.709950830381651	1.309444679294
36670	37.0572740828829	60.5818652902694	62.6012607999451	23.5245912073865	25.5439867170622
36671	37.0572740828829	34.329723664486	36.3491191741617	-2.72755041839691	-0.708154908721262
36672	37.0572740828829	26.2521416257834	30.2909326451347	-10.8051324570995	-6.7663414377482
36673	20.6618991435904	9.37264221773745	9.37264221773745	-11.2892569258529	-11.2892569258529
36674	20.6618991435904	9.37264221773745	11.7158027721718	-11.2892569258529	-8.94609637141856
36675	108	76.7370293676746	90.8727979354041	-31.2629706323254	-17.1272020645959
36676	46.4109472834445	64.6206563096207	70.6788428386477	18.2097090261763	24.2678955552032
36677	59.1699198021211	62.6012607999451	68.659447328972	3.43134099782397	9.48952752685091
36678	46.4109472834445	48.4654922322155	50.4848877418912	2.05454494877109	4.07394045844674
36679	50.1439592351311	36.3491191741617	44.4267012128642	-13.7948400609695	-5.71725802226691
36680	50.1439592351311	44.4267012128642	48.4654922322155	-5.71725802226691	-1.67846700291561
36681	50.1439592351311	50.4848877418912	52.5042832515668	0.340928506760036	2.36032401643568
36682	46.4109472834445	48.4654922322155	52.5042832515668	2.05454494877109	6.09333596812238
36683	46.4109472834445	46.4460967225399	50.4848877418912	0.0351494390954343	4.07394045844674
36684	46.4109472834445	50.4848877418912	54.5236787612425	4.07394045844674	8.11273147779803
36685	50.8061935147248	50.4848877418912	56.5430742709181	-0.32130577283359	5.73688075619335
36686	50.8061935147248	48.4654922322155	52.5042832515668	-2.34070128250924	1.69808973684206
36687	54.0813207526575	48.4654922322155	54.5236787612425	-5.61582852044197	0.442358008584975
36688	54.0813207526575	58.5624697805938	62.6012607999451	4.48114902793627	8.51994004728756
36689	26.0043674178826	34.329723664486	34.329723664486	8.32535624660336	8.32535624660336
36690	26.0043674178826	34.329723664486	34.329723664486	8.32535624660336	8.32535624660336
36691	26.0043674178826	34.329723664486	34.329723664486	8.32535624660336	8.32535624660336
36692	27.9179712451342	34.329723664486	34.329723664486	6.41175241935177	6.41175241935177
36693	27.9179712451342	32.3103281548104	34.329723664486	4.39235690967612	6.41175241935177
36694	15.9439924631998	46.4460967225399	50.4848877418912	30.5021042593401	34.5408952786914
36695	15.9439924631998	46.4460967225399	48.4654922322155	30.5021042593401	32.5214997690158
36696	16.0965036457211	50.4848877418912	54.5236787612425	34.3883840961701	38.4271751155214
36697	52.4216441574172	48.4654922322155	56.5430742709181	-3.95615192520165	4.12143011350094
36698	52.4216441574172	40.3879101935129	42.4073057031886	-12.0337339639042	-10.0143384542286
36699	52.4216441574172	48.4654922322155	56.5430742709181	-3.95615192520165	4.12143011350094
36700	52.4216441574172	54.5236787612425	64.6206563096207	2.10203460382529	12.1990121522035
36701	52.4216441574172	44.4267012128642	50.4848877418912	-7.99494294455295	-1.93675641552601
36702	52.4216441574172	54.5236787612425	64.6206563096207	2.10203460382529	12.1990121522035
36704	40.9650251071185	78.7564248773502	92.8921934450798	37.7913997702318	51.9271683379613
36705	40.9650251071185	111.066753032161	141.357685677295	70.1017279250421	100.392660570177
36706	27.5421227385418	78.7564248773502	90.8727979354041	51.2143021388084	63.3306751968623
36708	45.6272036142936	58.5624697805938	64.6206563096207	12.9352661663002	18.9934526953272
36709	45.6272036142936	72.6982383483233	82.7952158967015	27.0710347340297	37.168012282408
36710	45.6272036142936	64.6206563096207	70.6788428386477	18.9934526953272	25.0516392243541
36711	45.6272036142936	64.6206563096207	70.6788428386477	18.9934526953272	25.0516392243541
36712	45.6272036142936	62.6012607999451	68.659447328972	16.9740571856515	23.0322437146785
36713	23.0766440339854	44.4267012128642	48.4654922322155	21.3500571788788	25.3888481982301
36714	45.6272036142936	68.659447328972	74.7176338579989	23.0322437146785	29.0904302437054
36715	45.6272036142936	66.6400518192964	70.6788428386477	21.0128482050028	25.0516392243541
36716	45.6272036142936	70.6788428386477	74.7176338579989	25.0516392243541	29.0904302437054
36717	45.6272036142936	68.659447328972	74.7176338579989	23.0322437146785	29.0904302437054
36718	45.6272036142936	78.7564248773502	88.8534024257285	33.1292212630567	43.2261988114349
36719	45.6272036142936	82.7952158967015	94.9115889547554	37.168012282408	49.2843853404619
36720	45.6272036142936	50.4848877418912	54.5236787612425	4.85768412759763	8.89647514694892
36721	45.6272036142936	74.7176338579989	82.7952158967015	29.0904302437054	37.168012282408
36722	45.6272036142936	84.8146114063772	94.9115889547554	39.1874077920836	49.2843853404619
36723	45.6272036142936	80.7758203870259	90.8727979354041	35.1486167727323	45.2455943211106
36724	72.0453838603376	19.4960978210969	31.1937565137551	-52.5492860392406	-40.8516273465825
36725	66.2993822213285	46.4460967225399	62.6012607999451	-19.8532854987886	-3.69812142138341
36726	66.2993822213285	32.3103281548104	46.4460967225399	-33.9890540665181	-19.8532854987886
36727	66.2993822213285	42.4073057031886	52.5042832515668	-23.8920765181399	-13.7950989697616
36728	66.2993822213285	38.3685146838373	48.4654922322155	-27.9308675374912	-17.8338899891129
36729	66.2993822213285	50.4848877418912	62.6012607999451	-15.8144944794373	-3.69812142138341
36730	66.2993822213285	50.4848877418912	58.5624697805938	-15.8144944794373	-7.7369124407347
36731	66.2993822213285	56.5430742709181	62.6012607999451	-9.75630795041035	-3.69812142138341
36732	29.9071853187241	20.1939550967565	22.2133506064321	-9.71323022196761	-7.69383471229196
36733	29.9071853187241	8.07758203870259	10.0969775483782	-21.8296032800215	-19.8102077703458
36734	29.9071853187241	4.03879101935129	4.03879101935129	-25.8683942993728	-25.8683942993728
36735	29.9071853187241	6.05818652902694	6.05818652902694	-23.8489987896971	-23.8489987896971
36736	29.9071853187241	12.1163730580539	14.1357685677295	-17.7908122606702	-15.7714167509946
36737	29.9071853187241	4.03879101935129	4.03879101935129	-25.8683942993728	-25.8683942993728
36738	29.9071853187241	6.05818652902694	6.05818652902694	-23.8489987896971	-23.8489987896971
36739	29.9071853187241	10.0969775483782	14.1357685677295	-19.8102077703458	-15.7714167509946
36740	29.9071853187241	6.05818652902694	6.05818652902694	-23.8489987896971	-23.8489987896971
36741	29.9071853187241	8.07758203870259	10.0969775483782	-21.8296032800215	-19.8102077703458
36742	29.9071853187241	4.03879101935129	6.05818652902694	-25.8683942993728	-23.8489987896971
36743	29.9071853187241	4.03879101935129	4.03879101935129	-25.8683942993728	-25.8683942993728
36744	29.9071853187241	4.03879101935129	6.05818652902694	-25.8683942993728	-23.8489987896971
36745	61.1202197011323	70.6788428386477	80.7758203870259	9.55862313751535	19.6556006858936
36746	61.1202197011323	64.6206563096207	74.7176338579989	3.50043660848841	13.5974141568666
36747	0	14.0589633266062	16.4021238810405	14.0589633266062	16.4021238810405
36748	0	11.7158027721718	11.7158027721718	11.7158027721718	11.7158027721718
36749	0	0	0	0	0
36750	0	0	0	0	0
36751	0	0	0	0	0
36752	0	0	0	0	0
36753	0	9.37264221773745	9.37264221773745	9.37264221773745	9.37264221773745
36754	3.79421271066273	11.7158027721718	11.7158027721718	7.92159006150908	7.92159006150908
36755	3.79421271066273	2.34316055443436	4.68632110886873	-1.45105215622837	0.892108398205995
36756	3.79421271066273	0	0	-3.79421271066273	-3.79421271066273
36757	63.8387299022565	36.3491191741617	44.4267012128642	-27.4896107280948	-19.4120286893922
36758	63.8387299022565	28.2715371354591	30.2909326451347	-35.5671927667974	-33.5477972571218
36759	63.8387299022565	34.329723664486	38.3685146838373	-29.5090062377705	-25.4702152184192
36760	63.8387299022565	34.329723664486	38.3685146838373	-29.5090062377705	-25.4702152184192
36761	63.8387299022565	62.6012607999451	72.6982383483233	-1.23746910231141	8.85950844606683
36762	63.8387299022565	56.5430742709181	60.5818652902694	-7.29565563133835	-3.25686461198706
36766	0	0	0	0	0
36771	0	0	0	0	0
36772	0	0	0	0	0
36773	6.98624266182989	25.774766098778	32.8042477620811	18.7885234369481	25.8180051002512
36774	6.98624266182989	21.0884449899093	23.4316055443436	14.1022023280794	16.4453628825137
36775	6.98624266182989	42.1768899798185	46.8632110886873	35.1906473179886	39.8769684268574
36776	6.98624266182989	21.0884449899093	21.0884449899093	14.1022023280794	14.1022023280794
36777	6.98624266182989	7.02948166330309	7.02948166330309	0.0432390014731965	0.0432390014731965
36778	6.98624266182989	4.68632110886873	4.68632110886873	-2.29992155296117	-2.29992155296117
36779	6.98624266182989	4.68632110886873	4.68632110886873	-2.29992155296117	-2.29992155296117
36780	6.98624266182989	7.02948166330309	7.02948166330309	0.0432390014731965	0.0432390014731965
36781	6.98624266182989	11.7158027721718	14.0589633266062	4.72956011034192	7.07272066477628
36782	6.98624266182989	9.37264221773745	9.37264221773745	2.38639955590756	2.38639955590756
36783	6.98624266182989	4.68632110886873	4.68632110886873	-2.29992155296117	-2.29992155296117
36784	6.98624266182989	16.4021238810405	18.7452844354749	9.41588121921065	11.759041773645
36785	6.98624266182989	16.4021238810405	18.7452844354749	9.41588121921065	11.759041773645
36786	6.98624266182989	21.0884449899093	23.4316055443436	14.1022023280794	16.4453628825137
36787	6.98624266182989	14.0589633266062	16.4021238810405	7.07272066477628	9.41588121921065
36788	6.98624266182989	4.68632110886873	4.68632110886873	-2.29992155296117	-2.29992155296117
36789	6.98624266182989	7.02948166330309	7.02948166330309	0.0432390014731965	0.0432390014731965
36790	6.98624266182989	35.1474083165154	35.1474083165154	28.1611656546855	28.1611656546855
36791	100.412148593924	92.8921934450798	107.027962012809	-7.51995514884436	6.61581341888518
36792	102.657589989684	66.6400518192964	78.7564248773502	-36.0175381703872	-23.9011651123333
36793	102.657589989684	20.1939550967565	24.2327461161078	-82.4636348929271	-78.4248438735758
36794	102.657589989684	22.2133506064321	24.2327461161078	-80.4442393832515	-78.4248438735758
36795	102.657589989684	28.2715371354591	34.329723664486	-74.3860528542245	-68.3278663251976
36796	102.657589989684	42.4073057031886	50.4848877418912	-60.250284286495	-52.1727022477924
36797	100.412148593924	20.1939550967565	24.2327461161078	-80.2181934971677	-76.1794024778164
36798	102.657589989684	42.4073057031886	54.5236787612425	-60.250284286495	-48.1339112284411
36799	102.657589989684	32.3103281548104	38.3685146838373	-70.3472618348732	-64.2890753058463
36800	102.657589989684	22.2133506064321	28.2715371354591	-80.4442393832515	-74.3860528542245
36801	100.412148593924	30.2909326451347	34.329723664486	-70.1212159487894	-66.0824249294381
36802	53.669122033181	24.2327461161078	38.3685146838373	-29.4363759170732	-15.3006073493437
36803	95.9277320046559	22.2133506064321	26.2521416257834	-73.7143813982238	-69.6755903788725
36804	101.204082670541	46.4460967225399	56.5430742709181	-54.7579859480011	-44.6610083996229
36805	28.3748308741907	18.1745595870808	24.2327461161078	-10.2002712871098	-4.1420847580829
36806	28.3748308741907	8.07758203870259	8.07758203870259	-20.2972488354881	-20.2972488354881
36807	88.8598062955973	20.1939550967565	24.2327461161078	-68.6658511988409	-64.6270601794896
36808	88.8598062955973	14.1357685677295	16.1551640774052	-74.7240377278678	-72.7046422181922
36809	88.8598062955973	40.3879101935129	50.4848877418912	-48.4718961020844	-38.3749185537062
36810	88.8598062955973	34.329723664486	42.4073057031886	-54.5300826311113	-46.4525005924087
36811	88.8598062955973	18.1745595870808	20.1939550967565	-70.6852467085165	-68.6658511988409
36812	88.8598062955973	18.1745595870808	22.2133506064321	-70.6852467085165	-66.6464556891652
36813	88.8598062955973	22.2133506064321	26.2521416257834	-66.6464556891652	-62.6076646698139
36814	88.8598062955973	24.2327461161078	28.2715371354591	-64.6270601794896	-60.5882691601383
36815	88.8598062955973	30.2909326451347	32.3103281548104	-58.5688736504626	-56.549478140787
36816	88.8598062955973	30.2909326451347	38.3685146838373	-58.5688736504626	-50.49129161176
36817	88.8598062955973	24.2327461161078	26.2521416257834	-64.6270601794896	-62.6076646698139
36818	88.8598062955973	20.1939550967565	24.2327461161078	-68.6658511988409	-64.6270601794896
36819	102.657589989684	32.3103281548104	40.3879101935129	-70.3472618348732	-62.2696797961706
36820	102.657589989684	42.4073057031886	52.5042832515668	-60.250284286495	-50.1533067381167
36821	102.657589989684	24.2327461161078	26.2521416257834	-78.4248438735758	-76.4054483639001
36822	102.657589989684	6.05818652902694	6.05818652902694	-96.5994034606566	-96.5994034606566
36823	63.691648250771	16.1551640774052	20.1939550967565	-47.5364841733658	-43.4976931540146
36824	88.8598062955973	2.01939550967565	2.01939550967565	-86.8404107859217	-86.8404107859217
36825	88.8598062955973	20.1939550967565	22.2133506064321	-68.6658511988409	-66.6464556891652
36826	88.8598062955973	28.2715371354591	32.3103281548104	-60.5882691601383	-56.549478140787
36827	20.1287416656012	24.2327461161078	26.2521416257834	4.10400445050656	6.1233999601822
36828	20.1287416656012	22.2133506064321	24.2327461161078	2.08460894083091	4.10400445050656
36829	20.1287416656012	38.3685146838373	40.3879101935129	18.2397730182361	20.2591685279117
36830	99.3151341108665	56.5430742709181	68.659447328972	-42.7720598399484	-30.6556867818945
36831	15.0022963442805	18.1745595870808	18.1745595870808	3.17226324280034	3.17226324280034
36832	15.0022963442805	32.3103281548104	34.329723664486	17.3080318105299	19.3274273202055
36833	15.0022963442805	12.1163730580539	12.1163730580539	-2.8859232862266	-2.8859232862266
36834	162.083993028763	109.047357522485	125.20252159989	-53.0366355062785	-36.8814714288733
36835	235.207052423087	131.260708128917	149.435267715998	-103.94634429417	-85.7717847070891
36836	235.207052423087	139.33829016762	159.532245264376	-95.8687622554673	-75.6748071587108
36837	222.426244437839	159.532245264376	181.745595870808	-62.8939991734624	-40.6806485670303
36838	185.647418085561	131.260708128917	147.415872206322	-54.3867099566439	-38.2315458792387
36839	222.426244437839	155.493454245025	177.706804851457	-66.9327901928137	-44.7194395863816
36840	222.426244437839	123.183126090214	143.377081186971	-99.243118347624	-79.0491632508676
36841	77	84.8146114063772	90.8727979354041	7.81461140637718	13.8727979354041
36842	77	80.7758203870259	84.8146114063772	3.77582038702589	7.81461140637718
36843	80	88.8534024257285	100.969775483782	8.85340242572848	20.9697754837824
36844	154.911691518245	113.086148541836	121.163730580539	-41.8255429764086	-33.747960937706
36845	154.911691518245	90.8727979354041	100.969775483782	-64.0388935828407	-53.9419160344625
36847	107	86.8340069160528	94.9115889547554	-20.1659930839472	-12.0884110452446
36848	119	84.8146114063772	94.9115889547554	-34.1853885936228	-24.0884110452446
36849	429.281126802262	141.357685677295	173.668013832106	-287.923441124966	-255.613112970156
36850	52.5526382706431	66.2867325917295	77.9843912843877	13.7340943210864	25.4317530137446
36851	52.5526382706431	66.2867325917295	76.034781502278	13.7340943210864	23.4821432316349
36852	52.5526382706431	58.4882934632908	70.1859521559489	5.93565519264768	17.6333138853058
36853	52.5526382706431	66.2867325917295	76.034781502278	13.7340943210864	23.4821432316349
36854	52.5526382706431	58.4882934632908	70.1859521559489	5.93565519264768	17.6333138853058
36855	52.5526382706431	60.4379032454005	68.2363423738392	7.88526497475738	15.6837041031961
36856	52.5526382706431	60.4379032454005	68.2363423738392	7.88526497475738	15.6837041031961
36857	52.5526382706431	58.4882934632908	66.2867325917295	5.93565519264768	13.7340943210864
36858	52.5526382706431	56.5386836811811	68.2363423738392	3.98604541053799	15.6837041031961
36859	3.39667620150124	2.01939550967565	4.03879101935129	-1.37728069182559	0.642114817850055
36860	0	8.07758203870259	10.0969775483782	8.07758203870259	10.0969775483782
36861	3.39667620150124	2.01939550967565	2.01939550967565	-1.37728069182559	-1.37728069182559
36862	3.39667620150124	6.05818652902694	8.07758203870259	2.6615103275257	4.68090583720135
36863	3.39667620150124	4.03879101935129	4.03879101935129	0.642114817850055	0.642114817850055
36864	3.39667620150124	6.05818652902694	6.05818652902694	2.6615103275257	2.6615103275257
36865	3.39667620150124	8.07758203870259	10.0969775483782	4.68090583720135	6.700301346877
36866	3.39667620150124	6.05818652902694	6.05818652902694	2.6615103275257	2.6615103275257
36867	3.39667620150124	28.2715371354591	32.3103281548104	24.8748609339578	28.9136519533091
36868	3.39667620150124	8.07758203870259	8.07758203870259	4.68090583720135	4.68090583720135
36869	16.4807593474372	2.01939550967565	2.01939550967565	-14.4613638377615	-14.4613638377615
36870	16.4807593474372	2.01939550967565	2.01939550967565	-14.4613638377615	-14.4613638377615
36871	16.4807593474372	10.0969775483782	12.1163730580539	-6.38378179905896	-4.36438628938331
36872	16.4807593474372	4.03879101935129	4.03879101935129	-12.4419683280859	-12.4419683280859
36873	16.4807593474372	4.03879101935129	4.03879101935129	-12.4419683280859	-12.4419683280859
36874	16.4807593474372	4.03879101935129	6.05818652902694	-12.4419683280859	-10.4225728184103
36875	16.4807593474372	4.03879101935129	4.03879101935129	-12.4419683280859	-12.4419683280859
36876	11.6790528160573	12.1163730580539	12.1163730580539	0.437320241996602	0.437320241996602
36877	11.6790528160573	8.07758203870259	10.0969775483782	-3.60147077735469	-1.58207526767905
36878	11.6790528160573	16.1551640774052	20.1939550967565	4.4761112613479	8.51490228069919
36879	11.6790528160573	10.0969775483782	10.0969775483782	-1.58207526767905	-1.58207526767905
36880	11.6790528160573	14.1357685677295	18.1745595870808	2.45671575167225	6.49550677102354
36881	161.277724224355	64.6206563096207	74.7176338579989	-96.6570679147342	-86.560090366356
36882	93.0001576187263	121.163730580539	151.454663225674	28.1635729618125	58.4545056069473
36884	174.384734489434	64.6206563096207	72.6982383483233	-109.764078179814	-101.686496141111
36885	174.384734489434	68.659447328972	80.7758203870259	-105.725287160462	-93.6089141024085
36886	174.384734489434	163.571036283727	230.211088103024	-10.8136982057069	55.8263536135894
36887	174.384734489434	66.6400518192964	78.7564248773502	-107.744682670138	-95.6283096120841
36889	174.384734489434	56.5430742709181	66.6400518192964	-117.841660218516	-107.744682670138
36900	41.3951368101325	56.5430742709181	68.659447328972	15.1479374607856	27.2643105188395
36902	92.5950436336308	74.7176338579989	92.8921934450798	-17.8774097756318	0.297149811448975
36903	92.5950436336308	68.659447328972	84.8146114063772	-23.9355963046588	-7.78043222725361
36904	92.5950436336308	64.6206563096207	74.7176338579989	-27.9743873240101	-17.8774097756318
36905	92.5950436336308	68.659447328972	84.8146114063772	-23.9355963046588	-7.78043222725361
36917	33.416415897723	58.5624697805938	66.6400518192964	25.1460538828708	33.2236359215734
36918	33.416415897723	50.4848877418912	58.5624697805938	17.0684718441682	25.1460538828708
36920	35.4242655873673	78.7564248773502	107.027962012809	43.332159289983	71.6036964254421
36921	35.4242655873673	22.2133506064321	46.4460967225399	-13.2109149809351	11.0218311351726
36922	35.4242655873673	109.047357522485	151.454663225674	73.6230919351177	116.030397638306
36924	35.4242655873673	78.7564248773502	107.027962012809	43.332159289983	71.6036964254421
36925	35.4242655873673	28.2715371354591	28.2715371354591	-7.1527284519082	-7.1527284519082
36928	35.4242655873673	96.9309844644311	102.989170993458	61.5067188770638	67.5649054060908
36929	35.4242655873673	88.8534024257285	96.9309844644311	53.4291368383612	61.5067188770638
36931	9.22286789537658	48.4654922322155	56.5430742709181	39.242624336839	47.3202063755415
36932	9.22286789537658	40.3879101935129	44.4267012128642	31.1650422981364	35.2038333174877
36933	12.5831828458571	28.1179266532124	32.8042477620811	15.5347438073552	20.221064916224
36934	12.5831828458571	14.0589633266062	16.4021238810405	1.47578048074905	3.81894103518341
36935	12.5831828458571	37.4905688709498	42.1768899798185	24.9073860250927	29.5937071339614
36936	12.5831828458571	9.37264221773745	9.37264221773745	-3.21054062811967	-3.21054062811967
36937	9.04539399603958	30.4610872076467	37.4905688709498	21.4156932116071	28.4451748749102
36938	13.6380050453978	9.37264221773745	11.7158027721718	-4.26536282766033	-1.92220227322596
36939	13.6380050453978	23.4316055443436	28.1179266532124	9.79360049894585	14.4799216078146
36940	11.2644032349556	4.68632110886873	4.68632110886873	-6.57808212608689	-6.57808212608689
36941	15.3742726198462	4.68632110886873	7.02948166330309	-10.6879515109775	-8.34479095654315
36942	15.3742726198462	7.02948166330309	11.7158027721718	-8.34479095654315	-3.65846984767442
36943	51.1126682539521	67.5996406067019	74.1947274951606	16.4869723527498	23.0820592412085
36944	62.8757712038481	41.3112235640568	49.5734682768681	-21.5645476397913	-13.30230292698
36946	62.8757712038481	47.5079070986653	57.8357129896795	-15.3678641051828	-5.0400582141686
36947	62.8757712038481	47.5079070986653	55.7701518114766	-15.3678641051828	-7.10561939237144
36948	62.8757712038481	47.5079070986653	53.7045906332738	-15.3678641051828	-9.17118057057428
36949	32.2500500328217	9.74804891054846	11.6976586926582	-22.5020011222732	-20.5523913401636
36950	40.9402949859001	7.79843912843877	7.79843912843877	-33.1418558574613	-33.1418558574613
36951	40.9402949859001	7.79843912843877	9.74804891054846	-33.1418558574613	-31.1922460753516
36952	40.9402949859001	7.79843912843877	7.79843912843877	-33.1418558574613	-33.1418558574613
36953	40.9402949859001	5.84882934632908	5.84882934632908	-35.091465639571	-35.091465639571
36954	40.9402949859001	7.79843912843877	7.79843912843877	-33.1418558574613	-33.1418558574613
36955	40.9402949859001	66.2867325917295	74.0851717201683	25.3464376058294	33.1448767342682
36956	40.9402949859001	56.5386836811811	62.3875130275102	15.598388695281	21.4472180416101
36957	40.9402949859001	64.3371228096198	70.1859521559489	23.3968278237198	29.2456571700488
36958	40.9402949859001	5.84882934632908	5.84882934632908	-35.091465639571	-35.091465639571
36959	40.9402949859001	19.4960978210969	23.3953173853163	-21.4441971648032	-17.5449776005838
36960	40.9402949859001	9.74804891054846	9.74804891054846	-31.1922460753516	-31.1922460753516
36961	40.9402949859001	52.6394641169617	58.4882934632908	11.6991691310616	17.5479984773907
36962	40.9402949859001	52.6394641169617	58.4882934632908	11.6991691310616	17.5479984773907
36963	40.9402949859001	54.5890738990714	60.4379032454005	13.6487789131713	19.4976082595004
36964	40.9402949859001	62.3875130275102	68.2363423738392	21.4472180416101	27.2960473879391
36965	40.9402949859001	56.5386836811811	60.4379032454005	15.598388695281	19.4976082595004
36966	40.9402949859001	52.6394641169617	60.4379032454005	11.6991691310616	19.4976082595004
36967	40.9402949859001	13.6472684747678	13.6472684747678	-27.2930265111322	-27.2930265111322
36968	40.9402949859001	60.4379032454005	64.3371228096198	19.4976082595004	23.3968278237198
36969	40.9402949859001	48.7402445527423	52.6394641169617	7.79994956684222	11.6991691310616
36970	40.9402949859001	11.6976586926582	13.6472684747678	-29.2426362932419	-27.2930265111322
36971	40.9402949859001	7.79843912843877	7.79843912843877	-33.1418558574613	-33.1418558574613
36972	40.9402949859001	11.6976586926582	13.6472684747678	-29.2426362932419	-27.2930265111322
36973	40.9402949859001	7.79843912843877	7.79843912843877	-33.1418558574613	-33.1418558574613
36974	40.9402949859001	56.5386836811811	62.3875130275102	15.598388695281	21.4472180416101
36975	40.9402949859001	7.79843912843877	7.79843912843877	-33.1418558574613	-33.1418558574613
36976	40.9402949859001	7.79843912843877	7.79843912843877	-33.1418558574613	-33.1418558574613
36977	40.9402949859001	5.84882934632908	5.84882934632908	-35.091465639571	-35.091465639571
36978	40.9402949859001	5.84882934632908	7.79843912843877	-35.091465639571	-33.1418558574613
36979	40.9402949859001	7.79843912843877	7.79843912843877	-33.1418558574613	-33.1418558574613
36980	40.9402949859001	5.84882934632908	7.79843912843877	-35.091465639571	-33.1418558574613
36981	40.9402949859001	7.79843912843877	7.79843912843877	-33.1418558574613	-33.1418558574613
36982	40.9402949859001	7.79843912843877	7.79843912843877	-33.1418558574613	-33.1418558574613
36983	40.9402949859001	7.79843912843877	7.79843912843877	-33.1418558574613	-33.1418558574613
36984	40.9402949859001	9.74804891054846	13.6472684747678	-31.1922460753516	-27.2930265111322
36985	40.9402949859001	5.84882934632908	7.79843912843877	-35.091465639571	-33.1418558574613
36986	40.9402949859001	17.5464880389872	19.4960978210969	-23.3938069469129	-21.4441971648032
36987	40.9402949859001	7.79843912843877	7.79843912843877	-33.1418558574613	-33.1418558574613
36988	40.9402949859001	5.84882934632908	5.84882934632908	-35.091465639571	-35.091465639571
36989	40.9402949859001	56.5386836811811	62.3875130275102	15.598388695281	21.4472180416101
36990	40.9402949859001	13.6472684747678	15.5968782568775	-27.2930265111322	-25.3434167290226
36991	40.9402949859001	13.6472684747678	13.6472684747678	-27.2930265111322	-27.2930265111322
36992	40.9402949859001	29.2441467316454	33.1433662958648	-11.6961482542547	-7.79692869003532
36993	40.9402949859001	56.5386836811811	60.4379032454005	15.598388695281	19.4976082595004
36994	40.9402949859001	7.79843912843877	9.74804891054846	-33.1418558574613	-31.1922460753516
36995	40.9402949859001	5.84882934632908	5.84882934632908	-35.091465639571	-35.091465639571
36996	40.9402949859001	5.84882934632908	5.84882934632908	-35.091465639571	-35.091465639571
36997	40.9402949859001	5.84882934632908	5.84882934632908	-35.091465639571	-35.091465639571
36998	40.9402949859001	5.84882934632908	5.84882934632908	-35.091465639571	-35.091465639571
36999	46.0534931477452	15.5968782568775	17.5464880389872	-30.4566148908677	-28.507005108758
37000	46.0534931477452	11.6976586926582	13.6472684747678	-34.3558344550871	-32.4062246729774
37001	46.0534931477452	50.689854334852	54.5890738990714	4.63636118710677	8.53558075132615
37002	183.649362578822	105.008566503134	121.163730580539	-78.6407960756886	-62.4856319982834
37008	0	4.03879101935129	4.03879101935129	4.03879101935129	4.03879101935129
37011	0	8.07758203870259	10.0969775483782	8.07758203870259	10.0969775483782
37013	0	18.1745595870808	20.1939550967565	18.1745595870808	20.1939550967565
37014	0	4.03879101935129	6.05818652902694	4.03879101935129	6.05818652902694
37017	0	14.1357685677295	16.1551640774052	14.1357685677295	16.1551640774052
37020	0	6.05818652902694	6.05818652902694	6.05818652902694	6.05818652902694
37021	0	4.03879101935129	6.05818652902694	4.03879101935129	6.05818652902694
37025	0	8.07758203870259	10.0969775483782	8.07758203870259	10.0969775483782
37026	165.094902667074	109.047357522485	129.241312619241	-56.0475451445892	-35.8535900478327
37028	58.4722030134299	94.9115889547554	115.105544051512	36.4393859413255	56.633341038082
37029	12.3422708188867	2.01939550967565	2.01939550967565	-10.322875309211	-10.322875309211
37030	12.3422708188867	8.07758203870259	8.07758203870259	-4.26468878018406	-4.26468878018406
37031	12.3422708188867	4.03879101935129	4.03879101935129	-8.30347979953536	-8.30347979953536
37032	12.3422708188867	2.01939550967565	2.01939550967565	-10.322875309211	-10.322875309211
37035	12.3422708188867	4.03879101935129	4.03879101935129	-8.30347979953536	-8.30347979953536
37036	12.3422708188867	4.03879101935129	4.03879101935129	-8.30347979953536	-8.30347979953536
37037	12.3422708188867	2.01939550967565	2.01939550967565	-10.322875309211	-10.322875309211
37038	12.3422708188867	2.01939550967565	2.01939550967565	-10.322875309211	-10.322875309211
37039	10.8157753963983	10.0969775483782	12.1163730580539	-0.718797848020062	1.30059766165559
37041	10.8157753963983	10.0969775483782	10.0969775483782	-0.718797848020062	-0.718797848020062
37042	10.8157753963983	4.03879101935129	4.03879101935129	-6.776984377047	-6.776984377047
37043	12.3422708188867	22.2133506064321	26.2521416257834	9.87107978754547	13.9098708068968
37044	12.3422708188867	2.01939550967565	2.01939550967565	-10.322875309211	-10.322875309211
37045	12.3422708188867	2.01939550967565	2.01939550967565	-10.322875309211	-10.322875309211
37046	12.3422708188867	4.03879101935129	4.03879101935129	-8.30347979953536	-8.30347979953536
37047	12.3422708188867	4.03879101935129	4.03879101935129	-8.30347979953536	-8.30347979953536
37048	12.3422708188867	4.03879101935129	4.03879101935129	-8.30347979953536	-8.30347979953536
37049	12.3422708188867	8.07758203870259	8.07758203870259	-4.26468878018406	-4.26468878018406
37050	3.47885342805087	35.1474083165154	35.1474083165154	31.6685548884646	31.6685548884646
37051	56.0943084046841	38.3685146838373	42.4073057031886	-17.7257937208469	-13.6870027014956
37052	56.0943084046841	38.3685146838373	42.4073057031886	-17.7257937208469	-13.6870027014956
37053	56.0943084046841	66.6400518192964	74.7176338579989	10.5457434146122	18.6233254533148
37054	81.7602840038279	70.6788428386477	74.7176338579989	-11.0814411651802	-7.04265014582893
37055	56.0943084046841	28.2715371354591	30.2909326451347	-27.8227712692251	-25.8033757595494
37056	56.0943084046841	60.5818652902694	64.6206563096207	4.48755688558527	8.52634790493656
37057	56.0943084046841	40.3879101935129	42.4073057031886	-15.7063982111712	-13.6870027014956
37058	56.0943084046841	48.4654922322155	54.5236787612425	-7.62881617246861	-1.57062964344167
37059	56.0943084046841	72.6982383483233	78.7564248773502	16.6039299436392	22.6621164726661
37060	56.0943084046841	82.7952158967015	84.8146114063772	26.7009074920174	28.720303001693
37061	56.0943084046841	54.5236787612425	58.5624697805938	-1.57062964344167	2.46816137590962
37062	56.0943084046841	38.3685146838373	40.3879101935129	-17.7257937208469	-15.7063982111712
37063	81.7602840038279	58.5624697805938	66.6400518192964	-23.1978142232341	-15.1202321845315
37064	81.7602840038279	46.4460967225399	50.4848877418912	-35.314187281288	-31.2753962619367
37065	81.7602840038279	60.5818652902694	66.6400518192964	-21.1784187135585	-15.1202321845315
37066	81.7602840038279	68.659447328972	74.7176338579989	-13.1008366748559	-7.04265014582893
37067	81.7602840038279	74.7176338579989	80.7758203870259	-7.04265014582893	-0.984463616801989
37068	19.4449021918107	18.1745595870808	22.2133506064321	-1.27034260472986	2.76844841462143
37069	17.6848582369902	4.68632110886873	4.68632110886873	-12.9985371281215	-12.9985371281215
37070	17.6848582369902	0	0	-17.6848582369902	-17.6848582369902
37071	17.6848582369902	18.7452844354749	21.0884449899093	1.06042619848469	3.40358675291905
37072	17.6848582369902	11.7158027721718	14.0589633266062	-5.9690554648184	-3.62589491038404
37073	17.6848582369902	7.02948166330309	7.02948166330309	-10.6553765736871	-10.6553765736871
37074	17.6848582369902	25.774766098778	32.8042477620811	8.08990786178778	15.1193895250909
37075	17.6848582369902	30.4610872076467	37.4905688709498	12.7762289706565	19.8057106339596
37076	17.6848582369902	7.02948166330309	7.02948166330309	-10.6553765736871	-10.6553765736871
37077	17.6848582369902	4.68632110886873	4.68632110886873	-12.9985371281215	-12.9985371281215
37078	17.6848582369902	7.02948166330309	7.02948166330309	-10.6553765736871	-10.6553765736871
37079	17.6848582369902	18.7452844354749	21.0884449899093	1.06042619848469	3.40358675291905
37080	17.6848582369902	39.8337294253842	44.5200505342529	22.148871188394	26.8351922972627
37081	26.4245349195991	37.4905688709498	37.4905688709498	11.0660339513507	11.0660339513507
37082	26.4245349195991	11.7158027721718	11.7158027721718	-14.7087321474272	-14.7087321474272
37083	26.4245349195991	9.37264221773745	9.37264221773745	-17.0518927018616	-17.0518927018616
37084	19.0743073895353	18.7452844354749	18.7452844354749	-0.329022954060356	-0.329022954060356
37085	19.0743073895353	7.02948166330309	9.37264221773745	-12.0448257262322	-9.70166517179781
37086	19.0743073895353	7.02948166330309	7.02948166330309	-12.0448257262322	-12.0448257262322
37087	19.0743073895353	7.02948166330309	7.02948166330309	-12.0448257262322	-12.0448257262322
37088	19.0743073895353	7.02948166330309	7.02948166330309	-12.0448257262322	-12.0448257262322
37089	53.6417854334181	7.02948166330309	7.02948166330309	-46.612303770115	-46.612303770115
37090	53.6417854334181	42.1768899798185	46.8632110886873	-11.4648954535995	-6.77857434473081
37091	53.6417854334181	42.1768899798185	44.5200505342529	-11.4648954535995	-9.12173489916518
37092	53.6417854334181	4.68632110886873	4.68632110886873	-48.9554643245493	-48.9554643245493
37093	198.187483013623	82.7952158967015	98.9503799741067	-115.392267116922	-99.2371030395168
37094	92.7260152903834	68.659447328972	76.7370293676746	-24.0665679614114	-15.9889859227088
37095	63.9013564553372	62.6012607999451	74.7176338579989	-1.30009565539213	10.8162774026617
37096	63.9013564553372	36.3491191741617	54.5236787612425	-27.5522372811756	-9.37767769409472
37097	63.9013564553372	26.2521416257834	32.3103281548104	-37.6492148295538	-31.5910283005268
37098	0	1.94960978210969	1.94960978210969	1.94960978210969	1.94960978210969
37099	0	1.94960978210969	1.94960978210969	1.94960978210969	1.94960978210969
37100	0	1.94960978210969	1.94960978210969	1.94960978210969	1.94960978210969
37101	0	0	0	0	0
37102	0	0	0	0	0
37103	0	0	0	0	0
37104	0	0	0	0	0
37105	0	0	0	0	0
37106	0	0	0	0	0
37107	0	0	0	0	0
37109	33.8879765077427	4.03879101935129	4.03879101935129	-29.8491854883914	-29.8491854883914
37110	28.0377107702357	4.03879101935129	4.03879101935129	-23.9989197508844	-23.9989197508844
37111	28.0377107702357	4.03879101935129	4.03879101935129	-23.9989197508844	-23.9989197508844
37112	28.0377107702357	4.03879101935129	4.03879101935129	-23.9989197508844	-23.9989197508844
37113	33.8879765077427	4.03879101935129	6.05818652902694	-29.8491854883914	-27.8297899787157
37114	33.8879765077427	6.05818652902694	6.05818652902694	-27.8297899787157	-27.8297899787157
37115	28.0377107702357	4.03879101935129	4.03879101935129	-23.9989197508844	-23.9989197508844
37116	28.0377107702357	2.01939550967565	2.01939550967565	-26.01831526056	-26.01831526056
37117	29.2913741339908	4.03879101935129	4.03879101935129	-25.2525831146396	-25.2525831146396
37118	29.2913741339908	4.03879101935129	4.03879101935129	-25.2525831146396	-25.2525831146396
37119	29.2913741339908	6.05818652902694	6.05818652902694	-23.2331876049639	-23.2331876049639
37120	33.8879765077427	4.03879101935129	4.03879101935129	-29.8491854883914	-29.8491854883914
37121	29.2913741339908	4.03879101935129	4.03879101935129	-25.2525831146396	-25.2525831146396
37122	29.2913741339908	4.03879101935129	4.03879101935129	-25.2525831146396	-25.2525831146396
37123	29.2913741339908	6.05818652902694	6.05818652902694	-23.2331876049639	-23.2331876049639
37124	29.2913741339908	4.03879101935129	4.03879101935129	-25.2525831146396	-25.2525831146396
37125	29.2913741339908	6.05818652902694	6.05818652902694	-23.2331876049639	-23.2331876049639
37126	33.8879765077427	4.03879101935129	4.03879101935129	-29.8491854883914	-29.8491854883914
37127	29.2913741339908	6.05818652902694	8.07758203870259	-23.2331876049639	-21.2137920952883
37128	29.2913741339908	4.03879101935129	6.05818652902694	-25.2525831146396	-23.2331876049639
37129	33.8879765077427	4.03879101935129	4.03879101935129	-29.8491854883914	-29.8491854883914
37130	33.8879765077427	4.03879101935129	4.03879101935129	-29.8491854883914	-29.8491854883914
37131	33.8879765077427	4.03879101935129	6.05818652902694	-29.8491854883914	-27.8297899787157
37132	33.8879765077427	4.03879101935129	4.03879101935129	-29.8491854883914	-29.8491854883914
37133	33.8879765077427	4.03879101935129	6.05818652902694	-29.8491854883914	-27.8297899787157
37134	33.8879765077427	2.01939550967565	2.01939550967565	-31.868580998067	-31.868580998067
37135	33.8879765077427	8.07758203870259	8.07758203870259	-25.8103944690401	-25.8103944690401
37136	29.2913741339908	4.03879101935129	4.03879101935129	-25.2525831146396	-25.2525831146396
37137	29.2913741339908	2.01939550967565	4.03879101935129	-27.2719786243152	-25.2525831146396
37138	29.2913741339908	4.03879101935129	4.03879101935129	-25.2525831146396	-25.2525831146396
37139	33.8879765077427	4.03879101935129	4.03879101935129	-29.8491854883914	-29.8491854883914
37140	28.0377107702357	2.01939550967565	2.01939550967565	-26.01831526056	-26.01831526056
37141	29.2913741339908	6.05818652902694	6.05818652902694	-23.2331876049639	-23.2331876049639
37142	24.503738229156	6.05818652902694	6.05818652902694	-18.4455517001291	-18.4455517001291
37143	33.8879765077427	2.01939550967565	2.01939550967565	-31.868580998067	-31.868580998067
37144	33.8879765077427	2.01939550967565	2.01939550967565	-31.868580998067	-31.868580998067
37145	33.8879765077427	4.03879101935129	4.03879101935129	-29.8491854883914	-29.8491854883914
37146	33.8879765077427	4.03879101935129	4.03879101935129	-29.8491854883914	-29.8491854883914
37147	33.8879765077427	4.03879101935129	4.03879101935129	-29.8491854883914	-29.8491854883914
37148	33.8879765077427	6.05818652902694	6.05818652902694	-27.8297899787157	-27.8297899787157
37149	33.8879765077427	4.03879101935129	4.03879101935129	-29.8491854883914	-29.8491854883914
37150	33.8879765077427	6.05818652902694	6.05818652902694	-27.8297899787157	-27.8297899787157
37151	18.8334818251948	3.89921956421938	3.89921956421938	-14.9342622609755	-14.9342622609755
37152	18.8334818251948	21.4457076032066	25.344927167426	2.61222577801178	6.51144534223116
37153	18.8334818251948	5.84882934632908	7.79843912843877	-12.9846524788658	-11.0350426967561
37154	18.8334818251948	5.84882934632908	5.84882934632908	-12.9846524788658	-12.9846524788658
37155	18.8334818251948	3.89921956421938	3.89921956421938	-14.9342622609755	-14.9342622609755
37156	18.8334818251948	1.94960978210969	1.94960978210969	-16.8838720430851	-16.8838720430851
37157	18.8334818251948	3.89921956421938	3.89921956421938	-14.9342622609755	-14.9342622609755
37158	18.8334818251948	3.89921956421938	3.89921956421938	-14.9342622609755	-14.9342622609755
37159	18.8334818251948	3.89921956421938	5.84882934632908	-14.9342622609755	-12.9846524788658
37160	2.77616840948254	5.84882934632908	5.84882934632908	3.07266093684654	3.07266093684654
37161	2.77616840948254	5.84882934632908	5.84882934632908	3.07266093684654	3.07266093684654
37162	2.77616840948254	5.84882934632908	7.79843912843877	3.07266093684654	5.02227071895623
37163	3.78882698594595	1.94960978210969	1.94960978210969	-1.83921720383625	-1.83921720383625
37164	3.78882698594595	1.94960978210969	1.94960978210969	-1.83921720383625	-1.83921720383625
37165	3.78882698594595	3.89921956421938	3.89921956421938	0.110392578273439	0.110392578273439
37166	3.78882698594595	3.89921956421938	3.89921956421938	0.110392578273439	0.110392578273439
37167	3.78882698594595	3.89921956421938	3.89921956421938	0.110392578273439	0.110392578273439
37168	3.78882698594595	5.84882934632908	7.79843912843877	2.06000236038313	4.00961214249282
37169	3.78882698594595	3.89921956421938	3.89921956421938	0.110392578273439	0.110392578273439
37170	3.78882698594595	3.89921956421938	3.89921956421938	0.110392578273439	0.110392578273439
37171	3.78882698594595	3.89921956421938	3.89921956421938	0.110392578273439	0.110392578273439
37172	3.78882698594595	5.84882934632908	5.84882934632908	2.06000236038313	2.06000236038313
37173	3.78882698594595	5.84882934632908	7.79843912843877	2.06000236038313	4.00961214249282
37174	3.78882698594595	5.84882934632908	5.84882934632908	2.06000236038313	2.06000236038313
37175	3.78882698594595	1.94960978210969	1.94960978210969	-1.83921720383625	-1.83921720383625
37176	3.78882698594595	5.84882934632908	7.79843912843877	2.06000236038313	4.00961214249282
37177	3.78882698594595	3.89921956421938	3.89921956421938	0.110392578273439	0.110392578273439
37178	3.78882698594595	3.89921956421938	3.89921956421938	0.110392578273439	0.110392578273439
37179	3.78882698594595	5.84882934632908	5.84882934632908	2.06000236038313	2.06000236038313
37180	3.78882698594595	5.84882934632908	7.79843912843877	2.06000236038313	4.00961214249282
37181	3.78882698594595	9.74804891054846	13.6472684747678	5.95922192460252	9.8584414888219
37182	3.78882698594595	5.84882934632908	5.84882934632908	2.06000236038313	2.06000236038313
37183	3.78882698594595	3.89921956421938	3.89921956421938	0.110392578273439	0.110392578273439
37184	3.78882698594595	3.89921956421938	3.89921956421938	0.110392578273439	0.110392578273439
37186	76.1949876985773	80.7758203870259	92.8921934450798	4.58083268844858	16.6972057465025
37187	40.0730192496873	10.0969775483782	12.1163730580539	-29.9760417013091	-27.9566461916335
37188	40.0730192496873	24.2327461161078	24.2327461161078	-15.8402731335796	-15.8402731335796
37189	73.5984434976921	84.8146114063772	92.8921934450798	11.2161679086851	19.2937499473877
37190	73.5984434976921	80.7758203870259	90.8727979354041	7.17737688933377	17.274354437712
37191	73.5984434976921	92.8921934450798	111.066753032161	19.2937499473877	37.4683095344685
37192	73.5984434976921	82.7952158967015	88.8534024257285	9.19677239900942	15.2549589280364
37193	73.5984434976921	72.6982383483233	82.7952158967015	-0.900205149368816	9.19677239900942
37194	157.694958584339	78.7564248773502	86.8340069160528	-78.9385337069892	-70.8609516682866
37195	157.694958584339	66.6400518192964	74.7176338579989	-91.0549067650431	-82.9773247263405
37196	50.6406948864516	98.9503799741067	117.124939561188	48.3096850876551	66.4842446747359
37197	50.6406948864516	88.8534024257285	94.9115889547554	38.2127075392768	44.2708940683038
37198	50.6406948864516	119.144335070863	131.260708128917	68.5036401844116	80.6200132424655
37199	50.6406948864516	107.027962012809	117.124939561188	56.3872671263577	66.4842446747359
37200	50.6406948864516	105.008566503134	119.144335070863	54.367871616682	68.5036401844116
37201	50.6406948864516	90.8727979354041	102.989170993458	40.2321030489525	52.3484761070064
37202	50.6406948864516	90.8727979354041	96.9309844644311	40.2321030489525	46.2902895779795
37203	50.6406948864516	62.6012607999451	70.6788428386477	11.9605659134934	20.038147952196
37204	206.822455715981	74.7176338579989	82.7952158967015	-132.104821857983	-124.02723981928
37205	50.6406948864516	82.7952158967015	90.8727979354041	32.1545210102499	40.2321030489525
37206	50.6406948864516	98.9503799741067	107.027962012809	48.3096850876551	56.3872671263577
37207	50.6406948864516	105.008566503134	119.144335070863	54.367871616682	68.5036401844116
37208	157.694958584339	92.8921934450798	98.9503799741067	-64.8027651392596	-58.7445786102327
37209	98	82.7952158967015	88.8534024257285	-15.2047841032985	-9.14659757427152
37210	98	86.8340069160528	92.8921934450798	-11.1659930839472	-5.10780655492023
37211	98	84.8146114063772	88.8534024257285	-13.1853885936228	-9.14659757427152
37212	89	82.7952158967015	88.8534024257285	-6.20478410329846	-0.146597574271524
37213	102	86.8340069160528	94.9115889547554	-15.1659930839472	-7.08841104524458
37214	43.537599996614	70.6788428386477	78.7564248773502	27.1412428420337	35.2188248807362
37215	24.032316935411	14.1357685677295	16.1551640774052	-9.89654836768144	-7.8771528580058
37216	24.032316935411	16.1551640774052	18.1745595870808	-7.8771528580058	-5.85775734833015
37217	20.7738517635758	44.4267012128642	52.5042832515668	23.6528494492884	31.730431487991
37218	20.7738517635758	36.3491191741617	38.3685146838373	15.5752674105858	17.5946629202615
37219	20.7738517635758	42.4073057031886	44.4267012128642	21.6334539396128	23.6528494492884
37220	20.7738517635758	50.4848877418912	54.5236787612425	29.7110359783154	33.7498269976667
37221	20.7738517635758	28.2715371354591	28.2715371354591	7.49768537188324	7.49768537188324
37222	23.89026440357	46.4460967225399	52.5042832515668	22.5558323189699	28.6140188479968
37223	23.89026440357	36.3491191741617	38.3685146838373	12.4588547705916	14.4782502802673
37224	218.23805339492	119.144335070863	137.318894657944	-99.0937183240569	-80.9191587369761
37225	201.2502996835	92.8921934450798	111.066753032161	-108.35810623842	-90.1835466513391
37226	120.305550624925	74.7176338579989	84.8146114063772	-45.5879167669257	-35.4909392185475
37227	120.305550624925	74.7176338579989	82.7952158967015	-45.5879167669257	-37.5103347282232
37228	120.305550624925	80.7758203870259	92.8921934450798	-39.5297302378988	-27.4133571798449
37229	120.305550624925	82.7952158967015	96.9309844644311	-37.5103347282232	-23.3745661604936
37230	120.305550624925	86.8340069160528	98.9503799741067	-33.4715437088719	-21.355170650818
37231	0	2.01939550967565	4.03879101935129	2.01939550967565	4.03879101935129
37232	30.8759858343561	42.4073057031886	50.4848877418912	11.5313198688325	19.6089019075351
37233	53.6873266076676	129.241312619241	151.454663225674	75.5539860115738	97.767336618006
37234	97.7670162761433	68.2363423738392	77.9843912843877	-29.530673902304	-19.7826249917556
37235	316.684662492071	189.823177909511	252.424438709456	-126.86148458256	-64.2602237826146
37236	229.533249335397	111.066753032161	129.241312619241	-118.466496303236	-100.291936716155
37237	229.533249335397	123.183126090214	153.474058735349	-106.350123245182	-76.0591906000475
37238	31.2670290426699	18.1745595870808	20.1939550967565	-13.0924694555891	-11.0730739459134
37240	31.2670290426699	58.5624697805938	58.5624697805938	27.2954407379239	27.2954407379239
37241	31.2670290426699	44.4267012128642	44.4267012128642	13.1596721701943	13.1596721701943
37246	71.5962313214262	70.6788428386477	76.7370293676746	-0.917388482778591	5.14079804624835
37247	71.5962313214262	64.6206563096207	70.6788428386477	-6.97557501180553	-0.917388482778591
37248	71.5962313214262	64.6206563096207	74.7176338579989	-6.97557501180553	3.1214025365727
37249	13.7349085612906	26.2521416257834	30.2909326451347	12.5172330644928	16.5560240838441
37250	37.8505253301766	48.4654922322155	50.4848877418912	10.6149669020389	12.6343624117145
37251	13.7349085612906	40.3879101935129	46.4460967225399	26.6530016322223	32.7111881612493
37252	13.7349085612906	44.4267012128642	48.4654922322155	30.6917926515736	34.7305836709249
37253	13.7349085612906	30.2909326451347	34.329723664486	16.5560240838441	20.5948151031954
37254	13.7349085612906	40.3879101935129	44.4267012128642	26.6530016322223	30.6917926515736
37255	13.7349085612906	32.3103281548104	36.3491191741617	18.5754195935197	22.614210612871
37256	13.7349085612906	34.329723664486	36.3491191741617	20.5948151031954	22.614210612871
37257	13.7349085612906	30.2909326451347	34.329723664486	16.5560240838441	20.5948151031954
37258	14.2134277218864	50.4848877418912	52.5042832515668	36.2714600200048	38.2908555296804
37259	13.7349085612906	56.5430742709181	64.6206563096207	42.8081657096275	50.8857477483301
37260	13.7349085612906	44.4267012128642	48.4654922322155	30.6917926515736	34.7305836709249
37261	13.7349085612906	22.2133506064321	24.2327461161078	8.47844204514149	10.4978375548171
37262	13.7349085612906	38.3685146838373	40.3879101935129	24.6336061225467	26.6530016322223
37263	13.7349085612906	44.4267012128642	50.4848877418912	30.6917926515736	36.7499791806006
37264	13.7349085612906	42.4073057031886	46.4460967225399	28.672397141898	32.7111881612493
37265	13.7349085612906	48.4654922322155	54.5236787612425	34.7305836709249	40.7887701999518
37266	13.7349085612906	20.1939550967565	22.2133506064321	6.45904653546584	8.47844204514149
37267	13.7349085612906	46.4460967225399	50.4848877418912	32.7111881612493	36.7499791806006
37268	13.7349085612906	18.1745595870808	18.1745595870808	4.43965102579019	4.43965102579019
37269	13.7349085612906	32.3103281548104	36.3491191741617	18.5754195935197	22.614210612871
37270	13.7349085612906	40.3879101935129	42.4073057031886	26.6530016322223	28.672397141898
37271	13.7349085612906	26.2521416257834	30.2909326451347	12.5172330644928	16.5560240838441
37272	13.7349085612906	26.2521416257834	30.2909326451347	12.5172330644928	16.5560240838441
37273	13.7349085612906	56.5430742709181	62.6012607999451	42.8081657096275	48.8663522386544
37274	13.7349085612906	24.2327461161078	26.2521416257834	10.4978375548171	12.5172330644928
37275	13.7349085612906	20.1939550967565	22.2133506064321	6.45904653546584	8.47844204514149
37276	13.7349085612906	22.2133506064321	26.2521416257834	8.47844204514149	12.5172330644928
37277	13.7349085612906	22.2133506064321	26.2521416257834	8.47844204514149	12.5172330644928
37278	13.7349085612906	22.2133506064321	24.2327461161078	8.47844204514149	10.4978375548171
37279	13.7349085612906	40.3879101935129	44.4267012128642	26.6530016322223	30.6917926515736
37280	13.7349085612906	32.3103281548104	34.329723664486	18.5754195935197	20.5948151031954
37281	13.7349085612906	42.4073057031886	46.4460967225399	28.672397141898	32.7111881612493
37282	13.7349085612906	20.1939550967565	24.2327461161078	6.45904653546584	10.4978375548171
37283	13.7349085612906	42.4073057031886	44.4267012128642	28.672397141898	30.6917926515736
37284	13.7349085612906	20.1939550967565	22.2133506064321	6.45904653546584	8.47844204514149
37285	13.7349085612906	26.2521416257834	30.2909326451347	12.5172330644928	16.5560240838441
37286	13.7349085612906	10.0969775483782	12.1163730580539	-3.63793101291239	-1.61853550323675
37287	13.7349085612906	24.2327461161078	26.2521416257834	10.4978375548171	12.5172330644928
37288	68.8963053731279	38.3685146838373	48.4654922322155	-30.5277906892906	-20.4308131409123
37289	68.8963053731279	66.6400518192964	72.6982383483233	-2.2562535538315	3.80193297519544
37290	68.8963053731279	62.6012607999451	66.6400518192964	-6.29504457318279	-2.2562535538315
37291	68.8963053731279	56.5430742709181	60.5818652902694	-12.3532311022097	-8.31444008285844
37292	33.7725676169373	38.3685146838373	42.4073057031886	4.59594706690002	8.63473808625131
37293	105.18805354122	58.5624697805938	60.5818652902694	-46.6255837606262	-44.6061882509506
37294	105.18805354122	34.329723664486	40.3879101935129	-70.858329876734	-64.8001433477071
37295	105.18805354122	38.3685146838373	42.4073057031886	-66.8195388573827	-62.7807478380314
37296	105.18805354122	62.6012607999451	64.6206563096207	-42.5867927412749	-40.5673972315993
37297	105.18805354122	40.3879101935129	46.4460967225399	-64.8001433477071	-58.7419568186801
37298	105.18805354122	42.4073057031886	46.4460967225399	-62.7807478380314	-58.7419568186801
37299	105.18805354122	60.5818652902694	64.6206563096207	-44.6061882509506	-40.5673972315993
37300	81.6910568477681	50.4848877418912	52.5042832515668	-31.2061691058769	-29.1867735962013
37301	81.6910568477681	54.5236787612425	58.5624697805938	-27.1673780865256	-23.1285870671744
37302	68.8963053731279	58.5624697805938	66.6400518192964	-10.3338355925341	-2.2562535538315
37304	13.9257222521752	10.0969775483782	12.1163730580539	-3.82874470379696	-1.80934919412131
37305	13.9257222521752	16.1551640774052	18.1745595870808	2.22944182522998	4.24883733490563
37306	13.9257222521752	16.1551640774052	18.1745595870808	2.22944182522998	4.24883733490563
37307	12.076841538825	14.1357685677295	16.1551640774052	2.05892702890458	4.07832253858022
37308	12.076841538825	16.1551640774052	22.2133506064321	4.07832253858022	10.1365090676072
37309	12.076841538825	10.0969775483782	12.1163730580539	-1.97986399044672	0.0395315192289285
37310	211.64439513594	92.8921934450798	111.066753032161	-118.75220169086	-100.57764210378
37311	67.9297589422217	54.5236787612425	64.6206563096207	-13.4060801809792	-3.30910263260101
37312	67.9297589422217	68.659447328972	76.7370293676746	0.729688386750283	8.80727042545287
37313	297	100.969775483782	113.086148541836	-196.030224516218	-183.913851458164
37314	66.9241725246903	92.8921934450798	107.027962012809	25.9680209203895	40.103789488119
37315	66.9241725246903	72.6982383483233	82.7952158967015	5.77406582363299	15.8710433720112
37316	192.586347928199	74.7176338579989	86.8340069160528	-117.8687140702	-105.752341012146
37317	48.7768871179702	48.4654922322155	54.5236787612425	-0.311394885754652	5.74679164327229
37318	56.9843081795594	50.4848877418912	52.5042832515668	-6.49942043766823	-4.48002492799258
37319	56.9843081795594	40.3879101935129	44.4267012128642	-16.5963979860465	-12.5576069666952
37320	56.9843081795594	54.5236787612425	60.5818652902694	-2.46062941831693	3.59755711071001
37321	56.9843081795594	30.2909326451347	34.329723664486	-26.6933755344247	-22.6545845150734
37322	56.9843081795594	38.3685146838373	42.4073057031886	-18.6157934957221	-14.5770024763708
37323	56.9843081795594	44.4267012128642	48.4654922322155	-12.5576069666952	-8.51881594734387
37324	56.9843081795594	32.3103281548104	36.3491191741617	-24.6739800247491	-20.6351890053978
37325	56.9843081795594	46.4460967225399	50.4848877418912	-10.5382114570195	-6.49942043766823
37326	48.7768871179702	64.6206563096207	70.6788428386477	15.8437691916505	21.9019557206775
37327	40.8479238536874	14.1357685677295	24.2327461161078	-26.7121552859579	-16.6151777375796
37328	40.8479238536874	30.2909326451347	56.5430742709181	-10.5569912085527	15.6951504172307
37330	40.8479238536874	28.2715371354591	32.3103281548104	-12.5763867182283	-8.53759569887703
37331	40.8479238536874	8.07758203870259	10.0969775483782	-32.7703418149848	-30.7509463053092
37332	40.8479238536874	34.329723664486	40.3879101935129	-6.51820018920139	-0.460013660174447
37337	40.8479238536874	22.2133506064321	26.2521416257834	-18.6345732472553	-14.595782227904
37339	40.8479238536874	88.8534024257285	113.086148541836	48.0054785720411	72.2382246881489
37340	40.8479238536874	4.03879101935129	10.0969775483782	-36.8091328343361	-30.7509463053092
37342	40.8479238536874	62.6012607999451	70.6788428386477	21.7533369462577	29.8309189849603
37343	40.8479238536874	30.2909326451347	34.329723664486	-10.5569912085527	-6.51820018920139
37344	35.4950119067942	40.3879101935129	70.6788428386477	4.89289828671873	35.1838309318534
37347	35.4950119067942	44.4267012128642	48.4654922322155	8.93168930607003	12.9704803254213
37348	48.7768871179702	50.4848877418912	56.5430742709181	1.708000623921	7.76618715294794
37349	48.7768871179702	48.4654922322155	54.5236787612425	-0.311394885754652	5.74679164327229
