36455	64	70.1822178798241	115.787005373718	6.18221787982414	51.7870053737176
36456	64	57.8935026868588	97.4904738641915	-6.10649731314118	33.4904738641915
36457	64	53.52418172936	83.2901807523205	-10.47581827064	19.2901807523205
36458	64	54.0703468490474	91.4826575476307	-9.92965315095261	27.4826575476307
36459	64	90.9364924279433	136.814362481681	26.9364924279433	72.8143624816805
36460	64	63.0820713238886	160.845627747924	-0.91792867611138	96.8456277479238
36461	21	14.561797752809	39.7415730337079	-6.43820224719101	18.7415730337079
36463	18	11.5280898876404	51.2696629213483	-6.47191011235955	33.2696629213483
36465	18	20.0224719101124	44.5955056179775	2.02247191011236	26.5955056179775
36466	18	20.9325842696629	46.1123595505618	2.93258426966292	28.1123595505618
36467	18	17.2921348314607	46.1123595505618	-0.707865168539325	28.1123595505618
36468	19	12.7415730337079	37.0112359550562	-6.25842696629213	18.0112359550562
36469	19	9.40449438202247	33.0674157303371	-9.59550561797753	14.0674157303371
36470	19	14.561797752809	42.1685393258427	-4.43820224719101	23.1685393258427
36471	19	13.3483146067416	39.438202247191	-5.65168539325843	20.438202247191
36472	19	19.7191011235955	48.5393258426966	0.719101123595507	29.5393258426966
36473	19	21.2359550561798	53.6966292134831	2.23595505617978	34.6966292134831
36474	19	13.0449438202247	38.5280898876405	-5.95505617977528	19.5280898876405
36475	19	18.8089887640449	41.561797752809	-0.191011235955056	22.561797752809
36476	19	11.5280898876404	31.5505617977528	-7.47191011235955	12.5505617977528
36477	19	10.0112359550562	27.6067415730337	-8.98876404494382	8.60674157303371
36478	17	19.7191011235955	35.4943820224719	2.71910112359551	18.4943820224719
36479	17	18.8089887640449	32.7640449438202	1.80898876404494	15.7640449438202
36480	17	19.1123595505618	32.7640449438202	2.1123595505618	15.7640449438202
36481	17	20.0224719101124	34.2808988764045	3.02247191011236	17.2808988764045
36482	17	18.2022471910112	32.1573033707865	1.20224719101124	15.1573033707865
36483	17	13.9550561797753	28.8202247191011	-3.04494382022472	11.8202247191011
36484	18	18.8089887640449	32.7640449438202	0.808988764044944	14.7640449438202
36485	18	19.1123595505618	32.7640449438202	1.1123595505618	14.7640449438202
36486	18	21.2359550561798	35.7977528089888	3.23595505617978	17.7977528089888
36487	17	17.5955056179775	35.4943820224719	0.59550561797753	18.4943820224719
36488	77	41.8651685393258	103.14606741573	-35.1348314606742	26.1460674157303
36493	52	20.4811919882755	54.3434294088911	-31.5188080117245	2.34342940889106
36494	52	26.4890083048363	59.2589154860772	-25.5109916951637	7.25891548607719
36496	52	28.4005862237421	103.498290180752	-23.5994137762579	51.4982901807523
36498	14	15.1685393258427	32.1573033707865	1.1685393258427	18.1573033707865
36499	3	3.18905715681485	36.4084025403029	0.189057156814851	33.4084025403029
36501	35	80.5593551538837	130.533463605276	45.5593551538837	95.533463605276
36502	35	37.9584758182706	67.7244748412311	2.95847581827064	32.7244748412311
36503	44	33.9775280898876	63.4044943820225	-10.0224719101124	19.4044943820225
36504	44	32.7640449438202	63.1011235955056	-11.2359550561798	19.1011235955056
36505	44	38.8314606741573	67.9550561797753	-5.16853932584269	23.9550561797753
36506	44	37.9213483146067	66.438202247191	-6.07865168539325	22.438202247191
36507	44	40.9550561797753	85.247191011236	-3.04494382022472	41.247191011236
36508	44	36.7078651685393	67.0449438202247	-7.29213483146067	23.0449438202247
36509	44	37.6179775280899	65.5280898876404	-6.38202247191011	21.5280898876404
36510	44	37.6179775280899	67.3483146067416	-6.38202247191011	23.3483146067416
36511	44	36.7078651685393	67.0449438202247	-7.29213483146067	23.0449438202247
36512	44	37.6179775280899	67.3483146067416	-6.38202247191011	23.3483146067416
36513	44	36.1011235955056	65.2247191011236	-7.89887640449438	21.2247191011236
36514	44	35.7977528089888	64.314606741573	-8.20224719101123	20.314606741573
36515	44	27.6067415730337	60.3707865168539	-16.3932584269663	16.3707865168539
36516	44	31.8539325842697	63.1011235955056	-12.1460674157303	19.1011235955056
36517	44	45.8089887640449	91.314606741573	1.80898876404495	47.314606741573
36518	44	33.3707865168539	64.0112359550562	-10.6292134831461	20.0112359550562
36519	44	31.8539325842697	62.4943820224719	-12.1460674157303	18.4943820224719
36520	44	33.3707865168539	62.7977528089888	-10.6292134831461	18.7977528089888
36521	28	20.0224719101124	68.8651685393259	-7.97752808988764	40.8651685393259
36522	28	25.4831460674157	56.123595505618	-2.51685393258427	28.123595505618
36523	28	23.0561797752809	55.5168539325843	-4.9438202247191	27.5168539325843
36524	28	25.4831460674157	55.8202247191011	-2.51685393258427	27.8202247191011
36525	28	35.4943820224719	95.8651685393259	7.49438202247191	67.8651685393259
36526	28	31.8539325842697	63.1011235955056	3.85393258426966	35.1011235955056
36527	51	38.5280898876405	86.1573033707865	-12.4719101123595	35.1573033707865
36528	51	43.0786516853933	89.7977528089888	-7.92134831460674	38.7977528089888
36529	51	41.561797752809	82.5168539325843	-9.43820224719101	31.5168539325843
36530	51	35.4943820224719	66.7415730337079	-15.5056179775281	15.7415730337079
36531	51	36.1011235955056	66.7415730337079	-14.8988764044944	15.7415730337079
36532	51	30.0337078651685	62.7977528089888	-20.9662921348315	11.7977528089888
36533	51	36.4044943820225	88.8876404494382	-14.5955056179775	37.8876404494382
36534	28	33.9775280898876	103.449438202247	5.97752808988764	75.4494382022472
36536	38	20.6292134831461	37.9213483146067	-17.3707865168539	-0.078651685393254
36537	38	20.6292134831461	35.1910112359551	-17.3707865168539	-2.80898876404494
36538	43	368.898876404494	368.898876404494	325.898876404494	325.898876404494
36539	43	51.5730337078652	80.0898876404494	8.57303370786517	37.0898876404494
36540	43	373.752808988764	373.752808988764	330.752808988764	330.752808988764
36541	43	54.3033707865169	87.3707865168539	11.3033707865169	44.3707865168539
36542	43	366.47191011236	366.47191011236	323.47191011236	323.47191011236
36543	43	347.359550561798	347.359550561798	304.359550561798	304.359550561798
36544	37	41.7816316560821	71.8207132388862	4.78163165608208	34.8207132388862
36545	37	33.3160723009282	62.2628236443576	-3.68392769907181	25.2628236443576
36546	37	33.3160723009282	60.8974108451392	-3.68392769907181	23.8974108451392
36547	37	30.0390815828041	57.3473375671715	-6.9609184171959	20.3473375671715
36548	37	27.581338544211	55.7088422081094	-9.41866145578896	18.7088422081094
36549	37	31.1314118221788	57.6204201270152	-5.8685881778212	20.6204201270152
36550	37	30.8583292623351	62.5359062042013	-6.14167073766487	25.5359062042013
36551	37	26.76209086468	56.8011724474841	-10.23790913532	19.8011724474841
36552	37	31.9506595017098	57.8935026868588	-5.04934049829018	20.8935026868588
36553	37	34.6814851001466	61.4435759648266	-2.31851489985344	24.4435759648266
36554	37	28.1275036638984	61.1704934049829	-8.87249633610161	24.1704934049829
36555	37	30.0390815828041	76.7361993160723	-6.9609184171959	39.7361993160723
36556	37	30.8583292623351	76.4631167562286	-6.14167073766487	39.4631167562286
36557	37	25.3966780654617	70.4553004396678	-11.6033219345383	33.4553004396678
36558	37	35.2276502198339	73.7322911577919	-1.7723497801661	36.7322911577919
36559	37	28.4005862237421	65.266731802638	-8.59941377625794	28.266731802638
36560	37	42.3277967757694	77.009281875916	5.32779677576942	40.009281875916
36561	37	39.323888617489	63.628236443576	2.32388861748901	26.628236443576
36562	37	40.4162188568637	71.0014655593552	3.41621885686371	34.0014655593552
36563	37	36.5930630190523	61.7166585246703	-0.406936980947727	24.7166585246703
36564	37	22.3927699071812	73.4592085979482	-14.6072300928188	36.4592085979482
36566	34	53.0898876404494	90.7078651685393	19.0898876404494	56.7078651685393
36567	34	43.9887640449438	74.0224719101124	9.98876404494382	40.0224719101124
36568	34	47.9325842696629	82.8202247191011	13.9325842696629	48.8202247191011
36569	34	40.6516853932584	73.1123595505618	6.65168539325843	39.1123595505618
36570	34	41.561797752809	74.3258426966292	7.56179775280899	40.3258426966292
36571	34	41.561797752809	66.7415730337079	7.56179775280899	32.7415730337079
36572	40	41.561797752809	98.8988764044944	1.56179775280899	58.8988764044944
36573	40	39.438202247191	97.0786516853933	-0.561797752808985	57.0786516853933
36574	16	3.33707865168539	44.2921348314607	-12.6629213483146	28.2921348314607
36575	16	9.10112359550562	29.7303370786517	-6.89887640449438	13.7303370786517
36576	16	5.46067415730337	83.7303370786517	-10.5393258426966	67.7303370786517
36577	51	23.0561797752809	83.123595505618	-27.9438202247191	32.123595505618
36578	27	70.685393258427	139.247191011236	43.685393258427	112.247191011236
36580	53	9.40449438202247	90.1011235955056	-43.5955056179775	37.1011235955056
36581	42	25.7865168539326	85.5505617977528	-16.2134831460674	43.5505617977528
36582	41	23.3595505617978	67.9550561797753	-17.6404494382022	26.9550561797753
36583	41	25.1797752808989	58.247191011236	-15.8202247191011	17.247191011236
36584	41	32.7640449438202	48.8426966292135	-8.23595505617978	7.84269662921348
36585	41	23.9662921348315	68.8651685393259	-17.0337078651685	27.8651685393259
36586	42	18.8089887640449	104.966292134831	-23.1910112359551	62.9662921348315
36587	42	19.4157303370787	104.359550561798	-22.5842696629213	62.3595505617978
36588	41	29.123595505618	63.1011235955056	-11.876404494382	22.1011235955056
36589	41	33.0674157303371	48.8426966292135	-7.93258426966292	7.84269662921348
36590	41	35.4943820224719	50.6629213483146	-5.50561797752809	9.66292134831461
36591	41	35.4943820224719	51.2696629213483	-5.50561797752809	10.2696629213483
36592	41	31.8539325842697	63.7078651685393	-9.14606741573034	22.7078651685393
36593	41	30.9438202247191	63.7078651685393	-10.0561797752809	22.7078651685393
36594	41	35.7977528089888	79.4831460674157	-5.20224719101123	38.4831460674157
36595	37	33.0674157303371	49.752808988764	-3.93258426966292	12.752808988764
36596	37	33.0674157303371	48.5393258426966	-3.93258426966292	11.5393258426966
36597	37	34.8876404494382	50.3595505617978	-2.1123595505618	13.3595505617978
36598	37	33.9775280898876	48.8426966292135	-3.02247191011236	11.8426966292135
36599	37	33.9775280898876	73.1123595505618	-3.02247191011236	36.1123595505618
36600	37	31.5505617977528	70.685393258427	-5.44943820224719	33.685393258427
36601	37	39.1348314606742	95.8651685393259	2.13483146067416	58.8651685393259
36602	37	30.3370786516854	112.550561797753	-6.6629213483146	75.5505617977528
36607	73	60.0781631656082	93.3942354665364	-12.9218368343918	20.3942354665364
36608	73	48.6086956521739	83.8363458720078	-24.3913043478261	10.8363458720078
36609	73	53.7972642892037	95.5788959452858	-19.2027357107963	22.5788959452858
36610	73	50.247191011236	88.2056668295066	-22.752808988764	15.2056668295066
36611	73	61.7166585246703	116.879335613092	-11.2833414753297	43.8793356130923
36612	17	18.2022471910112	41.8651685393258	1.20224719101124	24.8651685393258
36613	17	4.24719101123596	11.8314606741573	-12.752808988764	-5.1685393258427
36614	17	9.70786516853933	23.3595505617978	-7.29213483146067	6.35955056179775
36615	17	17.5955056179775	31.8539325842697	0.59550561797753	14.8539325842697
36616	17	10.9213483146067	23.6629213483146	-6.07865168539326	6.66292134831461
36618	17	10.0112359550562	24.2696629213483	-6.98876404494382	7.26966292134832
36619	17	10.0112359550562	21.5393258426966	-6.98876404494382	4.53932584269663
36620	17	10.6179775280899	21.5393258426966	-6.38202247191011	4.53932584269663
36621	17	9.10112359550562	21.2359550561798	-7.89887640449438	4.23595505617978
36622	17	7.58426966292135	20.6292134831461	-9.41573033707865	3.62921348314607
36623	52	56.7303370786517	101.932584269663	4.73033707865169	49.9325842696629
36624	52	41.2584269662921	86.4606741573034	-10.7415730337079	34.4606741573034
36625	52	48.5393258426966	96.4719101123596	-3.46067415730337	44.4719101123596
36626	52	48.5393258426966	96.1685393258427	-3.46067415730337	44.1685393258427
36627	52	50.9662921348315	95.2584269662921	-1.03370786516854	43.2584269662921
36628	52	50.3595505617978	103.14606741573	-1.64044943820225	51.1460674157303
36629	44	23.6629213483146	47.6292134831461	-20.3370786516854	3.62921348314607
36630	44	26.3932584269663	49.752808988764	-17.6067415730337	5.75280898876404
36631	62	37.314606741573	73.7191011235955	-24.685393258427	11.7191011235955
36632	62	32.7640449438202	65.8314606741573	-29.2359550561798	3.83146067415731
36633	62	53.3932584269663	89.4943820224719	-8.6067415730337	27.4943820224719
36634	26	20.0224719101124	46.4157303370787	-5.97752808988764	20.4157303370787
36635	26	15.1685393258427	33.6741573033708	-10.8314606741573	7.67415730337079
36636	62	56.7303370786517	117.101123595506	-5.26966292134831	55.1011235955056
36637	62	368.898876404494	368.898876404494	306.898876404494	306.898876404494
36638	62	371.022471910112	371.022471910112	309.022471910112	309.022471910112
36639	59	44.2921348314607	85.247191011236	-14.7078651685393	26.247191011236
36640	45	42.7752808988764	76.4494382022472	-2.22471910112359	31.4494382022472
36641	45	381.640449438202	381.640449438202	336.640449438202	336.640449438202
36642	45	49.4494382022472	108.606741573034	4.44943820224719	63.6067415730337
36643	45	65.8314606741573	129.842696629213	20.8314606741573	84.8426966292135
36644	45	70.685393258427	132.573033707865	25.685393258427	87.5730337078652
36645	42	34.8876404494382	66.7415730337079	-7.1123595505618	24.7415730337079
36648	82	48.8426966292135	108	-33.1573033707865	26
36649	83	22.1460674157303	128.325842696629	-60.8539325842697	45.3258426966292
36650	83	45.8089887640449	97.3820224719101	-37.1910112359551	14.3820224719101
36651	36	45.8089887640449	75.8426966292135	9.80898876404495	39.8426966292135
36652	36	43.685393258427	76.752808988764	7.68539325842697	40.752808988764
36653	36	49.752808988764	90.7078651685393	13.752808988764	54.7078651685393
36654	36	45.8089887640449	85.247191011236	9.80898876404495	49.247191011236
36655	36	45.5056179775281	90.1011235955056	9.50561797752809	54.1011235955056
36656	36	48.5393258426966	90.4044943820225	12.5393258426966	54.4044943820225
36657	36	41.8651685393258	78.876404494382	5.86516853932584	42.876404494382
36658	36	43.685393258427	83.7303370786517	7.68539325842697	47.7303370786517
36659	36	50.0561797752809	89.4943820224719	14.0561797752809	53.4943820224719
36660	26	16.0786516853933	30.9438202247191	-9.92134831460674	4.9438202247191
36661	26	9.70786516853933	30.6404494382022	-16.2921348314607	4.64044943820225
36662	26	12.438202247191	33.9775280898876	-13.561797752809	7.97752808988764
36663	26	16.3820224719101	30.6404494382022	-9.61797752808989	4.64044943820225
36664	26	16.3820224719101	34.8876404494382	-9.61797752808989	8.8876404494382
36665	26	17.5955056179775	32.7640449438202	-8.40449438202247	6.76404494382022
36666	26	16.685393258427	31.8539325842697	-9.31460674157303	5.85393258426966
36667	26	16.3820224719101	31.247191011236	-9.61797752808989	5.24719101123596
36668	26	20.3258426966292	40.6516853932584	-5.67415730337078	14.6516853932584
36669	26	17.2921348314607	35.7977528089888	-8.70786516853932	9.79775280898877
36670	30	21.5393258426966	37.314606741573	-8.46067415730337	7.31460674157304
36671	30	19.7191011235955	32.4606741573034	-10.2808988764045	2.46067415730337
36672	30	10.314606741573	36.1011235955056	-19.685393258427	6.10112359550562
36673	32	24.4499267220322	56.5632633121641	-7.55007327796775	24.5632633121641
36674	32	22.990229604299	56.5632633121641	-9.00977039570103	24.5632633121641
36675	40	37.9213483146067	151.38202247191	-2.07865168539325	111.38202247191
36676	36	30.9438202247191	67.9550561797753	-5.0561797752809	31.9550561797753
36677	40	29.7303370786517	58.8539325842697	-10.2696629213483	18.8539325842697
36678	36	30.3370786516854	56.123595505618	-5.6629213483146	20.123595505618
36679	39	10.6179775280899	47.0224719101124	-28.3820224719101	8.02247191011237
36680	39	27.9101123595506	56.7303370786517	-11.0898876404494	17.7303370786517
36681	39	30.6404494382022	55.5168539325843	-8.35955056179775	16.5168539325843
36682	36	22.1460674157303	44.5955056179775	-13.8539325842697	8.59550561797753
36683	36	30.6404494382022	58.247191011236	-5.35955056179775	22.247191011236
36684	36	32.4606741573034	66.438202247191	-3.53932584269663	30.438202247191
36685	39	30.9438202247191	56.123595505618	-8.0561797752809	17.123595505618
36686	39	33.9775280898876	55.2134831460674	-5.02247191011236	16.2134831460674
36687	39	34.5842696629214	58.247191011236	-4.41573033707865	19.247191011236
36688	39	33.3707865168539	57.0337078651685	-5.62921348314607	18.0337078651685
36689	28	26.0898876404494	35.7977528089888	-1.91011235955056	7.79775280898877
36690	28	25.7865168539326	34.2808988764045	-2.21348314606741	6.2808988764045
36691	28	25.7865168539326	33.9775280898876	-2.21348314606741	5.97752808988764
36692	28	27.6067415730337	37.0112359550562	-0.393258426966291	9.01123595505618
36693	28	25.7865168539326	35.4943820224719	-2.21348314606741	7.49438202247191
36694	18	30.0337078651685	48.2359550561798	12.0337078651685	30.2359550561798
36695	18	30.0337078651685	55.5168539325843	12.0337078651685	37.5168539325843
36696	19	32.7640449438202	56.7303370786517	13.7640449438202	37.7303370786517
36697	39	22.1460674157303	61.2808988764045	-16.8539325842697	22.2808988764045
36698	39	30.3370786516854	53.3932584269663	-8.6629213483146	14.3932584269663
36699	39	23.3595505617978	61.2808988764045	-15.6404494382022	22.2808988764045
36700	39	30.9438202247191	77.0561797752809	-8.0561797752809	38.0561797752809
36701	39	24.5730337078652	53.0898876404494	-14.4269662921348	14.0898876404494
36702	39	21.5393258426966	62.7977528089888	-17.4606741573034	23.7977528089888
36704	33	13.9550561797753	97.0786516853933	-19.0449438202247	64.0786516853933
36705	33	57.0337078651685	147.741573033708	24.0337078651685	114.741573033708
36706	26	42.1685393258427	100.415730337079	16.1685393258427	74.4157303370787
36708	33	27.9101123595506	59.1573033707865	-5.08988764044944	26.1573033707865
36709	33	35.4943820224719	77.3595505617978	2.49438202247191	44.3595505617978
36710	33	37.6179775280899	73.4157303370787	4.61797752808989	40.4157303370787
36711	33	42.4719101123596	80.6966292134831	9.47191011235955	47.6966292134831
36712	33	35.4943820224719	71.2921348314607	2.49438202247191	38.2921348314607
36713	23	21.2359550561798	47.6292134831461	-1.76404494382022	24.6292134831461
36714	33	363.741573033708	363.741573033708	330.741573033708	330.741573033708
36715	33	52.1797752808989	88.8876404494382	19.1797752808989	55.8876404494382
36716	33	50.3595505617978	85.247191011236	17.3595505617978	52.247191011236
36717	33	372.539325842697	372.539325842697	339.539325842697	339.539325842697
36718	33	44.5955056179775	96.1685393258427	11.5955056179775	63.1685393258427
36719	33	47.0224719101124	94.3483146067416	14.0224719101124	61.3483146067416
36720	33	26.0898876404494	48.5393258426966	-6.91011235955056	15.5393258426966
36721	33	51.876404494382	103.449438202247	18.876404494382	70.4494382022472
36722	33	49.4494382022472	103.14606741573	16.4494382022472	70.1460674157303
36723	33	50.6629213483146	113.76404494382	17.6629213483146	80.7640449438202
36724	32	23.5896433805569	100.255984367367	-8.41035661944309	68.2559843673669
36725	37	11.8314606741573	110.123595505618	-25.1685393258427	73.123595505618
36726	37	17.5955056179775	47.3258426966292	-19.4044943820225	10.3258426966292
36727	37	33.0674157303371	82.8202247191011	-3.93258426966292	45.8202247191011
36728	37	375.876404494382	375.876404494382	338.876404494382	338.876404494382
36729	37	363.741573033708	363.741573033708	326.741573033708	326.741573033708
36730	37	373.14606741573	373.14606741573	336.14606741573	336.14606741573
36731	37	0	0	-37	-37
36732	19	12.438202247191	30.6404494382022	-6.56179775280899	11.6404494382022
36733	19	10.0112359550562	29.7303370786517	-8.98876404494382	10.7303370786517
36734	19	6.06741573033708	22.752808988764	-12.9325842696629	3.75280898876404
36735	19	12.1348314606742	29.7303370786517	-6.86516853932584	10.7303370786517
36736	19	13.0449438202247	30.0337078651685	-5.95505617977528	11.0337078651685
36737	19	6.37078651685393	22.4494382022472	-12.6292134831461	3.44943820224719
36738	19	8.79775280898876	29.7303370786517	-10.2022471910112	10.7303370786517
36739	19	13.6516853932584	32.1573033707865	-5.34831460674157	13.1573033707865
36740	19	10.6179775280899	30.6404494382022	-8.38202247191011	11.6404494382022
36741	19	10.6179775280899	35.4943820224719	-8.38202247191011	16.4943820224719
36742	19	7.58426966292135	23.9662921348315	-11.4157303370787	4.96629213483146
36743	19	5.46067415730337	23.0561797752809	-13.5393258426966	4.0561797752809
36744	19	9.40449438202247	23.6629213483146	-9.59550561797753	4.66292134831461
36745	45	18.2022471910112	87.3707865168539	-26.7977528089888	42.3707865168539
36746	45	24.2696629213483	81.3033707865169	-20.7303370786517	36.3033707865169
36747	25	27.7342452369321	54.0087933561309	2.7342452369321	29.0087933561309
36748	25	32.8431851489985	55.4684904738642	7.84318514899854	30.4684904738642
36749	25	18.6111382510992	50.3595505617978	-6.38886174890083	25.3595505617978
36750	25	25.5446995603322	47.4401563263312	0.544699560332194	22.4401563263312
36751	25	25.1797752808989	43.4259892525647	0.179775280898877	18.4259892525647
36752	25	29.923790913532	48.8998534440645	4.923790913532	23.8998534440645
36753	11	29.923790913532	49.6297020029311	18.923790913532	38.6297020029311
36754	29	28.829018075232	59.847581827064	-0.17098192476795	30.847581827064
36755	29	17.1514411333659	49.6297020029311	-11.8485588666341	20.6297020029311
36756	29	24.0850024425989	44.885686370298	-4.91499755740107	15.885686370298
36757	15	14.8651685393258	53.6966292134831	-0.134831460674157	38.6966292134831
36758	15	13.6516853932584	32.7640449438202	-1.34831460674157	17.7640449438202
36759	15	16.9887640449438	40.9550561797753	1.98876404494382	25.9550561797753
36760	15	14.561797752809	39.7415730337079	-0.438202247191011	24.7415730337079
36761	15	21.2359550561798	61.8876404494382	6.23595505617978	46.8876404494382
36762	15	19.7191011235955	47.9325842696629	4.71910112359551	32.9325842696629
36766	4	7.28089887640449	16.9887640449438	3.28089887640449	12.9887640449438
36771	4	7.28089887640449	18.8089887640449	3.28089887640449	14.8089887640449
36772	4	5.76404494382022	17.5955056179775	1.76404494382022	13.5955056179775
36773	20	32.1133365901319	86.4870542256961	12.1133365901319	66.4870542256961
36774	20	26.2745481191988	54.0087933561309	6.27454811919883	34.0087933561309
36775	20	31.018563751832	64.9565217391304	11.018563751832	44.9565217391304
36776	20	27.0043966780655	55.1035661944309	7.00439667806546	35.1035661944309
36777	20	16.4215925744993	41.6013678553981	-3.57840742550073	21.6013678553981
36778	20	23.3551538837323	57.2931118710308	3.35515388373229	37.2931118710308
36779	20	20.0708353688324	45.2506106497313	0.0708353688324372	25.2506106497313
36780	20	20.8006839276991	59.4826575476307	0.800683927699072	39.4826575476307
36781	20	18.2462139716659	49.9946262823644	-1.75378602833415	29.9946262823644
36782	20	21.5305324865657	46.3453834880313	1.53053248656571	26.3453834880313
36783	20	22.2603810454323	52.1841719589643	2.26038104543234	32.1841719589643
36784	20	24.4499267220322	49.2647777234978	4.44992672203225	29.2647777234978
36785	20	33.2081094284319	75.1744015632633	13.2081094284319	55.1744015632633
36786	20	27.0043966780655	50.3595505617978	7.00439667806546	30.3595505617978
36787	20	18.6111382510992	43.0610649731314	-1.38886174890083	23.0610649731314
36788	20	18.2462139716659	42.3312164142648	-1.75378602833415	22.3312164142648
36789	20	25.5446995603322	47.8050806057645	5.54469956033219	27.8050806057645
36790	20	29.1939423546654	54.7386419149976	9.19394235466537	34.7386419149976
36791	29	20.9325842696629	38.8314606741573	-8.06741573033708	9.83146067415731
36792	30	16.9887640449438	36.4044943820225	-13.0112359550562	6.40449438202248
36793	30	19.7191011235955	36.7078651685393	-10.2808988764045	6.70786516853933
36794	30	20.0224719101124	37.0112359550562	-9.97752808988764	7.01123595505618
36795	30	18.5056179775281	37.314606741573	-11.4943820224719	7.31460674157304
36796	30	18.2022471910112	32.7640449438202	-11.7977528089888	2.76404494382022
36797	29	16.9887640449438	36.4044943820225	-12.0112359550562	7.40449438202248
36798	30	18.2022471910112	33.9775280898876	-11.7977528089888	3.97752808988764
36799	30	19.4157303370787	35.4943820224719	-10.5842696629213	5.49438202247191
36800	30	15.7752808988764	34.2808988764045	-14.2247191011236	4.2808988764045
36801	29	16.3820224719101	33.9775280898876	-12.6179775280899	4.97752808988764
36802	23	18.2022471910112	33.3707865168539	-4.79775280898876	10.3707865168539
36803	30	18.2022471910112	32.4606741573034	-11.7977528089888	2.46067415730337
36804	25	20.6292134831461	34.8876404494382	-4.37078651685393	9.8876404494382
36805	18	16.3820224719101	34.2808988764045	-1.61797752808989	16.2808988764045
36806	18	10.6179775280899	33.6741573033708	-7.38202247191011	15.6741573033708
36807	29	16.3820224719101	31.247191011236	-12.6179775280899	2.24719101123596
36808	29	16.685393258427	30.6404494382022	-12.314606741573	1.64044943820225
36809	29	20.9325842696629	36.7078651685393	-8.06741573033708	7.70786516853933
36810	29	16.685393258427	31.5505617977528	-12.314606741573	2.55056179775281
36811	29	17.5955056179775	31.5505617977528	-11.4044943820225	2.55056179775281
36812	29	16.685393258427	31.247191011236	-12.314606741573	2.24719101123596
36813	29	16.9887640449438	30.9438202247191	-12.0112359550562	1.9438202247191
36814	29	17.8988764044944	31.8539325842697	-11.1011235955056	2.85393258426966
36815	29	4.85393258426966	12.438202247191	-24.1460674157303	-16.561797752809
36816	29	16.9887640449438	32.1573033707865	-12.0112359550562	3.15730337078652
36817	29	17.8988764044944	33.6741573033708	-11.1011235955056	4.67415730337079
36818	29	18.5056179775281	32.4606741573034	-10.4943820224719	3.46067415730337
36819	30	18.5056179775281	33.6741573033708	-11.4943820224719	3.67415730337079
36820	30	19.4157303370787	34.5842696629214	-10.5842696629213	4.58426966292135
36821	30	4.85393258426966	12.1348314606742	-25.1460674157303	-17.8651685393258
36822	30	4.85393258426966	12.1348314606742	-25.1460674157303	-17.8651685393258
36823	25	15.1685393258427	37.314606741573	-9.8314606741573	12.314606741573
36824	29	1.51685393258427	8.79775280898876	-27.4831460674157	-20.2022471910112
36825	29	16.3820224719101	32.7640449438202	-12.6179775280899	3.76404494382022
36826	29	16.3820224719101	33.0674157303371	-12.6179775280899	4.06741573033708
36827	13	17.5955056179775	30.6404494382022	4.59550561797753	17.6404494382022
36828	13	14.8651685393258	30.0337078651685	1.86516853932584	17.0337078651685
36829	13	16.3820224719101	29.7303370786517	3.38202247191011	16.7303370786517
36830	65	35.1910112359551	80.0898876404494	-29.8089887640449	15.0898876404494
36831	16	16.3820224719101	27.6067415730337	0.382022471910112	11.6067415730337
36832	16	19.7191011235955	36.1011235955056	3.71910112359551	20.1011235955056
36833	16	13.9550561797753	24.876404494382	-2.04494382022472	8.87640449438202
36834	35	31.247191011236	78.2696629213483	-3.75280898876404	43.2696629213483
36835	43	41.8651685393258	85.5505617977528	-1.13483146067416	42.5505617977528
36836	43	44.2921348314607	95.561797752809	1.29213483146068	52.561797752809
36837	42	36.7078651685393	84.3370786516854	-5.29213483146067	42.3370786516854
36838	38	47.3258426966292	94.9550561797753	9.32584269662922	56.9550561797753
36839	42	44.8988764044944	97.0786516853933	2.89887640449439	55.0786516853933
36840	42	46.4157303370787	97.0786516853933	4.41573033707866	55.0786516853933
36841	44	40.9550561797753	72.808988764045	-3.04494382022472	28.808988764045
36842	44	37.314606741573	71.2921348314607	-6.68539325842696	27.2921348314607
36843	45	66.7415730337079	166.85393258427	21.7415730337079	121.85393258427
36844	74	324.910112359551	324.910112359551	250.910112359551	250.910112359551
36845	74	340.988764044944	340.988764044944	266.988764044944	266.988764044944
36847	55	45.5056179775281	88.8876404494382	-9.49438202247191	33.8876404494382
36848	61	51.2696629213483	103.752808988764	-9.73033707865168	42.752808988764
36849	15	11.5280898876404	50.6629213483146	-3.47191011235955	35.6629213483146
36850	36	36.0468978993649	86.8402540302882	0.0468978993649287	50.8402540302882
36851	36	34.6814851001466	96.3981436248168	-1.31851489985344	60.3981436248168
36852	36	22.3927699071812	82.7440156326331	-13.6072300928188	46.7440156326331
36853	36	47.5163654127992	109.506106497313	11.5163654127992	73.5061064973132
36854	36	34.6814851001466	104.317537860283	-1.31851489985344	68.3175378602834
36855	36	41.7816316560821	98.0366389838789	5.78163165608208	62.0366389838789
36856	36	43.9662921348315	95.0327308255984	7.96629213483146	59.0327308255984
36857	36	24.8505129457743	96.6712261846605	-11.1494870542257	60.6712261846605
36858	36	33.0429897410845	88.2056668295066	-2.95701025891548	52.2056668295066
36859	11	6.67415730337079	22.1460674157303	-4.32584269662921	11.1460674157303
36860	8	10.0112359550562	26.6966292134831	2.01123595505618	18.6966292134831
36861	11	5.76404494382022	23.0561797752809	-5.23595505617978	12.0561797752809
36862	11	10.0112359550562	27.3033707865169	-0.988764044943819	16.3033707865169
36863	11	7.28089887640449	25.1797752808989	-3.71910112359551	14.1797752808989
36864	11	9.40449438202247	23.9662921348315	-1.59550561797753	12.9662921348315
36865	11	12.1348314606742	26.0898876404494	1.13483146067416	15.0898876404494
36866	11	9.40449438202247	25.1797752808989	-1.59550561797753	14.1797752808989
36867	11	12.438202247191	29.7303370786517	1.43820224719101	18.7303370786517
36868	11	9.70786516853933	27.6067415730337	-1.29213483146067	16.6067415730337
36869	18	13.6516853932584	27.3033707865169	-4.34831460674157	9.30337078651685
36870	18	12.438202247191	26.6966292134831	-5.56179775280899	8.69662921348315
36871	18	11.2247191011236	28.5168539325843	-6.7752808988764	10.5168539325843
36872	18	11.8314606741573	27.9101123595506	-6.1685393258427	9.91011235955056
36873	18	13.9550561797753	28.5168539325843	-4.04494382022472	10.5168539325843
36874	18	14.2584269662921	30.3370786516854	-3.74157303370786	12.3370786516854
36875	18	14.2584269662921	24.876404494382	-3.74157303370786	6.87640449438202
36876	16	15.1685393258427	41.8651685393258	-0.831460674157302	25.8651685393258
36877	16	13.6516853932584	32.7640449438202	-2.34831460674157	16.7640449438202
36878	16	13.3483146067416	40.3483146067416	-2.65168539325843	24.3483146067416
36879	16	10.314606741573	37.314606741573	-5.68539325842697	21.314606741573
36880	16	14.561797752809	39.438202247191	-1.43820224719101	23.438202247191
36881	81	27.3033707865169	88.8876404494382	-53.6966292134831	7.88764044943821
36882	45	80.0898876404494	164.123595505618	35.0898876404494	119.123595505618
36884	58	33.9775280898876	67.6516853932584	-24.0224719101124	9.65168539325843
36885	58	36.7078651685393	90.4044943820225	-21.2921348314607	32.4044943820225
36886	58	36.4044943820225	170.191011235955	-21.5955056179775	112.191011235955
36887	58	37.6179775280899	89.4943820224719	-20.3820224719101	31.4943820224719
36889	58	29.123595505618	68.561797752809	-28.876404494382	10.561797752809
36900	29	33.3707865168539	94.0449438202247	4.37078651685393	65.0449438202247
36902	39	43.0786516853933	103.449438202247	4.07865168539326	64.4494382022472
36903	39	32.7640449438202	100.112359550562	-6.23595505617978	61.1123595505618
36904	39	34.5842696629214	87.3707865168539	-4.41573033707865	48.3707865168539
36905	39	33.0674157303371	100.415730337079	-5.93258426966292	61.4157303370787
36917	28	33.9775280898876	89.7977528089888	5.97752808988764	61.7977528089888
36918	28	31.5505617977528	83.4269662921348	3.55056179775281	55.4269662921348
36920	28	16.0786516853933	167.460674157303	-11.9213483146067	139.460674157303
36921	28	4.24719101123596	107.696629213483	-23.752808988764	79.6966292134831
36922	28	19.4157303370787	132.269662921348	-8.58426966292135	104.269662921348
36924	28	16.0786516853933	169.280898876405	-11.9213483146067	141.280898876405
36925	28	17.8988764044944	33.9775280898876	-10.1011235955056	5.97752808988764
36928	28	39.438202247191	69.1685393258427	11.438202247191	41.1685393258427
36929	28	27.9101123595506	50.9662921348315	-0.0898876404494366	22.9662921348315
36931	18	26.3932584269663	66.7415730337079	8.39325842696629	48.7415730337079
36932	18	22.752808988764	53.6966292134831	4.75280898876404	35.6966292134831
36933	21	31.7484123106986	67.5109916951637	10.7484123106986	46.5109916951637
36934	21	27.0043966780655	74.0796287249634	6.00439667806546	53.0796287249634
36935	21	33.5730337078652	79.9184171958964	12.5730337078652	58.9184171958964
36936	21	12.7723497801661	34.6678065461651	-8.2276502198339	13.6678065461651
36937	20	29.923790913532	75.5393258426966	9.923790913532	55.5393258426966
36938	26	19.7059110893991	59.4826575476307	-6.29408891060088	33.4826575476307
36939	26	25.5446995603322	63.4968246213972	-0.455300439667806	37.4968246213972
36940	25	16.7865168539326	56.9281875915975	-8.21348314606741	31.9281875915975
36941	29	3.28431851489985	55.4684904738642	-25.7156814851001	26.4684904738642
36942	29	8.75818270639961	54.0087933561309	-20.2418172936004	25.0087933561309
36943	28	45.0586223742062	98.3097215437225	17.0586223742062	70.3097215437225
36944	52	33.9765510503175	86.3702979970689	-18.0234489496825	34.3702979970689
36946	52	25.7205666829507	67.3180263800684	-26.2794333170493	15.3180263800684
36947	52	26.038104543234	70.4934049829018	-25.961895456766	18.4934049829018
36948	52	36.1993160723009	84.7826086956522	-15.8006839276991	32.7826086956522
36949	24	21.504640937958	58.7591597459697	-2.49535906204201	34.7591597459697
36950	26	21.4225696140694	51.0195407914021	-4.57743038593063	25.0195407914021
36951	26	21.4225696140694	52.1470444553004	-4.57743038593063	26.1470444553004
36952	26	20.5959941377626	40.8891060087934	-5.40400586223742	14.8891060087934
36953	26	20.8988764044944	41.494870542257	-5.10112359550562	15.494870542257
36954	26	20.8988764044944	39.0718124084025	-5.10112359550562	13.0718124084025
36955	26	47.2496336101612	92.9848558866634	21.2496336101612	66.9848558866634
36956	26	46.9467513434294	90.561797752809	20.9467513434294	64.561797752809
36957	26	50.2784562774792	89.9560332193454	24.2784562774792	63.9560332193454
36958	26	16.6585246702491	34.8314606741573	-9.34147532975086	8.83146067415731
36959	26	26.9565217391304	52.7015144113337	0.956521739130434	26.7015144113337
36960	26	17.2642892037127	36.9516365412799	-8.73571079628725	10.9516365412799
36961	26	39.6775769418661	78.7493893502687	13.6775769418661	52.7493893502687
36962	26	48.7640449438202	92.076209086468	22.7640449438202	66.076209086468
36963	26	47.8553981436248	87.532975085491	21.8553981436248	61.532975085491
36964	26	49.3698094772838	95.105031753786	23.3698094772838	69.105031753786
36965	26	39.3746946751343	70.57156814851	13.3746946751343	44.57156814851
36966	26	43.6150464093796	93.8935026868588	17.6150464093796	67.8935026868588
36967	26	23.3219345383488	48.1582804103566	-2.6780654616512	22.1582804103566
36968	26	48.1582804103566	84.8070346849047	22.1582804103566	58.8070346849047
36969	26	35.4372252076209	62.0908646800195	9.43722520762091	36.0908646800195
36970	26	21.2017586712262	43.6150464093796	-4.79824132877382	17.6150464093796
36971	26	19.3844650708354	41.1919882755252	-6.61553492916463	15.1919882755252
36972	26	21.504640937958	43.9179286761114	-4.49535906204201	17.9179286761114
36973	26	18.47581827064	37.8602833414753	-7.52418172936004	11.8602833414753
36974	26	36.0429897410845	75.114802149487	10.0429897410845	49.114802149487
36975	26	17.1944308744504	43.4088910600879	-8.80556912554959	17.4088910600879
36976	26	20.5769418661456	46.7914020517831	-5.42305813385442	20.7914020517831
36977	26	239.594528578407	239.594528578407	213.594528578407	213.594528578407
36978	26	18.47581827064	34.2256961406937	-7.52418172936004	8.2256961406937
36979	26	19.990229604299	40.2833414753297	-6.00977039570103	14.2833414753297
36980	26	19.3844650708354	41.7977528089888	-6.61553492916463	15.7977528089888
36981	26	20.8988764044944	43.6150464093796	-5.10112359550562	17.6150464093796
36982	26	19.990229604299	39.3746946751343	-6.00977039570103	13.3746946751343
36983	26	21.504640937958	41.1919882755252	-4.49535906204201	15.1919882755252
36984	26	22.7161700048852	43.9179286761114	-3.2838299951148	17.9179286761114
36985	26	21.1406936980948	46.2276502198339	-4.85930630190522	20.2276502198339
36986	26	255.661455788959	255.661455788959	229.661455788959	229.661455788959
36987	26	19.0815828041036	46.9467513434294	-6.91841719589643	20.9467513434294
36988	26	18.7787005373718	43.009281875916	-7.22129946262824	17.009281875916
36989	26	33.9228138739619	65.4225696140694	7.92281387396189	39.4225696140694
36990	26	21.504640937958	47.2496336101612	-4.49535906204201	21.2496336101612
36991	26	21.8075232046898	43.3121641426478	-4.19247679531021	17.3121641426478
36992	26	26.3507572056668	52.3986321446019	0.350757205666827	26.3986321446019
36993	26	54.2159257449927	98.133854421104	28.2159257449927	72.133854421104
36994	26	16.9614069369809	34.5285784074255	-9.03859306301905	8.5285784074255
36995	26	18.47581827064	37.5574010747435	-7.52418172936004	11.5574010747435
36996	26	17.8700537371764	42.7063996091842	-8.12994626282364	16.7063996091842
36997	26	18.7787005373718	37.8602833414753	-7.22129946262824	11.8602833414753
36998	26	19.0815828041036	38.4660478749389	-6.91841719589643	12.4660478749389
36999	28	22.1104054714216	44.8265754763068	-5.88959452857841	16.8265754763068
37000	28	20.2931118710308	39.0718124084025	-7.70688812896922	11.0718124084025
37001	28	37.8602833414753	68.1485100146556	9.86028334147533	40.1485100146556
37002	72	54.9101123595506	108.606741573034	-17.0898876404494	36.6067415730337
37008	5	7.28089887640449	22.752808988764	2.28089887640449	17.752808988764
37011	5	8.49438202247191	28.8202247191011	3.49438202247191	23.8202247191011
37013	5	13.0449438202247	28.2134831460674	8.04494382022472	23.2134831460674
37014	5	4.85393258426966	27.3033707865169	-0.146067415730337	22.3033707865169
37017	5	12.1348314606742	27.3033707865169	7.13483146067416	22.3033707865169
37020	5	6.37078651685393	27.3033707865169	1.37078651685393	22.3033707865169
37021	4	7.28089887640449	26.3932584269663	3.28089887640449	22.3932584269663
37025	5	6.06741573033708	29.123595505618	1.06741573033708	24.123595505618
37026	76	41.2584269662921	91.314606741573	-34.7415730337079	15.314606741573
37028	40	38.5280898876405	99.5056179775281	-1.47191011235955	59.5056179775281
37029	10	8.19101123595506	20.6292134831461	-1.80898876404494	10.6292134831461
37030	10	11.5280898876404	26.6966292134831	1.52808988764045	16.6966292134831
37031	10	6.67415730337079	23.6629213483146	-3.32584269662921	13.6629213483146
37032	10	4.24719101123596	24.5730337078652	-5.75280898876404	14.5730337078652
37035	10	9.70786516853933	25.7865168539326	-0.292134831460674	15.7865168539326
37036	10	6.37078651685393	22.1460674157303	-3.62921348314607	12.1460674157303
37037	10	6.37078651685393	21.8426966292135	-3.62921348314607	11.8426966292135
37038	10	7.58426966292135	21.2359550561798	-2.41573033707865	11.2359550561798
37039	10	11.5280898876404	27	1.52808988764045	17
37041	10	8.79775280898876	28.2134831460674	-1.20224719101124	18.2134831460674
37042	10	10.0112359550562	22.752808988764	0.0112359550561809	12.752808988764
37043	10	13.9550561797753	28.8202247191011	3.95505617977528	18.8202247191011
37044	10	6.37078651685393	17.2921348314607	-3.62921348314607	7.29213483146068
37045	10	5.46067415730337	20.0224719101124	-4.53932584269663	10.0224719101124
37046	10	8.79775280898876	21.8426966292135	-1.20224719101124	11.8426966292135
37047	10	9.70786516853933	22.752808988764	-0.292134831460674	12.752808988764
37048	10	8.19101123595506	23.0561797752809	-1.80898876404494	13.0561797752809
37049	10	8.79775280898876	29.4269662921348	-1.20224719101124	19.4269662921348
37050	20	21.5305324865657	39.7767464582316	1.53053248656571	19.7767464582316
37051	33	22.752808988764	42.1685393258427	-10.247191011236	9.1685393258427
37052	33	22.1460674157303	38.2247191011236	-10.8539325842697	5.2247191011236
37053	33	35.1910112359551	70.9887640449438	2.19101123595506	37.9887640449438
37054	38	34.5842696629214	64.9213483146067	-3.41573033707865	26.9213483146067
37055	33	19.1123595505618	40.3483146067416	-13.8876404494382	7.34831460674157
37056	33	26.3932584269663	45.8089887640449	-6.60674157303371	12.8089887640449
37057	33	25.1797752808989	47.9325842696629	-7.82022471910112	14.9325842696629
37058	33	24.876404494382	48.8426966292135	-8.12359550561798	15.8426966292135
37059	33	33.9775280898876	61.8876404494382	0.977528089887642	28.8876404494382
37060	33	44.8988764044944	66.1348314606742	11.8988764044944	33.1348314606742
37061	33	26.0898876404494	52.7865168539326	-6.91011235955056	19.7865168539326
37062	33	23.0561797752809	45.8089887640449	-9.9438202247191	12.8089887640449
37063	38	33.9775280898876	68.2584269662921	-4.02247191011236	30.2584269662921
37064	38	28.8202247191011	52.4831460674157	-9.17977528089887	14.4831460674157
37065	38	33.6741573033708	57.3370786516854	-4.32584269662921	19.3370786516854
37066	38	39.1348314606742	70.3820224719101	1.13483146067416	32.3820224719101
37067	38	37.0112359550562	70.685393258427	-0.988764044943821	32.685393258427
37068	21	18.2022471910112	34.8876404494382	-2.79775280898876	13.8876404494382
37069	30	24.0850024425989	45.6155349291646	-5.91499755740107	15.6155349291646
37070	30	21.895456765999	38.3170493404983	-8.10454323400097	8.31704934049829
37071	30	27.7342452369321	47.4401563263312	-2.2657547630679	17.4401563263312
37072	30	27.3693209574988	55.8334147532975	-2.63067904250122	25.8334147532975
37073	30	24.4499267220322	44.5207620908647	-5.55007327796775	14.5207620908647
37074	30	51.0893991206644	104.368343917929	21.0893991206644	74.3683439179287
37075	30	47.8050806057645	89.4064484611627	17.8050806057645	59.4064484611627
37076	30	24.4499267220322	48.5349291646312	-5.55007327796775	18.5349291646312
37077	30	19.3409868099658	34.6678065461651	-10.6590131900342	4.66780654616512
37078	30	27.0043966780655	47.4401563263312	-2.99560332193454	17.4401563263312
37079	30	32.1133365901319	65.3214460185638	2.1133365901319	35.3214460185638
37080	30	35.7625793844651	70.7953102100635	5.76257938446507	40.7953102100635
37081	33	42.3312164142648	69.7005373717636	9.33121641426478	36.7005373717636
37082	33	27.7342452369321	56.5632633121641	-5.2657547630679	23.5632633121641
37083	33	26.2745481191988	55.4684904738642	-6.72545188080117	22.4684904738642
37084	29	31.7484123106986	67.1460674157303	2.74841231069858	38.1460674157303
37085	29	26.2745481191988	51.819247679531	-2.72545188080117	22.819247679531
37086	29	21.895456765999	45.9804592085979	-7.10454323400097	16.9804592085979
37087	29	27.0043966780655	50.3595505617978	-1.99560332193454	21.3595505617978
37088	29	20.8006839276991	51.0893991206644	-8.19931607230093	22.0893991206644
37089	43	22.990229604299	41.6013678553981	-20.009770395701	-1.39863214460186
37090	43	34.6678065461651	66.0512945774304	-8.33219345383488	23.0512945774304
37091	43	36.857352222765	58.3878847093307	-6.14264777723498	15.3878847093307
37092	43	25.1797752808989	40.8715192965315	-17.8202247191011	-2.12848070346849
37093	80	43.9887640449438	100.415730337079	-36.0112359550562	20.4157303370787
37094	58	49.1460674157303	92.2247191011236	-8.85393258426966	34.2247191011236
37095	11	13.6516853932584	33.9775280898876	2.65168539325843	22.9775280898876
37096	11	11.2247191011236	35.1910112359551	0.224719101123597	24.1910112359551
37097	11	14.8651685393258	32.7640449438202	3.86516853932584	21.7640449438202
37098	3	3.45481191988276	10.0986809965804	0.454811919882755	7.09868099658036
37099	3	3.72056668295066	10.6301905227162	0.720566682950659	7.63019052271617
37100	3	3.18905715681485	9.30141670737665	0.189057156814851	6.30141670737665
37101	3	3.18905715681485	9.03566194430874	0.189057156814851	6.03566194430874
37102	3	3.18905715681485	9.03566194430874	0.189057156814851	6.03566194430874
37103	3	3.72056668295066	9.30141670737665	0.720566682950659	6.30141670737665
37104	3	3.18905715681485	9.03566194430874	0.189057156814851	6.03566194430874
37105	3	3.18905715681485	9.56717147044455	0.189057156814851	6.56717147044455
37106	3	2.92330239374695	8.50415241817294	-0.0766976062530533	5.50415241817294
37107	3	3.45481191988276	9.03566194430874	0.454811919882755	6.03566194430874
37109	6	6.97752808988764	32.1573033707865	0.977528089887641	26.1573033707865
37110	5	9.10112359550562	30.9438202247191	4.10112359550562	25.9438202247191
37111	5	1.51685393258427	9.70786516853933	-3.48314606741573	4.70786516853933
37112	5	7.8876404494382	30.6404494382022	2.8876404494382	25.6404494382022
37113	6	0.910112359550562	9.10112359550562	-5.08988764044944	3.10112359550562
37114	6	0.910112359550562	9.10112359550562	-5.08988764044944	3.10112359550562
37115	5	0.910112359550562	8.79775280898876	-4.08988764044944	3.79775280898876
37116	5	5.76404494382022	23.6629213483146	0.764044943820225	18.6629213483146
37117	8	8.19101123595506	27.6067415730337	0.191011235955056	19.6067415730337
37118	8	0.910112359550562	8.79775280898876	-7.08988764044944	0.797752808988765
37119	8	1.21348314606742	9.40449438202247	-6.78651685393258	1.40449438202247
37120	6	0.606741573033708	8.79775280898876	-5.39325842696629	2.79775280898876
37121	8	7.58426966292135	30.6404494382022	-0.415730337078651	22.6404494382022
37122	8	0.606741573033708	8.49438202247191	-7.39325842696629	0.49438202247191
37123	8	1.21348314606742	9.40449438202247	-6.78651685393258	1.40449438202247
37124	8	0.303370786516854	7.8876404494382	-7.69662921348315	-0.112359550561798
37125	8	0.910112359550562	9.10112359550562	-7.08988764044944	1.10112359550562
37126	6	0.303370786516854	7.8876404494382	-5.69662921348315	1.8876404494382
37127	8	0.910112359550562	9.10112359550562	-7.08988764044944	1.10112359550562
37128	8	0.910112359550562	9.10112359550562	-7.08988764044944	1.10112359550562
37129	6	0.606741573033708	8.49438202247191	-5.39325842696629	2.49438202247191
37130	6	0.606741573033708	8.49438202247191	-5.39325842696629	2.49438202247191
37131	6	0.606741573033708	8.79775280898876	-5.39325842696629	2.79775280898876
37132	6	0.606741573033708	8.49438202247191	-5.39325842696629	2.49438202247191
37133	6	0.910112359550562	9.10112359550562	-5.08988764044944	3.10112359550562
37134	6	6.97752808988764	23.0561797752809	0.977528089887641	17.0561797752809
37135	6	8.49438202247191	29.123595505618	2.49438202247191	23.123595505618
37136	8	10.314606741573	31.247191011236	2.31460674157303	23.247191011236
37137	8	0.303370786516854	7.8876404494382	-7.69662921348315	-0.112359550561798
37138	8	10.314606741573	28.8202247191011	2.31460674157303	20.8202247191011
37139	6	1.21348314606742	9.10112359550562	-4.78651685393258	3.10112359550562
37140	5	4.85393258426966	23.0561797752809	-0.146067415730337	18.0561797752809
37141	8	1.21348314606742	9.10112359550562	-6.78651685393258	1.10112359550562
37142	5	9.70786516853933	33.3707865168539	4.70786516853933	28.3707865168539
37143	6	6.97752808988764	23.9662921348315	0.977528089887641	17.9662921348315
37144	6	0.910112359550562	8.79775280898876	-5.08988764044944	2.79775280898876
37145	6	0.606741573033708	8.49438202247191	-5.39325842696629	2.49438202247191
37146	6	0.606741573033708	8.49438202247191	-5.39325842696629	2.49438202247191
37147	6	0.606741573033708	8.79775280898876	-5.39325842696629	2.79775280898876
37148	6	1.21348314606742	9.10112359550562	-4.78651685393258	3.10112359550562
37149	6	0.910112359550562	8.79775280898876	-5.08988764044944	2.79775280898876
37150	6	10.9213483146067	30.3370786516854	4.92134831460674	24.3370786516854
37151	11	6.00781631656082	30.3121641426478	-4.99218368343918	19.3121641426478
37152	11	14.7464582315584	43.9662921348315	3.74645823155838	32.9662921348315
37153	11	11.4694675134343	32.2237420615535	0.469467513434296	21.2237420615535
37154	11	5.73473375671715	30.8583292623351	-5.26526624328285	19.8583292623351
37155	11	7.64631167562286	28.1275036638984	-3.35368832437714	17.1275036638984
37156	11	0.273082559843674	8.19247679531021	-10.7269174401563	-2.80752320468979
37157	11	3.27699071812408	29.2198339032731	-7.72300928187592	18.2198339032731
37158	11	4.64240351734245	29.7659990229604	-6.35759648265755	18.7659990229604
37159	11	5.1885686370298	31.4044943820225	-5.8114313629702	20.4044943820225
37160	8	8.73864191499756	37.4123106985833	0.738641914997558	29.4123106985833
37161	8	8.46555935515388	35.5007327796776	0.465559355153884	27.5007327796776
37162	8	17.2042012701514	50.7933561309233	9.20420127015144	42.7933561309233
37163	8	6.55398143624817	32.2237420615535	-1.44601856375183	24.2237420615535
37164	8	0.819247679531021	8.46555935515388	-7.18075232046898	0.465559355153884
37165	8	0.273082559843674	7.91939423546654	-7.72691744015633	-0.0806057645334626
37166	8	6.00781631656082	29.4929164631168	-1.99218368343918	21.4929164631168
37167	8	4.64240351734245	30.8583292623351	-3.35759648265755	22.8583292623351
37168	8	11.1963849535906	45.3317049340498	3.19638495359062	37.3317049340498
37169	8	9.01172447484123	28.9467513434294	1.01172447484123	20.9467513434294
37170	8	7.10014655593552	28.4005862237421	-0.899853444064484	20.4005862237421
37171	8	2.45774303859306	29.4929164631168	-5.54225696140694	21.4929164631168
37172	8	3.27699071812408	17.2042012701514	-4.72300928187592	9.20420127015144
37173	8	10.3771372740596	37.685393258427	2.3771372740596	29.685393258427
37174	8	6.82706399609184	28.9467513434294	-1.17293600390816	20.9467513434294
37175	8	5.73473375671715	24.304347826087	-2.26526624328285	16.304347826087
37176	8	7.91939423546654	29.2198339032731	-0.0806057645334626	21.2198339032731
37177	8	0.546165119687347	8.19247679531021	-7.45383488031265	0.19247679531021
37178	8	0.819247679531021	8.73864191499756	-7.18075232046898	0.738641914997558
37179	8	6.82706399609184	29.7659990229604	-1.17293600390816	21.7659990229604
37180	8	5.1885686370298	28.4005862237421	-2.8114313629702	20.4005862237421
37181	8	24.8505129457743	61.7166585246703	16.8505129457743	53.7166585246703
37182	8	6.00781631656082	33.3160723009282	-1.99218368343918	25.3160723009282
37183	8	8.46555935515388	31.1314118221788	0.465559355153884	23.1314118221788
37184	8	9.01172447484123	32.2237420615535	1.01172447484123	24.2237420615535
37186	50	10.6179775280899	91.0112359550562	-39.3820224719101	41.0112359550562
37187	24	10.0112359550562	34.2808988764045	-13.9887640449438	10.2808988764045
37188	24	18.5056179775281	29.7303370786517	-5.49438202247191	5.73033707865169
37189	48	62.1910112359551	107.393258426966	14.1910112359551	59.3932584269663
37190	48	42.1685393258427	97.9887640449438	-5.8314606741573	49.9887640449438
37191	48	55.2134831460674	111.640449438202	7.21348314606742	63.6404494382023
37192	48	60.0674157303371	96.4719101123596	12.0674157303371	48.4719101123596
37193	48	34.2808988764045	85.247191011236	-13.7191011235955	37.247191011236
37194	80	47.6292134831461	87.3707865168539	-32.3707865168539	7.37078651685394
37195	80	49.752808988764	88.8876404494382	-30.247191011236	8.88764044943821
37196	37	53.6966292134831	103.449438202247	16.6966292134831	66.4494382022472
37197	37	57.3370786516854	93.7415730337079	20.3370786516854	56.7415730337079
37198	37	64.6179775280899	109.820224719101	27.6179775280899	72.8202247191011
37199	37	64.0112359550562	106.179775280899	27.0112359550562	69.1797752808989
37200	37	64.314606741573	112.247191011236	27.314606741573	75.247191011236
37201	37	54.9101123595506	103.449438202247	17.9101123595506	66.4494382022472
37202	37	49.4494382022472	86.1573033707865	12.4494382022472	49.1573033707865
37203	37	35.1910112359551	91.6179775280899	-1.80898876404494	54.6179775280899
37204	100	44.5955056179775	101.932584269663	-55.4044943820225	1.93258426966293
37205	37	47.0224719101124	91.6179775280899	10.0224719101124	54.6179775280899
37206	37	59.7640449438202	111.033707865169	22.7640449438202	74.0337078651686
37207	37	56.123595505618	107.089887640449	19.123595505618	70.0898876404494
37208	80	69.4719101123596	111.337078651685	-10.5280898876404	31.3370786516854
37209	52	41.2584269662921	86.1573033707865	-10.7415730337079	34.1573033707865
37210	52	37.6179775280899	74.3258426966292	-14.3820224719101	22.3258426966292
37211	52	38.8314606741573	74.3258426966292	-13.1685393258427	22.3258426966292
37212	49	37.6179775280899	73.4157303370787	-11.3820224719101	24.4157303370787
37213	52	50.3595505617978	95.2584269662921	-1.64044943820225	43.2584269662921
37214	36	40.0449438202247	81.9101123595506	4.04494382022472	45.9101123595506
37215	19	15.1685393258427	29.4269662921348	-3.8314606741573	10.4269662921348
37216	19	15.7752808988764	30.0337078651685	-3.2247191011236	11.0337078651685
37217	19	20.9325842696629	39.1348314606742	1.93258426966292	20.1348314606742
37218	19	22.1460674157303	36.4044943820225	3.14606741573034	17.4044943820225
37219	19	22.752808988764	37.6179775280899	3.75280898876404	18.6179775280899
37220	19	21.2359550561798	38.8314606741573	2.23595505617978	19.8314606741573
37221	19	19.4157303370787	32.7640449438202	0.415730337078653	13.7640449438202
37222	20	22.752808988764	39.7415730337079	2.75280898876404	19.7415730337079
37223	20	21.2359550561798	37.0112359550562	1.23595505617978	17.0112359550562
37224	86	70.3820224719101	146.224719101124	-15.6179775280899	60.2247191011236
37225	82	69.1685393258427	199.921348314607	-12.8314606741573	117.921348314607
37226	64	44.2921348314607	106.483146067416	-19.7078651685393	42.4831460674157
37227	64	38.5280898876405	82.8202247191011	-25.4719101123595	18.8202247191011
37228	64	52.7865168539326	129.842696629213	-11.2134831460674	65.8426966292135
37229	64	44.5955056179775	93.1348314606742	-19.4044943820225	29.1348314606742
37230	64	53.0898876404494	101.022471910112	-10.9101123595506	37.0224719101124
37231	6	2.42696629213483	43.3820224719101	-3.57303370786517	37.3820224719101
37232	22	20.0224719101124	59.1573033707865	-1.97752808988764	37.1573033707865
37233	39	59.7640449438202	141.067415730337	20.7640449438202	102.067415730337
37234	66	37.4123106985833	91.4826575476307	-28.5876893014167	25.4826575476307
37235	92	23.6629213483146	114.067415730337	-68.3370786516854	22.0674157303371
37236	87	57.0337078651685	135	-29.9662921348315	48
37237	87	55.5168539325843	128.629213483146	-31.4831460674157	41.6292134831461
37238	23	14.2584269662921	34.2808988764045	-8.74157303370786	11.2808988764045
37240	23	22.4494382022472	34.5842696629214	-0.550561797752806	11.5842696629214
37241	23	21.5393258426966	31.247191011236	-1.46067415730337	8.24719101123596
37246	38	32.1573033707865	60.3707865168539	-5.84269662921348	22.3707865168539
37247	38	29.123595505618	57.0337078651685	-8.87640449438202	19.0337078651685
37248	38	28.8202247191011	66.1348314606742	-9.17977528089887	28.1348314606742
37249	16	17.5955056179775	33.0674157303371	1.59550561797753	17.0674157303371
37250	27	25.1797752808989	47.0224719101124	-1.82022471910112	20.0224719101124
37251	16	20.3258426966292	39.7415730337079	4.32584269662922	23.7415730337079
37252	16	25.4831460674157	45.8089887640449	9.48314606741573	29.8089887640449
37253	16	17.2921348314607	34.5842696629214	1.29213483146068	18.5842696629214
37254	16	23.3595505617978	39.438202247191	7.35955056179775	23.438202247191
37255	16	17.2921348314607	37.0112359550562	1.29213483146068	21.0112359550562
37256	16	19.4157303370787	40.0449438202247	3.41573033707865	24.0449438202247
37257	16	20.6292134831461	38.8314606741573	4.62921348314607	22.8314606741573
37258	15	21.8426966292135	40.9550561797753	6.84269662921348	25.9550561797753
37259	16	23.9662921348315	50.3595505617978	7.96629213483146	34.3595505617978
37260	16	16.3820224719101	43.0786516853933	0.382022471910112	27.0786516853933
37261	16	16.3820224719101	35.4943820224719	0.382022471910112	19.4943820224719
37262	16	22.4494382022472	39.7415730337079	6.44943820224719	23.7415730337079
37263	16	12.7415730337079	47.6292134831461	-3.25842696629213	31.6292134831461
37264	16	15.7752808988764	42.7752808988764	-0.224719101123595	26.7752808988764
37265	16	20.6292134831461	52.4831460674157	4.62921348314607	36.4831460674157
37266	16	16.0786516853933	31.8539325842697	0.0786516853932611	15.8539325842697
37267	16	394.685393258427	394.685393258427	378.685393258427	378.685393258427
37268	16	17.5955056179775	35.4943820224719	1.59550561797753	19.4943820224719
37269	16	0	0	-16	-16
37270	16	0	0	-16	-16
37271	16	0	0	-16	-16
37272	16	0	0	-16	-16
37273	16	371.932584269663	371.932584269663	355.932584269663	355.932584269663
37274	16	16.3820224719101	35.1910112359551	0.382022471910112	19.1910112359551
37275	16	14.561797752809	32.4606741573034	-1.43820224719101	16.4606741573034
37276	16	17.8988764044944	36.1011235955056	1.89887640449438	20.1011235955056
37277	16	18.5056179775281	38.5280898876405	2.50561797752809	22.5280898876405
37278	16	13.6516853932584	33.6741573033708	-2.34831460674157	17.6741573033708
37279	16	16.9887640449438	41.8651685393258	0.988764044943821	25.8651685393258
37280	16	20.0224719101124	40.9550561797753	4.02247191011236	24.9550561797753
37281	16	22.1460674157303	49.1460674157303	6.14606741573034	33.1460674157303
37282	16	14.2584269662921	44.5955056179775	-1.74157303370786	28.5955056179775
37283	16	15.7752808988764	35.1910112359551	-0.224719101123595	19.1910112359551
37284	16	13.0449438202247	31.8539325842697	-2.95505617977528	15.8539325842697
37285	16	15.4719101123596	33.6741573033708	-0.528089887640448	17.6741573033708
37286	16	0	0	-16	-16
37287	16	16.685393258427	33.6741573033708	0.685393258426966	17.6741573033708
37288	36	21.8426966292135	47.9325842696629	-14.1573033707865	11.9325842696629
37289	36	37.9213483146067	64.314606741573	1.92134831460675	28.314606741573
37290	36	33.6741573033708	60.9775280898876	-2.32584269662921	24.9775280898876
37291	36	39.1348314606742	65.8314606741573	3.13483146067416	29.8314606741573
37292	29	23.6629213483146	44.2921348314607	-5.33707865168539	15.2921348314607
37293	42	31.5505617977528	52.4831460674157	-10.4494382022472	10.4831460674157
37294	42	23.0561797752809	55.2134831460674	-18.9438202247191	13.2134831460674
37295	42	25.4831460674157	56.7303370786517	-16.5168539325843	14.7303370786517
37296	42	35.1910112359551	57.9438202247191	-6.80898876404494	15.9438202247191
37297	42	29.7303370786517	59.1573033707865	-12.2696629213483	17.1573033707865
37298	42	27.6067415730337	48.8426966292135	-14.3932584269663	6.84269662921348
37299	42	33.6741573033708	59.4606741573034	-8.32584269662921	17.4606741573034
37300	38	29.123595505618	47.3258426966292	-8.87640449438202	9.32584269662922
37301	38	31.5505617977528	54.3033707865169	-6.44943820224719	16.3033707865169
37302	36	34.5842696629214	69.1685393258427	-1.41573033707865	33.1685393258427
37304	12	12.438202247191	24.5730337078652	0.438202247191011	12.5730337078652
37305	12	11.5280898876404	27.6067415730337	-0.47191011235955	15.6067415730337
37306	12	12.1348314606742	27.3033707865169	0.134831460674159	15.3033707865169
37307	9	13.6516853932584	28.2134831460674	4.65168539325843	19.2134831460674
37308	9	8.19101123595506	31.5505617977528	-0.808988764044944	22.5505617977528
37309	9	12.7415730337079	23.9662921348315	3.74157303370787	14.9662921348315
37310	47	33.6741573033708	81	-13.3258426966292	34
37311	30	13.3483146067416	32.1573033707865	-16.6516853932584	2.15730337078652
37312	30	24.2696629213483	56.123595505618	-5.73033707865168	26.123595505618
37313	59	37.6179775280899	66.7415730337079	-21.3820224719101	7.74157303370787
37314	21	32.4606741573034	69.7752808988764	11.4606741573034	48.7752808988764
37315	21	18.5056179775281	41.561797752809	-2.49438202247191	20.561797752809
37316	48	31.247191011236	76.752808988764	-16.752808988764	28.752808988764
37317	32	29.7303370786517	71.8988764044944	-2.26966292134831	39.8988764044944
37318	34	39.1348314606742	65.5280898876404	5.13483146067416	31.5280898876404
37319	34	30.3370786516854	64.6179775280899	-3.6629213483146	30.6179775280899
37320	34	38.8314606741573	70.9887640449438	4.83146067415731	36.9887640449438
37321	34	27	58.5505617977528	-7	24.5505617977528
37322	34	30.3370786516854	57.9438202247191	-3.6629213483146	23.9438202247191
37323	34	34.2808988764045	61.2808988764045	0.2808988764045	27.2808988764045
37324	34	26.6966292134831	58.247191011236	-7.30337078651685	24.247191011236
37325	34	381.640449438202	381.640449438202	347.640449438202	347.640449438202
37326	32	32.4606741573034	61.8876404494382	0.460674157303373	29.8876404494382
37327	30	11.8314606741573	47.0224719101124	-18.1685393258427	17.0224719101124
37328	30	23.0561797752809	307.314606741573	-6.9438202247191	277.314606741573
37330	30	15.1685393258427	40.9550561797753	-14.8314606741573	10.9550561797753
37331	30	5.46067415730337	40.0449438202247	-24.5393258426966	10.0449438202247
37332	30	10.6179775280899	64.9213483146067	-19.3820224719101	34.9213483146067
37337	30	21.2359550561798	43.0786516853933	-8.76404494382022	13.0786516853933
37339	30	15.7752808988764	148.044943820225	-14.2247191011236	118.044943820225
37340	30	2.12359550561798	56.123595505618	-27.876404494382	26.123595505618
37342	30	42.7752808988764	95.561797752809	12.7752808988764	65.561797752809
37343	30	22.1460674157303	45.2022471910112	-7.85393258426966	15.2022471910112
37344	27	6.06741573033708	161.089887640449	-20.9325842696629	134.089887640449
37347	27	27.3033707865169	53.3932584269663	0.303370786516854	26.3932584269663
37348	32	29.7303370786517	57.9438202247191	-2.26966292134831	25.9438202247191
37349	32	28.2134831460674	55.5168539325843	-3.78651685393258	23.5168539325843
