36455	128	98.7034684904739	165.572056668295	-29.2965315095261	37.5720566682951
36456	128	89.4802149487054	148.278456277479	-38.5197850512946	20.2784562774792
36457	128	98.7034684904739	157.501709819248	-29.2965315095261	29.5017098192477
36458	128	88.3273082559844	143.666829506595	-39.6726917440156	15.666829506595
36459	128	184.018563751832	297.003419638495	56.0185637518319	169.003419638495
36460	128	471.092330239375	784.682950659502	343.092330239375	656.682950659502
36461	130	45.6697606253053	95.2447484123107	-84.3302393746947	-34.7552515876893
36463	104	53.7401074743527	124.067415730337	-50.2598925256473	20.0674157303371
36465	104	46.8226673180264	102.162188568637	-57.1773326819736	-1.83781143136298
36466	104	44.5168539325843	99.8563751831949	-59.4831460674157	-4.14362481680509
36467	104	49.1284807034685	115.99706888129	-54.8715192965315	11.9970688812897
36468	107	50.2813873961895	102.162188568637	-56.7186126038105	-4.83781143136298
36469	107	38.752320468979	94.0918417195896	-68.247679531021	-12.9081582804104
36470	107	50.2813873961895	103.315095261358	-56.7186126038105	-3.68490473864192
36471	107	47.9755740107474	106.773815339521	-59.0244259892526	-0.226184660478751
36472	107	57.1988275525159	124.067415730337	-49.8011724474841	17.0674157303371
36473	107	45.6697606253053	114.844162188569	-61.3302393746947	7.84416218856863
36474	107	53.7401074743527	114.844162188569	-53.2598925256473	7.84416218856863
36475	107	58.3517342452369	104.468001954079	-48.6482657547631	-2.53199804592086
36476	107	49.1284807034685	91.7860283341475	-57.8715192965315	-15.2139716658525
36477	107	42.2110405471422	86.0214948705423	-64.7889594528578	-20.9785051294577
36478	45	51.4342940889106	83.7156814851001	6.4342940889106	38.7156814851001
36479	45	47.9755740107474	69.8808011724475	2.97557401074744	24.8808011724475
36480	45	51.4342940889106	73.3395212506106	6.4342940889106	28.3395212506106
36481	45	49.1284807034685	72.1866145578896	4.12848070346849	27.1866145578896
36482	45	45.6697606253053	69.8808011724475	0.669760625305322	24.8808011724475
36483	45	39.9052271617	76.7982413287738	-5.09477283829995	31.7982413287738
36484	52	43.3639472398632	76.7982413287738	-8.63605276013678	24.7982413287738
36485	52	44.5168539325843	80.256961406937	-7.48314606741573	28.256961406937
36486	52	47.9755740107474	79.1040547142159	-4.02442598925256	27.1040547142159
36487	46	49.1284807034685	94.0918417195896	3.12848070346849	48.0918417195896
36488	157	73.3395212506106	170.183683439179	-83.6604787493894	13.1836834391793
36493	79	49.1284807034685	103.315095261358	-29.8715192965315	24.3150952613581
36494	79	60.657547630679	114.844162188569	-18.342452369321	35.8441621885686
36496	79	44.5168539325843	145.972642892037	-34.4831460674157	66.9726428920371
36498	72	65.2691744015633	137.90229604299	-6.73082559843674	65.9022960429897
36499	70	73.3395212506106	333.896433805569	3.33952125061064	263.896433805569
36501	104	132.137762579384	288.933072789448	28.1377625793845	184.933072789448
36502	104	81.409868099658	170.183683439179	-22.590131900342	66.1836834391793
36503	81	68.7278944797264	114.844162188569	-12.2721055202736	33.8441621885686
36504	81	69.8808011724475	115.99706888129	-11.1191988275525	34.9970688812897
36505	81	73.3395212506106	120.608695652174	-7.66047874938936	39.6086956521739
36506	81	73.3395212506106	115.99706888129	-7.66047874938936	34.9970688812897
36507	81	68.7278944797264	127.5261358085	-12.2721055202736	46.5261358085002
36508	81	71.0337078651685	122.914509037616	-9.96629213483146	41.914509037616
36509	81	73.3395212506106	117.149975574011	-7.66047874938936	36.1499755740107
36510	81	71.0337078651685	115.99706888129	-9.96629213483146	34.9970688812897
36511	81	72.1866145578896	120.608695652174	-8.81338544211042	39.6086956521739
36512	81	71.0337078651685	117.149975574011	-9.96629213483146	36.1499755740107
36513	81	71.0337078651685	114.844162188569	-9.96629213483146	33.8441621885686
36514	81	69.8808011724475	115.99706888129	-11.1191988275525	34.9970688812897
36515	81	62.9633610161212	113.691255495848	-18.0366389838788	32.6912554958476
36516	81	67.5749877870054	114.844162188569	-13.4250122129946	33.8441621885686
36517	81	72.1866145578896	127.5261358085	-8.81338544211042	46.5261358085002
36518	81	67.5749877870054	114.844162188569	-13.4250122129946	33.8441621885686
36519	81	66.4220810942843	120.608695652174	-14.5779189057157	39.6086956521739
36520	81	68.7278944797264	111.385442110405	-12.2721055202736	30.3854421104055
36521	57	54.8930141670738	140.208109428432	-2.10698583292623	83.2081094284318
36522	57	61.8104543234001	109.079628724963	4.81045432340009	52.0796287249634
36523	57	58.3517342452369	119.455788959453	1.35173424523693	62.4557889594529
36524	57	58.3517342452369	107.926722032242	1.35173424523693	50.9267220322423
36525	57	56.0459208597948	142.513922813874	-0.954079140205181	85.513922813874
36526	57	66.4220810942843	117.149975574011	9.42208109428432	60.1499755740107
36527	104	74.4924279433317	140.208109428432	-29.5075720566683	36.2081094284318
36528	104	74.4924279433317	132.137762579384	-29.5075720566683	28.1377625793845
36529	104	75.6453346360528	130.984855886663	-28.3546653639472	26.9848558866634
36530	104	75.6453346360528	126.373229115779	-28.3546653639472	22.3732291157792
36531	104	74.4924279433317	120.608695652174	-29.5075720566683	16.6086956521739
36532	104	68.7278944797264	129.831949193942	-35.2721055202736	25.8319491939424
36533	104	71.0337078651685	135.596482657548	-32.9662921348315	31.5964826575476
36534	57	65.2691744015633	231.287738153395	8.26917440156326	174.287738153395
36536	83	65.2691744015633	107.926722032242	-17.7308255984367	24.9267220322423
36537	83	59.504640937958	88.3273082559844	-23.495359062042	5.32730825598436
36538	101	94.0918417195896	151.737176355642	-6.90815828041036	50.7371763556424
36539	101	90.6331216414265	135.596482657548	-10.3668783585735	34.5964826575476
36540	101	86.0214948705423	129.831949193942	-14.9785051294577	28.8319491939424
36541	101	95.2447484123107	141.361016121153	-5.7552515876893	40.3610161211529
36542	101	97.5505617977528	163.266243282853	-3.44943820224719	62.2662432828529
36543	101	84.8685881778212	181.71275036639	-16.1314118221788	80.7127503663898
36544	99	82.5627747923791	156.348803126527	-16.4372252076209	57.3488031265266
36545	101	73.3395212506106	134.443575964827	-27.6604787493894	33.4435759648266
36546	101	84.8685881778212	135.596482657548	-16.1314118221788	34.5964826575476
36547	101	74.4924279433317	127.5261358085	-26.5075720566683	26.5261358085002
36548	101	73.3395212506106	132.137762579384	-27.6604787493894	31.1377625793845
36549	101	72.1866145578896	126.373229115779	-28.8133854421104	25.3732291157792
36550	101	64.1162677088422	137.90229604299	-36.8837322911578	36.9022960429897
36551	101	71.0337078651685	148.278456277479	-29.9662921348315	47.2784562774792
36552	101	75.6453346360528	124.067415730337	-25.3546653639472	23.0674157303371
36553	101	76.7982413287738	124.067415730337	-24.2017586712262	23.0674157303371
36554	101	68.7278944797264	144.819736199316	-32.2721055202736	43.8197361993161
36555	101	68.7278944797264	135.596482657548	-32.2721055202736	34.5964826575476
36556	101	73.3395212506106	147.125549584758	-27.6604787493894	46.1255495847582
36557	101	65.2691744015633	151.737176355642	-35.7308255984367	50.7371763556424
36558	101	72.1866145578896	129.831949193942	-28.8133854421104	28.8319491939424
36559	101	65.2691744015633	133.290669272106	-35.7308255984367	32.2906692721055
36560	99	83.7156814851001	147.125549584758	-15.2843185148999	48.1255495847582
36561	99	89.4802149487054	149.4313629702	-9.51978505129458	50.4313629702003
36562	99	89.4802149487054	148.278456277479	-9.51978505129458	49.2784562774792
36563	99	77.9511480214949	129.831949193942	-21.0488519785051	30.8319491939424
36564	101	72.1866145578896	182.865657059111	-28.8133854421104	81.8656570591109
36566	75	91.7860283341475	169.030776746458	16.7860283341475	94.0307767464582
36567	75	74.4924279433317	121.761602344895	-0.507572056668295	46.761602344895
36568	75	81.409868099658	140.208109428432	6.40986809965804	65.2081094284318
36569	75	73.3395212506106	120.608695652174	-1.66047874938936	45.6086956521739
36570	75	84.8685881778212	140.208109428432	9.8685881778212	65.2081094284318
36571	75	77.9511480214949	122.914509037616	2.95114802149487	47.914509037616
36572	121	90.3517342452369	497.330239374695	-30.6482657547631	376.330239374695
36573	121	100.400586223742	524.462139716658	-20.5994137762579	403.462139716658
36574	94	29.5290669272106	143.666829506595	-64.4709330727894	49.666829506595
36575	94	38.752320468979	89.4802149487054	-55.247679531021	-4.51978505129458
36576	94	37.5994137762579	471.092330239375	-56.4005862237421	377.092330239375
36577	81	57.1988275525159	129.831949193942	-23.8011724474841	48.8319491939424
36578	61	92.9389350268686	489.538837322912	31.9389350268686	428.538837322912
36580	83	44.5168539325843	167.877870053737	-38.4831460674157	84.8778700537372
36581	82	67.5749877870054	238.205178309722	-14.4250122129946	156.205178309722
36582	80	60.657547630679	444.57547630679	-19.342452369321	364.57547630679
36583	80	49.1284807034685	112.538348803127	-30.8715192965315	32.5383488031265
36584	80	59.504640937958	103.315095261358	-20.495359062042	23.3150952613581
36585	80	62.9633610161212	456.104543234001	-17.0366389838788	376.104543234001
36586	82	133.290669272106	856.163165608207	51.2906692721055	774.163165608207
36587	82	119.455788959453	868.845139228139	37.4557889594529	786.845139228139
36588	80	53.7401074743527	124.067415730337	-26.2598925256473	44.0674157303371
36589	80	62.9633610161212	106.773815339521	-17.0366389838788	26.7738153395212
36590	80	71.0337078651685	109.079628724963	-8.96629213483146	29.0796287249634
36591	80	69.8808011724475	107.926722032242	-10.1191988275525	27.9267220322423
36592	80	58.3517342452369	113.691255495848	-21.6482657547631	33.6912554958476
36593	80	62.9633610161212	115.99706888129	-17.0366389838788	35.9970688812897
36594	78	71.0337078651685	404.223742061553	-6.96629213483146	326.223742061553
36595	70	69.8808011724475	136.749389350269	-0.119198827552509	66.7493893502687
36596	70	71.0337078651685	124.067415730337	1.03370786516854	54.0674157303371
36597	70	73.3395212506106	118.302882266732	3.33952125061064	48.3028822667318
36598	70	68.7278944797264	122.914509037616	-1.27210552027357	52.914509037616
36599	70	80.256961406937	567.936492427943	10.256961406937	497.936492427943
36600	70	66.4220810942843	135.596482657548	-3.57791890571568	65.5964826575476
36601	70	374.248168050806	607.135319980459	304.248168050806	537.135319980459
36602	70	302.767953102101	752.401563263312	232.767953102101	682.401563263312
36607	137	94.0918417195896	165.572056668295	-42.9081582804104	28.5720566682951
36608	137	84.8685881778212	136.749389350269	-52.1314118221788	-0.2506106497313
36609	137	83.7156814851001	149.4313629702	-53.2843185148999	12.4313629702003
36610	137	83.7156814851001	137.90229604299	-53.2843185148999	0.902296042989747
36611	137	80.256961406937	156.348803126527	-56.743038593063	19.3488031265266
36612	98	65.2691744015633	141.361016121153	-32.7308255984367	43.3610161211529
36613	98	52.5872007816317	143.666829506595	-45.4127992183683	45.666829506595
36614	98	45.6697606253053	89.4802149487054	-52.3302393746947	-8.51978505129458
36615	98	66.4220810942843	127.5261358085	-31.5779189057157	29.5261358085002
36616	98	45.6697606253053	87.1744015632633	-52.3302393746947	-10.8255984367367
36618	98	45.6697606253053	91.7860283341475	-52.3302393746947	-6.21397166585247
36619	98	44.5168539325843	83.7156814851001	-53.4831460674157	-14.2843185148999
36620	98	47.9755740107474	84.8685881778212	-50.0244259892526	-13.1314118221788
36621	98	39.9052271617	73.3395212506106	-58.0947728383	-24.6604787493894
36622	98	37.5994137762579	76.7982413287738	-60.4005862237421	-21.2017586712262
36623	94	79.314118221788	138.000488519785	-14.685881778212	44.0004885197851
36624	93	60.0439667806546	118.730337078652	-32.9560332193454	25.7303370786517
36625	94	69.6790425012213	133.6209086468	-24.3209574987787	39.6209086468002
36626	94	66.1753786028334	128.365412799218	-27.8246213971666	34.3654127992183
36627	94	73.1827063996092	131.869076697606	-20.8172936003908	37.8690766976063
36628	94	73.1827063996092	146.759648265755	-20.8172936003908	52.7596482657547
36629	100	60.657547630679	112.538348803127	-39.342452369321	12.5383488031265
36630	100	66.4220810942843	112.538348803127	-33.5779189057157	12.5383488031265
36631	151	67.5749877870054	154.042989741085	-83.4250122129946	3.04298974108451
36632	151	81.409868099658	171.3365901319	-69.590131900342	20.3365901319004
36633	151	107.926722032242	300.462139716658	-43.0732779677577	149.462139716658
36634	64	62.9633610161212	115.99706888129	-1.03663898387885	51.9970688812897
36635	64	53.7401074743527	111.385442110405	-10.2598925256473	47.3854421104055
36636	151	102.162188568637	374.248168050806	-48.837811431363	223.248168050806
36637	151	104.468001954079	383.471421592574	-46.5319980459209	232.471421592574
36638	151	99.8563751831949	352.342940889106	-51.1436248168051	201.342940889106
36639	143	76.7982413287738	144.819736199316	-66.2017586712262	1.81973619931608
36640	105	79.1040547142159	196.700537371764	-25.8959452857841	91.7005373717635
36641	105	143.666829506595	431.893502686859	38.666829506595	326.893502686859
36642	105	73.3395212506106	156.348803126527	-31.6604787493894	51.3488031265266
36643	105	95.2447484123107	471.092330239375	-9.7552515876893	366.092330239375
36644	105	109.079628724963	256.651685393258	4.07962872496336	151.651685393258
36645	102	74.4924279433317	140.208109428432	-27.5075720566683	38.2081094284318
36648	124	84.8685881778212	195.547630679042	-39.1314118221788	71.5476306790425
36649	121	83.7156814851001	710.896922325354	-37.2843185148999	589.896922325354
36650	121	77.9511480214949	160.960429897411	-43.0488519785051	39.9604298974108
36651	72	84.8685881778212	126.373229115779	12.8685881778212	54.3732291157792
36652	72	82.5627747923791	125.220322423058	10.5627747923791	53.2203224230581
36653	72	82.5627747923791	134.443575964827	10.5627747923791	62.4435759648266
36654	72	87.1744015632633	140.208109428432	15.1744015632633	68.2081094284318
36655	72	82.5627747923791	143.666829506595	10.5627747923791	71.666829506595
36656	72	86.0214948705423	139.055202735711	14.0214948705423	67.0552027357108
36657	72	79.1040547142159	134.443575964827	7.10405471421592	62.4435759648266
36658	72	80.256961406937	139.055202735711	8.25696140693698	67.0552027357108
36659	72	80.256961406937	129.831949193942	8.25696140693698	57.8319491939424
36660	41	36.4465070835369	71.0337078651685	-4.55349291646311	30.0337078651685
36661	41	35.2936003908158	83.7156814851001	-5.70639960918417	42.7156814851001
36662	41	41.0581338544211	87.1744015632633	0.0581338544211008	46.1744015632633
36663	41	37.5994137762579	72.1866145578896	-3.40058622374207	31.1866145578896
36664	41	39.9052271617	88.3273082559844	-1.09477283829995	47.3273082559844
36665	41	42.2110405471422	77.9511480214949	1.21104054714216	36.9511480214949
36666	41	39.9052271617	76.7982413287738	-1.09477283829995	35.7982413287738
36667	41	37.5994137762579	73.3395212506106	-3.40058622374207	32.3395212506106
36668	41	53.7401074743527	90.6331216414265	12.7401074743527	49.6331216414265
36669	41	39.9052271617	111.385442110405	-1.09477283829995	70.3854421104055
36670	46	60.657547630679	91.7860283341475	14.657547630679	45.7860283341475
36671	46	52.5872007816317	81.409868099658	6.58720078163166	35.409868099658
36672	46	36.4465070835369	92.9389350268686	-9.55349291646311	46.9389350268686
36673	158	83.7156814851001	185.171470444553	-74.2843185148999	27.171470444553
36674	158	77.9511480214949	180.559843673669	-80.0488519785051	22.5598436736688
36675	129	94.2867611138251	616.041524181729	-34.7132388861749	487.041524181729
36676	74	68.7278944797264	120.608695652174	-5.27210552027357	46.6086956521739
36677	80	68.7278944797264	117.149975574011	-11.2721055202736	37.1499755740107
36678	74	68.7278944797264	112.538348803127	-5.27210552027357	38.5383488031265
36679	76	39.9052271617	110.232535417684	-36.0947728383	34.2325354176844
36680	76	66.4220810942843	115.99706888129	-9.57791890571568	39.9970688812897
36681	76	69.8808011724475	109.079628724963	-6.11919882755251	33.0796287249634
36682	74	60.657547630679	102.162188568637	-13.342452369321	28.162188568637
36683	74	66.4220810942843	107.926722032242	-7.57791890571568	33.9267220322423
36684	74	69.8808011724475	126.373229115779	-4.11919882755251	52.3732291157792
36685	76	69.8808011724475	107.926722032242	-6.11919882755251	31.9267220322423
36686	76	73.3395212506106	105.6209086468	-2.66047874938936	29.6209086468002
36687	77	76.7982413287738	113.691255495848	-0.201758671226187	36.6912554958476
36688	77	73.3395212506106	107.926722032242	-3.66047874938936	30.9267220322423
36689	56	58.3517342452369	79.1040547142159	2.35173424523693	23.1040547142159
36690	56	59.504640937958	79.1040547142159	3.50464093795799	23.1040547142159
36691	56	58.3517342452369	79.1040547142159	2.35173424523693	23.1040547142159
36692	58	62.9633610161212	80.256961406937	4.96336101612115	22.256961406937
36693	58	56.0459208597948	79.1040547142159	-1.95407914020518	21.1040547142159
36694	38	66.4220810942843	98.7034684904739	28.4220810942843	60.7034684904739
36695	38	68.7278944797264	112.538348803127	30.7278944797264	74.5383488031265
36696	38	67.5749877870054	104.468001954079	29.5749877870054	66.4680019540791
36697	77	60.657547630679	135.596482657548	-16.342452369321	58.5964826575476
36698	77	69.8808011724475	115.99706888129	-7.11919882755251	38.9970688812897
36699	77	64.1162677088422	135.596482657548	-12.8837322911578	58.5964826575476
36700	77	61.8104543234001	135.596482657548	-15.1895456765999	58.5964826575476
36701	77	60.657547630679	124.067415730337	-16.342452369321	47.0674157303371
36702	77	61.8104543234001	141.361016121153	-15.1895456765999	64.3610161211529
36704	66	57.1988275525159	154.042989741085	-8.80117244748413	88.0429897410845
36705	66	86.0214948705423	465.327796775769	20.0214948705423	399.327796775769
36706	59	77.9511480214949	239.358085002443	18.9511480214949	180.358085002443
36708	75	75.6453346360528	136.749389350269	0.645334636052752	61.7493893502687
36709	75	80.256961406937	149.4313629702	5.25696140693698	74.4313629702003
36710	75	77.9511480214949	128.679042501221	2.95114802149487	53.6790425012213
36711	75	75.6453346360528	128.679042501221	0.645334636052752	53.6790425012213
36712	75	73.3395212506106	129.831949193942	-1.66047874938936	54.8319491939424
36713	70	74.4924279433317	140.208109428432	4.49242794333171	70.2081094284318
36714	75	74.4924279433317	129.831949193942	-0.507572056668295	54.8319491939424
36715	75	80.256961406937	134.443575964827	5.25696140693698	59.4435759648266
36716	75	80.256961406937	135.596482657548	5.25696140693698	60.5964826575476
36717	75	74.4924279433317	135.596482657548	-0.507572056668295	60.5964826575476
36718	75	74.4924279433317	141.361016121153	-0.507572056668295	66.3610161211529
36719	75	77.9511480214949	144.819736199316	2.95114802149487	69.8197361993161
36720	75	83.7156814851001	139.055202735711	8.71568148510015	64.0552027357108
36721	75	79.1040547142159	142.513922813874	4.10405471421592	67.513922813874
36722	75	79.1040547142159	142.513922813874	4.10405471421592	67.513922813874
36723	75	82.5627747923791	148.278456277479	7.56277479237909	73.2784562774792
36724	162	43.3639472398632	218.605764533464	-118.636052760137	56.6057645334636
36725	80	34.1406936980948	724.731802638007	-45.8593063019052	644.731802638007
36726	80	50.2813873961895	109.079628724963	-29.7186126038105	29.0796287249634
36727	80	71.0337078651685	190.936003908158	-8.96629213483146	110.936003908158
36728	80	47.9755740107474	128.679042501221	-32.0244259892526	48.6790425012213
36729	80	54.8930141670738	118.302882266732	-25.1069858329262	38.3028822667318
36730	80	71.0337078651685	148.278456277479	-8.96629213483146	68.2784562774792
36731	80	80.256961406937	137.90229604299	0.256961406936981	57.9022960429897
36732	55	44.5168539325843	84.8685881778212	-10.4831460674157	29.8685881778212
36733	55	37.5994137762579	81.409868099658	-17.4005862237421	26.409868099658
36734	55	32.9877870053737	79.1040547142159	-22.0122129946263	24.1040547142159
36735	55	37.5994137762579	77.9511480214949	-17.4005862237421	22.9511480214949
36736	55	44.5168539325843	83.7156814851001	-10.4831460674157	28.7156814851001
36737	55	30.6819736199316	66.4220810942843	-24.3180263800684	11.4220810942843
36738	55	31.8348803126527	74.4924279433317	-23.1651196873473	19.4924279433317
36739	55	42.2110405471422	87.1744015632633	-12.7889594528578	32.1744015632633
36740	55	31.8348803126527	82.5627747923791	-23.1651196873473	27.5627747923791
36741	55	42.2110405471422	98.7034684904739	-12.7889594528578	43.7034684904739
36742	55	38.752320468979	81.409868099658	-16.247679531021	26.409868099658
36743	55	34.1406936980948	82.5627747923791	-20.8593063019052	27.5627747923791
36744	55	37.5994137762579	76.7982413287738	-17.4005862237421	21.7982413287738
36745	78	56.0459208597948	151.737176355642	-21.9540791402052	73.7371763556424
36746	78	60.657547630679	135.596482657548	-17.342452369321	57.5964826575476
36747	147	128.679042501221	237.052271617	-18.3209574987787	90.0522716170005
36748	147	130.984855886663	192.088910600879	-16.0151441133366	45.0889106008793
36749	147	121.761602344895	212.841231069858	-25.238397655105	65.8412310698583
36750	147	132.137762579384	188.630190522716	-14.8622374206155	41.6301905227162
36751	147	136.749389350269	177.101123595506	-10.2506106497313	30.1011235955056
36752	147	135.596482657548	188.630190522716	-11.4035173424524	41.6301905227162
36753	116	147.125549584758	263.569125549585	31.1255495847582	147.569125549585
36754	160	119.455788959453	180.559843673669	-40.5442110405471	20.5598436736688
36755	160	102.162188568637	201.312164142648	-57.837811431363	41.3121641426478
36756	160	135.596482657548	185.171470444553	-24.4035173424524	25.171470444553
36757	90	50.2813873961895	125.220322423058	-39.7186126038105	35.2203224230581
36758	90	47.9755740107474	89.4802149487054	-42.0244259892526	-0.519785051294576
36759	90	54.8930141670738	109.079628724963	-35.1069858329262	19.0796287249634
36760	90	47.9755740107474	105.6209086468	-42.0244259892526	15.6209086468002
36761	90	71.0337078651685	149.4313629702	-18.9662921348315	59.4313629702003
36762	90	67.5749877870054	140.208109428432	-22.4250122129946	50.2081094284318
36766	49	34.1406936980948	61.8104543234001	-14.8593063019052	12.8104543234001
36771	49	38.752320468979	76.7982413287738	-10.247679531021	27.7982413287738
36772	49	32.9877870053737	66.4220810942843	-16.0122129946263	17.4220810942843
36773	134	104.468001954079	202.465070835369	-29.5319980459209	68.4650708353688
36774	134	115.99706888129	178.254030288227	-18.0029311187103	44.2540302882267
36775	134	125.220322423058	273.945285784074	-8.77967757694186	139.945285784074
36776	134	112.538348803127	175.948216902785	-21.4616511968735	41.9482169027846
36777	134	89.4802149487054	182.865657059111	-44.5197850512946	48.8656570591109
36778	134	109.079628724963	193.2418172936	-24.9203712750366	59.2418172936004
36779	134	102.162188568637	171.3365901319	-31.837811431363	37.3365901319004
36780	134	104.468001954079	188.630190522716	-29.5319980459209	54.6301905227162
36781	134	97.5505617977528	213.994137762579	-36.4494382022472	79.9941377625794
36782	134	114.844162188569	181.71275036639	-19.1558378114314	47.7127503663898
36783	134	112.538348803127	187.477283829995	-21.4616511968735	53.4772838299951
36784	134	107.926722032242	172.489496824621	-26.0732779677577	38.4894968246214
36785	134	114.844162188569	252.040058622374	-19.1558378114314	118.040058622374
36786	134	119.455788959453	178.254030288227	-14.5442110405471	44.2540302882267
36787	134	95.2447484123107	177.101123595506	-38.7552515876893	43.1011235955056
36788	134	119.455788959453	171.3365901319	-14.5442110405471	37.3365901319004
36789	134	112.538348803127	172.489496824621	-21.4616511968735	38.4894968246214
36790	134	127.5261358085	232.440644846116	-6.47386419149976	98.4406448461163
36791	128	129.831949193942	424.976062530532	1.83194919394236	296.976062530532
36792	129	82.5627747923791	322.367366878359	-46.4372252076209	193.367366878359
36793	129	66.4220810942843	257.804592085979	-62.5779189057157	128.804592085979
36794	129	61.8104543234001	133.290669272106	-67.1895456765999	4.2906692721055
36795	129	75.6453346360528	297.003419638495	-53.3546653639472	168.003419638495
36796	129	77.9511480214949	294.697606253053	-51.0488519785051	165.697606253053
36797	128	52.5872007816317	285.474352711285	-75.4127992183683	157.474352711285
36798	129	77.9511480214949	306.226673180264	-51.0488519785051	177.226673180264
36799	129	76.7982413287738	305.073766487543	-52.2017586712262	176.073766487543
36800	129	46.8226673180264	275.098192476795	-82.1773326819736	146.098192476795
36801	128	87.1744015632633	297.003419638495	-40.8255984367367	169.003419638495
36802	97	64.1162677088422	297.003419638495	-32.8837322911578	200.003419638495
36803	125	54.8930141670738	124.067415730337	-70.1069858329262	-0.932584269662925
36804	131	83.7156814851001	329.284807034685	-47.2843185148999	198.284807034685
36805	74	51.4342940889106	298.156326331216	-22.5657059110894	224.156326331216
36806	74	41.0581338544211	137.90229604299	-32.9418661455789	63.9022960429897
36807	120	67.5749877870054	282.015632633122	-52.4250122129946	162.015632633122
36808	120	51.4342940889106	128.679042501221	-68.5657059110894	8.67904250122129
36809	120	69.8808011724475	155.195896433806	-50.1191988275525	35.1958964338056
36810	120	69.8808011724475	337.355153883732	-50.1191988275525	217.355153883732
36811	120	59.504640937958	148.278456277479	-60.495359062042	28.2784562774792
36812	120	59.504640937958	310.838299951148	-60.495359062042	190.838299951148
36813	120	57.1988275525159	162.113336590132	-62.8011724474841	42.1133365901319
36814	120	65.2691744015633	154.042989741085	-54.7308255984367	34.0429897410845
36815	120	50.2813873961895	117.149975574011	-69.7186126038105	-2.85002442598926
36816	120	82.5627747923791	300.462139716658	-37.4372252076209	180.462139716658
36817	120	58.3517342452369	117.149975574011	-61.6482657547631	-2.85002442598926
36818	120	61.8104543234001	128.679042501221	-58.1895456765999	8.67904250122129
36819	129	80.256961406937	314.297020029311	-48.743038593063	185.297020029311
36820	129	87.1744015632633	308.532486565706	-41.8255984367367	179.532486565706
36821	129	52.5872007816317	114.844162188569	-76.4127992183683	-14.1558378114314
36822	129	51.4342940889106	113.691255495848	-77.5657059110894	-15.3087445041524
36823	104	59.504640937958	350.037127503664	-44.495359062042	246.037127503664
36824	120	30.6819736199316	110.232535417684	-89.3180263800684	-9.76746458231558
36825	120	57.1988275525159	136.749389350269	-62.8011724474841	16.7493893502687
36826	120	57.1988275525159	248.581338544211	-62.8011724474841	128.581338544211
36827	95	74.4924279433317	122.914509037616	-20.5075720566683	27.914509037616
36828	95	59.504640937958	121.761602344895	-35.495359062042	26.761602344895
36829	95	72.1866145578896	132.137762579384	-22.8133854421104	37.1377625793845
36830	102	57.1988275525159	113.691255495848	-44.8011724474841	11.6912554958476
36831	44	45.6697606253053	72.1866145578896	1.66976062530532	28.1866145578896
36832	44	54.8930141670738	98.7034684904739	10.8930141670738	54.7034684904739
36833	44	43.3639472398632	66.4220810942843	-0.636052760136785	22.4220810942843
36834	130	98.7034684904739	605.982413287738	-31.2965315095261	475.982413287738
36835	162	385.777234978017	590.994626282364	223.777234978017	428.994626282364
36836	162	344.272594040059	620.970200293112	182.272594040059	458.970200293112
36837	156	350.037127503664	590.994626282364	194.037127503664	434.994626282364
36838	139	412.294088910601	594.453346360528	273.294088910601	455.453346360528
36839	156	404.223742061553	680.921348314607	248.223742061553	524.921348314607
36840	156	384.624328285296	612.899853444064	228.624328285296	456.899853444064
36841	87	74.9345383488031	108.219345383488	-12.0654616511969	21.219345383488
36842	87	68.8031265266243	107.343429408891	-18.1968734733757	20.3434294088911
36843	88	385.008793356131	886.908646800195	297.008793356131	798.908646800195
36844	121	93.3287738153395	143.255984367367	-27.6712261846605	22.2559843673669
36845	121	96.8324377137274	513.768441621886	-24.1675622862726	392.768441621886
36847	94	75.8104543234001	130.993160723009	-18.1895456765999	36.9931607230093
36848	100	81.0659501709819	168.657547630679	-18.9340498290181	68.657547630679
36849	320	320.061553492916	501.067904250122	0.0615534929164596	181.067904250122
36850	177	79.1040547142159	166.724963361016	-97.8959452857841	-10.2750366389839
36851	177	76.7982413287738	207.076697606253	-100.201758671226	30.076697606253
36852	177	69.8808011724475	151.737176355642	-107.119198827553	-25.2628236443576
36853	177	88.3273082559844	205.923790913532	-88.6726917440156	28.923790913532
36854	177	69.8808011724475	201.312164142648	-107.119198827553	24.3121641426478
36855	177	79.1040547142159	156.348803126527	-97.8959452857841	-20.6511968734734
36856	177	84.8685881778212	167.877870053737	-92.1314118221788	-9.12212994626282
36857	177	58.3517342452369	162.113336590132	-118.648265754763	-14.8866634098681
36858	177	69.8808011724475	152.890083048363	-107.119198827553	-24.1099169516365
36859	50	31.8348803126527	75.6453346360528	-18.1651196873473	25.6453346360528
36860	38	35.2936003908158	76.7982413287738	-2.70639960918417	38.7982413287738
36861	50	26.0703468490474	77.9511480214949	-23.9296531509526	27.9511480214949
36862	50	38.752320468979	86.0214948705423	-11.247679531021	36.0214948705423
36863	50	31.8348803126527	83.7156814851001	-18.1651196873473	33.7156814851001
36864	50	37.5994137762579	74.4924279433317	-12.4005862237421	24.4924279433317
36865	50	47.9755740107474	86.0214948705423	-2.02442598925256	36.0214948705423
36866	50	36.4465070835369	77.9511480214949	-13.5534929164631	27.9511480214949
36867	50	57.1988275525159	98.7034684904739	7.19882755251587	48.7034684904739
36868	50	45.6697606253053	102.162188568637	-4.33023937469468	52.162188568637
36869	53	41.0581338544211	76.7982413287738	-11.9418661455789	23.7982413287738
36870	53	38.752320468979	60.657547630679	-14.247679531021	7.65754763067904
36871	53	38.752320468979	80.256961406937	-14.247679531021	27.256961406937
36872	53	35.2936003908158	74.4924279433317	-17.7063996091842	21.4924279433317
36873	53	39.9052271617	64.1162677088422	-13.0947728383	11.1162677088422
36874	53	37.5994137762579	79.1040547142159	-15.4005862237421	26.1040547142159
36875	53	42.2110405471422	61.8104543234001	-10.7889594528578	8.81045432340009
36876	43	41.0581338544211	91.7860283341475	-1.9418661455789	48.7860283341475
36877	43	43.3639472398632	82.5627747923791	0.363947239863215	39.5627747923791
36878	43	42.2110405471422	102.162188568637	-0.788959452857839	59.162188568637
36879	43	32.9877870053737	76.7982413287738	-10.0122129946263	33.7982413287738
36880	43	41.0581338544211	79.1040547142159	-1.9418661455789	36.1040547142159
36881	106	64.1162677088422	148.278456277479	-41.8837322911578	42.2784562774792
36882	96	117.149975574011	439.963849535906	21.1499755740107	343.963849535906
36884	136	76.7982413287738	156.348803126527	-59.2017586712262	20.3488031265266
36885	136	75.6453346360528	192.088910600879	-60.3546653639472	56.0889106008793
36886	136	137.90229604299	1059.07474352711	1.90229604298975	923.074743527113
36887	136	75.6453346360528	186.324377137274	-60.3546653639472	50.324377137274
36889	136	72.1866145578896	162.113336590132	-63.8133854421104	26.1133365901319
36900	69	67.5749877870054	155.195896433806	-1.42501221299463	86.1958964338056
36902	98	80.256961406937	235.899364924279	-17.743038593063	137.899364924279
36903	98	72.1866145578896	230.134831460674	-25.8133854421104	132.134831460674
36904	98	69.8808011724475	145.972642892037	-28.1191988275525	47.9726428920371
36905	98	73.3395212506106	228.981924767953	-24.6604787493894	130.981924767953
36917	62	64.1162677088422	137.90229604299	2.1162677088422	75.9022960429897
36918	62	53.7401074743527	122.914509037616	-8.25989252564729	60.914509037616
36920	57	58.3517342452369	1180.12994626282	1.35173424523693	1123.12994626282
36921	57	28.3761602344895	835.410845139228	-28.6238397655105	778.410845139228
36922	57	105.6209086468	786.988764044944	48.6209086468002	729.988764044944
36924	57	58.3517342452369	1185.89447972643	1.35173424523693	1128.89447972643
36925	57	53.7401074743527	90.6331216414265	-3.25989252564729	33.6331216414265
36928	57	81.409868099658	121.761602344895	24.409868099658	64.761602344895
36929	57	77.9511480214949	118.302882266732	20.9511480214949	61.3028822667318
36931	40	60.657547630679	118.302882266732	20.657547630679	78.3028822667318
36932	40	60.657547630679	114.844162188569	20.657547630679	74.8441621885686
36933	137	84.8685881778212	175.948216902785	-52.1314118221788	38.9482169027846
36934	137	77.9511480214949	174.795310210063	-59.0488519785051	37.7953102100635
36935	137	86.0214948705423	163.266243282853	-50.9785051294577	26.2662432828529
36936	137	86.0214948705423	190.936003908158	-50.9785051294577	53.9360039081583
36937	131	83.7156814851001	179.406936980948	-47.2843185148999	48.4069369809477
36938	154	59.504640937958	151.737176355642	-94.495359062042	-2.26282364435761
36939	154	96.3976551050317	187.477283829995	-57.6023448949683	33.4772838299951
36940	155	67.5749877870054	184.018563751832	-87.4250122129946	29.0185637518319
36941	162	49.1284807034685	306.226673180264	-112.871519296532	144.226673180264
36942	162	54.8930141670738	233.593551538837	-107.106985832926	71.5935515388373
36943	121	84.3781143136297	183.094284318515	-36.6218856863703	62.0942843185149
36944	164	87.1744015632633	199.006350757206	-76.8255984367367	35.0063507572057
36946	164	92.9389350268686	208.229604298974	-71.0610649731314	44.2296042989741
36947	164	94.0918417195896	232.440644846116	-69.9081582804104	68.4406448461163
36948	164	88.3273082559844	186.324377137274	-75.6726917440156	22.324377137274
36949	160	72.1866145578896	197.853444064485	-87.8133854421104	37.8534440644846
36950	173	81.409868099658	268.180752320469	-91.590131900342	95.180752320469
36951	173	124.067415730337	524.126038104543	-48.9325842696629	351.126038104543
36952	173	72.1866145578896	172.489496824621	-100.81338544211	-0.510503175378602
36953	173	66.4220810942843	164.419149975574	-106.577918905716	-8.58085002442598
36954	173	69.8808011724475	158.654616511969	-103.119198827553	-14.3453834880313
36955	173	76.7982413287738	145.972642892037	-96.2017586712262	-27.0273571079629
36956	173	76.7982413287738	151.737176355642	-96.2017586712262	-21.2628236443576
36957	173	86.0214948705423	180.559843673669	-86.9785051294577	7.55984367366878
36958	173	64.1162677088422	159.80752320469	-108.883732291158	-13.1924767953102
36959	173	99.8563751831949	247.42843185149	-73.1436248168051	74.42843185149
36960	173	75.6453346360528	171.3365901319	-97.3546653639472	-1.66340986809965
36961	173	82.5627747923791	227.829018075232	-90.4372252076209	54.829018075232
36962	173	82.5627747923791	152.890083048363	-90.4372252076209	-20.1099169516365
36963	173	79.1040547142159	154.042989741085	-93.8959452857841	-18.9570102589155
36964	173	80.256961406937	165.572056668295	-92.743038593063	-7.42794333170494
36965	173	83.7156814851001	145.972642892037	-89.2843185148999	-27.0273571079629
36966	173	77.9511480214949	170.183683439179	-95.0488519785051	-2.81631656082072
36967	173	96.3976551050317	287.780166096727	-76.6023448949683	114.780166096727
36968	173	86.0214948705423	152.890083048363	-86.9785051294577	-20.1099169516365
36969	173	90.6331216414265	167.877870053737	-82.3668783585735	-5.12212994626282
36970	173	81.409868099658	273.945285784074	-91.590131900342	100.945285784074
36971	173	77.9511480214949	187.477283829995	-95.0488519785051	14.4772838299951
36972	173	73.3395212506106	170.183683439179	-99.6604787493894	-2.81631656082072
36973	173	81.409868099658	166.724963361016	-91.590131900342	-6.27503663898389
36974	173	74.4924279433317	144.819736199316	-98.5075720566683	-28.1802638006839
36975	173	104.468001954079	298.156326331216	-68.5319980459209	125.156326331216
36976	173	102.162188568637	226.676111382511	-70.837811431363	53.676111382511
36977	173	69.8808011724475	178.254030288227	-103.119198827553	5.25403028822666
36978	173	71.0337078651685	162.113336590132	-101.966292134831	-10.8866634098681
36979	173	84.8685881778212	180.559843673669	-88.1314118221788	7.55984367366878
36980	173	72.1866145578896	285.474352711285	-100.81338544211	112.474352711285
36981	173	84.8685881778212	238.205178309722	-88.1314118221788	65.2051783097215
36982	173	80.256961406937	175.948216902785	-92.743038593063	2.94821690278457
36983	173	68.7278944797264	163.266243282853	-104.272105520274	-9.73375671714706
36984	173	67.5749877870054	151.737176355642	-105.425012212995	-21.2628236443576
36985	173	67.5749877870054	160.960429897411	-105.425012212995	-12.0395701025892
36986	173	79.1040547142159	177.101123595506	-93.8959452857841	4.10112359550561
36987	173	65.2691744015633	188.630190522716	-107.730825598437	15.6301905227162
36988	173	54.8930141670738	159.80752320469	-118.106985832926	-13.1924767953102
36989	173	75.6453346360528	140.208109428432	-97.3546653639472	-32.7918905715682
36990	173	96.3976551050317	306.226673180264	-76.6023448949683	133.226673180264
36991	173	112.538348803127	255.498778700537	-60.4616511968735	82.4987787005374
36992	173	94.0918417195896	175.948216902785	-78.9081582804104	2.94821690278457
36993	173	86.0214948705423	185.171470444553	-86.9785051294577	12.171470444553
36994	173	69.8808011724475	164.419149975574	-103.119198827553	-8.58085002442598
36995	173	86.0214948705423	185.171470444553	-86.9785051294577	12.171470444553
36996	173	74.4924279433317	185.171470444553	-98.5075720566683	12.171470444553
36997	173	62.9633610161212	165.572056668295	-110.036638983879	-7.42794333170494
36998	173	69.8808011724475	170.183683439179	-103.119198827553	-2.81631656082072
36999	179	81.409868099658	255.498778700537	-97.590131900342	76.4987787005374
37000	179	109.079628724963	233.593551538837	-69.9203712750366	54.5935515388373
37001	179	89.4802149487054	234.746458231558	-89.5197850512946	55.7464582315584
37002	110	118.302882266732	499.914997557401	8.3028822667318	389.914997557401
37008	37	34.1406936980948	79.1040547142159	-2.85930630190523	42.1040547142159
37011	37	39.9052271617	112.538348803127	2.90522716170005	75.5383488031265
37013	37	47.9755740107474	90.6331216414265	10.9755740107474	53.6331216414265
37014	37	29.5290669272106	101.009281875916	-7.47093307278945	64.009281875916
37017	37	42.2110405471422	84.8685881778212	5.21104054714216	47.8685881778212
37020	37	32.9877870053737	96.3976551050317	-4.01221299462628	59.3976551050317
37021	35	36.4465070835369	83.7156814851001	1.44650708353689	48.7156814851001
37025	37	35.2936003908158	113.691255495848	-1.70639960918417	76.6912554958476
37026	105	81.409868099658	158.654616511969	-23.590131900342	53.6546165119687
37028	70	80.256961406937	216.299951148021	10.256961406937	146.299951148021
37029	109	44.5168539325843	106.773815339521	-64.4831460674157	-2.22618466047875
37030	109	58.3517342452369	145.972642892037	-50.6482657547631	36.9726428920371
37031	109	38.752320468979	127.5261358085	-70.247679531021	18.5261358085002
37032	109	37.5994137762579	136.749389350269	-71.4005862237421	27.7493893502687
37035	109	56.0459208597948	147.125549584758	-52.9540791402052	38.1255495847582
37036	109	45.6697606253053	150.584269662921	-63.3302393746947	41.5842696629213
37037	109	39.9052271617	110.232535417684	-69.0947728382999	1.23253541768442
37038	109	46.8226673180264	117.149975574011	-62.1773326819736	8.14997557401074
37039	109	47.9755740107474	136.749389350269	-61.0244259892526	27.7493893502687
37041	109	42.2110405471422	166.724963361016	-66.7889594528578	57.7249633610161
37042	109	49.1284807034685	103.315095261358	-59.8715192965315	-5.68490473864192
37043	109	53.7401074743527	163.266243282853	-55.2598925256473	54.2662432828529
37044	109	35.2936003908158	83.7156814851001	-73.7063996091842	-25.2843185148999
37045	109	32.9877870053737	91.7860283341475	-76.0122129946263	-17.2139716658525
37046	109	43.3639472398632	107.926722032242	-65.6360527601368	-1.07327796775769
37047	109	43.3639472398632	95.2447484123107	-65.6360527601368	-13.7552515876893
37048	109	43.3639472398632	106.773815339521	-65.6360527601368	-2.22618466047875
37049	109	46.8226673180264	132.137762579384	-62.1773326819736	23.1377625793845
37050	156	102.162188568637	179.406936980948	-53.837811431363	23.4069369809477
37051	77	58.3517342452369	97.5505617977528	-18.6482657547631	20.5505617977528
37052	77	60.657547630679	96.3976551050317	-16.342452369321	19.3976551050317
37053	77	68.7278944797264	122.914509037616	-8.27210552027357	45.914509037616
37054	89	68.7278944797264	112.538348803127	-20.2721055202736	23.5383488031265
37055	77	56.0459208597948	99.8563751831949	-20.9540791402052	22.8563751831949
37056	77	66.4220810942843	96.3976551050317	-10.5779189057157	19.3976551050317
37057	77	66.4220810942843	111.385442110405	-10.5779189057157	34.3854421104055
37058	77	61.8104543234001	104.468001954079	-15.1895456765999	27.4680019540791
37059	77	71.0337078651685	115.99706888129	-5.96629213483146	38.9970688812897
37060	77	82.5627747923791	124.067415730337	5.56277479237909	47.0674157303371
37061	77	65.2691744015633	107.926722032242	-11.7308255984367	30.9267220322423
37062	77	61.8104543234001	103.315095261358	-15.1895456765999	26.3150952613581
37063	89	66.4220810942843	119.455788959453	-22.5779189057157	30.4557889594529
37064	89	65.2691744015633	104.468001954079	-23.7308255984367	15.4680019540791
37065	89	71.0337078651685	112.538348803127	-17.9662921348315	23.5383488031265
37066	89	73.3395212506106	125.220322423058	-15.6604787493894	36.2203224230581
37067	89	71.0337078651685	121.761602344895	-17.9662921348315	32.761602344895
37068	52	51.4342940889106	99.8563751831949	-0.565705911089402	47.8563751831949
37069	152	119.455788959453	181.71275036639	-32.5442110405471	29.7127503663898
37070	152	128.679042501221	177.101123595506	-23.3209574987787	25.1011235955056
37071	152	130.984855886663	224.370297997069	-21.0151441133366	72.3702979970689
37072	152	122.914509037616	216.299951148021	-29.085490962384	64.2999511480215
37073	152	128.679042501221	179.406936980948	-23.3209574987787	27.4069369809477
37074	152	104.468001954079	270.486565705911	-47.5319980459209	118.486565705911
37075	152	102.162188568637	227.829018075232	-49.837811431363	75.829018075232
37076	152	111.385442110405	177.101123595506	-40.6145578895945	25.1011235955056
37077	152	121.761602344895	172.489496824621	-30.238397655105	20.4894968246214
37078	152	120.608695652174	177.101123595506	-31.3913043478261	25.1011235955056
37079	152	117.149975574011	265.874938935027	-34.8500244259893	113.874938935027
37080	152	98.7034684904739	202.465070835369	-53.2965315095261	50.4650708353688
37081	174	106.773815339521	177.101123595506	-67.2261846604788	3.10112359550561
37082	174	118.302882266732	193.2418172936	-55.6971177332682	19.2418172936004
37083	174	121.761602344895	197.853444064485	-52.238397655105	23.8534440644846
37084	150	90.6331216414265	200.159257449927	-59.3668783585735	50.1592574499267
37085	150	106.773815339521	185.171470444553	-43.2261846604788	35.171470444553
37086	150	113.691255495848	195.547630679042	-36.3087445041524	45.5476306790425
37087	150	113.691255495848	175.948216902785	-36.3087445041524	25.9482169027846
37088	150	103.315095261358	189.783097215437	-46.6849047386419	39.7830972154372
37089	230	112.538348803127	167.877870053737	-117.461651196873	-62.1221299462628
37090	230	90.6331216414265	158.654616511969	-139.366878358574	-71.3453834880313
37091	230	103.315095261358	162.113336590132	-126.684904738642	-67.8866634098681
37092	230	129.831949193942	173.642403517342	-100.168050806058	-56.3575964826576
37093	120	89.4802149487054	228.981924767953	-30.5197850512946	108.981924767953
37094	86	80.256961406937	137.90229604299	-5.74303859306302	51.9022960429897
37095	99	81.409868099658	403.070835368832	-17.590131900342	304.070835368832
37096	99	152.890083048363	397.306301905227	53.8900830483635	298.306301905227
37097	99	60.657547630679	119.455788959453	-38.342452369321	20.4557889594529
37098	58	47.9755740107474	73.3395212506106	-10.0244259892526	15.3395212506106
37099	58	47.9755740107474	74.4924279433317	-10.0244259892526	16.4924279433317
37100	58	46.8226673180264	72.1866145578896	-11.1773326819736	14.1866145578896
37101	58	38.752320468979	66.4220810942843	-19.247679531021	8.42208109428432
37102	58	38.752320468979	66.4220810942843	-19.247679531021	8.42208109428432
37103	58	38.752320468979	65.2691744015633	-19.247679531021	7.26917440156326
37104	58	38.752320468979	67.5749877870054	-19.247679531021	9.57498778700537
37105	58	42.2110405471422	72.1866145578896	-15.7889594528578	14.1866145578896
37106	58	35.2936003908158	59.504640937958	-22.7063996091842	1.50464093795799
37107	58	37.5994137762579	62.9633610161212	-20.4005862237421	4.96336101612115
37109	111	49.1284807034685	122.914509037616	-61.8715192965315	11.914509037616
37110	103	37.5994137762579	95.2447484123107	-65.4005862237421	-7.7552515876893
37111	103	46.8226673180264	114.844162188569	-56.1773326819736	11.8441621885686
37112	103	32.9877870053737	92.9389350268686	-70.0122129946263	-10.0610649731314
37113	111	46.8226673180264	132.137762579384	-64.1773326819736	21.1377625793845
37114	111	49.1284807034685	127.5261358085	-61.8715192965315	16.5261358085002
37115	103	38.752320468979	110.232535417684	-64.247679531021	7.23253541768442
37116	103	37.5994137762579	84.8685881778212	-65.4005862237421	-18.1314118221788
37117	104	49.1284807034685	120.608695652174	-54.8715192965315	16.6086956521739
37118	104	38.752320468979	128.679042501221	-65.247679531021	24.6790425012213
37119	104	67.5749877870054	151.737176355642	-36.4250122129946	47.7371763556424
37120	111	39.9052271617	101.009281875916	-71.0947728382999	-9.99071812408403
37121	104	31.8348803126527	95.2447484123107	-72.1651196873473	-8.7552515876893
37122	104	39.9052271617	135.596482657548	-64.0947728382999	31.5964826575476
37123	104	57.1988275525159	139.055202735711	-46.8011724474841	35.0552027357108
37124	104	44.5168539325843	311.991206643869	-59.4831460674157	207.991206643869
37125	104	64.1162677088422	154.042989741085	-39.8837322911578	50.0429897410845
37126	111	44.5168539325843	147.125549584758	-66.4831460674157	36.1255495847582
37127	104	65.2691744015633	142.513922813874	-38.7308255984367	38.513922813874
37128	104	45.6697606253053	127.5261358085	-58.3302393746947	23.5261358085002
37129	111	46.8226673180264	147.125549584758	-64.1773326819736	36.1255495847582
37130	111	44.5168539325843	145.972642892037	-66.4831460674157	34.9726428920371
37131	111	47.9755740107474	144.819736199316	-63.0244259892526	33.8197361993161
37132	111	42.2110405471422	127.5261358085	-68.7889594528578	16.5261358085002
37133	111	47.9755740107474	133.290669272106	-63.0244259892526	22.2906692721055
37134	111	46.8226673180264	109.079628724963	-64.1773326819736	-1.92037127503664
37135	111	53.7401074743527	149.4313629702	-57.2598925256473	38.4313629702003
37136	104	51.4342940889106	111.385442110405	-52.5657059110894	7.38544211040546
37137	104	49.1284807034685	212.841231069858	-54.8715192965315	108.841231069858
37138	104	51.4342940889106	110.232535417684	-52.5657059110894	6.23253541768442
37139	111	42.2110405471422	104.468001954079	-68.7889594528578	-6.53199804592086
37140	103	31.8348803126527	80.256961406937	-71.1651196873473	-22.743038593063
37141	104	58.3517342452369	140.208109428432	-45.6482657547631	36.2081094284318
37142	99	53.7401074743527	160.960429897411	-45.2598925256473	61.9604298974108
37143	111	46.8226673180264	111.385442110405	-64.1773326819736	0.385442110405464
37144	111	50.2813873961895	132.137762579384	-60.7186126038105	21.1377625793845
37145	111	42.2110405471422	142.513922813874	-68.7889594528578	31.513922813874
37146	111	41.0581338544211	125.220322423058	-69.9418661455789	14.2203224230581
37147	111	43.3639472398632	147.125549584758	-67.6360527601368	36.1255495847582
37148	111	64.1162677088422	147.125549584758	-46.8837322911578	36.1255495847582
37149	111	44.5168539325843	118.302882266732	-66.4831460674157	7.3028822667318
37150	111	53.7401074743527	139.055202735711	-57.2598925256473	28.0552027357108
37151	97	58.3517342452369	496.456277479238	-38.6482657547631	399.456277479238
37152	97	280.862725940401	573.701025891549	183.862725940401	476.701025891549
37153	97	65.2691744015633	465.327796775769	-31.7308255984367	368.327796775769
37154	97	422.67024914509	517.208597948217	325.67024914509	420.208597948217
37155	97	67.5749877870054	499.914997557401	-29.4250122129946	402.914997557401
37156	97	46.8226673180264	158.654616511969	-50.1773326819736	61.6546165119687
37157	97	49.1284807034685	497.609184171959	-47.8715192965315	400.609184171959
37158	97	94.0918417195896	501.067904250122	-2.90815828041036	404.067904250122
37159	97	84.8685881778212	503.373717635564	-12.1314118221788	406.373717635564
37160	78	114.844162188569	489.538837322912	36.8441621885686	411.538837322912
37161	78	68.7278944797264	464.174890083048	-9.27210552027357	386.174890083048
37162	78	68.7278944797264	331.590620420127	-9.27210552027357	253.590620420127
37163	79	154.042989741085	542.57254518808	75.0429897410845	463.57254518808
37164	79	66.4220810942843	337.355153883732	-12.5779189057157	258.355153883732
37165	79	54.8930141670738	292.391792867611	-24.1069858329262	213.391792867611
37166	79	102.162188568637	506.832437713727	23.162188568637	427.832437713727
37167	79	60.657547630679	502.220810942843	-18.342452369321	423.220810942843
37168	79	448.034196384954	526.431851489985	369.034196384954	447.431851489985
37169	79	133.290669272106	509.13825109917	54.2906692721055	430.13825109917
37170	79	126.373229115779	522.973131411822	47.3732291157792	443.973131411822
37171	79	57.1988275525159	506.832437713727	-21.8011724474841	427.832437713727
37172	79	61.8104543234001	155.195896433806	-17.1895456765999	76.1958964338056
37173	79	51.4342940889106	356.95456765999	-27.5657059110894	277.95456765999
37174	79	56.0459208597948	452.645823155838	-22.9540791402052	373.645823155838
37175	79	53.7401074743527	165.572056668295	-25.2598925256473	86.5720566682951
37176	79	46.8226673180264	150.584269662921	-32.1773326819736	71.5842696629213
37177	79	53.7401074743527	167.877870053737	-25.2598925256473	88.8778700537372
37178	79	50.2813873961895	141.361016121153	-28.7186126038105	62.3610161211529
37179	79	65.2691744015633	466.48070346849	-13.7308255984367	387.48070346849
37180	79	81.409868099658	481.468490473864	2.40986809965804	402.468490473864
37181	79	471.092330239375	601.370786516854	392.092330239375	522.370786516854
37182	79	65.2691744015633	475.703957010259	-13.7308255984367	396.703957010259
37183	79	56.0459208597948	473.398143624817	-22.9540791402052	394.398143624817
37184	79	80.256961406937	516.055691255496	1.25696140693698	437.055691255496
37186	79	54.8930141670738	165.572056668295	-24.1069858329262	86.5720566682951
37187	155	76.7982413287738	255.498778700537	-78.2017586712262	100.498778700537
37188	155	110.232535417684	158.654616511969	-44.7674645823156	3.65461651196873
37189	82	84.8685881778212	158.654616511969	2.8685881778212	76.6546165119687
37190	82	73.3395212506106	143.666829506595	-8.66047874938936	61.666829506595
37191	82	74.4924279433317	155.195896433806	-7.50757205666829	73.1958964338056
37192	82	90.6331216414265	142.513922813874	8.63312164142647	60.513922813874
37193	82	69.8808011724475	137.90229604299	-12.1191988275525	55.9022960429897
37194	112	80.256961406937	142.513922813874	-31.743038593063	30.513922813874
37195	112	77.9511480214949	139.055202735711	-34.0488519785051	27.0552027357108
37196	71	80.256961406937	152.890083048363	9.25696140693698	81.8900830483635
37197	71	82.5627747923791	132.137762579384	11.5627747923791	61.1377625793845
37198	71	96.3976551050317	158.654616511969	25.3976551050317	87.6546165119687
37199	71	90.6331216414265	150.584269662921	19.6331216414265	79.5842696629213
37200	71	90.6331216414265	159.80752320469	19.6331216414265	88.8075232046898
37201	71	83.7156814851001	151.737176355642	12.7156814851001	80.7371763556424
37202	71	82.5627747923791	137.90229604299	11.5627747923791	66.9022960429897
37203	71	66.4220810942843	142.513922813874	-4.57791890571568	71.513922813874
37204	126	72.1866145578896	134.443575964827	-53.8133854421104	8.44357596482658
37205	71	71.0337078651685	133.290669272106	0.0337078651685374	62.2906692721055
37206	71	80.256961406937	141.361016121153	9.25696140693698	70.3610161211529
37207	71	80.256961406937	148.278456277479	9.25696140693698	77.2784562774792
37208	112	101.009281875916	169.030776746458	-10.990718124084	57.0307767464582
37209	93	71.4308744504152	120.482169027846	-21.5691255495848	27.4821690278456
37210	93	71.4308744504152	111.723009281876	-21.5691255495848	18.7230092818759
37211	93	71.4308744504152	109.095261358085	-21.5691255495848	16.095261358085
37212	90	70.5549584758183	110.847093307279	-19.4450415241817	20.8470933072789
37213	93	76.6863702979971	135.372740595994	-16.3136297020029	42.3727405959941
37214	66	76.7982413287738	129.831949193942	10.7982413287738	63.8319491939424
37215	54	44.5168539325843	72.1866145578896	-9.48314606741573	18.1866145578896
37216	54	44.5168539325843	72.1866145578896	-9.48314606741573	18.1866145578896
37217	49	50.2813873961895	119.455788959453	1.28138739618954	70.4557889594529
37218	49	53.7401074743527	82.5627747923791	4.74010747435271	33.5627747923791
37219	49	53.7401074743527	83.7156814851001	4.74010747435271	34.7156814851001
37220	49	52.5872007816317	115.99706888129	3.58720078163166	66.9970688812897
37221	49	51.4342940889106	79.1040547142159	2.4342940889106	30.1040547142159
37222	52	56.0459208597948	89.4802149487054	4.04592085979482	37.4802149487054
37223	52	52.5872007816317	87.1744015632633	0.587200781631658	35.1744015632633
37224	142	122.914509037616	386.930141670738	-19.085490962384	244.930141670738
37225	143	400.686370297997	973.215925744993	257.686370297997	830.215925744993
37226	87	74.4924279433317	164.419149975574	-12.5075720566683	77.419149975574
37227	87	74.4924279433317	127.5261358085	-12.5075720566683	40.5261358085002
37228	87	125.220322423058	710.896922325354	38.2203224230581	623.896922325354
37229	87	79.1040547142159	151.737176355642	-7.89594528578408	64.7371763556424
37230	87	86.0214948705423	267.027845627748	-0.978505129457744	180.027845627748
37231	38	24.9174401563263	219.758671226185	-13.0825598436737	181.758671226185
37232	153	71.0337078651685	520.66731802638	-81.9662921348315	367.66731802638
37233	75	89.4802149487054	471.092330239375	14.4802149487054	396.092330239375
37234	108	75.6453346360528	167.877870053737	-32.3546653639472	59.8778700537372
37235	169	150.584269662921	754.707376648754	-18.4157303370787	585.707376648754
37236	132	434.199316072301	577.159745969712	302.199316072301	445.159745969712
37237	132	461.869076697606	674.00390815828	329.869076697606	542.00390815828
37238	148	66.4220810942843	145.972642892037	-81.5779189057157	-2.02735710796287
37240	148	80.256961406937	99.8563751831949	-67.743038593063	-48.1436248168051
37241	148	82.5627747923791	101.009281875916	-65.4372252076209	-46.990718124084
37246	83	69.8808011724475	113.691255495848	-13.1191988275525	30.6912554958476
37247	83	66.4220810942843	115.99706888129	-16.5779189057157	32.9970688812897
37248	83	66.4220810942843	137.90229604299	-16.5779189057157	54.9022960429897
37249	50	52.5872007816317	101.009281875916	2.58720078163166	51.009281875916
37250	72	67.5749877870054	117.149975574011	-4.42501221299463	45.1499755740107
37251	50	59.504640937958	121.761602344895	9.50464093795799	71.761602344895
37252	50	65.2691744015633	113.691255495848	15.2691744015633	63.6912554958476
37253	50	53.7401074743527	86.0214948705423	3.74010747435271	36.0214948705423
37254	50	64.1162677088422	113.691255495848	14.1162677088422	63.6912554958476
37255	50	52.5872007816317	99.8563751831949	2.58720078163166	49.8563751831949
37256	50	53.7401074743527	95.2447484123107	3.74010747435271	45.2447484123107
37257	50	60.657547630679	102.162188568637	10.657547630679	52.162188568637
37258	49	58.3517342452369	106.773815339521	9.35173424523693	57.7738153395212
37259	50	66.4220810942843	111.385442110405	16.4220810942843	61.3854421104055
37260	50	57.1988275525159	109.079628724963	7.19882755251587	59.0796287249634
37261	50	54.8930141670738	104.468001954079	4.89301416707377	54.4680019540791
37262	50	60.657547630679	105.6209086468	10.657547630679	55.6209086468002
37263	50	51.4342940889106	121.761602344895	1.4342940889106	71.761602344895
37264	50	52.5872007816317	102.162188568637	2.58720078163166	52.162188568637
37265	50	50.2813873961895	109.079628724963	0.281387396189544	59.0796287249634
37266	50	52.5872007816317	97.5505617977528	2.58720078163166	47.5505617977528
37267	50	59.504640937958	118.302882266732	9.50464093795799	68.3028822667318
37268	50	47.9755740107474	97.5505617977528	-2.02442598925256	47.5505617977528
37269	50	52.5872007816317	101.009281875916	2.58720078163166	51.009281875916
37270	50	64.1162677088422	104.468001954079	14.1162677088422	54.4680019540791
37271	50	52.5872007816317	113.691255495848	2.58720078163166	63.6912554958476
37272	50	57.1988275525159	102.162188568637	7.19882755251587	52.162188568637
37273	50	75.6453346360528	152.890083048363	25.6453346360528	102.890083048363
37274	50	49.1284807034685	98.7034684904739	-0.87151929653151	48.7034684904739
37275	50	50.2813873961895	98.7034684904739	0.281387396189544	48.7034684904739
37276	50	53.7401074743527	97.5505617977528	3.74010747435271	47.5505617977528
37277	50	53.7401074743527	96.3976551050317	3.74010747435271	46.3976551050317
37278	50	52.5872007816317	99.8563751831949	2.58720078163166	49.8563751831949
37279	50	57.1988275525159	104.468001954079	7.19882755251587	54.4680019540791
37280	50	59.504640937958	109.079628724963	9.50464093795799	59.0796287249634
37281	50	56.0459208597948	104.468001954079	6.04592085979482	54.4680019540791
37282	50	49.1284807034685	114.844162188569	-0.87151929653151	64.8441621885686
37283	50	59.504640937958	99.8563751831949	9.50464093795799	49.8563751831949
37284	50	51.4342940889106	87.1744015632633	1.4342940889106	37.1744015632633
37285	50	58.3517342452369	101.009281875916	8.35173424523693	51.009281875916
37286	50	43.3639472398632	88.3273082559844	-6.63605276013678	38.3273082559844
37287	50	53.7401074743527	90.6331216414265	3.74010747435271	40.6331216414265
37288	82	64.1162677088422	119.455788959453	-17.8837322911578	37.4557889594529
37289	82	77.9511480214949	129.831949193942	-4.04885197850513	47.8319491939424
37290	82	72.1866145578896	125.220322423058	-9.81338544211042	43.2203224230581
37291	82	76.7982413287738	128.679042501221	-5.20175867122619	46.6790425012213
37292	65	71.0337078651685	122.914509037616	6.03370786516854	57.914509037616
37293	99	71.0337078651685	109.079628724963	-27.9662921348315	10.0796287249634
37294	99	59.504640937958	126.373229115779	-39.495359062042	27.3732291157792
37295	99	58.3517342452369	117.149975574011	-40.6482657547631	18.1499755740107
37296	99	75.6453346360528	114.844162188569	-23.3546653639472	15.8441621885686
37297	99	64.1162677088422	118.302882266732	-34.8837322911578	19.3028822667318
37298	99	68.7278944797264	106.773815339521	-30.2721055202736	7.77381533952125
37299	99	74.4924279433317	120.608695652174	-24.5075720566683	21.6086956521739
37300	88	67.5749877870054	98.7034684904739	-20.4250122129946	10.7034684904739
37301	88	67.5749877870054	107.926722032242	-20.4250122129946	19.9267220322423
37302	82	64.1162677088422	119.455788959453	-17.8837322911578	37.4557889594529
37304	55	45.6697606253053	83.7156814851001	-9.33023937469468	28.7156814851001
37305	55	46.8226673180264	94.0918417195896	-8.17733268197362	39.0918417195896
37306	55	47.9755740107474	132.137762579384	-7.02442598925256	77.1377625793845
37307	51	52.5872007816317	94.0918417195896	1.58720078163166	43.0918417195896
37308	51	45.6697606253053	144.819736199316	-5.33023937469468	93.8197361993161
37309	51	45.6697606253053	79.1040547142159	-5.33023937469468	28.1040547142159
37310	133	79.1040547142159	156.348803126527	-53.8959452857841	23.3488031265266
37311	73	65.2691744015633	142.513922813874	-7.73082559843674	69.513922813874
37312	73	67.5749877870054	150.584269662921	-5.42501221299463	77.5842696629213
37313	170	87.1744015632633	141.361016121153	-82.8255984367367	-28.6389838788471
37314	83	79.1040547142159	141.361016121153	-3.89594528578408	58.3610161211529
37315	83	66.4220810942843	136.749389350269	-16.5779189057157	53.7493893502687
37316	120	75.6453346360528	150.584269662921	-44.3546653639472	30.5842696629213
37317	105	79.1040547142159	195.547630679042	-25.8959452857841	90.5476306790425
37318	109	86.0214948705423	142.513922813874	-22.9785051294577	33.513922813874
37319	109	75.6453346360528	145.972642892037	-33.3546653639472	36.9726428920371
37320	109	76.7982413287738	139.055202735711	-32.2017586712262	30.0552027357108
37321	109	69.8808011724475	142.513922813874	-39.1191988275525	33.513922813874
37322	109	83.7156814851001	142.513922813874	-25.2843185148999	33.513922813874
37323	109	81.409868099658	134.443575964827	-27.590131900342	25.4435759648266
37324	109	73.3395212506106	148.278456277479	-35.6604787493894	39.2784562774792
37325	109	77.9511480214949	136.749389350269	-31.0488519785051	27.7493893502687
37326	105	76.7982413287738	149.4313629702	-28.2017586712262	44.4313629702003
37327	99	130.984855886663	301.61504640938	31.9848558866634	202.61504640938
37328	99	56.0459208597948	1332.313629702	-42.9540791402052	1233.313629702
37330	99	118.302882266732	199.006350757206	19.3028822667318	100.006350757206
37331	99	34.1406936980948	119.455788959453	-64.8593063019052	20.4557889594529
37332	99	37.5994137762579	260.110405471422	-61.4005862237421	161.110405471422
37337	99	59.504640937958	113.691255495848	-39.495359062042	14.6912554958476
37339	99	65.2691744015633	795.059110893991	-33.7308255984367	696.059110893991
37340	99	47.9755740107474	599.064973131412	-51.0244259892526	500.064973131412
37342	99	83.7156814851001	162.113336590132	-15.2843185148999	63.1133365901319
37343	99	82.5627747923791	136.749389350269	-16.4372252076209	37.7493893502687
37344	95	43.3639472398632	307.379579872985	-51.6360527601368	212.379579872985
37347	95	71.0337078651685	122.914509037616	-23.9662921348315	27.914509037616
37348	105	75.6453346360528	142.513922813874	-29.3546653639472	37.513922813874
37349	105	77.9511480214949	156.348803126527	-27.0488519785051	51.3488031265266
