36455	128	121.761602344895	194.394723986321	-6.23839765510503	66.3947239863215
36456	128	118.302882266732	197.853444064485	-9.6971177332682	69.8534440644846
36457	128	129.831949193942	193.2418172936	1.83194919394236	65.2418172936004
36458	128	106.773815339521	192.088910600879	-21.2261846604788	64.0889106008793
36459	128	160.960429897411	225.52320468979	32.9604298974108	97.5232046897899
36460	128	137.90229604299	268.180752320469	9.90229604298975	140.180752320469
36461	130	49.1284807034685	96.3976551050317	-80.8715192965315	-33.6023448949683
36463	104	71.0337078651685	159.80752320469	-32.9662921348315	55.8075232046898
36465	104	62.9633610161212	112.538348803127	-41.0366389838788	8.53834880312652
36466	104	58.3517342452369	110.232535417684	-45.6482657547631	6.23253541768442
36467	104	65.2691744015633	137.90229604299	-38.7308255984367	33.9022960429897
36468	107	58.3517342452369	110.232535417684	-48.6482657547631	3.23253541768442
36469	107	50.2813873961895	105.6209086468	-56.7186126038105	-1.37909135319981
36470	107	60.657547630679	110.232535417684	-46.342452369321	3.23253541768442
36471	107	58.3517342452369	111.385442110405	-48.6482657547631	4.38544211040546
36472	107	64.1162677088422	129.831949193942	-42.8837322911578	22.8319491939424
36473	107	53.7401074743527	114.844162188569	-53.2598925256473	7.84416218856863
36474	107	64.1162677088422	118.302882266732	-42.8837322911578	11.3028822667318
36475	107	67.5749877870054	110.232535417684	-39.4250122129946	3.23253541768442
36476	107	57.1988275525159	98.7034684904739	-49.8011724474841	-8.29653150952613
36477	107	52.5872007816317	98.7034684904739	-54.4127992183683	-8.29653150952613
36478	45	58.3517342452369	87.1744015632633	13.3517342452369	42.1744015632633
36479	45	52.5872007816317	82.5627747923791	7.58720078163166	37.5627747923791
36480	45	54.8930141670738	87.1744015632633	9.89301416707377	42.1744015632633
36481	45	54.8930141670738	87.1744015632633	9.89301416707377	42.1744015632633
36482	45	49.1284807034685	72.1866145578896	4.12848070346849	27.1866145578896
36483	45	51.4342940889106	90.6331216414265	6.4342940889106	45.6331216414265
36484	52	49.1284807034685	81.409868099658	-2.87151929653151	29.409868099658
36485	52	52.5872007816317	115.99706888129	0.587200781631658	63.9970688812897
36486	52	58.3517342452369	84.8685881778212	6.35173424523693	32.8685881778212
36487	46	57.1988275525159	102.162188568637	11.1988275525159	56.162188568637
36488	157	80.256961406937	177.101123595506	-76.743038593063	20.1011235955056
36493	79	64.1162677088422	120.608695652174	-14.8837322911578	41.6086956521739
36494	79	73.3395212506106	162.113336590132	-5.66047874938936	83.1133365901319
36496	79	74.4924279433317	210.535417684416	-4.50757205666829	131.535417684416
36498	72	76.7982413287738	160.960429897411	4.79824132877381	88.9604298974108
36499	70	71.0337078651685	301.61504640938	1.03370786516854	231.61504640938
36501	104	149.4313629702	223.217391304348	45.4313629702003	119.217391304348
36502	104	114.844162188569	203.61797752809	10.8441621885686	99.6179775280899
36503	81	75.6453346360528	120.608695652174	-5.35466536394725	39.6086956521739
36504	81	77.9511480214949	126.373229115779	-3.04885197850513	45.3732291157792
36505	81	81.409868099658	133.290669272106	0.409868099658041	52.2906692721055
36506	81	80.256961406937	129.831949193942	-0.743038593063019	48.8319491939424
36507	81	89.4802149487054	197.853444064485	8.48021494870542	116.853444064485
36508	81	83.7156814851001	170.183683439179	2.71568148510015	89.1836834391793
36509	81	80.256961406937	127.5261358085	-0.743038593063019	46.5261358085002
36510	81	81.409868099658	133.290669272106	0.409868099658041	52.2906692721055
36511	81	81.409868099658	135.596482657548	0.409868099658041	54.5964826575476
36512	81	81.409868099658	135.596482657548	0.409868099658041	54.5964826575476
36513	81	79.1040547142159	129.831949193942	-1.89594528578408	48.8319491939424
36514	81	79.1040547142159	134.443575964827	-1.89594528578408	53.4435759648266
36515	81	72.1866145578896	129.831949193942	-8.81338544211042	48.8319491939424
36516	81	77.9511480214949	139.055202735711	-3.04885197850513	58.0552027357108
36517	81	83.7156814851001	159.80752320469	2.71568148510015	78.8075232046898
36518	81	79.1040547142159	142.513922813874	-1.89594528578408	61.513922813874
36519	81	72.1866145578896	130.984855886663	-8.81338544211042	49.9848558866634
36520	81	76.7982413287738	125.220322423058	-4.20175867122619	44.2203224230581
36521	57	65.2691744015633	173.642403517342	8.26917440156326	116.642403517342
36522	57	75.6453346360528	139.055202735711	18.6453346360528	82.0552027357108
36523	57	72.1866145578896	162.113336590132	15.1866145578896	105.113336590132
36524	57	72.1866145578896	142.513922813874	15.1866145578896	85.513922813874
36525	57	81.409868099658	199.006350757206	24.409868099658	142.006350757206
36526	57	71.0337078651685	120.608695652174	14.0337078651685	63.6086956521739
36527	104	82.5627747923791	181.71275036639	-21.4372252076209	77.7127503663898
36528	104	88.3273082559844	189.783097215437	-15.6726917440156	85.7830972154372
36529	104	90.6331216414265	182.865657059111	-13.3668783585735	78.8656570591109
36530	104	84.8685881778212	169.030776746458	-19.1314118221788	65.0307767464582
36531	104	82.5627747923791	150.584269662921	-21.4372252076209	46.5842696629213
36532	104	72.1866145578896	133.290669272106	-31.8133854421104	29.2906692721055
36533	104	80.256961406937	171.3365901319	-23.743038593063	67.3365901319004
36534	57	83.7156814851001	220.911577918906	26.7156814851001	163.911577918906
36536	83	75.6453346360528	119.455788959453	-7.35466536394725	36.4557889594529
36537	83	67.5749877870054	96.3976551050317	-15.4250122129946	13.3976551050317
36538	101	104.468001954079	172.489496824621	3.46800195407914	71.4894968246214
36539	101	99.8563751831949	155.195896433806	-1.14362481680509	54.1958964338056
36540	101	90.6331216414265	142.513922813874	-10.3668783585735	41.513922813874
36541	101	105.6209086468	162.113336590132	4.62090864680019	61.1133365901319
36542	101	107.926722032242	186.324377137274	6.92672203224231	85.324377137274
36543	101	104.468001954079	199.006350757206	3.46800195407914	98.0063507572057
36544	99	107.926722032242	197.853444064485	8.92672203224231	98.8534440644846
36545	101	104.468001954079	199.006350757206	3.46800195407914	98.0063507572057
36546	101	107.926722032242	200.159257449927	6.92672203224231	99.1592574499267
36547	101	92.9389350268686	185.171470444553	-8.06106497313141	84.171470444553
36548	101	95.2447484123107	189.783097215437	-5.7552515876893	88.7830972154372
36549	101	91.7860283341475	189.783097215437	-9.21397166585247	88.7830972154372
36550	101	94.0918417195896	195.547630679042	-6.90815828041036	94.5476306790425
36551	101	84.8685881778212	199.006350757206	-16.1314118221788	98.0063507572057
36552	101	91.7860283341475	187.477283829995	-9.21397166585247	86.4772838299951
36553	101	98.7034684904739	192.088910600879	-2.29653150952613	91.0889106008793
36554	101	83.7156814851001	190.936003908158	-17.2843185148999	89.9360039081583
36555	101	84.8685881778212	201.312164142648	-16.1314118221788	100.312164142648
36556	101	95.2447484123107	212.841231069858	-5.7552515876893	111.841231069858
36557	101	82.5627747923791	195.547630679042	-18.4372252076209	94.5476306790425
36558	101	102.162188568637	200.159257449927	1.16218856863702	99.1592574499267
36559	101	87.1744015632633	197.853444064485	-13.8255984367367	96.8534440644846
36560	99	106.773815339521	189.783097215437	7.77381533952125	90.7830972154372
36561	99	118.302882266732	188.630190522716	19.3028822667318	89.6301905227162
36562	99	115.99706888129	188.630190522716	16.9970688812897	89.6301905227162
36563	99	94.0918417195896	171.3365901319	-4.90815828041036	72.3365901319004
36564	101	91.7860283341475	202.465070835369	-9.21397166585247	101.465070835369
36566	75	129.831949193942	199.006350757206	54.8319491939424	124.006350757206
36567	75	86.0214948705423	158.654616511969	11.0214948705423	83.6546165119687
36568	75	98.7034684904739	181.71275036639	23.7034684904739	106.71275036639
36569	75	82.5627747923791	144.819736199316	7.56277479237909	69.8197361993161
36570	75	89.4802149487054	171.3365901319	14.4802149487054	96.3365901319004
36571	75	89.4802149487054	155.195896433806	14.4802149487054	80.1958964338056
36572	121	88.3419638495359	172.752320468979	-32.6580361504641	51.752320468979
36573	121	88.3419638495359	177.776746458232	-32.6580361504641	56.7767464582315
36574	94	39.9052271617	151.737176355642	-54.0947728383	57.7371763556424
36575	94	50.2813873961895	111.385442110405	-43.7186126038105	17.3854421104055
36576	94	49.1284807034685	239.358085002443	-44.8715192965315	145.358085002443
36577	81	71.0337078651685	151.737176355642	-9.96629213483146	70.7371763556424
36578	61	113.691255495848	211.688324377137	52.6912554958476	150.688324377137
36580	83	61.8104543234001	186.324377137274	-21.1895456765999	103.324377137274
36581	82	79.1040547142159	167.877870053737	-2.89594528578408	85.8778700537372
36582	80	75.6453346360528	149.4313629702	-4.35466536394725	69.4313629702003
36583	80	69.8808011724475	122.914509037616	-10.1191988275525	42.914509037616
36584	80	73.3395212506106	114.844162188569	-6.66047874938936	34.8441621885686
36585	80	72.1866145578896	154.042989741085	-7.81338544211042	74.0429897410845
36586	82	76.7982413287738	286.627259404006	-5.20175867122619	204.627259404006
36587	82	79.1040547142159	299.309233023937	-2.89594528578408	217.309233023937
36588	80	71.0337078651685	140.208109428432	-8.96629213483146	60.2081094284318
36589	80	72.1866145578896	112.538348803127	-7.81338544211042	32.5383488031265
36590	80	79.1040547142159	117.149975574011	-0.89594528578408	37.1499755740107
36591	80	80.256961406937	119.455788959453	0.256961406936981	39.4557889594529
36592	80	75.6453346360528	140.208109428432	-4.35466536394725	60.2081094284318
36593	80	76.7982413287738	132.137762579384	-3.20175867122619	52.1377625793845
36594	78	83.7156814851001	158.654616511969	5.71568148510015	80.6546165119687
36595	70	77.9511480214949	154.042989741085	7.95114802149487	84.0429897410845
36596	70	79.1040547142159	142.513922813874	9.10405471421592	72.513922813874
36597	70	81.409868099658	139.055202735711	11.409868099658	69.0552027357108
36598	70	75.6453346360528	137.90229604299	5.64533463605275	67.9022960429897
36599	70	83.7156814851001	175.948216902785	13.7156814851001	105.948216902785
36600	70	76.7982413287738	141.361016121153	6.79824132877381	71.3610161211529
36601	70	87.1744015632633	180.559843673669	17.1744015632633	110.559843673669
36602	70	83.7156814851001	232.440644846116	13.7156814851001	162.440644846116
36607	137	143.666829506595	201.312164142648	6.66682950659501	64.3121641426478
36608	137	130.984855886663	201.312164142648	-6.01514411333659	64.3121641426478
36609	137	139.055202735711	203.61797752809	2.05520273571079	66.6179775280899
36610	137	140.208109428432	210.535417684416	3.20810942843184	73.5354176844162
36611	137	132.137762579384	204.770884220811	-4.86223742061554	67.7708842208109
36612	98	72.1866145578896	157.501709819248	-25.8133854421104	59.5017098192477
36613	98	66.4220810942843	171.3365901319	-31.5779189057157	73.3365901319004
36614	98	60.657547630679	163.266243282853	-37.342452369321	65.2662432828529
36615	98	76.7982413287738	160.960429897411	-21.2017586712262	62.9604298974108
36616	98	53.7401074743527	135.596482657548	-44.2598925256473	37.5964826575476
36618	98	60.657547630679	156.348803126527	-37.342452369321	58.3488031265266
36619	98	57.1988275525159	126.373229115779	-40.8011724474841	28.3732291157792
36620	98	59.504640937958	144.819736199316	-38.495359062042	46.8197361993161
36621	98	50.2813873961895	86.0214948705423	-47.7186126038105	-11.9785051294577
36622	98	45.6697606253053	91.7860283341475	-52.3302393746947	-6.21397166585247
36623	94	89.8251099169516	158.146555935515	-4.17489008304837	64.1465559355154
36624	93	77.562286272594	147.635564240352	-15.437713727406	54.6355642403517
36625	94	82.8177821201759	165.153883732291	-11.1822178798241	71.1538837322911
36626	94	82.8177821201759	166.905715681485	-11.1822178798241	72.9057156814851
36627	94	83.6936980947728	149.387396189546	-10.3063019052272	55.3873961895457
36628	94	82.8177821201759	169.533463605276	-11.1822178798241	75.533463605276
36629	100	67.5749877870054	120.608695652174	-32.4250122129946	20.6086956521739
36630	100	73.3395212506106	125.220322423058	-26.6604787493894	25.2203224230581
36631	151	80.256961406937	196.700537371764	-70.743038593063	45.7005373717635
36632	151	101.009281875916	200.159257449927	-49.990718124084	49.1592574499267
36633	151	133.290669272106	222.064484611627	-17.7093307278945	71.0644846116268
36634	64	71.0337078651685	118.302882266732	7.03370786516854	54.3028822667318
36635	64	60.657547630679	129.831949193942	-3.34245236932096	65.8319491939424
36636	151	113.691255495848	233.593551538837	-37.3087445041524	82.5935515388373
36637	151	127.5261358085	239.358085002443	-23.4738641914998	88.3580850024426
36638	151	127.5261358085	225.52320468979	-23.4738641914998	74.5232046897899
36639	143	87.1744015632633	182.865657059111	-55.8255984367367	39.8656570591109
36640	105	87.1744015632633	196.700537371764	-17.8255984367367	91.7005373717635
36641	105	140.208109428432	249.734245236932	35.2081094284318	144.734245236932
36642	105	81.409868099658	185.171470444553	-23.590131900342	80.171470444553
36643	105	120.608695652174	224.370297997069	15.6086956521739	119.370297997069
36644	105	129.831949193942	225.52320468979	24.8319491939424	120.52320468979
36645	102	80.256961406937	157.501709819248	-21.743038593063	55.5017098192477
36648	124	96.3976551050317	203.61797752809	-27.6023448949683	79.6179775280899
36649	121	73.3395212506106	314.297020029311	-47.6604787493894	193.297020029311
36650	121	87.1744015632633	180.559843673669	-33.8255984367367	59.5598436736688
36651	72	94.0918417195896	144.819736199316	22.0918417195896	72.8197361993161
36652	72	89.4802149487054	136.749389350269	17.4802149487054	64.7493893502687
36653	72	88.3273082559844	149.4313629702	16.3273082559844	77.4313629702003
36654	72	92.9389350268686	163.266243282853	20.9389350268686	91.2662432828529
36655	72	88.3273082559844	157.501709819248	16.3273082559844	85.5017098192477
36656	72	89.4802149487054	154.042989741085	17.4802149487054	82.0429897410845
36657	72	87.1744015632633	157.501709819248	15.1744015632633	85.5017098192477
36658	72	86.0214948705423	154.042989741085	14.0214948705423	82.0429897410845
36659	72	91.7860283341475	159.80752320469	19.7860283341475	87.8075232046898
36660	41	43.3639472398632	82.5627747923791	2.36394723986322	41.5627747923791
36661	41	47.9755740107474	105.6209086468	6.97557401074744	64.6209086468002
36662	41	56.0459208597948	111.385442110405	15.0459208597948	70.3854421104055
36663	41	42.2110405471422	83.7156814851001	1.21104054714216	42.7156814851001
36664	41	49.1284807034685	132.137762579384	8.12848070346849	91.1377625793845
36665	41	49.1284807034685	83.7156814851001	8.12848070346849	42.7156814851001
36666	41	45.6697606253053	83.7156814851001	4.66976062530532	42.7156814851001
36667	41	42.2110405471422	79.1040547142159	1.21104054714216	38.1040547142159
36668	41	65.2691744015633	95.2447484123107	24.2691744015633	54.2447484123107
36669	41	45.6697606253053	124.067415730337	4.66976062530532	83.0674157303371
36670	46	69.8808011724475	125.220322423058	23.8808011724475	79.2203224230581
36671	46	56.0459208597948	83.7156814851001	10.0459208597948	37.7156814851001
36672	46	45.6697606253053	101.009281875916	-0.330239374694678	55.009281875916
36673	158	142.513922813874	209.382510991695	-15.486077186126	51.3825109916952
36674	158	128.679042501221	211.688324377137	-29.3209574987787	53.6883243771373
36675	129	89.9096238397655	229.978016609673	-39.0903761602345	100.978016609673
36676	74	75.6453346360528	129.831949193942	1.64533463605275	55.8319491939424
36677	80	76.7982413287738	127.5261358085	-3.20175867122619	47.5261358085002
36678	74	76.7982413287738	126.373229115779	2.79824132877381	52.3732291157792
36679	76	56.0459208597948	122.914509037616	-19.9540791402052	46.914509037616
36680	76	74.4924279433317	143.666829506595	-1.50757205666829	67.666829506595
36681	76	79.1040547142159	121.761602344895	3.10405471421592	45.761602344895
36682	74	67.5749877870054	107.926722032242	-6.42501221299463	33.9267220322423
36683	74	73.3395212506106	120.608695652174	-0.660478749389355	46.6086956521739
36684	74	75.6453346360528	160.960429897411	1.64533463605275	86.9604298974108
36685	76	75.6453346360528	113.691255495848	-0.354665363947248	37.6912554958476
36686	76	79.1040547142159	114.844162188569	3.10405471421592	38.8441621885686
36687	77	82.5627747923791	163.266243282853	5.56277479237909	86.2662432828529
36688	77	79.1040547142159	113.691255495848	2.10405471421592	36.6912554958476
36689	56	64.1162677088422	80.256961406937	8.1162677088422	24.256961406937
36690	56	64.1162677088422	80.256961406937	8.1162677088422	24.256961406937
36691	56	64.1162677088422	80.256961406937	8.1162677088422	24.256961406937
36692	58	67.5749877870054	81.409868099658	9.57498778700537	23.409868099658
36693	58	61.8104543234001	80.256961406937	3.81045432340009	22.256961406937
36694	38	73.3395212506106	102.162188568637	35.3395212506106	64.162188568637
36695	38	76.7982413287738	127.5261358085	38.7982413287738	89.5261358085002
36696	38	74.4924279433317	109.079628724963	36.4924279433317	71.0796287249634
36697	77	68.7278944797264	158.654616511969	-8.27210552027357	81.6546165119687
36698	77	77.9511480214949	139.055202735711	0.951148021494873	62.0552027357108
36699	77	71.0337078651685	165.572056668295	-5.96629213483146	88.5720566682951
36700	77	68.7278944797264	163.266243282853	-8.27210552027357	86.2662432828529
36701	77	68.7278944797264	139.055202735711	-8.27210552027357	62.0552027357108
36702	77	68.7278944797264	163.266243282853	-8.27210552027357	86.2662432828529
36704	66	68.7278944797264	164.419149975574	2.72789447972643	98.419149975574
36705	66	96.3976551050317	213.994137762579	30.3976551050317	147.994137762579
36706	59	97.5505617977528	197.853444064485	38.5505617977528	138.853444064485
36708	75	87.1744015632633	151.737176355642	12.1744015632633	76.7371763556424
36709	75	89.4802149487054	179.406936980948	14.4802149487054	104.406936980948
36710	75	88.3273082559844	147.125549584758	13.3273082559844	72.1255495847582
36711	75	84.8685881778212	145.972642892037	9.8685881778212	70.9726428920371
36712	75	82.5627747923791	145.972642892037	7.56277479237909	70.9726428920371
36713	70	112.538348803127	213.994137762579	42.5383488031265	143.994137762579
36714	75	83.7156814851001	159.80752320469	8.71568148510015	84.8075232046898
36715	75	98.7034684904739	182.865657059111	23.7034684904739	107.865657059111
36716	75	92.9389350268686	169.030776746458	17.9389350268686	94.0307767464582
36717	75	82.5627747923791	148.278456277479	7.56277479237909	73.2784562774792
36718	75	83.7156814851001	173.642403517342	8.71568148510015	98.6424035173424
36719	75	86.0214948705423	165.572056668295	11.0214948705423	90.5720566682951
36720	75	104.468001954079	167.877870053737	29.4680019540791	92.8778700537372
36721	75	90.6331216414265	170.183683439179	15.6331216414265	95.1836834391793
36722	75	87.1744015632633	159.80752320469	12.1744015632633	84.8075232046898
36723	75	96.3976551050317	199.006350757206	21.3976551050317	124.006350757206
36724	162	59.504640937958	216.299951148021	-102.495359062042	54.2999511480215
36725	80	58.3517342452369	200.159257449927	-21.6482657547631	120.159257449927
36726	80	69.8808011724475	144.819736199316	-10.1191988275525	64.8197361993161
36727	80	96.3976551050317	211.688324377137	16.3976551050317	131.688324377137
36728	80	74.4924279433317	186.324377137274	-5.50757205666829	106.324377137274
36729	80	73.3395212506106	160.960429897411	-6.66047874938936	80.9604298974108
36730	80	127.5261358085	201.312164142648	47.5261358085002	121.312164142648
36731	80	124.067415730337	192.088910600879	44.0674157303371	112.088910600879
36732	55	52.5872007816317	91.7860283341475	-2.41279921836834	36.7860283341475
36733	55	44.5168539325843	94.0918417195896	-10.4831460674157	39.0918417195896
36734	55	39.9052271617	89.4802149487054	-15.0947728383	34.4802149487054
36735	55	43.3639472398632	87.1744015632633	-11.6360527601368	32.1744015632633
36736	55	54.8930141670738	91.7860283341475	-0.106985832926235	36.7860283341475
36737	55	36.4465070835369	79.1040547142159	-18.5534929164631	24.1040547142159
36738	55	36.4465070835369	84.8685881778212	-18.5534929164631	29.8685881778212
36739	55	50.2813873961895	99.8563751831949	-4.71861260381046	44.8563751831949
36740	55	37.5994137762579	95.2447484123107	-17.4005862237421	40.2447484123107
36741	55	49.1284807034685	106.773815339521	-5.87151929653151	51.7738153395212
36742	55	46.8226673180264	87.1744015632633	-8.17733268197362	32.1744015632633
36743	55	41.0581338544211	91.7860283341475	-13.9418661455789	36.7860283341475
36744	55	44.5168539325843	87.1744015632633	-10.4831460674157	32.1744015632633
36745	78	71.0337078651685	172.489496824621	-6.96629213483146	94.4894968246214
36746	78	69.8808011724475	158.654616511969	-8.11919882755251	80.6546165119687
36747	147	151.737176355642	220.911577918906	4.73717635564239	73.9115779189057
36748	147	154.042989741085	205.923790913532	7.04298974108451	58.923790913532
36749	147	137.90229604299	213.994137762579	-9.09770395701025	66.9941377625794
36750	147	149.4313629702	202.465070835369	2.4313629702003	55.4650708353688
36751	147	150.584269662921	192.088910600879	3.58426966292134	45.0889106008793
36752	147	156.348803126527	202.465070835369	9.34880312652663	55.4650708353688
36753	116	156.348803126527	199.006350757206	40.3488031265266	83.0063507572057
36754	160	140.208109428432	203.61797752809	-19.7918905715682	43.6179775280899
36755	160	122.914509037616	212.841231069858	-37.085490962384	52.8412310698583
36756	160	149.4313629702	196.700537371764	-10.5686370297997	36.7005373717635
36757	90	59.504640937958	137.90229604299	-30.495359062042	47.9022960429897
36758	90	54.8930141670738	96.3976551050317	-35.1069858329262	6.39765510503175
36759	90	60.657547630679	110.232535417684	-29.342452369321	20.2325354176844
36760	90	56.0459208597948	106.773815339521	-33.9540791402052	16.7738153395212
36761	90	79.1040547142159	177.101123595506	-10.8959452857841	87.1011235955056
36762	90	71.0337078651685	150.584269662921	-18.9662921348315	60.5842696629213
36766	49	39.9052271617	72.1866145578896	-9.09477283829995	23.1866145578896
36771	49	47.9755740107474	95.2447484123107	-1.02442598925256	46.2447484123107
36772	49	38.752320468979	77.9511480214949	-10.247679531021	28.9511480214949
36773	134	139.055202735711	213.994137762579	5.05520273571079	79.9941377625794
36774	134	141.361016121153	200.159257449927	7.36101612115289	66.1592574499267
36775	134	151.737176355642	231.287738153395	17.7371763556424	97.2877381533952
36776	134	143.666829506595	203.61797752809	9.66682950659501	69.6179775280899
36777	134	124.067415730337	200.159257449927	-9.93258426966293	66.1592574499267
36778	134	137.90229604299	209.382510991695	3.90229604298975	75.3825109916952
36779	134	133.290669272106	187.477283829995	-0.709330727894496	53.4772838299951
36780	134	132.137762579384	201.312164142648	-1.86223742061554	67.3121641426478
36781	134	129.831949193942	216.299951148021	-4.16805080605764	82.2999511480215
36782	134	135.596482657548	195.547630679042	1.59648265754763	61.5476306790425
36783	134	144.819736199316	210.535417684416	10.8197361993161	76.5354176844162
36784	134	137.90229604299	199.006350757206	3.90229604298975	65.0063507572057
36785	134	145.972642892037	222.064484611627	11.9726428920371	88.0644846116268
36786	134	141.361016121153	197.853444064485	7.36101612115289	63.8534440644846
36787	134	124.067415730337	202.465070835369	-9.93258426966293	68.4650708353688
36788	134	139.055202735711	193.2418172936	5.05520273571079	59.2418172936004
36789	134	141.361016121153	199.006350757206	7.36101612115289	65.0063507572057
36790	134	149.4313629702	218.605764533464	15.4313629702003	84.6057645334636
36791	128	103.315095261358	234.746458231558	-24.6849047386419	106.746458231558
36792	129	88.3273082559844	185.171470444553	-40.6726917440156	56.171470444553
36793	129	97.5505617977528	173.642403517342	-31.4494382022472	44.6424035173424
36794	129	90.6331216414265	178.254030288227	-38.3668783585735	49.2540302882267
36795	129	91.7860283341475	188.630190522716	-37.2139716658525	59.6301905227162
36796	129	94.0918417195896	178.254030288227	-34.9081582804104	49.2540302882267
36797	128	76.7982413287738	192.088910600879	-51.2017586712262	64.0889106008793
36798	129	88.3273082559844	177.101123595506	-40.6726917440156	48.1011235955056
36799	129	103.315095261358	185.171470444553	-25.6849047386419	56.171470444553
36800	129	66.4220810942843	167.877870053737	-62.5779189057157	38.8778700537372
36801	128	87.1744015632633	201.312164142648	-40.8255984367367	73.3121641426478
36802	97	75.6453346360528	181.71275036639	-21.3546653639472	84.7127503663898
36803	125	79.1040547142159	171.3365901319	-45.8959452857841	46.3365901319004
36804	131	96.3976551050317	181.71275036639	-34.6023448949683	50.7127503663898
36805	74	61.8104543234001	182.865657059111	-12.1895456765999	108.865657059111
36806	74	62.9633610161212	175.948216902785	-11.0366389838788	101.948216902785
36807	120	91.7860283341475	179.406936980948	-28.2139716658525	59.4069369809477
36808	120	71.0337078651685	162.113336590132	-48.9662921348315	42.1133365901319
36809	120	88.3273082559844	169.030776746458	-31.6726917440156	49.0307767464582
36810	120	83.7156814851001	175.948216902785	-36.2843185148999	55.9482169027846
36811	120	87.1744015632633	171.3365901319	-32.8255984367367	51.3365901319004
36812	120	80.256961406937	177.101123595506	-39.743038593063	57.1011235955056
36813	120	73.3395212506106	166.724963361016	-46.6604787493894	46.7249633610161
36814	120	83.7156814851001	169.030776746458	-36.2843185148999	49.0307767464582
36815	120	71.0337078651685	128.679042501221	-48.9662921348315	8.67904250122129
36816	120	91.7860283341475	173.642403517342	-28.2139716658525	53.6424035173424
36817	120	73.3395212506106	147.125549584758	-46.6604787493894	27.1255495847582
36818	120	76.7982413287738	159.80752320469	-43.2017586712262	39.8075232046898
36819	129	79.1040547142159	193.2418172936	-49.8959452857841	64.2418172936004
36820	129	90.6331216414265	182.865657059111	-38.3668783585735	53.8656570591109
36821	129	90.6331216414265	121.761602344895	-38.3668783585735	-7.23839765510503
36822	129	81.409868099658	120.608695652174	-47.590131900342	-8.39130434782609
36823	104	79.1040547142159	193.2418172936	-24.8959452857841	89.2418172936004
36824	120	36.4465070835369	112.538348803127	-83.5534929164631	-7.46165119687348
36825	120	69.8808011724475	160.960429897411	-50.1191988275525	40.9604298974108
36826	120	73.3395212506106	169.030776746458	-46.6604787493894	49.0307767464582
36827	95	95.2447484123107	166.724963361016	0.244748412310699	71.7249633610161
36828	95	75.6453346360528	135.596482657548	-19.3546653639472	40.5964826575476
36829	95	88.3273082559844	160.960429897411	-6.67269174401564	65.9604298974108
36830	102	75.6453346360528	148.278456277479	-26.3546653639472	46.2784562774792
36831	44	53.7401074743527	88.3273082559844	9.74010747435271	44.3273082559844
36832	44	68.7278944797264	103.315095261358	24.7278944797264	59.3150952613581
36833	44	49.1284807034685	75.6453346360528	5.12848070346849	31.6453346360528
36834	130	89.4802149487054	186.324377137274	-40.5197850512946	56.324377137274
36835	162	104.468001954079	196.700537371764	-57.5319980459209	34.7005373717635
36836	162	91.7860283341475	199.006350757206	-70.2139716658525	37.0063507572057
36837	156	97.5505617977528	200.159257449927	-58.4494382022472	44.1592574499267
36838	139	96.3976551050317	179.406936980948	-42.6023448949683	40.4069369809477
36839	156	90.6331216414265	193.2418172936	-65.3668783585735	37.2418172936004
36840	156	99.8563751831949	199.006350757206	-56.1436248168051	43.0063507572057
36841	87	82.8177821201759	115.226673180264	-4.18221787982414	28.2266731802638
36842	87	81.0659501709819	116.978505129458	-5.93404982901808	29.9785051294577
36843	88	98.5842696629213	233.475329750855	10.5842696629213	145.475329750855
36844	121	103.839765510503	163.402051783097	-17.1602344894968	42.4020517830972
36845	121	110.847093307279	194.935026868588	-10.1529066927211	73.9350268685882
36847	94	87.1973619931607	145.883732291158	-6.80263800683929	51.8837322911578
36848	100	91.5769418661456	186.175867122618	-8.42305813385443	86.1758671226185
36849	320	135.596482657548	316.602833414753	-184.403517342452	-3.39716658524674
36850	177	90.6331216414265	193.2418172936	-86.3668783585735	16.2418172936004
36851	177	82.5627747923791	209.382510991695	-94.4372252076209	32.3825109916952
36852	177	80.256961406937	180.559843673669	-96.743038593063	3.55984367366878
36853	177	107.926722032242	210.535417684416	-69.0732779677577	33.5354176844162
36854	177	77.9511480214949	210.535417684416	-99.0488519785051	33.5354176844162
36855	177	92.9389350268686	202.465070835369	-84.0610649731314	25.4650708353688
36856	177	101.009281875916	196.700537371764	-75.990718124084	19.7005373717635
36857	177	68.7278944797264	192.088910600879	-108.272105520274	15.0889106008793
36858	177	77.9511480214949	194.394723986321	-99.0488519785051	17.3947239863215
36859	50	38.752320468979	83.7156814851001	-11.247679531021	33.7156814851001
36860	38	42.2110405471422	84.8685881778212	4.21104054714216	46.8685881778212
36861	50	30.6819736199316	83.7156814851001	-19.3180263800684	33.7156814851001
36862	50	53.7401074743527	122.914509037616	3.74010747435271	72.914509037616
36863	50	38.752320468979	113.691255495848	-11.247679531021	63.6912554958476
36864	50	49.1284807034685	89.4802149487054	-0.87151929653151	39.4802149487054
36865	50	61.8104543234001	111.385442110405	11.8104543234001	61.3854421104055
36866	50	47.9755740107474	110.232535417684	-2.02442598925256	60.2325354176844
36867	50	68.7278944797264	119.455788959453	18.7278944797264	69.4557889594529
36868	50	64.1162677088422	140.208109428432	14.1162677088422	90.2081094284318
36869	53	51.4342940889106	88.3273082559844	-1.5657059110894	35.3273082559844
36870	53	45.6697606253053	84.8685881778212	-7.33023937469468	31.8685881778212
36871	53	46.8226673180264	91.7860283341475	-6.17733268197362	38.7860283341475
36872	53	42.2110405471422	87.1744015632633	-10.7889594528578	34.1744015632633
36873	53	45.6697606253053	84.8685881778212	-7.33023937469468	31.8685881778212
36874	53	46.8226673180264	88.3273082559844	-6.17733268197362	35.3273082559844
36875	53	49.1284807034685	81.409868099658	-3.87151929653151	28.409868099658
36876	43	58.3517342452369	114.844162188569	15.3517342452369	71.8441621885686
36877	43	57.1988275525159	99.8563751831949	14.1988275525159	56.8563751831949
36878	43	56.0459208597948	115.99706888129	13.0459208597948	72.9970688812897
36879	43	43.3639472398632	91.7860283341475	0.363947239863215	48.7860283341475
36880	43	53.7401074743527	94.0918417195896	10.7401074743527	51.0918417195896
36881	106	74.4924279433317	179.406936980948	-31.5075720566683	73.4069369809477
36882	96	132.137762579384	242.816805080606	36.1377625793845	146.816805080606
36884	136	84.8685881778212	172.489496824621	-51.1314118221788	36.4894968246214
36885	136	86.0214948705423	201.312164142648	-49.9785051294577	65.3121641426478
36886	136	97.5505617977528	325.826086956522	-38.4494382022472	189.826086956522
36887	136	84.8685881778212	199.006350757206	-51.1314118221788	63.0063507572057
36889	136	79.1040547142159	174.795310210063	-56.8959452857841	38.7953102100635
36900	69	77.9511480214949	201.312164142648	8.95114802149487	132.312164142648
36902	98	87.1744015632633	215.1470444553	-10.8255984367367	117.1470444553
36903	98	76.7982413287738	215.1470444553	-21.2017586712262	117.1470444553
36904	98	74.4924279433317	160.960429897411	-23.5075720566683	62.9604298974108
36905	98	76.7982413287738	215.1470444553	-21.2017586712262	117.1470444553
36917	62	73.3395212506106	188.630190522716	11.3395212506106	126.630190522716
36918	62	66.4220810942843	158.654616511969	4.42208109428432	96.6546165119687
36920	57	66.4220810942843	328.131900341964	9.42208109428432	271.131900341964
36921	57	39.9052271617	285.474352711285	-17.0947728383	228.474352711285
36922	57	72.1866145578896	392.694675134343	15.1866145578896	335.694675134343
36924	57	66.4220810942843	328.131900341964	9.42208109428432	271.131900341964
36925	57	65.2691744015633	101.009281875916	8.26917440156326	44.009281875916
36928	57	87.1744015632633	128.679042501221	30.1744015632633	71.6790425012213
36929	57	83.7156814851001	122.914509037616	26.7156814851001	65.914509037616
36931	40	69.8808011724475	127.5261358085	29.8808011724475	87.5261358085002
36932	40	66.4220810942843	132.137762579384	26.4220810942843	92.1377625793845
36933	137	130.984855886663	208.229604298974	-6.01514411333659	71.2296042989741
36934	137	134.443575964827	213.994137762579	-2.55642403517342	76.9941377625794
36935	137	118.302882266732	207.076697606253	-18.6971177332682	70.076697606253
36936	137	126.373229115779	208.229604298974	-10.6267708842208	71.2296042989741
36937	131	121.761602344895	208.229604298974	-9.23839765510503	77.2296042989741
36938	154	87.1744015632633	194.394723986321	-66.8255984367367	40.3947239863215
36939	154	117.149975574011	203.61797752809	-36.8500244259893	49.6179775280899
36940	155	128.679042501221	203.61797752809	-26.3209574987787	48.6179775280899
36941	162	71.0337078651685	260.110405471422	-90.9662921348315	98.1104054714216
36942	162	83.7156814851001	226.676111382511	-78.2843185148999	64.676111382511
36943	121	105.653150952614	194.157303370787	-15.3468490473864	73.1573033707865
36944	164	112.538348803127	207.076697606253	-51.4616511968735	43.076697606253
36946	164	105.6209086468	211.688324377137	-58.3790913531998	47.6883243771373
36947	164	110.232535417684	220.911577918906	-53.7674645823156	56.9115779189057
36948	164	110.232535417684	203.61797752809	-53.7674645823156	39.6179775280899
36949	160	134.443575964827	220.911577918906	-25.5564240351734	60.9115779189057
36950	173	149.4313629702	218.605764533464	-23.5686370297997	45.6057645334636
36951	173	151.737176355642	233.593551538837	-21.2628236443576	60.5935515388373
36952	173	137.90229604299	197.853444064485	-35.0977039570103	24.8534440644846
36953	173	141.361016121153	196.700537371764	-31.6389838788471	23.7005373717635
36954	173	141.361016121153	192.088910600879	-31.6389838788471	19.0889106008793
36955	173	90.6331216414265	208.229604298974	-82.3668783585735	35.2296042989741
36956	173	110.232535417684	210.535417684416	-62.7674645823156	37.5354176844162
36957	173	136.749389350269	225.52320468979	-36.2506106497313	52.5232046897899
36958	173	135.596482657548	194.394723986321	-37.4035173424524	21.3947239863215
36959	173	147.125549584758	212.841231069858	-25.8744504152418	39.8412310698583
36960	173	135.596482657548	190.936003908158	-37.4035173424524	17.9360039081583
36961	173	130.984855886663	222.064484611627	-42.0151441133366	49.0644846116268
36962	173	134.443575964827	223.217391304348	-38.5564240351734	50.2173913043478
36963	173	129.831949193942	215.1470444553	-43.1680508060576	42.1470444553004
36964	173	114.844162188569	222.064484611627	-58.1558378114314	49.0644846116268
36965	173	114.844162188569	210.535417684416	-58.1558378114314	37.5354176844162
36966	173	103.315095261358	210.535417684416	-69.6849047386419	37.5354176844162
36967	173	148.278456277479	223.217391304348	-24.7215437225208	50.2173913043478
36968	173	122.914509037616	217.452857840743	-50.085490962384	44.4528578407426
36969	173	141.361016121153	211.688324377137	-31.6389838788471	38.6883243771373
36970	173	139.055202735711	212.841231069858	-33.9447972642892	39.8412310698583
36971	173	143.666829506595	209.382510991695	-29.333170493405	36.3825109916952
36972	173	139.055202735711	210.535417684416	-33.9447972642892	37.5354176844162
36973	173	142.513922813874	208.229604298974	-30.486077186126	35.2296042989741
36974	173	107.926722032242	218.605764533464	-65.0732779677577	45.6057645334636
36975	173	143.666829506595	225.52320468979	-29.333170493405	52.5232046897899
36976	173	148.278456277479	211.688324377137	-24.7215437225208	38.6883243771373
36977	173	143.666829506595	210.535417684416	-29.333170493405	37.5354176844162
36978	173	135.596482657548	182.865657059111	-37.4035173424524	9.8656570591109
36979	173	147.125549584758	201.312164142648	-25.8744504152418	28.3121641426478
36980	173	149.4313629702	210.535417684416	-23.5686370297997	37.5354176844162
36981	173	147.125549584758	208.229604298974	-25.8744504152418	35.2296042989741
36982	173	145.972642892037	199.006350757206	-27.0273571079629	26.0063507572057
36983	173	141.361016121153	195.547630679042	-31.6389838788471	22.5476306790425
36984	173	136.749389350269	194.394723986321	-36.2506106497313	21.3947239863215
36985	173	142.513922813874	203.61797752809	-30.486077186126	30.6179775280899
36986	173	143.666829506595	208.229604298974	-29.333170493405	35.2296042989741
36987	173	140.208109428432	209.382510991695	-32.7918905715682	36.3825109916952
36988	173	140.208109428432	201.312164142648	-32.7918905715682	28.3121641426478
36989	173	92.9389350268686	201.312164142648	-80.0610649731314	28.3121641426478
36990	173	152.890083048363	233.593551538837	-20.1099169516365	60.5935515388373
36991	173	147.125549584758	215.1470444553	-25.8744504152418	42.1470444553004
36992	173	137.90229604299	208.229604298974	-35.0977039570103	35.2296042989741
36993	173	141.361016121153	223.217391304348	-31.6389838788471	50.2173913043478
36994	173	132.137762579384	187.477283829995	-40.8622374206155	14.4772838299951
36995	173	145.972642892037	200.159257449927	-27.0273571079629	27.1592574499267
36996	173	137.90229604299	204.770884220811	-35.0977039570103	31.7708842208109
36997	173	139.055202735711	195.547630679042	-33.9447972642892	22.5476306790425
36998	173	141.361016121153	196.700537371764	-31.6389838788471	23.7005373717635
36999	179	145.972642892037	212.841231069858	-33.0273571079629	33.8412310698583
37000	179	144.819736199316	210.535417684416	-34.1802638006839	31.5354176844162
37001	179	133.290669272106	225.52320468979	-45.7093307278945	46.5232046897899
37002	110	109.079628724963	202.465070835369	-0.920371275036644	92.4650708353688
37008	37	39.9052271617	87.1744015632633	2.90522716170005	50.1744015632633
37011	37	50.2813873961895	158.654616511969	13.2813873961895	121.654616511969
37013	37	54.8930141670738	107.926722032242	17.8930141670738	70.9267220322423
37014	37	36.4465070835369	134.443575964827	-0.553492916463114	97.4435759648266
37017	37	52.5872007816317	113.691255495848	15.5872007816317	76.6912554958476
37020	37	38.752320468979	107.926722032242	1.75232046897899	70.9267220322423
37021	35	43.3639472398632	110.232535417684	8.36394723986322	75.2325354176844
37025	37	45.6697606253053	199.006350757206	8.66976062530532	162.006350757206
37026	105	88.3273082559844	172.489496824621	-16.6726917440156	67.4894968246214
37028	70	92.9389350268686	192.088910600879	22.9389350268686	122.088910600879
37029	109	54.8930141670738	144.819736199316	-54.1069858329262	35.8197361993161
37030	109	99.8563751831949	188.630190522716	-9.14362481680509	79.6301905227162
37031	109	52.5872007816317	190.936003908158	-56.4127992183683	81.9360039081583
37032	109	49.1284807034685	170.183683439179	-59.8715192965315	61.1836834391793
37035	109	90.6331216414265	171.3365901319	-18.3668783585735	62.3365901319004
37036	109	61.8104543234001	166.724963361016	-47.1895456765999	57.7249633610161
37037	109	58.3517342452369	162.113336590132	-50.6482657547631	53.1133365901319
37038	109	64.1162677088422	158.654616511969	-44.8837322911578	49.6546165119687
37039	109	57.1988275525159	175.948216902785	-51.8011724474841	66.9482169027846
37041	109	47.9755740107474	187.477283829995	-61.0244259892526	78.4772838299951
37042	109	66.4220810942843	160.960429897411	-42.5779189057157	51.9604298974108
37043	109	57.1988275525159	159.80752320469	-51.8011724474841	50.8075232046898
37044	109	43.3639472398632	97.5505617977528	-65.6360527601368	-11.4494382022472
37045	109	41.0581338544211	158.654616511969	-67.9418661455789	49.6546165119687
37046	109	57.1988275525159	164.419149975574	-51.8011724474841	55.419149975574
37047	109	51.4342940889106	141.361016121153	-57.5657059110894	32.3610161211529
37048	109	53.7401074743527	163.266243282853	-55.2598925256473	54.2662432828529
37049	109	62.9633610161212	175.948216902785	-46.0366389838788	66.9482169027846
37050	156	141.361016121153	203.61797752809	-14.6389838788471	47.6179775280899
37051	77	66.4220810942843	103.315095261358	-10.5779189057157	26.3150952613581
37052	77	66.4220810942843	98.7034684904739	-10.5779189057157	21.7034684904739
37053	77	75.6453346360528	128.679042501221	-1.35466536394725	51.6790425012213
37054	89	76.7982413287738	118.302882266732	-12.2017586712262	29.3028822667318
37055	77	65.2691744015633	102.162188568637	-11.7308255984367	25.162188568637
37056	77	72.1866145578896	97.5505617977528	-4.81338544211042	20.5505617977528
37057	77	74.4924279433317	126.373229115779	-2.50757205666829	49.3732291157792
37058	77	69.8808011724475	109.079628724963	-7.11919882755251	32.0796287249634
37059	77	79.1040547142159	122.914509037616	2.10405471421592	45.914509037616
37060	77	88.3273082559844	132.137762579384	11.3273082559844	55.1377625793845
37061	77	73.3395212506106	111.385442110405	-3.66047874938936	34.3854421104055
37062	77	73.3395212506106	121.761602344895	-3.66047874938936	44.761602344895
37063	89	76.7982413287738	132.137762579384	-12.2017586712262	43.1377625793845
37064	89	73.3395212506106	111.385442110405	-15.6604787493894	22.3854421104055
37065	89	76.7982413287738	112.538348803127	-12.2017586712262	23.5383488031265
37066	89	81.409868099658	130.984855886663	-7.59013190034196	41.9848558866634
37067	89	80.256961406937	128.679042501221	-8.74303859306302	39.6790425012213
37068	52	69.8808011724475	104.468001954079	17.8808011724475	52.4680019540791
37069	152	148.278456277479	200.159257449927	-3.72154372252078	48.1592574499267
37070	152	149.4313629702	190.936003908158	-2.5686370297997	38.9360039081583
37071	152	160.960429897411	216.299951148021	8.96042989741085	64.2999511480215
37072	152	149.4313629702	216.299951148021	-2.5686370297997	64.2999511480215
37073	152	144.819736199316	192.088910600879	-7.18026380068392	40.0889106008793
37074	152	144.819736199316	225.52320468979	-7.18026380068392	73.5232046897899
37075	152	147.125549584758	224.370297997069	-4.87445041524182	72.3702979970689
37076	152	144.819736199316	200.159257449927	-7.18026380068392	48.1592574499267
37077	152	139.055202735711	184.018563751832	-12.9447972642892	32.0185637518319
37078	152	148.278456277479	197.853444064485	-3.72154372252078	45.8534440644846
37079	152	151.737176355642	223.217391304348	-0.26282364435761	71.2173913043478
37080	152	136.749389350269	219.758671226185	-15.2506106497313	67.7586712261846
37081	174	162.113336590132	200.159257449927	-11.8866634098681	26.1592574499267
37082	174	148.278456277479	212.841231069858	-25.7215437225208	38.8412310698583
37083	174	147.125549584758	210.535417684416	-26.8744504152418	36.5354176844162
37084	150	154.042989741085	211.688324377137	4.04298974108451	61.6883243771373
37085	150	150.584269662921	208.229604298974	0.584269662921344	58.2296042989741
37086	150	149.4313629702	212.841231069858	-0.568637029799703	62.8412310698583
37087	150	150.584269662921	202.465070835369	0.584269662921344	52.4650708353688
37088	150	140.208109428432	209.382510991695	-9.79189057156816	59.3825109916952
37089	230	145.972642892037	193.2418172936	-84.0273571079629	-36.7581827063996
37090	230	137.90229604299	199.006350757206	-92.0977039570103	-30.9936492427943
37091	230	159.80752320469	207.076697606253	-70.1924767953102	-22.923302393747
37092	230	152.890083048363	192.088910600879	-77.1099169516365	-37.9110893991207
37093	120	103.315095261358	207.076697606253	-16.6849047386419	87.076697606253
37094	86	89.4802149487054	157.501709819248	3.48021494870542	71.5017098192477
37095	99	79.1040547142159	162.113336590132	-19.8959452857841	63.1133365901319
37096	99	67.5749877870054	195.547630679042	-31.4250122129946	96.5476306790425
37097	99	69.8808011724475	124.067415730337	-29.1191988275525	25.0674157303371
37098	58	52.5872007816317	81.409868099658	-5.41279921836834	23.409868099658
37099	58	52.5872007816317	79.1040547142159	-5.41279921836834	21.1040547142159
37100	58	52.5872007816317	79.1040547142159	-5.41279921836834	21.1040547142159
37101	58	45.6697606253053	79.1040547142159	-12.3302393746947	21.1040547142159
37102	58	45.6697606253053	77.9511480214949	-12.3302393746947	19.9511480214949
37103	58	45.6697606253053	76.7982413287738	-12.3302393746947	18.7982413287738
37104	58	46.8226673180264	79.1040547142159	-11.1773326819736	21.1040547142159
37105	58	49.1284807034685	83.7156814851001	-8.87151929653151	25.7156814851001
37106	58	41.0581338544211	68.7278944797264	-16.9418661455789	10.7278944797264
37107	58	44.5168539325843	74.4924279433317	-13.4831460674157	16.4924279433317
37109	111	65.2691744015633	192.088910600879	-45.7308255984367	81.0889106008793
37110	103	53.7401074743527	180.559843673669	-49.2598925256473	77.5598436736688
37111	103	67.5749877870054	159.80752320469	-35.4250122129946	56.8075232046898
37112	103	46.8226673180264	178.254030288227	-56.1773326819736	75.2540302882267
37113	111	60.657547630679	147.125549584758	-50.342452369321	36.1255495847582
37114	111	66.4220810942843	150.584269662921	-44.5779189057157	39.5842696629213
37115	103	51.4342940889106	142.513922813874	-51.5657059110894	39.513922813874
37116	103	53.7401074743527	171.3365901319	-49.2598925256473	68.3365901319004
37117	104	66.4220810942843	179.406936980948	-37.5779189057157	75.4069369809477
37118	104	46.8226673180264	160.960429897411	-57.1773326819736	56.9604298974108
37119	104	80.256961406937	167.877870053737	-23.743038593063	63.8778700537372
37120	111	56.0459208597948	162.113336590132	-54.9540791402052	51.1133365901319
37121	104	47.9755740107474	188.630190522716	-56.0244259892526	84.6301905227162
37122	104	50.2813873961895	162.113336590132	-53.7186126038105	58.1133365901319
37123	104	72.1866145578896	164.419149975574	-31.8133854421104	60.419149975574
37124	104	65.2691744015633	180.559843673669	-38.7308255984367	76.5598436736688
37125	104	80.256961406937	177.101123595506	-23.743038593063	73.1011235955056
37126	111	58.3517342452369	151.737176355642	-52.6482657547631	40.7371763556424
37127	104	83.7156814851001	171.3365901319	-20.2843185148999	67.3365901319004
37128	104	59.504640937958	148.278456277479	-44.495359062042	44.2784562774792
37129	111	65.2691744015633	173.642403517342	-45.7308255984367	62.6424035173424
37130	111	57.1988275525159	169.030776746458	-53.8011724474841	58.0307767464582
37131	111	66.4220810942843	171.3365901319	-44.5779189057157	60.3365901319004
37132	111	56.0459208597948	152.890083048363	-54.9540791402052	41.8900830483635
37133	111	64.1162677088422	155.195896433806	-46.8837322911578	44.1958964338056
37134	111	59.504640937958	172.489496824621	-51.495359062042	61.4894968246214
37135	111	72.1866145578896	178.254030288227	-38.8133854421104	67.2540302882267
37136	104	65.2691744015633	170.183683439179	-38.7308255984367	66.1836834391793
37137	104	61.8104543234001	181.71275036639	-42.1895456765999	77.7127503663898
37138	104	66.4220810942843	178.254030288227	-37.5779189057157	74.2540302882267
37139	111	56.0459208597948	148.278456277479	-54.9540791402052	37.2784562774792
37140	103	43.3639472398632	174.795310210063	-59.6360527601368	71.7953102100635
37141	104	69.8808011724475	162.113336590132	-34.1191988275525	58.1133365901319
37142	99	82.5627747923791	193.2418172936	-16.4372252076209	94.2418172936004
37143	111	62.9633610161212	175.948216902785	-48.0366389838788	64.9482169027846
37144	111	59.504640937958	166.724963361016	-51.495359062042	55.7249633610161
37145	111	54.8930141670738	166.724963361016	-56.1069858329262	55.7249633610161
37146	111	52.5872007816317	154.042989741085	-58.4127992183683	43.0429897410845
37147	111	59.504640937958	170.183683439179	-51.495359062042	59.1836834391793
37148	111	92.9389350268686	181.71275036639	-18.0610649731314	70.7127503663898
37149	111	59.504640937958	159.80752320469	-51.495359062042	48.8075232046898
37150	111	87.1744015632633	187.477283829995	-23.8255984367367	76.4772838299951
37151	97	122.914509037616	199.006350757206	25.914509037616	102.006350757206
37152	97	112.538348803127	204.770884220811	15.5383488031265	107.770884220811
37153	97	130.984855886663	195.547630679042	33.9848558866634	98.5476306790425
37154	97	127.5261358085	222.064484611627	30.5261358085002	125.064484611627
37155	97	120.608695652174	192.088910600879	23.6086956521739	95.0889106008793
37156	97	104.468001954079	193.2418172936	7.46800195407914	96.2418172936004
37157	97	109.079628724963	205.923790913532	12.0796287249634	108.923790913532
37158	97	130.984855886663	216.299951148021	33.9848558866634	119.299951148021
37159	97	127.5261358085	212.841231069858	30.5261358085002	115.841231069858
37160	78	137.90229604299	216.299951148021	59.9022960429897	138.299951148021
37161	78	128.679042501221	210.535417684416	50.6790425012213	132.535417684416
37162	78	135.596482657548	204.770884220811	57.5964826575476	126.770884220811
37163	79	134.443575964827	216.299951148021	55.4435759648266	137.299951148021
37164	79	126.373229115779	196.700537371764	47.3732291157792	117.700537371764
37165	79	118.302882266732	200.159257449927	39.3028822667318	121.159257449927
37166	79	128.679042501221	213.994137762579	49.6790425012213	134.994137762579
37167	79	129.831949193942	216.299951148021	50.8319491939424	137.299951148021
37168	79	129.831949193942	228.981924767953	50.8319491939424	149.981924767953
37169	79	135.596482657548	207.076697606253	56.5964826575476	128.076697606253
37170	79	117.149975574011	208.229604298974	38.1499755740107	129.229604298974
37171	79	120.608695652174	224.370297997069	41.6086956521739	145.370297997069
37172	79	118.302882266732	193.2418172936	39.3028822667318	114.2418172936
37173	79	111.385442110405	205.923790913532	32.3854421104055	126.923790913532
37174	79	106.773815339521	205.923790913532	27.7738153395212	126.923790913532
37175	79	102.162188568637	194.394723986321	23.162188568637	115.394723986321
37176	79	82.5627747923791	187.477283829995	3.56277479237909	108.477283829995
37177	79	98.7034684904739	190.936003908158	19.7034684904739	111.936003908158
37178	79	86.0214948705423	181.71275036639	7.02149487054226	102.71275036639
37179	79	115.99706888129	211.688324377137	36.9970688812897	132.688324377137
37180	79	96.3976551050317	215.1470444553	17.3976551050317	136.1470444553
37181	79	148.278456277479	218.605764533464	69.2784562774792	139.605764533464
37182	79	110.232535417684	210.535417684416	31.2325354176844	131.535417684416
37183	79	128.679042501221	203.61797752809	49.6790425012213	124.61797752809
37184	79	136.749389350269	207.076697606253	57.7493893502687	128.076697606253
37186	79	69.8808011724475	173.642403517342	-9.11919882755251	94.6424035173424
37187	155	102.162188568637	192.088910600879	-52.837811431363	37.0889106008793
37188	155	135.596482657548	171.3365901319	-19.4035173424524	16.3365901319004
37189	82	102.162188568637	184.018563751832	20.162188568637	102.018563751832
37190	82	83.7156814851001	165.572056668295	1.71568148510015	83.5720566682951
37191	82	86.0214948705423	171.3365901319	4.02149487054226	89.3365901319004
37192	82	105.6209086468	167.877870053737	23.6209086468002	85.8778700537372
37193	82	82.5627747923791	162.113336590132	0.562774792379088	80.1133365901319
37194	112	87.1744015632633	154.042989741085	-24.8255984367367	42.0429897410845
37195	112	87.1744015632633	152.890083048363	-24.8255984367367	40.8900830483635
37196	71	84.8685881778212	157.501709819248	13.8685881778212	86.5017098192477
37197	71	95.2447484123107	149.4313629702	24.2447484123107	78.4313629702003
37198	71	102.162188568637	167.877870053737	31.162188568637	96.8778700537372
37199	71	101.009281875916	170.183683439179	30.009281875916	99.1836834391793
37200	71	99.8563751831949	171.3365901319	28.8563751831949	100.3365901319
37201	71	90.6331216414265	164.419149975574	19.6331216414265	93.419149975574
37202	71	94.0918417195896	151.737176355642	23.0918417195896	80.7371763556424
37203	71	74.4924279433317	154.042989741085	3.49242794333171	83.0429897410845
37204	126	86.0214948705423	166.724963361016	-39.9785051294577	40.7249633610161
37205	71	79.1040547142159	137.90229604299	8.10405471421592	66.9022960429897
37206	71	92.9389350268686	162.113336590132	21.9389350268686	91.1133365901319
37207	71	86.0214948705423	156.348803126527	15.0214948705423	85.3488031265266
37208	112	127.5261358085	188.630190522716	15.5261358085002	76.6301905227162
37209	93	81.9418661455789	133.6209086468	-11.0581338544211	40.6209086468002
37210	93	81.9418661455789	119.606253053249	-11.0581338544211	26.6062530532487
37211	93	81.9418661455789	117.854421104055	-11.0581338544211	24.8544211040547
37212	90	80.1900341963849	117.854421104055	-9.80996580361506	27.8544211040547
37213	93	85.4455300439668	153.766976062531	-7.55446995603322	60.7669760625305
37214	66	88.3273082559844	157.501709819248	22.3273082559844	91.5017098192477
37215	54	54.8930141670738	97.5505617977528	0.893014167073765	43.5505617977528
37216	54	53.7401074743527	96.3976551050317	-0.259892525647288	42.3976551050317
37217	49	54.8930141670738	121.761602344895	5.89301416707377	72.761602344895
37218	49	60.657547630679	86.0214948705423	11.657547630679	37.0214948705423
37219	49	59.504640937958	86.0214948705423	10.504640937958	37.0214948705423
37220	49	60.657547630679	121.761602344895	11.657547630679	72.761602344895
37221	49	57.1988275525159	86.0214948705423	8.19882755251587	37.0214948705423
37222	52	64.1162677088422	118.302882266732	12.1162677088422	66.3028822667318
37223	52	58.3517342452369	107.926722032242	6.35173424523693	55.9267220322423
37224	142	121.761602344895	234.746458231558	-20.238397655105	92.7464582315584
37225	143	118.798729848559	229.978016609673	-24.2012701514411	86.9780166096727
37226	87	89.4802149487054	201.312164142648	2.48021494870542	114.312164142648
37227	87	83.7156814851001	151.737176355642	-3.28431851489985	64.7371763556424
37228	87	98.7034684904739	210.535417684416	11.7034684904739	123.535417684416
37229	87	89.4802149487054	180.559843673669	2.48021494870542	93.5598436736688
37230	87	101.009281875916	194.394723986321	14.009281875916	107.394723986321
37231	38	36.4465070835369	222.064484611627	-1.55349291646311	184.064484611627
37232	153	95.2447484123107	215.1470444553	-57.7552515876893	62.1470444553004
37233	75	96.3976551050317	222.064484611627	21.3976551050317	147.064484611627
37234	108	86.0214948705423	199.006350757206	-21.9785051294577	91.0063507572057
37235	169	73.3395212506106	473.398143624817	-95.6604787493894	304.398143624817
37236	132	111.385442110405	226.676111382511	-20.6145578895945	94.676111382511
37237	132	111.385442110405	219.758671226185	-20.6145578895945	87.7586712261846
37238	148	79.1040547142159	172.489496824621	-68.8959452857841	24.4894968246214
37240	148	80.256961406937	101.009281875916	-67.743038593063	-46.990718124084
37241	148	83.7156814851001	102.162188568637	-64.2843185148999	-45.837811431363
37246	83	77.9511480214949	119.455788959453	-5.04885197850513	36.4557889594529
37247	83	75.6453346360528	126.373229115779	-7.35466536394725	43.3732291157792
37248	83	76.7982413287738	151.737176355642	-6.20175867122619	68.7371763556424
37249	50	64.1162677088422	119.455788959453	14.1162677088422	69.4557889594529
37250	72	74.4924279433317	121.761602344895	2.49242794333171	49.761602344895
37251	50	66.4220810942843	134.443575964827	16.4220810942843	84.4435759648266
37252	50	72.1866145578896	120.608695652174	22.1866145578896	70.6086956521739
37253	50	59.504640937958	102.162188568637	9.50464093795799	52.162188568637
37254	50	75.6453346360528	129.831949193942	25.6453346360528	79.8319491939424
37255	50	57.1988275525159	112.538348803127	7.19882755251587	62.5383488031265
37256	50	58.3517342452369	111.385442110405	8.35173424523693	61.3854421104055
37257	50	69.8808011724475	109.079628724963	19.8808011724475	59.0796287249634
37258	49	61.8104543234001	111.385442110405	12.8104543234001	62.3854421104055
37259	50	74.4924279433317	117.149975574011	24.4924279433317	67.1499755740107
37260	50	73.3395212506106	142.513922813874	23.3395212506106	92.513922813874
37261	50	67.5749877870054	177.101123595506	17.5749877870054	127.101123595506
37262	50	69.8808011724475	126.373229115779	19.8808011724475	76.3732291157792
37263	50	62.9633610161212	141.361016121153	12.9633610161212	91.3610161211529
37264	50	67.5749877870054	111.385442110405	17.5749877870054	61.3854421104055
37265	50	68.7278944797264	132.137762579384	18.7278944797264	82.1377625793845
37266	50	64.1162677088422	112.538348803127	14.1162677088422	62.5383488031265
37267	50	68.7278944797264	141.361016121153	18.7278944797264	91.3610161211529
37268	50	56.0459208597948	124.067415730337	6.04592085979482	74.0674157303371
37269	50	64.1162677088422	115.99706888129	14.1162677088422	65.9970688812897
37270	50	74.4924279433317	128.679042501221	24.4924279433317	78.6790425012213
37271	50	61.8104543234001	121.761602344895	11.8104543234001	71.761602344895
37272	50	66.4220810942843	117.149975574011	16.4220810942843	67.1499755740107
37273	50	89.4802149487054	195.547630679042	39.4802149487054	145.547630679042
37274	50	57.1988275525159	109.079628724963	7.19882755251587	59.0796287249634
37275	50	59.504640937958	110.232535417684	9.50464093795799	60.2325354176844
37276	50	64.1162677088422	115.99706888129	14.1162677088422	65.9970688812897
37277	50	68.7278944797264	122.914509037616	18.7278944797264	72.914509037616
37278	50	62.9633610161212	111.385442110405	12.9633610161212	61.3854421104055
37279	50	66.4220810942843	115.99706888129	16.4220810942843	65.9970688812897
37280	50	67.5749877870054	124.067415730337	17.5749877870054	74.0674157303371
37281	50	67.5749877870054	119.455788959453	17.5749877870054	69.4557889594529
37282	50	61.8104543234001	143.666829506595	11.8104543234001	93.666829506595
37283	50	67.5749877870054	106.773815339521	17.5749877870054	56.7738153395212
37284	50	58.3517342452369	107.926722032242	8.35173424523693	57.9267220322423
37285	50	67.5749877870054	112.538348803127	17.5749877870054	62.5383488031265
37286	50	54.8930141670738	130.984855886663	4.89301416707377	80.9848558866634
37287	50	61.8104543234001	106.773815339521	11.8104543234001	56.7738153395212
37288	82	75.6453346360528	141.361016121153	-6.35466536394725	59.3610161211529
37289	82	84.8685881778212	139.055202735711	2.8685881778212	57.0552027357108
37290	82	80.256961406937	134.443575964827	-1.74303859306302	52.4435759648266
37291	82	86.0214948705423	141.361016121153	4.02149487054226	59.3610161211529
37292	65	79.1040547142159	140.208109428432	14.1040547142159	75.2081094284318
37293	99	77.9511480214949	115.99706888129	-21.0488519785051	16.9970688812897
37294	99	67.5749877870054	136.749389350269	-31.4250122129946	37.7493893502687
37295	99	67.5749877870054	132.137762579384	-31.4250122129946	33.1377625793845
37296	99	82.5627747923791	121.761602344895	-16.4372252076209	22.761602344895
37297	99	74.4924279433317	130.984855886663	-24.5075720566683	31.9848558866634
37298	99	75.6453346360528	115.99706888129	-23.3546653639472	16.9970688812897
37299	99	82.5627747923791	139.055202735711	-16.4372252076209	40.0552027357108
37300	88	74.4924279433317	102.162188568637	-13.5075720566683	14.162188568637
37301	88	74.4924279433317	115.99706888129	-13.5075720566683	27.9970688812897
37302	82	74.4924279433317	130.984855886663	-7.50757205666829	48.9848558866634
37304	55	51.4342940889106	88.3273082559844	-3.5657059110894	33.3273082559844
37305	55	56.0459208597948	104.468001954079	1.04592085979482	49.4680019540791
37306	55	50.2813873961895	117.149975574011	-4.71861260381046	62.1499755740107
37307	51	65.2691744015633	121.761602344895	14.2691744015633	70.761602344895
37308	51	57.1988275525159	164.419149975574	6.19882755251587	113.419149975574
37309	51	52.5872007816317	88.3273082559844	1.58720078163166	37.3273082559844
37310	133	82.5627747923791	165.572056668295	-50.4372252076209	32.5720566682951
37311	73	71.0337078651685	150.584269662921	-1.96629213483146	77.5842696629213
37312	73	74.4924279433317	163.266243282853	1.49242794333171	90.2662432828529
37313	170	89.4802149487054	144.819736199316	-80.5197850512946	-25.1802638006839
37314	83	82.5627747923791	152.890083048363	-0.437225207620912	69.8900830483635
37315	83	71.0337078651685	139.055202735711	-11.9662921348315	56.0552027357108
37316	120	81.409868099658	169.030776746458	-38.590131900342	49.0307767464582
37317	105	130.984855886663	211.688324377137	25.9848558866634	106.688324377137
37318	109	114.844162188569	187.477283829995	5.84416218856863	78.4772838299951
37319	109	110.232535417684	197.853444064485	1.23253541768442	88.8534440644846
37320	109	97.5505617977528	185.171470444553	-11.4494382022472	76.171470444553
37321	109	113.691255495848	197.853444064485	4.69125549584759	88.8534440644846
37322	109	127.5261358085	192.088910600879	18.5261358085002	83.0889106008793
37323	109	110.232535417684	190.936003908158	1.23253541768442	81.9360039081583
37324	109	92.9389350268686	193.2418172936	-16.0610649731314	84.2418172936004
37325	109	101.009281875916	187.477283829995	-7.99071812408403	78.4772838299951
37326	105	89.4802149487054	182.865657059111	-15.5197850512946	77.8656570591109
37327	99	141.361016121153	216.299951148021	42.3610161211529	117.299951148021
37328	99	64.1162677088422	498.76209086468	-34.8837322911578	399.76209086468
37330	99	162.113336590132	200.159257449927	63.1133365901319	101.159257449927
37331	99	44.5168539325843	187.477283829995	-54.4831460674157	88.4772838299951
37332	99	67.5749877870054	255.498778700537	-31.4250122129946	156.498778700537
37337	99	81.409868099658	125.220322423058	-17.590131900342	26.2203224230581
37339	99	73.3395212506106	223.217391304348	-25.6604787493894	124.217391304348
37340	99	58.3517342452369	292.391792867611	-40.6482657547631	193.391792867611
37342	99	103.315095261358	202.465070835369	4.31509526135808	103.465070835369
37343	99	96.3976551050317	172.489496824621	-2.60234489496825	73.4894968246214
37344	95	109.079628724963	285.474352711285	14.0796287249634	190.474352711285
37347	95	83.7156814851001	154.042989741085	-11.2843185148999	59.0429897410845
37348	105	84.8685881778212	177.101123595506	-20.1314118221788	72.1011235955056
37349	105	86.0214948705423	179.406936980948	-18.9785051294577	74.4069369809477
